2624    0 0.8 0 0.8 0.8 0.8  0.133999 0.75 0.6 0.75 0 0.6 0.75 0.3 0.75 0.5 0 0.85 0.2 
2749    0 0.8 0.2 0.8 0.8 0.8  0.324366 0.55 0.8 0.6 0 0.2 0.95 0.15 0.75 0.3 0 0.9 0.2 
3024    0 0.8 0.8 0 0.8 0.8  0.351398 0.75 0.2 0.75 0 0.6 0.85 0.15 0.75 0.5 0 0.9 0.25 
3116    0 0.8 0.8 0.8 0.6 0.2  0.0723632 0.8 0.6 0.75 0.05 0.85 0.4 0.65 1 0.45 0.35 0.95 0.05 
3124    0 0.8 0.8 0.8 0.8 0.8  0.374365 0.3 0.55 0.1 0 0.6 0.5 0.5 0.75 0.5 0.45 0.9 0.2 
5493    0.2 0.6 0.6 0.8 0.6 0.6  0.110996 0.8 0 0.75 0.05 1 0.4 0.65 0.75 0.5 0.35 0.95 0.2 
5497    0.2 0.6 0.6 0.8 0.8 0.4  0.117223 0.65 0.05 0.8 0.05 0.9 0.7 0.65 0.6 0.45 1 0.05 0.55 
5749    0.2 0.8 0 0.8 0.8 0.8  0.113604 0.75 0.3 0.75 0 0.4 0.5 0.65 0.75 0.5 0.4 0.9 0.2 
5874    0.2 0.8 0.2 0.8 0.8 0.8  0.354263 0.75 0.6 0.55 0 0.6 0.75 0.65 0.8 0.15 0.05 0.9 0.2 
5988    0.2 0.8 0.4 0.8 0.4 0.6  0.259372 0.95 0.45 0.75 0.05 0.8 0.45 0.65 0.6 0.45 0.05 0.7 0.55 
5993    0.2 0.8 0.4 0.8 0.6 0.6  0.0949655 0.8 0.1 0.75 0.05 0.8 0.45 0.65 0.05 0.4 0.5 0.7 0.55 
6112    0.2 0.8 0.6 0.8 0.4 0.4  0.137881 0.7 0.1 0.75 0.05 0.8 0.45 0.65 0.05 0.4 0.5 0.7 0.55 
6113    0.2 0.8 0.6 0.8 0.4 0.6  0.422832 0.95 0.45 0.75 0.05 0.8 0.45 0.65 0.6 0.45 0.5 0.7 0.55 
6117    0.2 0.8 0.6 0.8 0.6 0.4  0.165424 0.8 0.1 0.75 0.05 0.8 0.45 0.65 0.05 0.4 0.5 0.65 0.55 
6149    0.2 0.8 0.8 0 0.8 0.8  0.438344 0.55 0.85 0 0 0.6 0.75 0.65 0.75 0.5 0 0.9 0.2 
6174    0.2 0.8 0.8 0.2 0.8 0.8  0.454129 0.7 0.85 0.75 0 0.6 0.65 0.65 0.75 0.5 0 0.9 0.2 
6235    0.2 0.8 0.8 0.8 0.4 0  0.0537016 0.8 0.2 0.55 0.05 0.8 0.4 0.65 1 0.5 0.35 0.95 0.1 
6238    0.2 0.8 0.8 0.8 0.4 0.6  0.111514 0.65 0.85 0.75 0.05 0.8 0.1 0.65 1 0.5 0.35 0.95 0.2 
6239    0.2 0.8 0.8 0.8 0.4 0.8  0.00553605 0.4 0.05 0.75 0.05 0.8 0.1 0.65 1 0.5 0.35 0.95 1 
6244    0.2 0.8 0.8 0.8 0.6 0.8  0.229303 0.35 0.05 0.75 0.05 0.8 0.4 0.65 0.4 0.45 0.35 0.15 0.05 
6246    0.2 0.8 0.8 0.8 0.8 0.2  0.344635 0.8 0.05 0.75 0.05 0.8 0.2 0.5 1 0.1 0.35 0.95 0.55 
6248    0.2 0.8 0.8 0.8 0.8 0.6  0.0716887 0.85 0.05 0.75 0.05 0.8 0.2 0.65 0.6 0.5 0.85 0.35 0.55 
6249    0.2 0.8 0.8 0.8 0.8 0.8  0.331221 0.4 0.15 0.75 0 0.8 0.6 0.65 0.35 0.5 0.65 0.9 0.2 
7836    0.4 0.4 0.4 0.6 0.4 0.2  0.803717 0.8 0 0.75 0.15 0.8 0.35 0.65 0.35 0.5 0.35 0.4 0.6 
7837    0.4 0.4 0.4 0.6 0.4 0.4  1.2715 0.8 0.05 0.75 0.2 0.8 0.4 0.65 0.35 0.5 0.7 0.9 0.55 
7842    0.4 0.4 0.4 0.6 0.6 0.4  1.36573 0.7 0.05 0.75 0.2 0.8 0.4 0.65 0.35 0.5 0.4 0.9 0.2 
7847    0.4 0.4 0.4 0.6 0.8 0.4  0.215694 0.8 0.15 0.05 0.05 0.8 0.4 0.65 0 0.35 0.9 1 0.2 
7966    0.4 0.4 0.6 0.6 0.6 0.2  1.60284 0.8 0.05 0.75 0.2 0.8 0.4 0.65 0.35 0.55 0.3 0.9 0.2 
7973    0.4 0.4 0.6 0.6 0.8 0.6  0.571797 0.45 0.8 0.75 0.05 0.8 0.6 0.65 0.45 0.8 0.75 0.5 0 
8091    0.4 0.4 0.8 0.6 0.6 0.2  0.176622 0.8 0.15 0.75 0.05 0.8 0.45 0.65 0.35 0.45 0.35 0.95 0.65 
8096    0.4 0.4 0.8 0.6 0.8 0.2  0.49058 0.8 0.7 0.75 0.05 0.75 0.4 0.65 0.2 0.5 0.35 0.95 1 
8097    0.4 0.4 0.8 0.6 0.8 0.4  0.490545 1 0.1 0.75 0.05 0.8 0.4 0.65 0.2 0.5 0.35 0.95 0.2 
8108    0.4 0.4 0.8 0.8 0.2 0.6  0.0247388 0.8 0.2 0.5 0.05 0.8 0.4 0.65 0.4 0.5 0.95 0.95 0.1 
8124    0.4 0.4 0.8 0.8 0.8 0.8  0.463248 0.8 0.35 0.75 0.05 1 0.25 0.65 1 0.5 0.35 0.95 0.65 
8467    0.4 0.6 0.4 0.6 0.6 0.4  1.36545 0.55 0.05 0.3 0.2 0.8 0.4 0.65 0.3 0.5 0.7 0.9 0.2 
8469    0.4 0.6 0.4 0.6 0.6 0.8  0.495933 0.8 0.05 0.05 0.05 0.8 0.4 0.65 0.65 0.5 0.05 0.9 0.2 
8474    0.4 0.6 0.4 0.6 0.8 0.8  0.044983 0.8 0.05 0.75 0.05 0.8 0.2 0.65 0.65 1 0.35 0 0.2 
8488    0.4 0.6 0.4 0.8 0.4 0.6  0.131034 0.8 0 0.05 0.05 1 0.35 0.65 0.35 0.5 0.95 0.9 0.2 
8489    0.4 0.6 0.4 0.8 0.4 0.8  0.583718 0.8 0.05 0.05 0.05 0.8 0.4 0.65 0.15 0.5 0.05 0.9 0.55 
8493    0.4 0.6 0.4 0.8 0.6 0.6  0.092157 0.8 0.2 0.55 0.05 0.95 0.4 0.65 0.25 0.5 0.95 0.95 0.1 
8587    0.4 0.6 0.6 0.6 0.4 0.4  0.290675 0.85 0.05 0.7 0.05 0.8 0.45 0.65 0.6 0.25 0.25 0.25 0.55 
8592    0.4 0.6 0.6 0.6 0.6 0.4  0.4032 0.85 0.3 0.75 0.05 0.8 0.45 0.65 0.6 0.15 0.25 0.7 0.55 
8613    0.4 0.6 0.6 0.8 0.4 0.6  0.33528 0.8 0.2 0.75 0.1 0.8 0.4 0.65 0.35 0.2 0.9 0.9 0.55 
8616    0.4 0.6 0.6 0.8 0.6 0.2  0.31986 0.85 0.45 0.75 0.05 0.8 0.45 0.65 0.6 0.5 0.25 0.7 0.55 
8617    0.4 0.6 0.6 0.8 0.6 0.4  0.446865 0.9 0 0.75 0.05 0.8 0.3 0.65 0.15 0.45 0.3 0.4 0.05 
8618    0.4 0.6 0.6 0.8 0.6 0.6  0.287295 0.8 0.05 0.75 0.05 1 0.4 0.65 0.75 0.5 0.35 0.95 0.2 
8621    0.4 0.6 0.6 0.8 0.8 0.2  0.287737 0.65 0.05 0.75 0.05 0.9 0.9 0.65 0.6 0.45 0.9 0.05 0.55 
8623    0.4 0.6 0.6 0.8 0.8 0.6  0.445047 0.7 0.2 0.75 0.05 0.8 0.2 0.65 0.45 0.35 0.85 0.95 0.55 
8624    0.4 0.6 0.6 0.8 0.8 0.8  0.243774 0.8 0.05 0.05 0.05 0.8 0.4 0.65 0.7 0.5 0.95 0.95 1 
8721    0.4 0.6 0.8 0.6 0.8 0.2  0.306451 0.8 0 0.75 0.05 0.8 0.45 0.65 0.7 0.45 0.35 0.95 0.2 
8723    0.4 0.6 0.8 0.6 0.8 0.6  0.360628 0.85 0.35 0.75 0.05 0.8 0.25 0.65 1 0.5 0.35 0.95 0.65 
8731    0.4 0.6 0.8 0.8 0.2 0.2  0.196 0.95 0 0.75 0.05 0.8 0.75 0.65 0.45 0.8 0.85 0.95 0.55 
8736    0.4 0.6 0.8 0.8 0.4 0.2  0.243932 0.8 0.05 0.75 0.05 0.8 0.4 0.65 0.35 0.75 0.35 0.95 0.05 
8742    0.4 0.6 0.8 0.8 0.6 0.4  0.208761 0.3 0 0.75 0.05 0.75 0.3 0.65 0 0.75 0.35 0.95 0.05 
8743    0.4 0.6 0.8 0.8 0.6 0.6  0.286281 0.8 0 0.75 0.05 0.8 0.3 0.65 0.1 0.75 0.35 0.95 0.05 
8744    0.4 0.6 0.8 0.8 0.6 0.8  0.508939 0.65 0.25 0.75 0.05 0.7 0.25 0.65 0.45 0.5 0.75 0.35 0.1 
8748    0.4 0.6 0.8 0.8 0.8 0.6  0.258314 0.8 0.35 0.75 0.05 0.8 0.25 0.65 1 0.5 0.35 0.95 0.65 
8874    0.4 0.8 0 0.8 0.8 0.8  0.407466 0.75 0.85 0.75 0 0.6 0.75 0.3 0.75 0.5 0 0.65 0.2 
8974    0.4 0.8 0.2 0.6 0.8 0.8  0.160966 0.6 0.5 0.1 0 0.6 0.5 0.65 0.75 0.5 0.25 0.85 0.35 
8992    0.4 0.8 0.2 0.8 0.6 0.4  0.214601 0.95 0.05 0.75 0.05 0.8 0.4 0.65 0.6 0.5 0.5 0.65 0.55 
8997    0.4 0.8 0.2 0.8 0.8 0.4  -0.0365592 0.8 0.3 0.75 0.05 0.8 0.4 0.65 0.6 0.5 0.5 0.05 0 
8999    0.4 0.8 0.2 0.8 0.8 0.8  0.347659 0.6 1 0.75 0 0.6 0.35 0.15 0.75 0.85 0 0.9 0.2 
9092    0.4 0.8 0.4 0.6 0.6 0.4  0.435931 0.85 0.05 0.75 0.05 0.8 0.45 0.65 0.6 0.5 0.25 1 0.2 
9099    0.4 0.8 0.4 0.6 0.8 0.8  0.498637 0.75 0.75 0.75 0 0.6 0.5 0.65 0.75 0.5 0.4 0.9 0.2 
9116    0.4 0.8 0.4 0.8 0.6 0.2  0.332981 0.75 0.05 0.75 0.05 0.8 0.4 0.65 0.5 0.35 0.75 0.7 0.55 
9117    0.4 0.8 0.4 0.8 0.6 0.4  0.438591 0.65 0.05 0.75 0.05 0.9 0.9 0.65 0.6 0.9 1 0.1 0.55 
9118    0.4 0.8 0.4 0.8 0.6 0.6  0.398803 0.65 0.05 0.75 0.05 0.9 0.9 0.65 0.6 0.9 1 0.05 0.55 
9123    0.4 0.8 0.4 0.8 0.8 0.6  0.116781 0.8 0.2 0.85 0.05 0.8 0.05 0.65 0.25 0.45 0.1 1 0.2 
9124    0.4 0.8 0.4 0.8 0.8 0.8  0.175424 0.75 0.45 0.75 0 0.6 0.1 0.15 0.75 0.25 0 0.9 0.2 
9174    0.4 0.8 0.6 0.2 0.8 0.8  0.186418 0.5 0.8 0.75 0 0.6 0.95 0 0.75 0 0 0.9 0.2 
9196    0.4 0.8 0.6 0.4 0.8 0.2  0.174975 0.8 0.3 0.75 0.05 0.8 0.4 0.65 0.6 0.5 0.35 0.05 0.2 
9218    0.4 0.8 0.6 0.6 0.6 0.6  0.536508 0.8 0.2 0.55 0.1 0.65 0.4 0.5 0.95 0.2 0.9 0.9 0.55 
9221    0.4 0.8 0.6 0.6 0.8 0.2  0.270576 0.8 0.6 0.75 0.05 0.85 0.4 0.65 1 0.4 0.35 0.95 0.2 
9223    0.4 0.8 0.6 0.6 0.8 0.6  0.248888 0.8 0.3 0.75 0.05 0.85 0.4 0.65 0.6 0.5 0.5 0.05 0.2 
9232    0.4 0.8 0.6 0.8 0.2 0.4  0.444454 0.45 0.05 0.75 0.05 0.7 0.4 0.65 0.35 0.75 1 0.8 1 
9239    0.4 0.8 0.6 0.8 0.4 0.8  0.031427 0.8 0.05 0.75 0.05 0.8 0.4 0.65 0.55 0.5 0.35 0.95 1 
9241    0.4 0.8 0.6 0.8 0.6 0.2  0.27969 0.85 0.15 0.75 0.05 0.8 0.45 0.65 0.6 0.5 0.25 0.7 0.55 
9243    0.4 0.8 0.6 0.8 0.6 0.6  0.522866 0.3 0.05 0.75 0.05 0.8 0.45 0.8 0.35 0.5 0.5 0.7 0.55 
9299    0.4 0.8 0.8 0.2 0.8 0.8  0.425806 0.75 1 0 0 0.6 0.75 0.65 0.75 0.5 0 0.9 0.2 
9336    0.4 0.8 0.8 0.6 0.4 0.2  0.382649 1 0.05 0.75 0.05 0.8 0.65 0.65 0.55 0.5 0.35 0.95 0.65 
9343    0.4 0.8 0.8 0.6 0.6 0.6  0.786879 0.9 0.9 0 0.05 1 0.4 0.65 0.65 0.3 0.35 0.95 0.2 
9349    0.4 0.8 0.8 0.6 0.8 0.8  0.254604 0.65 0.45 0.8 0 0 0.7 0.65 0.75 0.5 0 0.95 0.2 
9364    0.4 0.8 0.8 0.8 0.4 0.8  0.254753 0.8 0.05 0.75 0.05 0.8 0.05 0.15 0.35 0.2 0.8 0.45 0.55 
9367    0.4 0.8 0.8 0.8 0.6 0.4  0.345303 0.45 0.05 0.75 0.05 0.8 0.4 0.65 0.5 0.25 0.45 0.7 0.55 
9368    0.4 0.8 0.8 0.8 0.6 0.6  0.0464275 0.8 0 0.75 0.05 0.8 0.15 0.65 0.5 0.45 0.35 0.95 0.2 
9371    0.4 0.8 0.8 0.8 0.8 0.2  0.455053 0.8 0.7 0.75 0.05 0.7 0.4 0.65 1 0.5 0.35 0.95 1 
9372    0.4 0.8 0.8 0.8 0.8 0.4  0.39745 0.8 0.3 0.75 0.05 0.8 0.4 0.65 0.6 0.5 0.25 0.95 0.9 
9373    0.4 0.8 0.8 0.8 0.8 0.6  0.51715 0.8 0.35 0.75 0.05 0.8 0.25 0.65 1 0.55 0.35 0.95 0.65 
9374    0.4 0.8 0.8 0.8 0.8 0.8  0.363868 0.35 0.15 0.75 0 0.6 0.65 0.65 0.75 0.5 0 0.9 0.2 
10368    0.6 0.2 0.4 0.8 0.6 0.6  0.399603 0.8 0.05 0.05 0.05 0.8 0.4 0.65 0.3 0.5 0.95 0.8 0.2 
10437    0.6 0.2 0.6 0.4 0.4 0.4  0.234245 0.8 0.05 0.75 0.05 0.8 0.35 0.15 0.35 0.2 0.75 0.7 0.55 
10443    0.6 0.2 0.6 0.4 0.6 0.6  0.253935 0.9 0.05 0.75 0.05 0.8 0.35 0.65 0.35 0.6 0.2 0.15 0.55 
10468    0.6 0.2 0.6 0.6 0.6 0.6  0.54112 0.8 0.05 0.75 0.05 0.8 0.4 0.65 0.35 0.5 0.35 0.95 0.2 
10469    0.6 0.2 0.6 0.6 0.6 0.8  0.442097 0.8 0.6 0.75 0.05 0.85 0.4 0.65 0.25 0.5 0.35 0.8 0.2 
10561    0.6 0.2 0.8 0.4 0.4 0.2  0.203659 0.8 0.05 0.75 0.05 0.8 0.35 0.65 0.35 0.6 0.8 0.7 0.55 
10571    0.6 0.2 0.8 0.4 0.8 0.2  0.408225 0.8 0.05 0.75 0.05 0.7 0.4 0.65 0.75 0.5 0.8 0.95 0.2 
10572    0.6 0.2 0.8 0.4 0.8 0.4  0.411355 0.8 0.05 0.75 0.05 0.7 0.4 0.65 0.75 0.5 0.35 0.95 0.2 
10587    0.6 0.2 0.8 0.6 0.4 0.4  0.117553 0.8 0 0.75 0.05 0.8 0.4 0.65 0.35 0.45 0.35 0.95 0.2 
10591    0.6 0.2 0.8 0.6 0.6 0.2  0.331188 0.8 0.45 0.75 0.05 0.8 0.4 0.65 0.75 0.5 0.3 0.95 0.2 
10592    0.6 0.2 0.8 0.6 0.6 0.4  0.273059 0.9 0.05 0.75 0.05 0.8 0.35 0.65 0.35 0.6 0.2 0.7 0.55 
10593    0.6 0.2 0.8 0.6 0.6 0.6  0.350702 0.95 0.55 0.75 0.05 0.8 0.4 0.65 0.35 0.15 0.1 0.7 0.55 
10597    0.6 0.2 0.8 0.6 0.8 0.4  0.445271 1 0.05 0.75 0.05 0.8 0.4 0.65 0.35 0.5 0.35 0.95 0.2 
10598    0.6 0.2 0.8 0.6 0.8 0.6  0.458333 1 0.1 0.75 0.05 0.8 0.4 0.65 0.35 0.5 0.35 0.95 0.2 
10608    0.6 0.2 0.8 0.8 0.2 0.6  0.106426 0.8 0.2 0.55 0.05 0.8 0.4 0.65 0.25 0.5 0.95 0.95 0.1 
10613    0.6 0.2 0.8 0.8 0.4 0.6  0.0402859 0.45 0.45 0.75 0.05 0.8 0.55 0.65 0.35 0.65 0.1 0.5 0.55 
10621    0.6 0.2 0.8 0.8 0.8 0.2  0.476007 0.8 0.2 0.55 0.05 0.8 0.4 0.65 0.75 0.5 0.35 0.95 0.1 
10622    0.6 0.2 0.8 0.8 0.8 0.4  0.487339 0.45 0.15 0.75 0.05 0.8 0.55 0.65 0.45 0.65 0.75 0.5 0 
10819    0.6 0.4 0.2 0.4 0.6 0.8  0.49083 0.8 0 0.75 0.05 0.8 0.4 0.65 0.3 0.5 0.55 0.95 0.25 
10837    0.6 0.4 0.2 0.6 0.4 0.4  1.53886 0.8 0.05 0.75 0.2 0.8 0.4 0.65 0.35 0.5 0 0.9 0.2 
10942    0.6 0.4 0.4 0.4 0.6 0.4  1.47592 0.5 0.05 0.75 0.2 0.8 0.4 0.65 0.35 0.5 0.7 0.9 0.2 
10961    0.6 0.4 0.4 0.6 0.4 0.2  1.22903 0.8 0.05 0.75 0.2 0.8 0.4 0.65 0.35 0.5 0.35 0.9 0.6 
10962    0.6 0.4 0.4 0.6 0.4 0.4  1.85836 0.8 0.05 0.75 0.2 0.8 0.4 0.5 0.35 0.7 0.7 0.9 0.55 
10967    0.6 0.4 0.4 0.6 0.6 0.4  1.48179 0.8 0.05 0.75 0.2 0.8 0.4 0.65 0.35 0.05 0.35 0.9 0.2 
10968    0.6 0.4 0.4 0.6 0.6 0.6  1.28032 0.8 0.1 0.75 0.2 0.9 0.4 0.65 0.25 0.5 0.35 0.9 0.7 
10983    0.6 0.4 0.4 0.8 0.2 0.6  0.354655 0.9 0.05 0.75 0.05 0.8 0.2 0.65 0.35 0.15 0.1 0.85 0.55 
11066    0.6 0.4 0.6 0.4 0.6 0.2  1.35861 0.8 0.05 0.75 0.2 0.8 0.4 0.65 0.35 0.5 0.3 0.9 0.2 
11067    0.6 0.4 0.6 0.4 0.6 0.4  1.63782 0.8 0.05 0.75 0.2 0.8 0.7 0.65 0.35 0.45 0.7 0.9 0.2 
11071    0.6 0.4 0.6 0.4 0.8 0.2  0.517893 0.8 0.05 0.75 0.05 0.5 0.4 0.65 0.75 0.5 0.35 0.95 0.2 
11072    0.6 0.4 0.6 0.4 0.8 0.4  1.06386 0.8 0.1 0.75 0.2 0.9 0.4 0.65 0.35 0.5 0.35 0.9 0.2 
11086    0.6 0.4 0.6 0.6 0.4 0.2  1.67851 0.8 0.05 0.75 0.2 0.8 0.7 0.65 0.35 0.5 0.7 0.9 0.2 
11087    0.6 0.4 0.6 0.6 0.4 0.4  1.48423 0.8 0.05 0.75 0.2 0.8 0.4 0.65 0.35 0.55 0.3 0.05 0.2 
11088    0.6 0.4 0.6 0.6 0.4 0.6  0.26849 0.45 0.05 0.75 0.05 0.8 0.4 0.65 0.35 0.15 0.1 0.7 0.55 
11089    0.6 0.4 0.6 0.6 0.4 0.8  0.342626 1 0.1 0.3 0.05 0.8 0.4 0.65 0.2 0.5 0.9 0.95 0.2 
11091    0.6 0.4 0.6 0.6 0.6 0.2  1.39671 0.55 0.05 0.3 0.2 0.8 0.4 0.65 0.35 0.5 0.9 0.9 0.2 
11092    0.6 0.4 0.6 0.6 0.6 0.4  1.4778 0.8 0.05 0.75 0.2 0.5 0.1 0.65 0.35 0.5 0.7 0.9 0.2 
11093    0.6 0.4 0.6 0.6 0.6 0.6  0.487083 0.35 0.1 0.75 0.05 0.8 0.4 0.65 0.35 0.5 0.35 0.95 0.2 
11102    0.6 0.4 0.6 0.8 0 0.4  0.115977 0.45 0.05 0.75 0.05 0.8 0.5 0.65 0.3 0.65 0.7 0.4 0 
11103    0.6 0.4 0.6 0.8 0 0.6  0.301675 0.9 0.05 0.75 0.05 0.8 0.35 0.65 0.35 0.6 0.2 0.95 0.55 
11108    0.6 0.4 0.6 0.8 0.2 0.6  0.279199 0.95 0.55 0.75 0.05 0.8 0.4 0.65 0.8 0.15 0.1 0.45 0.55 
11112    0.6 0.4 0.6 0.8 0.4 0.4  0.109681 0.8 0 0.75 0.05 0.8 0.3 0.65 0.15 0.75 0.3 0.4 0.05 
11113    0.6 0.4 0.6 0.8 0.4 0.6  0.294871 0.8 0 0.75 0.05 0.8 0.3 0.65 0.15 0.75 0.3 0.85 0.05 
11114    0.6 0.4 0.6 0.8 0.4 0.8  0.342601 0.8 0.2 0.55 0.1 0.8 0.4 0.65 0.95 0.2 0.9 0.9 0.55 
11117    0.6 0.4 0.6 0.8 0.6 0.4  0.722013 0.8 0.9 0 0.05 1 0.4 0.65 0.35 1 0.35 0.95 0.2 
11121    0.6 0.4 0.6 0.8 0.8 0.2  0.446992 0.8 0.05 0.75 0.1 0.8 0.4 0.65 0.35 0.5 0.85 0.9 0.55 
11123    0.6 0.4 0.6 0.8 0.8 0.6  0.44482 0.45 0.15 0.75 0.05 0.8 0.6 0.65 0.15 0.5 0.45 0.5 0 
11187    0.6 0.4 0.8 0.4 0.4 0.4  0.284344 0.8 0.05 0.75 0.05 0.8 0.35 0.65 0.35 0.2 0.8 0.7 0.55 
11190    0.6 0.4 0.8 0.4 0.6 0  0.276428 0.8 0.05 0.75 0.05 0.8 0.35 0.15 0.35 0.2 0.45 0.7 0.55 
11191    0.6 0.4 0.8 0.4 0.6 0.2  0.331639 0.8 0.05 0.75 0.05 0.8 0.35 0.15 0.35 0.2 0.8 0.7 0.55 
11192    0.6 0.4 0.8 0.4 0.6 0.4  0.406667 0.6 1 0.75 0.05 0.8 0.2 0.65 0.65 0.5 0.35 0.1 0.2 
11193    0.6 0.4 0.8 0.4 0.6 0.6  0.299782 0.95 0.05 0.75 0.05 0.8 0.4 0.65 0.35 0.15 0.1 0.7 0.55 
11197    0.6 0.4 0.8 0.4 0.8 0.4  0.607134 0.8 0.7 0.75 0.05 0.75 0.4 0.65 0.2 0.5 0.35 0.95 0.2 
11211    0.6 0.4 0.8 0.6 0.4 0.2  0.110363 0.8 0 0.75 0.05 0.8 0.45 0.65 0.35 0.45 0.35 0.95 0.2 
11212    0.6 0.4 0.8 0.6 0.4 0.4  0.549598 0.8 0.75 0.75 0.05 0.8 0.35 0.65 0.3 0.2 0.65 0.7 0.55 
11213    0.6 0.4 0.8 0.6 0.4 0.6  0.49334 0.8 0.2 0.55 0.05 0.8 0.4 0.65 0.25 0.5 0.2 0.95 0.2 
11216    0.6 0.4 0.8 0.6 0.6 0.2  0.343978 0.8 0.05 0.75 0.05 0.8 0.4 0.65 0.75 0.5 0.3 0.95 0.2 
11217    0.6 0.4 0.8 0.6 0.6 0.4  0.451037 0.8 0.05 0.75 0.05 0.8 0.4 0.65 0.2 0.5 0.35 0.95 0.2 
11218    0.6 0.4 0.8 0.6 0.6 0.6  0.310644 0.8 0.05 0.75 0.05 0.8 0.4 0.65 0.75 0.5 0.35 0.95 0.2 
11219    0.6 0.4 0.8 0.6 0.6 0.8  0.126892 0.8 0 0.75 0.05 0.9 0.3 0.65 0 0.75 0.35 0.95 0.05 
11221    0.6 0.4 0.8 0.6 0.8 0.2  0.675095 1 0.5 0.3 0.05 0.8 0.4 0.65 0.7 0.5 0.8 0.95 0.2 
11222    0.6 0.4 0.8 0.6 0.8 0.4  0.437018 0.8 0.1 0.75 0.05 0.8 0.45 0.65 0.35 0.45 0.35 0.95 0.2 
11223    0.6 0.4 0.8 0.6 0.8 0.6  0.306951 1 0.45 0.75 0.05 0.8 0.4 0.65 0.35 0.45 0.35 0.95 0.2 
11224    0.6 0.4 0.8 0.6 0.8 0.8  0.309025 0.8 0.15 0.05 0.05 0.8 0.4 0.65 0.25 0.35 0.9 1 0.2 
11233    0.6 0.4 0.8 0.8 0.2 0.6  0.424663 0.8 0.05 0.75 0.05 0.8 0.35 0.15 0.35 0.2 0.45 0.35 0.55 
11236    0.6 0.4 0.8 0.8 0.4 0.2  0.47386 0.75 0.05 0.75 0.05 0.7 0.4 0.65 0.35 0.6 0.75 0.85 1 
11237    0.6 0.4 0.8 0.8 0.4 0.4  0.124415 0.8 0.05 0.75 0.05 0.65 0.05 0.65 0.35 0.2 0.8 0.85 0.55 
11238    0.6 0.4 0.8 0.8 0.4 0.6  0.293311 0.45 0.45 0.75 0.05 0.8 0.55 0.65 0.35 0.15 0.1 0.5 0.55 
11239    0.6 0.4 0.8 0.8 0.4 0.8  0.426292 0.8 0 0.6 0.05 1 0.95 0.65 0.35 0.5 0.15 0.9 0.2 
11240    0.6 0.4 0.8 0.8 0.6 0  0.225423 0.8 0.2 0.75 0.05 0.8 0.4 0.65 0.35 0.45 0.35 0.7 0.05 
11241    0.6 0.4 0.8 0.8 0.6 0.2  0.413644 0.45 0.05 0.75 0.05 0.8 0.4 0.65 0.35 0.15 0.95 0.7 0.55 
11242    0.6 0.4 0.8 0.8 0.6 0.4  0.386925 0.45 0.05 0.75 0.05 0.7 0.4 0.65 0.6 0.5 0.7 0.9 0.55 
11243    0.6 0.4 0.8 0.8 0.6 0.6  0.189187 0.8 1 0.75 0.05 0.8 0.05 0.65 0.35 0.2 0.8 0.85 0.55 
11244    0.6 0.4 0.8 0.8 0.6 0.8  0.526469 0.8 0 0.6 0.05 1 0.95 0.65 0.35 0.5 0.95 0.9 0.2 
11247    0.6 0.4 0.8 0.8 0.8 0.4  0.583401 0.8 1 0 0.05 1 0.4 0.65 0.35 0.5 0.35 0.95 0.2 
11249    0.6 0.4 0.8 0.8 0.8 0.8  -0.00102855 0.8 0 0.05 0.05 0.8 0.4 0.65 0.3 0.5 0.95 0.95 1 
11464    0.6 0.6 0.2 0.6 0.4 0.8  0.302671 1 0.1 0.75 0.05 0.8 0.4 0.65 0.2 0.5 0.1 0.95 0.2 
11469    0.6 0.6 0.2 0.6 0.6 0.8  0.583641 0.5 1 0.75 0 0.35 0.4 0.65 0.35 0.5 0 0.9 0.2 
11489    0.6 0.6 0.2 0.8 0.4 0.8  0.0770991 0.85 0 0.75 0.05 0.8 0.3 0.65 0.15 0.5 0 0.95 0.8 
11494    0.6 0.6 0.2 0.8 0.6 0.8  0.07195 0.9 0 0.75 0.05 0.8 0.3 0.65 0.15 0.5 0 0.95 0.8 
11499    0.6 0.6 0.2 0.8 0.8 0.8  0.231738 0.75 0.4 0.75 0 0.6 0.2 0.15 0.75 0.25 0.9 0.9 0.2 
11562    0.6 0.6 0.4 0.4 0.4 0.4  0.202459 0.8 0.05 0.75 0.05 0.8 0.35 0.65 0.3 0.2 0.65 0.7 0.55 
11567    0.6 0.6 0.4 0.4 0.6 0.4  1.13334 0.5 0.05 0.75 0.2 0.8 0.2 0.65 0.35 0.5 0.7 0.9 0.2 
11568    0.6 0.6 0.4 0.4 0.6 0.6  0.0519863 0.85 0.05 0.7 0.05 1 0.45 0.65 0.6 0.25 0.25 0.25 0.55 
11587    0.6 0.6 0.4 0.6 0.4 0.4  1.61851 0.8 0.05 0.75 0.2 0.8 0.4 0.5 0.35 0.2 0.75 0.9 0.55 
11588    0.6 0.6 0.4 0.6 0.4 0.6  0.589608 0.8 0.05 0.75 0.15 0.8 0.2 0.65 0.35 0.5 0.35 0.4 0.6 
11591    0.6 0.6 0.4 0.6 0.6 0.2  1.35445 0.8 0.05 0.75 0.2 0.8 0.4 0.5 0.35 0.5 0.7 0.9 0.55 
11592    0.6 0.6 0.4 0.6 0.6 0.4  0.953368 0.8 0.05 0.75 0.15 0.8 0.4 0.65 0.35 0.5 0.35 0.4 0.2 
11593    0.6 0.6 0.4 0.6 0.6 0.6  1.06452 0.35 0.95 0.75 0 0.6 0.6 0.5 0.75 0.5 0 0.3 0.4 
11594    0.6 0.6 0.4 0.6 0.6 0.8  0.863494 0.5 0.8 0.75 0 0.6 0.4 0.65 0.75 0.5 0 0.9 0.2 
11598    0.6 0.6 0.4 0.6 0.8 0.6  0.46165 0.8 0.85 0 0.05 1 0.4 0.65 0.55 1 0.35 0.95 0.2 
11603    0.6 0.6 0.4 0.8 0 0.6  0.356167 0.55 0 0.75 0.05 0.8 0.45 0.65 0.15 0.75 0.15 0.95 0.05 
11613    0.6 0.6 0.4 0.8 0.4 0.6  0.0438821 0.8 0.1 0.75 0.05 0.8 0.4 0.65 0.15 0.5 0.15 0.95 0 
11616    0.6 0.6 0.4 0.8 0.6 0.2  0.136793 0.95 0.05 0.75 0.05 0.8 0.4 0.65 0.15 0.5 0.35 0.65 0.55 
11617    0.6 0.6 0.4 0.8 0.6 0.4  0.309804 0.95 0.05 0.75 0.05 0.8 0.45 0.65 0.6 0.5 0.25 0.7 0.55 
11618    0.6 0.6 0.4 0.8 0.6 0.6  0.201943 0.8 0.05 0.75 0.05 0.8 0.45 0.65 0.6 0.5 0.25 0.7 0.55 
11619    0.6 0.6 0.4 0.8 0.6 0.8  0.197183 0.8 0 0.75 0.05 0.8 0.3 0.65 0.15 0.75 0 0.95 0.8 
11673    0.6 0.6 0.6 0.2 0.8 0.6  0.0790756 0.65 0.25 0.75 0.05 0.8 0.1 0.65 1 0.5 0.35 0.95 0.75 
11692    0.6 0.6 0.6 0.4 0.6 0.4  0.90601 0.8 0.05 0.75 0.15 0.8 0.4 0.65 0.35 0.5 0.75 0.4 0.2 
11699    0.6 0.6 0.6 0.4 0.8 0.8  0.299816 0.8 0.3 0.75 0.05 0.8 0.4 0.65 0.15 0.5 0.5 0.05 0.2 
11711    0.6 0.6 0.6 0.6 0.4 0.2  0.900231 0.8 0.05 0.05 0.15 0.8 0.45 0.15 0 0.35 0.9 1 0.2 
11712    0.6 0.6 0.6 0.6 0.4 0.4  1.33528 0.8 0.05 0.75 0.2 0.8 0.4 0.65 0.35 0.95 0.35 0.9 0.6 
11713    0.6 0.6 0.6 0.6 0.4 0.6  0.983291 0.5 0.05 0.75 0.15 0.8 0.4 0.65 0.35 0.5 0.7 0.4 0.2 
11716    0.6 0.6 0.6 0.6 0.6 0.2  0.889396 0.8 0.05 0.75 0.15 0.8 0.4 0.65 0.35 0.5 0.35 0.85 0.2 
11717    0.6 0.6 0.6 0.6 0.6 0.4  1.0421 0.8 0.05 0.75 0.15 0.8 0.4 0.65 0.35 0.5 0.85 0.4 0.2 
11718    0.6 0.6 0.6 0.6 0.6 0.6  0.883302 0.4 1 0.75 0 0 0.7 0.65 0.75 0.5 0 0.95 0.2 
11719    0.6 0.6 0.6 0.6 0.6 0.8  0.87592 0.3 0.55 0.75 0 0 0.25 0.65 0.65 0.45 0 0.9 0.15 
11722    0.6 0.6 0.6 0.6 0.8 0.4  0.787025 0.8 1 0 0.05 1 0 0.65 0.35 0.8 0.35 0.95 0.2 
11723    0.6 0.6 0.6 0.6 0.8 0.6  0.546098 0.4 0.6 0.75 0 0.7 0.2 0.65 0.75 0.5 0 0.9 0.2 
11724    0.6 0.6 0.6 0.6 0.8 0.8  0.609153 0.5 0.9 0.75 0 0.6 0.35 1 0.75 0 0 0.9 0.2 
11732    0.6 0.6 0.6 0.8 0.2 0.4  0.239717 0.8 0 0.05 0.05 0.8 0.4 0.65 0.3 0.35 0.95 0.95 1 
11737    0.6 0.6 0.6 0.8 0.4 0.4  0.141874 0.5 0 0.05 0.05 1 0.35 0.65 0.35 0.5 0.95 0.9 0.2 
11739    0.6 0.6 0.6 0.8 0.4 0.8  0.033035 0.4 0.05 0.75 0.05 0.8 0.1 0.65 1 0.5 0.35 0.95 0.2 
11741    0.6 0.6 0.6 0.8 0.6 0.2  0.379559 0.85 0.3 0.75 0.05 0.8 0.45 0.65 0.6 0.5 0.25 0.7 0.55 
11743    0.6 0.6 0.6 0.8 0.6 0.6  0.108513 0.6 0 0.75 0.05 0.8 0.3 0.65 0.15 0.75 0.3 0.4 0.05 
11744    0.6 0.6 0.6 0.8 0.6 0.8  0.918666 0.55 0.9 0.3 0 0.6 0.1 0.15 0.75 0.5 0 0.9 0.4 
11746    0.6 0.6 0.6 0.8 0.8 0.2  0.327304 0.8 0.05 0.75 0.1 0.8 0.4 0.65 0.35 0.5 0.85 0.9 0.6 
11749    0.6 0.6 0.6 0.8 0.8 0.8  0.652765 0.8 1 0 0.05 1 0 0.65 0.35 0.5 0.35 0.95 0.2 
11817    0.6 0.6 0.8 0.4 0.6 0.4  0.321818 0.95 0.05 0.9 0.05 0.8 0.4 0.65 0.35 0.2 0.05 0.7 0.5 
11821    0.6 0.6 0.8 0.4 0.8 0.2  0.564834 0.8 0.7 0.75 0.05 0.75 0.4 0.65 0.15 0.5 0.35 0.95 1 
11822    0.6 0.6 0.8 0.4 0.8 0.4  0.224707 0.8 0.7 0.75 0.05 0.75 0.4 0.65 0.6 0.5 0.35 0.95 0.2 
11834    0.6 0.6 0.8 0.6 0.2 0.8  0.42241 0.45 0.05 0.75 0.05 0.7 0.3 0.65 0.35 0.65 1 0.8 1 
11837    0.6 0.6 0.8 0.6 0.4 0.4  0.655614 0.8 0.05 0.75 0.1 0.8 0.4 0.65 0.35 0.5 0.8 0.95 0.2 
11838    0.6 0.6 0.8 0.6 0.4 0.6  0.0698326 0.8 0 0.75 0.05 0.8 0.4 0.65 1 0.55 0.35 0.95 0.2 
11842    0.6 0.6 0.8 0.6 0.6 0.4  0.415913 0.75 0.05 0.75 0.1 0.8 0.4 0.65 0.35 0.5 0.8 0.95 0.2 
11843    0.6 0.6 0.8 0.6 0.6 0.6  0.569527 0.55 0.9 0.3 0 0.6 0 0.15 0.75 0.5 0 0.9 0.4 
11847    0.6 0.6 0.8 0.6 0.8 0.4  0.470526 0.8 0.05 0.05 0.05 0.8 0.4 0.65 0.2 0.35 0.95 1 0.2 
11848    0.6 0.6 0.8 0.6 0.8 0.6  0.372216 0.8 0.7 0.75 0.05 0.75 0.4 0.65 1 0.5 0.35 0.95 0.2 
11854    0.6 0.6 0.8 0.8 0 0.8  0.312216 0.65 0.05 0.75 0.05 0.8 0.5 0.65 0.7 0.5 0.45 0.4 0 
11859    0.6 0.6 0.8 0.8 0.2 0.8  0.414459 0.45 0.05 0.75 0.05 0.7 0.4 0.65 0.35 0.65 1 0.8 1 
11861    0.6 0.6 0.8 0.8 0.4 0.2  0.359759 0.45 0.05 0.9 0.05 0.8 0.4 0.65 0.35 0.2 0.5 0.7 0.55 
11862    0.6 0.6 0.8 0.8 0.4 0.4  0.303213 0.65 0.05 0.75 0.05 0.9 0.9 0.65 0.6 0.45 0.9 0.9 0.55 
11864    0.6 0.6 0.8 0.8 0.4 0.8  0.108808 0.8 0.7 0.55 0.05 0.8 0.4 0.65 1 0.5 1 0.95 0.1 
11867    0.6 0.6 0.8 0.8 0.6 0.4  0.334491 0.45 0.05 0.9 0.05 0.8 0.4 0.65 0.35 0.2 0.05 0.7 0.55 
11868    0.6 0.6 0.8 0.8 0.6 0.6  0.565694 0.8 0 0.75 0.05 0.8 0.3 0.65 0.15 0.75 0 0.4 0.05 
11872    0.6 0.6 0.8 0.8 0.8 0.4  0.58751 0.9 0.9 0 0.05 1 0.4 0.65 0.35 0.3 0.35 0.95 0.2 
11949    0.6 0.8 0 0.4 0.8 0.8  0.178845 0.75 0.45 0.75 0 0.6 0.55 0.15 0.75 0.25 0.8 0.9 0.2 
11967    0.6 0.8 0 0.6 0.6 0.4  0.272056 0.95 0.05 0.75 0.05 0.8 0.4 0.65 0.6 0.5 0.5 0.65 0.3 
11974    0.6 0.8 0 0.6 0.8 0.8  0.170975 0.85 0.5 1 0 0.6 0.5 0.65 0.75 0.5 0.25 0.85 0.35 
11999    0.6 0.8 0 0.8 0.8 0.8  0.447157 0.6 0.8 0.75 0 0.6 0.3 0.8 0.75 0.4 0 0.9 0.2 
12074    0.6 0.8 0.2 0.4 0.8 0.8  0.382314 0.5 0.95 0.75 0 0.35 0.4 0.65 0.35 0.5 0 0.9 0.2 
12087    0.6 0.8 0.2 0.6 0.4 0.4  0.293203 0.8 0 0.75 0.05 0.85 0.4 0.65 0.55 0.5 0.35 0.95 0.2 
12093    0.6 0.8 0.2 0.6 0.6 0.6  0.424088 0.55 0.7 0.2 0 0.6 0.65 0.15 0.75 0.5 0 0.1 0.4 
12094    0.6 0.8 0.2 0.6 0.6 0.8  0.793568 0.55 1 0.2 0 0.6 0.65 0.15 0.75 0.5 0 0.1 0.4 
12098    0.6 0.8 0.2 0.6 0.8 0.6  0.715949 0.35 0.4 0.75 0 0.6 0.65 0.15 0.75 0.25 0.9 0.9 0.2 
12099    0.6 0.8 0.2 0.6 0.8 0.8  0.713553 0.55 0.75 0.75 0 0.6 0.65 0.65 0 0.5 0 0.9 0.2 
12117    0.6 0.8 0.2 0.8 0.6 0.4  0.301636 0.95 0.05 0.75 0.05 0.8 0.3 0.65 0.6 0.5 0.5 0.7 0.6 
12119    0.6 0.8 0.2 0.8 0.6 0.8  0.0791569 0.7 0.55 0.75 0 0.6 0.65 0.65 0.75 0.5 0 0.9 0.2 
12123    0.6 0.8 0.2 0.8 0.8 0.6  0.185215 0.8 0.05 0.75 0.05 0.8 0.05 0.65 0.35 0.2 0.8 0.7 0.55 
12124    0.6 0.8 0.2 0.8 0.8 0.8  0.533778 0.6 0.5 0.1 0 0.6 0.5 0.5 0.75 0.5 0.45 0.9 0.2 
12193    0.6 0.8 0.4 0.4 0.6 0.6  0.553597 0.55 0.95 0.75 0 0.1 0.4 0.65 0.75 0.5 0 0.9 0.2 
12194    0.6 0.8 0.4 0.4 0.6 0.8  0.448707 0.4 0.9 0.75 0 0.6 0.6 0.65 0.75 0.5 0 0.6 0.2 
12199    0.6 0.8 0.4 0.4 0.8 0.8  0.406252 0.5 0.7 0.75 0 0.6 0.75 1 0.75 0 0 0.9 0.2 
12214    0.6 0.8 0.4 0.6 0.4 0.8  0.0577449 1 0.05 0.75 0.05 0.8 0.4 0.65 0.55 0.5 0.35 0.95 0.65 
12218    0.6 0.8 0.4 0.6 0.6 0.6  0.500196 0.6 0.8 0.75 0 0.6 0.15 0.65 0.75 0.5 0 0.9 0.2 
12219    0.6 0.8 0.4 0.6 0.6 0.8  0.762426 0.4 1 0.75 0 0.6 0.25 0.15 0.75 0.5 0 0.9 0.2 
12222    0.6 0.8 0.4 0.6 0.8 0.4  0.64477 0.8 0.05 0.05 0.05 0.8 0.4 0.65 0 0.35 0.9 1 0.2 
12223    0.6 0.8 0.4 0.6 0.8 0.6  0.591916 0.3 0.75 0.75 0 0.6 0.25 0.65 0.75 0.45 0 0.9 0.15 
12224    0.6 0.8 0.4 0.6 0.8 0.8  0.763055 0.35 0.85 0.75 0 0.6 0.75 1 0.75 0 0 0.9 0.2 
12229    0.6 0.8 0.4 0.8 0 0.8  0.28641 0.6 0.05 0.75 0.05 0.8 0.2 0.65 1 0.5 0.35 0.95 0.55 
12237    0.6 0.8 0.4 0.8 0.4 0.4  0.35583 0.8 0.1 0.75 0.05 0.8 0.45 0.65 0.6 0.5 0.4 0.7 0.55 
12238    0.6 0.8 0.4 0.8 0.4 0.6  0.0618258 0.8 0.05 0.75 0.05 0.8 0.1 0.65 1 0.5 0.35 0.95 0.2 
12239    0.6 0.8 0.4 0.8 0.4 0.8  0.23734 0.6 0.05 0.75 0.05 0.8 0.2 0.65 1 0.5 0.35 0.95 0.2 
12242    0.6 0.8 0.4 0.8 0.6 0.4  0.344151 0.8 0.05 0.75 0.05 0.8 0.45 0.65 0.6 0.5 0.4 0.7 0.55 
12243    0.6 0.8 0.4 0.8 0.6 0.6  0.355925 0.85 0.05 0.75 0.05 0.8 0.2 0.65 0.6 0.5 0.25 0.7 0.55 
12248    0.6 0.8 0.4 0.8 0.8 0.6  0.0417314 0.8 0.2 0.75 0.05 0.8 0.05 0.65 0.25 0.45 0.35 1 0.2 
12249    0.6 0.8 0.4 0.8 0.8 0.8  0.59902 0.55 0.9 0.75 0 0.6 0.45 1 0.75 0 0 0.9 0.25 
12299    0.6 0.8 0.6 0.2 0.8 0.8  0.469974 0.55 0.75 0.75 0 0.6 0.85 0.65 0 0.5 0 0.9 0.2 
12322    0.6 0.8 0.6 0.4 0.8 0.4  0.517718 0.45 0.15 0.75 0.05 0.8 0.55 0.65 0.45 0.15 0.75 0.55 0 
12323    0.6 0.8 0.6 0.4 0.8 0.6  0.08314 0.8 0.3 0.75 0.05 0.8 0.4 0.65 0.6 0.5 0.5 0.05 0.2 
12324    0.6 0.8 0.6 0.4 0.8 0.8  0.413654 0.7 0.7 0.75 0 0.6 0.8 0.65 0.75 0.5 0.4 0.9 0.2 
12336    0.6 0.8 0.6 0.6 0.4 0.2  0.380815 1 0.05 0.75 0.05 0.8 0.4 0.65 0.55 0.5 0.35 0.95 0.2 
12340    0.6 0.8 0.6 0.6 0.6 0  0.355806 0.8 0.05 0.05 0.05 0.8 0.45 0.15 0 0.35 0.9 1 0.2 
12342    0.6 0.8 0.6 0.6 0.6 0.4  0.374966 0.4 0.3 0.75 0 0.8 0.05 0.65 0.35 0.5 0 0.9 0.2 
12343    0.6 0.8 0.6 0.6 0.6 0.6  0.705975 0.4 0.4 0.75 0 0.6 0.15 0.65 0.75 0.5 0 0.9 0.2 
12344    0.6 0.8 0.6 0.6 0.6 0.8  1.01624 0.4 0.85 0.75 0 0.6 0.15 0.65 0.75 0.5 0 0.9 0.25 
12345    0.6 0.8 0.6 0.6 0.8 0  0.308166 0.8 0.6 0.75 0.05 0.85 0.4 0.65 1 0.45 0.35 0.95 0.2 
12346    0.6 0.8 0.6 0.6 0.8 0.2  0.481114 0.8 0.05 0.05 0.05 0.8 0.4 0.65 0 0.35 0.95 0.55 0.2 
12347    0.6 0.8 0.6 0.6 0.8 0.4  0.214153 0.45 0.05 0.75 0.05 0.8 0.2 0.65 0.35 0.5 0.1 0.7 0.55 
12348    0.6 0.8 0.6 0.6 0.8 0.6  0.92379 0.5 0.9 0.75 0 0.6 0.25 1 0.75 0 0 0.9 0.2 
12349    0.6 0.8 0.6 0.6 0.8 0.8  0.915049 0.3 0.55 0.75 0 0.6 0.25 0.65 0.75 0.45 0 0.9 0.15 
12353    0.6 0.8 0.6 0.8 0 0.6  0.470122 0.65 0.05 0.75 0.05 0.8 0.5 0.65 0.35 0.5 0.7 0.4 0 
12363    0.6 0.8 0.6 0.8 0.4 0.6  0.405047 0.8 0.05 0.05 0.05 0.8 0.4 0.65 0.55 0.5 0.95 0.95 0.2 
12368    0.6 0.8 0.6 0.8 0.6 0.6  0.220458 0.45 0.05 0.75 0.05 0.8 0.4 0.8 0.35 0.5 0.5 0.7 0.55 
12369    0.6 0.8 0.6 0.8 0.6 0.8  0.694728 0.4 0.95 0.75 0 0.8 0.05 0.65 0.35 0.5 0 0.9 0.2 
12373    0.6 0.8 0.6 0.8 0.8 0.6  0.0768531 0.8 0.05 0.75 0.05 0.8 0.05 0.65 0.25 0.45 0.35 1 0.2 
12374    0.6 0.8 0.6 0.8 0.8 0.8  0.885937 0.4 0.95 0.75 0 0.8 0.1 0.65 0.65 0.5 0 0.9 0.2 
12399    0.6 0.8 0.8 0 0.8 0.8  0.316856 0.85 0.15 0.75 0 0.6 0.65 0.65 0.75 0.5 0 0.9 0.6 
12424    0.6 0.8 0.8 0.2 0.8 0.8  0.339236 0.55 0.15 0.75 0 0.65 0.7 0.65 0.75 0.5 0 0.95 0.2 
12447    0.6 0.8 0.8 0.4 0.8 0.4  0.513416 0.45 0.15 0.75 0.05 0.8 0.55 0.65 0.45 0.65 0.75 0.55 0 
12461    0.6 0.8 0.8 0.6 0.4 0.2  0.380186 0.8 0.1 0.75 0.05 0.8 0.4 0.65 1 0.5 0.35 0.95 0.2 
12463    0.6 0.8 0.8 0.6 0.4 0.6  0.569657 0.8 0.05 0.75 0.05 0.8 0.4 0.65 1 0.5 0.35 0 0.2 
12468    0.6 0.8 0.8 0.6 0.6 0.6  0.59565 0.4 0.6 0.75 0 0 0.4 0.65 0.75 0.5 0 0.9 0.2 
12469    0.6 0.8 0.8 0.6 0.6 0.8  0.0441777 0.8 0.05 0.05 0.05 0.8 0.4 0.65 0 0.5 0.95 0.95 0.2 
12470    0.6 0.8 0.8 0.6 0.8 0  0.426147 0.8 0.7 0.75 0.05 0.8 0.4 0.65 1 0.5 0.35 0.95 0.2 
12471    0.6 0.8 0.8 0.6 0.8 0.2  0.394705 0.8 0.6 0.75 0.05 0.85 0.4 0.65 1 0.5 0.35 0.95 0.2 
12472    0.6 0.8 0.8 0.6 0.8 0.4  0.52525 0.45 0.2 0.75 0.05 0.8 0.6 0.65 1 0.15 0.7 0.5 0.55 
12473    0.6 0.8 0.8 0.6 0.8 0.6  0.710643 0.5 0.7 0.75 0 0 0.75 1 0.75 0 0 0.9 0.2 
12474    0.6 0.8 0.8 0.6 0.8 0.8  0.651413 0.75 1 0 0 0 0.6 0.5 0.75 1 0 0.9 0.2 
12479    0.6 0.8 0.8 0.8 0 0.8  0.436474 0.65 0.05 0.75 0.05 0.8 0.5 0.65 0.35 0.5 0.45 0.4 0 
12484    0.6 0.8 0.8 0.8 0.2 0.8  0.423323 0.8 0.05 0.75 0.05 0.85 0.6 0.65 1 0.5 0.35 0.95 0.65 
12488    0.6 0.8 0.8 0.8 0.4 0.6  0.56363 0.3 0.05 0.75 0.05 0.8 0.4 0.65 0.35 0.5 0.15 0.7 0.55 
12489    0.6 0.8 0.8 0.8 0.4 0.8  0.273007 0.55 0 0.75 0.05 0.8 0.45 0.65 0.15 0.75 0 0.95 0.05 
12490    0.6 0.8 0.8 0.8 0.6 0  0.436411 0.8 0.7 0.75 0.05 0.7 0.5 0.65 1 0 0.35 0.95 1 
12491    0.6 0.8 0.8 0.8 0.6 0.2  0.333419 0.45 0.05 0.75 0.05 0.8 0.4 0.65 0.5 0.35 0.45 0.7 0.55 
12492    0.6 0.8 0.8 0.8 0.6 0.4  0.387252 0.35 0.05 0.75 0.05 0.8 0.4 0.65 0.5 0.8 0.75 0.7 0.55 
12493    0.6 0.8 0.8 0.8 0.6 0.6  0.257714 0.45 0.05 0.75 0.05 0.8 0.4 0.65 0.55 0.5 0.5 0.7 0.55 
12494    0.6 0.8 0.8 0.8 0.6 0.8  0.503935 0.95 0.75 0.75 0.05 0.8 0.45 0.65 0.6 0.45 0.05 0.7 0.55 
12495    0.6 0.8 0.8 0.8 0.8 0  0.17735 0.8 0 0.75 0.05 0.6 0.3 0.65 0 0.75 0.35 0.95 0.05 
12496    0.6 0.8 0.8 0.8 0.8 0.2  0.488631 0.8 0.6 0.75 0.05 0.8 0.6 0.65 1 0.5 0.35 0.95 0.65 
12497    0.6 0.8 0.8 0.8 0.8 0.4  0.520148 0.45 0.15 0.75 0.05 0.8 0.6 0.65 0.1 0.5 0.75 0.5 0 
12498    0.6 0.8 0.8 0.8 0.8 0.6  0.0630764 0.85 0.15 0.75 0.05 0.8 0.1 0.65 1 0.9 0.35 0.95 0.2 
12499    0.6 0.8 0.8 0.8 0.8 0.8  0.502354 0.45 0.05 0.75 0.05 0.8 0.05 0.65 0.55 0.5 0.7 0.25 0.55 
12869    0.8 0 0.4 0.8 0.6 0.8  0.41159 0.65 0.05 0.75 0.05 0.7 0.1 0.65 0.95 0.5 1 0.3 0.95 
12949    0.8 0 0.6 0.4 0.8 0.8  0.434499 0.8 0.05 0.05 0.05 0.8 0.4 0.65 0.35 0.5 0.95 0.9 0.75 
12962    0.8 0 0.6 0.6 0.4 0.4  0.386931 0.9 0.05 0.15 0.05 0.8 0.4 0.65 0.35 0.5 0.9 0.95 0.2 
12963    0.8 0 0.6 0.6 0.4 0.6  0.451711 0.8 0.2 0.05 0.05 0.8 0.4 0.65 0.35 0.5 0.05 0.9 0.2 
12964    0.8 0 0.6 0.6 0.4 0.8  0.524737 0.8 0.2 0.05 0.05 0.8 0.35 0.65 0.35 0.5 0.05 0.9 0.2 
12983    0.8 0 0.6 0.8 0.2 0.6  0.247396 0.8 0.55 0.05 0.05 0.8 0.55 0.65 0.35 0.5 0.2 0.9 0.45 
12989    0.8 0 0.6 0.8 0.4 0.8  0.450174 0.8 0.05 0.15 0.05 0.7 0.25 0.65 0.95 0.5 0.35 0.95 0 
12999    0.8 0 0.6 0.8 0.8 0.8  0.375261 0.8 0.05 0.15 0.05 0.7 0.25 0.65 0.95 0.5 0.3 0 0 
13068    0.8 0 0.8 0.4 0.6 0.6  0.0750754 0.8 0.05 0.75 0.05 0.8 0.4 0.65 0.95 0.5 0.35 0.95 0.25 
13070    0.8 0 0.8 0.4 0.8 0  0.399338 0.8 0.3 0.75 0.05 0.8 0.4 0.65 0.35 0.5 0.35 0.05 0.2 
13088    0.8 0 0.8 0.6 0.4 0.6  0.0719559 0.8 0.05 0.75 0.05 0.8 0.4 0.65 0.95 0.5 0.35 0.95 0.2 
13093    0.8 0 0.8 0.6 0.6 0.6  0.479339 0.9 0.3 0.75 0.05 0.8 0.45 0.65 0.35 0.5 0.5 0.7 0.55 
13097    0.8 0 0.8 0.6 0.8 0.4  0.347722 0.8 0.3 0.75 0.05 0.8 0.4 0.65 0.35 0.5 0.35 0.95 0.9 
13099    0.8 0 0.8 0.6 0.8 0.8  0.400162 0.8 0.3 0.05 0.05 0.8 0.4 0.65 0.35 0.5 0.95 0.95 0.2 
13109    0.8 0 0.8 0.8 0.2 0.8  0.212729 0.45 0.05 0.75 0.05 0.7 0.4 0.65 0.9 0.5 0.45 0.9 0.55 
13116    0.8 0 0.8 0.8 0.6 0.2  0.326515 0.8 0.05 0.75 0.05 0.8 0.75 0.65 0.4 0.5 0.4 0.7 0.55 
13118    0.8 0 0.8 0.8 0.6 0.6  0.355554 0.85 0.5 0.75 0.05 0.8 0.45 0.65 0.35 0.5 0.5 0.7 0.55 
13120    0.8 0 0.8 0.8 0.8 0  0.523103 0.8 0.4 0.75 0.05 0.8 0.4 0.65 0.35 0.5 0.35 0.95 0.9 
13121    0.8 0 0.8 0.8 0.8 0.2  0.417486 0.8 0.6 0.75 0.05 0.8 0.4 0.65 0.35 0.5 0.35 0.95 0.45 
13444    0.8 0.2 0.4 0.4 0.6 0.8  0.300502 0.35 0.05 0.05 0.05 0.8 0.45 0.65 0.4 0.5 0.05 0.95 0.2 
13458    0.8 0.2 0.4 0.6 0.2 0.6  0.286973 0.9 0.05 0.75 0.05 0.8 0.35 0.65 0.35 0.6 0.2 0.8 0.55 
13462    0.8 0.2 0.4 0.6 0.4 0.4  0.370187 0.9 0.05 0.05 0.05 0.8 0.4 0.65 0.35 0.5 0.05 0.95 0.2 
13463    0.8 0.2 0.4 0.6 0.4 0.6  0.133717 0.8 0 0.05 0.05 0.8 0.4 0.65 0.35 0.5 0.95 0.9 0.2 
13464    0.8 0.2 0.4 0.6 0.4 0.8  0.445537 0.8 0.05 0.05 0.05 0.8 0.4 0.65 0.35 0.5 0.05 0.9 0.2 
13467    0.8 0.2 0.4 0.6 0.6 0.4  0.196061 0.75 0 0.05 0.05 0.8 0.4 0.65 0.35 0.5 0.95 0.9 0.2 
13468    0.8 0.2 0.4 0.6 0.6 0.6  0.105162 0.85 0 0.05 0.05 0.8 0.4 0.65 0.8 0.5 0.95 0.9 0.2 
13499    0.8 0.2 0.4 0.8 0.8 0.8  0.396697 0.45 0.15 0.75 0.05 0.8 0.6 0.65 0.45 0.5 0.75 0.5 0 
13543    0.8 0.2 0.6 0.2 0.6 0.6  0.326492 0.85 0.2 0.95 0.05 0.7 0.4 0.65 0.35 0.5 0.6 0.95 0.2 
13567    0.8 0.2 0.6 0.4 0.6 0.4  0.230929 0.8 0 0.75 0.05 0.8 0.7 0 0.25 0.45 0.35 1 0.2 
13568    0.8 0.2 0.6 0.4 0.6 0.6  0.33349 0.85 0.05 0.75 0.05 0.8 0.4 0.65 0.8 0.5 0.7 0.6 0.8 
13569    0.8 0.2 0.6 0.4 0.6 0.8  0.292063 0.9 0.05 0.75 0.05 0.8 0.35 0.65 0.35 0.6 0.05 0.7 0.55 
13572    0.8 0.2 0.6 0.4 0.8 0.4  0.279326 0.85 0.05 0.75 0.05 0.8 0.4 0.65 0.8 0.5 0.35 0.6 0.8 
13588    0.8 0.2 0.6 0.6 0.4 0.6  0.451104 0.8 0.05 0.05 0.05 0.8 0.4 0.65 0.35 0.5 0.05 0.95 0.2 
13589    0.8 0.2 0.6 0.6 0.4 0.8  0.524089 0.65 0.05 0.75 0.05 0.7 0.25 0.65 0.35 0.5 1 0.3 0.65 
13592    0.8 0.2 0.6 0.6 0.6 0.4  0.146762 0.85 0 0.05 0.05 0.8 0.4 0.65 0.8 0.5 0.75 0.9 0.2 
13594    0.8 0.2 0.6 0.6 0.6 0.8  0.23271 0.8 0 0.05 0.05 0.6 0.4 0.65 0.35 0.5 0.95 0.9 0.2 
13598    0.8 0.2 0.6 0.6 0.8 0.6  0.438005 0.45 0.05 0.75 0.05 0.8 0.6 0.15 0.35 0.5 0.7 0.5 0.55 
13599    0.8 0.2 0.6 0.6 0.8 0.8  0.802178 0.35 0.05 0.75 0.05 0.8 0.4 0.65 0.35 0.5 0.35 0.95 0.2 
13603    0.8 0.2 0.6 0.8 0 0.6  0.0338779 0.8 0.1 0.75 0.05 0.8 0.4 0.65 0.35 0.5 0.15 0.95 0 
13607    0.8 0.2 0.6 0.8 0.2 0.4  0.399591 0.85 0 0.05 0.05 0.8 0.75 0.65 0.8 0 0.75 0.9 0.55 
13609    0.8 0.2 0.6 0.8 0.2 0.8  0.35512 0.8 0.55 0.05 0.05 0.8 0.55 0.65 0.35 0.5 0.45 0.9 0.8 
13616    0.8 0.2 0.6 0.8 0.6 0.2  0.380891 0.7 0.05 0.75 0.05 0.8 0.75 0.15 0.35 0.5 0.4 0.7 0.55 
13618    0.8 0.2 0.6 0.8 0.6 0.6  0.396727 0.45 0.05 0.75 0.05 0.8 0.6 0.65 0.35 0.5 0.25 0.5 0.55 
13619    0.8 0.2 0.6 0.8 0.6 0.8  0.386132 0.45 0.15 0.75 0.05 0.8 0.65 0.65 0.45 0.5 0.75 0.5 0 
13623    0.8 0.2 0.6 0.8 0.8 0.6  0.436135 0.45 0.05 0.75 0.05 0.8 0.6 0.65 0.35 0.5 0.7 0.5 0.55 
13624    0.8 0.2 0.6 0.8 0.8 0.8  0.432268 0.65 0.05 0.75 0.05 0.9 0.9 0.65 0.35 0.5 1 0.05 0.55 
13674    0.8 0.2 0.8 0.2 0.8 0.8  0.502429 0.8 0.05 0.15 0.05 0.7 0.4 0.65 0.95 0.5 0.35 0.95 0.3 
13686    0.8 0.2 0.8 0.4 0.4 0.2  0.40629 0.7 0.05 0.75 0.05 0.8 0.75 0.65 0.85 0.5 0.85 0.95 0.15 
13688    0.8 0.2 0.8 0.4 0.4 0.6  0.272515 0.55 0.05 0.45 0.05 0.7 0.25 0.65 0.95 0.5 0.15 0.95 0.2 
13691    0.8 0.2 0.8 0.4 0.6 0.2  0.471784 0.85 0.05 0.75 0.05 0.8 0.8 0.65 0.85 0.5 0.35 0.95 0.2 
13693    0.8 0.2 0.8 0.4 0.6 0.6  0.425404 0.9 0.05 0.75 0.05 0.8 0.25 0.65 0.35 0.6 0 0.15 0.55 
13695    0.8 0.2 0.8 0.4 0.8 0  0.374853 0.8 0.05 0.05 0.05 0.65 0.4 0.65 0.75 0.5 0.35 0.95 0.2 
13696    0.8 0.2 0.8 0.4 0.8 0.2  0.431954 0.8 0.3 0.75 0.05 0.8 0.4 0.65 0.35 0.5 0.35 0.95 0.2 
13697    0.8 0.2 0.8 0.4 0.8 0.4  0.64856 0.8 0.1 0.75 0.05 0.8 0.45 0.65 0.35 0.45 0.35 0.95 0.75 
13709    0.8 0.2 0.8 0.6 0.2 0.8  0.388576 0.7 0.05 0.75 0.05 0.8 0.75 0.65 0.45 0.5 0.5 0.95 0.55 
13711    0.8 0.2 0.8 0.6 0.4 0.2  0.705351 0.85 0.05 0.75 0.05 0.8 0.4 0.65 0.8 0.5 0.35 0.95 0.15 
13712    0.8 0.2 0.8 0.6 0.4 0.4  0.154994 0.8 0.2 0.55 0.05 0.8 0.4 0.65 0.3 0.5 0.2 0.95 0.2 
13713    0.8 0.2 0.8 0.6 0.4 0.6  0.453234 0.8 0.05 0.05 0.05 0.8 0.4 0.65 0.3 0.5 0.95 0.95 0.2 
13714    0.8 0.2 0.8 0.6 0.4 0.8  0.422754 0.85 0.05 0.05 0.05 0.8 0.4 0.65 0.3 0.5 0.95 0.95 0.2 
13716    0.8 0.2 0.8 0.6 0.6 0.2  0.380535 0.45 0.05 0.75 0.05 0.8 0.4 0.65 0.35 0.05 0.95 0.7 0.55 
13717    0.8 0.2 0.8 0.6 0.6 0.4  0.45827 0.8 0.05 0.75 0.05 0.8 0.45 0.65 0.35 0.5 0.5 0.7 0.55 
13718    0.8 0.2 0.8 0.6 0.6 0.6  0.466085 0.4 0.05 0.05 0.05 0.8 0.4 0.65 0.3 0.5 0.95 0.95 0.2 
13719    0.8 0.2 0.8 0.6 0.6 0.8  0.171748 0.8 0.05 0.05 0.05 0.8 0.5 0.65 0.3 0.5 0.95 0.95 0.2 
13721    0.8 0.2 0.8 0.6 0.8 0.2  0.386171 0.7 0.05 0.75 0.05 0.8 0.75 0.65 0.85 0.5 0.85 0.95 0.55 
13722    0.8 0.2 0.8 0.6 0.8 0.4  0.503025 0.8 0 0.05 0.05 0.8 0.65 0.65 0.45 0.5 0.95 0.5 0.2 
13723    0.8 0.2 0.8 0.6 0.8 0.6  0.631082 0.85 0.9 0.95 0.05 0.7 0.4 0.65 0.35 0.5 0.6 0.95 0.2 
13724    0.8 0.2 0.8 0.6 0.8 0.8  0.516723 0.45 0.05 0.75 0.05 0.8 0.4 0.65 0.8 0.5 0.35 0.95 0.2 
13727    0.8 0.2 0.8 0.8 0 0.4  0.59144 0.45 0.05 0.75 0.05 0.8 0.5 0.65 0.3 0.5 0.7 0.4 0 
13729    0.8 0.2 0.8 0.8 0 0.8  0.248029 0.8 0.55 0.05 0.05 0.8 0.55 0.65 0.35 0.5 0.95 0.9 0.45 
13731    0.8 0.2 0.8 0.8 0.2 0.2  0.408108 0.95 0.2 0.75 0.05 0.8 0.75 0.65 0.45 0.5 0.85 0.95 0.55 
13732    0.8 0.2 0.8 0.8 0.2 0.4  0.0658092 0.8 0.2 0.55 0.05 0.8 0.4 0.65 0.3 0.5 0.95 0.95 0.1 
13733    0.8 0.2 0.8 0.8 0.2 0.6  0.466537 0.8 0.25 0.75 0.05 0.8 0.75 0.65 0.35 0.5 0.5 0.7 0.55 
13734    0.8 0.2 0.8 0.8 0.2 0.8  0.476894 0.95 0.2 0.75 0.05 0.9 1 0.65 0.45 0.5 0.55 0.95 0.55 
13736    0.8 0.2 0.8 0.8 0.4 0.2  0.460925 0.95 0.2 0.75 0.05 0.9 1 0.65 0.45 0.5 0.45 0.95 0.55 
13737    0.8 0.2 0.8 0.8 0.4 0.4  0.370997 0.8 0.05 0.75 0.05 0.8 0.75 0.65 0.4 0.5 0.4 0.7 0 
13738    0.8 0.2 0.8 0.8 0.4 0.6  0.591425 0.8 0.15 0.75 0.05 0.8 0.75 0.65 0.25 0.5 0.5 0.7 0.55 
13739    0.8 0.2 0.8 0.8 0.4 0.8  0.386037 0.8 0.05 0.15 0.05 0.7 0.4 0.65 0.95 0.5 0.35 0.95 0 
13741    0.8 0.2 0.8 0.8 0.6 0.2  0.234191 0.8 0 0.75 0.05 0.75 0.4 0.65 0.35 0.45 0.35 0.7 0.05 
13742    0.8 0.2 0.8 0.8 0.6 0.4  0.396614 0.8 0.05 0.75 0.05 0.8 0.75 0.65 0.35 0.5 0.5 0.7 0.55 
13743    0.8 0.2 0.8 0.8 0.6 0.6  0.431987 0.95 0.05 0.75 0.05 0.8 0.85 0.65 0.35 0.5 0.75 0.25 0.55 
13744    0.8 0.2 0.8 0.8 0.6 0.8  0.502603 0.65 0.05 0.75 0.05 0.7 0.1 0.65 0.3 0.5 1 0.3 0.95 
13746    0.8 0.2 0.8 0.8 0.8 0.2  0.301477 0.95 0 0.75 0.05 0.8 0.4 0.65 0.35 0.45 0.35 0.05 0.05 
13747    0.8 0.2 0.8 0.8 0.8 0.4  0.598487 0.8 0.05 0.75 0.05 0.8 0.4 0.65 0.35 0.5 0.35 0.95 0.4 
13748    0.8 0.2 0.8 0.8 0.8 0.6  0.441295 0.45 0.05 0.75 0.05 0.8 0.6 0.65 0.35 0.5 0.7 0.5 0 
13749    0.8 0.2 0.8 0.8 0.8 0.8  0.428118 0.45 0.15 0.6 0.05 0.8 0.95 0.65 0.45 0.5 0.75 0.5 0 
14117    0.8 0.4 0.4 0.8 0.6 0.4  0.106721 0.55 0 0.05 0.05 0.8 0.4 0.65 0.35 0.5 0.95 0.9 0.2 
14119    0.8 0.4 0.4 0.8 0.6 0.8  0.0764317 0.8 0.05 0.75 0.05 0.8 0.1 0.65 1 0.05 0.35 0.95 0.8 
14191    0.8 0.4 0.6 0.4 0.6 0.2  0.337085 0.85 0.05 0.75 0.05 0.45 0.4 0.65 0.35 0.5 0.35 0.95 0.2 
14197    0.8 0.4 0.6 0.4 0.8 0.4  1.30187 0.8 0.1 0.75 0.2 0.9 0.4 0.65 0.35 0.5 0.35 0.9 0.7 
14199    0.8 0.4 0.6 0.4 0.8 0.8  0.464524 0.25 0.05 0.05 0.05 0.8 0.4 0.65 0.3 0.5 0.95 0.95 0.2 
14212    0.8 0.4 0.6 0.6 0.4 0.4  0.388867 0.75 0.05 0.75 0.05 0.7 0.4 0.65 0.35 0.45 1 0.85 0.65 
14213    0.8 0.4 0.6 0.6 0.4 0.6  0.451532 0.65 0.05 0.75 0.05 0.7 0.25 0.65 0.35 0.5 0.85 0.3 0.1 
14214    0.8 0.4 0.6 0.6 0.4 0.8  0.114445 0.8 0 0.05 0.05 0.8 0.65 0.65 0.45 0.5 0.95 0.9 0.2 
14222    0.8 0.4 0.6 0.6 0.8 0.4  0.0396574 0.8 0 0.05 0.05 0.8 0.4 0.65 0.45 0.5 0.95 0.9 0.2 
14223    0.8 0.4 0.6 0.6 0.8 0.6  0.551626 0.45 0.05 0.75 0.05 0.8 0.4 0.65 0.35 0.5 0.35 0.95 0.2 
14228    0.8 0.4 0.6 0.8 0 0.6  0.338599 0.8 0.55 0.05 0.05 0.8 0.55 0.65 0.25 0.5 0.45 0.9 0.45 
14234    0.8 0.4 0.6 0.8 0.2 0.8  0.337257 0.65 0.05 0.75 0.05 0.7 0.25 0.65 0.25 0.5 1 0.3 0.55 
14239    0.8 0.4 0.6 0.8 0.4 0.8  0.287639 0.8 0.05 0.75 0.05 0.8 0.2 0.65 0.75 0.5 0.7 0.95 0.2 
14241    0.8 0.4 0.6 0.8 0.6 0.2  0.385708 0.35 0 0.75 0.05 0.8 0.4 0.65 0.35 0.45 0.35 0.7 0.05 
14242    0.8 0.4 0.6 0.8 0.6 0.4  0.519157 0.85 0 0.05 0.05 0.8 0.4 0.65 0.8 0 0.75 0.9 0.55 
14243    0.8 0.4 0.6 0.8 0.6 0.6  0.421406 0.8 0.05 0.75 0.1 0.8 0.4 0.65 0.35 0.5 0.7 0.9 0.55 
14249    0.8 0.4 0.6 0.8 0.8 0.8  0.593329 0.35 0.1 0.75 0.05 0.8 0.4 0.65 0.35 0.9 0.35 0.95 0.2 
14294    0.8 0.4 0.8 0.2 0.6 0.8  0.626509 0.8 0.3 0.75 0.05 0.8 1 0.65 0.35 0.5 0.6 0.95 0.2 
14313    0.8 0.4 0.8 0.4 0.4 0.6  0.287612 0.8 0.05 0.45 0.05 0.7 0.25 0.65 0.95 0.5 0.15 0.95 0.2 
14316    0.8 0.4 0.8 0.4 0.6 0.2  0.447531 0.8 0.05 0.75 0.05 0.8 0.75 0.65 0.75 0.5 0.35 0.95 0.2 
14317    0.8 0.4 0.8 0.4 0.6 0.4  0.555511 0.8 0.05 0.75 0.05 0.8 0.95 0.65 0.75 0.5 0.3 0.95 0.2 
14318    0.8 0.4 0.8 0.4 0.6 0.6  0.408155 0.35 0 0.75 0.05 0.8 0.7 0.5 0.25 0.45 0.35 1 0.2 
14319    0.8 0.4 0.8 0.4 0.6 0.8  0.580459 0.8 0.5 0.05 0.05 0.8 0.4 0.65 0.35 0.5 0.4 0.95 0.2 
14321    0.8 0.4 0.8 0.4 0.8 0.2  0.44785 0.8 0.05 0.75 0.05 0.6 0.4 0.65 0.75 0.5 0.35 0.95 0.2 
14322    0.8 0.4 0.8 0.4 0.8 0.4  0.0849669 0.8 0.2 0.55 0.05 0.8 0.4 0 0.3 0.5 0.2 0.95 0.2 
14323    0.8 0.4 0.8 0.4 0.8 0.6  0.215508 0.8 0.15 0.75 0.05 0.8 0.7 0 0.25 0.45 0.35 1 0.2 
14334    0.8 0.4 0.8 0.6 0.2 0.8  0.577775 0.65 0.05 0.75 0.05 0.7 0.25 0.65 0.35 0.5 1 0.3 0.1 
14336    0.8 0.4 0.8 0.6 0.4 0.2  0.149713 0.8 0.2 0.5 0.05 0.8 0.4 0.65 0.4 0.5 0.95 0.4 0.1 
14337    0.8 0.4 0.8 0.6 0.4 0.4  0.46376 0.7 0.05 0.85 0.05 0.85 0.75 0.65 0.35 0.1 0.5 0.7 0.55 
14338    0.8 0.4 0.8 0.6 0.4 0.6  0.430841 0.8 0 0.05 0.05 0.8 0.65 0.65 0.45 0.5 0.8 0.9 0.2 
14339    0.8 0.4 0.8 0.6 0.4 0.8  0.311996 0.8 0.05 0.05 0.05 0.8 0.4 0.65 0.35 0.5 0.95 0.95 0.2 
14341    0.8 0.4 0.8 0.6 0.6 0.2  0.419586 0.85 0 0.05 0.05 0.8 0.95 0.65 0.8 0.5 0.75 0.9 0.2 
14342    0.8 0.4 0.8 0.6 0.6 0.4  0.44364 0.45 0.05 0.65 0.05 0.8 0.4 0.65 0.35 0.5 0.25 0.7 0.55 
14343    0.8 0.4 0.8 0.6 0.6 0.6  0.420193 0.7 0.05 0.75 0.05 0.8 0.75 0.65 0.35 0.5 0.5 0.7 0.55 
14344    0.8 0.4 0.8 0.6 0.6 0.8  0.477186 0.45 0.05 0.75 0.05 0.8 0.4 0.65 0.35 0.5 0.1 0.7 0.55 
14347    0.8 0.4 0.8 0.6 0.8 0.4  0.482194 0.35 0 0.75 0.05 0.8 0.7 0 0.25 0.45 0.35 1 0.2 
14349    0.8 0.4 0.8 0.6 0.8 0.8  0.660734 0.8 0.55 0.05 0.05 0.8 0.55 0.65 0.35 0.5 0.7 0.9 0.8 
14356    0.8 0.4 0.8 0.8 0.2 0.2  0.431382 0.95 0.2 0.75 0.05 0.8 0.75 0.65 0.45 0.8 0.85 0.95 0.55 
14357    0.8 0.4 0.8 0.8 0.2 0.4  0.393628 0.45 0.05 0.75 0.05 0.8 0.5 0.65 0.3 0.5 0.7 0.85 0 
14358    0.8 0.4 0.8 0.8 0.2 0.6  0.372813 0.7 0.05 0.75 0.05 0.8 0.45 0.65 0.85 0.5 0.15 0.95 0.55 
14359    0.8 0.4 0.8 0.8 0.2 0.8  0.459029 0.65 0.05 0.75 0.05 0.7 0.25 0.65 0.35 0.5 1 0.3 0.55 
14360    0.8 0.4 0.8 0.8 0.4 0  0.358033 0.7 0.2 0.75 0.05 0.8 0.75 0.65 0.45 0.5 0.85 0.95 0.55 
14361    0.8 0.4 0.8 0.8 0.4 0.2  0.27993 0.8 0.05 0.75 0.05 0.8 0.4 0.65 0.35 0.45 0.35 0.95 0.05 
14362    0.8 0.4 0.8 0.8 0.4 0.4  0.468302 0.45 0.05 0.75 0.05 0.8 0.4 0.65 0.35 0.5 0.35 0.95 0.1 
14363    0.8 0.4 0.8 0.8 0.4 0.6  0.451539 0.65 0.05 0.75 0.05 0.7 0.25 0.65 0.45 0.5 0.75 0.35 0.1 
14364    0.8 0.4 0.8 0.8 0.4 0.8  0.619236 0.8 0.7 0.75 0.05 0.8 0.75 0.65 0.25 0.5 0.5 0.7 0.55 
14366    0.8 0.4 0.8 0.8 0.6 0.2  0.423068 0.7 0.2 0.75 0.05 0.8 0.75 0.65 0.7 0.5 0.85 0.95 0.55 
14367    0.8 0.4 0.8 0.8 0.6 0.4  0.478786 0.45 0.05 0.75 0.05 0.8 0.4 0.65 0.8 0.15 0.35 0.7 0.55 
14368    0.8 0.4 0.8 0.8 0.6 0.6  0.605543 0.8 0.05 0.75 0.05 0.8 0.75 0.65 0.25 0.5 0.5 0.7 0.55 
14369    0.8 0.4 0.8 0.8 0.6 0.8  0.383194 0.65 0.05 0.75 0.05 0.7 0.1 0.65 0.95 0.5 1 0.9 0.95 
14371    0.8 0.4 0.8 0.8 0.8 0.2  0.459425 0.8 0 0.75 0.05 0.8 0.4 0.65 0.35 0.45 0.35 0.95 0.05 
14372    0.8 0.4 0.8 0.8 0.8 0.4  0.501889 0.45 0.15 0.75 0.05 0.8 0.6 0.65 0.7 0.5 0.75 0.5 0 
14373    0.8 0.4 0.8 0.8 0.8 0.6  0.194375 0.75 1 0.75 0 0.6 0.7 0.85 0.75 0.5 0.2 0.9 0.2 
14374    0.8 0.4 0.8 0.8 0.8 0.8  0.465212 0.55 0.8 0.6 0 0.2 0 0.15 0.75 0.3 0 0.9 0.2 
14499    0.8 0.6 0 0.8 0.8 0.8  -0.0210719 0.8 0.05 0.75 0 0.8 0.4 0.65 0.35 0.5 0 0.9 0.2 
14567    0.8 0.6 0.2 0.4 0.6 0.4  0.294591 0.8 0.05 0.75 0.05 0.8 0.45 0.65 0.05 0.5 0.5 0.7 0.4 
14589    0.8 0.6 0.2 0.6 0.4 0.8  0.190566 0.8 0.2 0.55 0.05 0.8 0.4 0.3 1 0.5 0.35 0.95 0.2 
14599    0.8 0.6 0.2 0.6 0.8 0.8  0.507605 0.7 0.7 0.75 0 0.6 0.5 0.65 0.75 0.5 0.4 0.9 0.2 
14614    0.8 0.6 0.2 0.8 0.4 0.8  0.0947263 0.85 0.05 0.75 0.05 0.8 0.1 0.65 1 0.5 0.35 0.95 0.2 
14624    0.8 0.6 0.2 0.8 0.8 0.8  0.17695 0.75 1 0.75 0 0.6 0.25 0.15 0.75 0.5 0 0.9 0.2 
14719    0.8 0.6 0.4 0.6 0.6 0.8  0.246206 0.5 0.8 0.75 0 0.6 0.2 0.65 1 0.5 0 0.9 0.2 
14721    0.8 0.6 0.4 0.6 0.8 0.2  0.0727796 0.6 0.05 0.75 0.05 0.8 0.2 0.65 0.65 0.5 0.35 0.1 0.2 
14723    0.8 0.6 0.4 0.6 0.8 0.6  0.21769 0.75 0.2 0.75 0 0.6 0.75 0.15 0.75 0.5 0 0.9 0.25 
14738    0.8 0.6 0.4 0.8 0.4 0.6  0.525549 0.8 0.05 0.75 0.05 0.8 0.75 0.65 0.15 0.5 0.5 0.7 0.55 
14744    0.8 0.6 0.4 0.8 0.6 0.8  0.0815811 0.85 0.05 0.75 0.05 0.8 0 0.65 0.8 0.5 0.35 0.95 0.15 
14746    0.8 0.6 0.4 0.8 0.8 0.2  0.118356 0.8 0.05 0.75 0.05 0.8 0.05 0.65 0.7 0.5 0.5 0.65 0.7 
14748    0.8 0.6 0.4 0.8 0.8 0.6  0.338653 0.4 0.3 0.75 0 0.6 0.15 0.65 0.75 0.5 0 0.9 0.2 
14798    0.8 0.6 0.6 0.2 0.8 0.6  0.396922 0.55 0.05 0.45 0.05 0.7 0.25 0.65 0.95 0.5 0.15 0.95 0.9 
14817    0.8 0.6 0.6 0.4 0.6 0.4  0.615328 0.8 0.05 0.25 0.1 0.8 0.4 0.5 0.35 0.5 0.7 0.9 0.55 
14822    0.8 0.6 0.6 0.4 0.8 0.4  0.403021 0.85 0.05 0.75 0.05 0.7 0.4 1 0.35 0.5 0.35 0.95 0.2 
14823    0.8 0.6 0.6 0.4 0.8 0.6  0.38634 0.8 0.05 0.75 0.05 0.45 0.1 0.65 1 0.5 0.35 0.95 0.2 
14839    0.8 0.6 0.6 0.6 0.4 0.8  0.427689 0.8 0 0.75 0.05 0.8 0.4 0.65 1 0.5 0.55 0.95 0.25 
14842    0.8 0.6 0.6 0.6 0.6 0.4  0.163419 0.65 0.05 0.75 0.05 0.7 0 0.65 0.3 0.5 1 0.85 0.55 
14843    0.8 0.6 0.6 0.6 0.6 0.6  0.789826 0.4 0.35 0.75 0 0.6 0.15 0.65 0.75 0.5 0 0.9 0.2 
14844    0.8 0.6 0.6 0.6 0.6 0.8  0.256678 0.5 0.65 0.75 0 0.6 0.2 0.65 1 0.5 0 0.9 0.2 
14847    0.8 0.6 0.6 0.6 0.8 0.4  0.0734512 0.8 0.05 0.05 0.05 0.8 0.4 0.65 0 0.5 0.95 0.8 0.2 
14848    0.8 0.6 0.6 0.6 0.8 0.6  0.523419 0.55 0.75 0.3 0 0.6 0 0.15 0.75 0.5 0 0.9 0.4 
14849    0.8 0.6 0.6 0.6 0.8 0.8  0.007296 0.45 0.05 0.75 0.05 0.8 0.05 0.65 1 0.5 0.7 0.25 0.55 
14854    0.8 0.6 0.6 0.8 0 0.8  0.436783 0.8 0.05 0.75 0.05 0.8 0.2 0.65 1 0.1 0.35 0.95 0.55 
14859    0.8 0.6 0.6 0.8 0.2 0.8  0.343249 0.8 0.2 0.55 0.05 0.8 0.4 0.65 1 0.5 1 0.95 0.1 
14861    0.8 0.6 0.6 0.8 0.4 0.2  0.239789 0.8 0 0.75 0.05 0.8 0.3 0.65 0.4 0.75 0.3 0.65 0.05 
14863    0.8 0.6 0.6 0.8 0.4 0.6  0.511917 0.8 0.1 0.75 0.05 0.8 0.65 0.65 0.15 0.5 0.5 0.7 0.5 
14868    0.8 0.6 0.6 0.8 0.6 0.6  0.544494 0.5 0.8 0.75 0 0.6 0.05 0.65 0.75 0.5 0 0.9 0.2 
14869    0.8 0.6 0.6 0.8 0.6 0.8  0.6233 0.65 0.05 0.75 0.05 0.7 0 0.65 0.35 0.5 1 0.7 0.55 
14872    0.8 0.6 0.6 0.8 0.8 0.4  0.582053 0.55 0.05 0.75 0.05 0.8 0.4 0.5 0.35 0.5 0.7 0.9 0.55 
14873    0.8 0.6 0.6 0.8 0.8 0.6  0.373965 0.6 1 0.75 0 0 0.4 0.65 0.35 0.5 0 0.9 0.2 
14874    0.8 0.6 0.6 0.8 0.8 0.8  0.464149 0.4 0.45 0.75 0 0 0.7 0.65 0.75 0.5 0 0.95 0.2 
14942    0.8 0.6 0.8 0.4 0.6 0.4  0.545315 0.8 0.2 0.55 0.05 0.8 1 0.65 0.75 0.5 0.35 0.95 0.2 
14944    0.8 0.6 0.8 0.4 0.6 0.8  0.335925 0.25 0.05 0.75 0.05 0.6 0.25 0.65 0.35 0.5 1 0.35 0.1 
14947    0.8 0.6 0.8 0.4 0.8 0.4  0.476592 0.8 0.7 0.75 0.05 0.75 0.35 0.65 0.6 0.5 0.35 0.95 0.2 
14967    0.8 0.6 0.8 0.6 0.6 0.4  0.406031 0.45 0.05 0.75 0.05 0.8 0.4 0.65 0.35 0.5 0.7 0.7 0.55 
14968    0.8 0.6 0.8 0.6 0.6 0.6  1.16892 0.5 0.8 0.6 0 0 0.2 0.65 1 0.5 0 0.9 0.2 
14969    0.8 0.6 0.8 0.6 0.6 0.8  0.357863 0.4 0.25 0.75 0 0 0.85 0.65 0.75 0.5 0 0.95 0.2 
14971    0.8 0.6 0.8 0.6 0.8 0.2  0.815762 0.8 0.6 0.75 0.05 0.8 0.4 0.65 1 0.6 0.35 0.95 0.2 
14973    0.8 0.6 0.8 0.6 0.8 0.6  0.172716 0.8 0.6 0.75 0.05 0.8 0.4 0.65 1 0.5 0.6 0.95 0.45 
14979    0.8 0.6 0.8 0.8 0 0.8  0.328408 0.65 0.05 0.75 0.05 0.8 0.55 0.65 0.7 0.5 0.45 0.4 0 
14981    0.8 0.6 0.8 0.8 0.2 0.2  0.422514 0.45 0.05 0.75 0.05 0.9 0.4 0.65 0.35 0.4 1 0.85 1 
14984    0.8 0.6 0.8 0.8 0.2 0.8  0.403052 0.65 0.05 0.75 0.05 0.7 0.1 0.65 0.3 0.5 1 0.3 0.55 
14986    0.8 0.6 0.8 0.8 0.4 0.2  0.39537 0.7 0.05 0.75 0.05 0.8 0.75 0.65 0.45 0.5 0.85 0.95 0.55 
14987    0.8 0.6 0.8 0.8 0.4 0.4  0.297865 0.45 0.05 0.75 0.05 0.7 0.4 0.65 0.35 0.5 0.7 0.85 0.55 
14988    0.8 0.6 0.8 0.8 0.4 0.6  0.378313 0.8 0.1 0.05 0.05 0.8 0.4 0.65 0.3 0.5 0.95 0.95 1 
14989    0.8 0.6 0.8 0.8 0.4 0.8  0.297367 0.45 0.05 0.75 0.05 0.7 0.4 0.65 0.35 0.5 1 0.85 1 
14991    0.8 0.6 0.8 0.8 0.6 0.2  0.41268 0.8 0 0.75 0.05 0.8 0.3 0.65 0.4 0.75 0.35 0.65 0.05 
14992    0.8 0.6 0.8 0.8 0.6 0.4  0.389047 0.8 0.05 0.15 0.05 0.7 0.25 0.65 0.95 0.5 0.3 0.95 0 
14993    0.8 0.6 0.8 0.8 0.6 0.6  0.504149 0.55 0.95 0.75 0 0 0.4 0.65 0.75 0.5 0 0.9 0.2 
14994    0.8 0.6 0.8 0.8 0.6 0.8  0.563767 0.65 0.05 0.75 0.05 0.7 0 0.65 0.3 0.5 1 0.3 0.55 
14996    0.8 0.6 0.8 0.8 0.8 0.2  0.31016 0.8 0.05 0.75 0.05 0.8 0.65 0.65 0.55 0.5 0.35 0.95 1 
14997    0.8 0.6 0.8 0.8 0.8 0.4  0.496071 0.45 0.15 0.75 0.05 0.8 0.6 0.65 0.15 0.5 0.75 0.5 0 
14998    0.8 0.6 0.8 0.8 0.8 0.6  0.362593 0.35 0.05 0.15 0.05 0.7 0.25 0.65 0.95 0.5 0.3 0 0 
14999    0.8 0.6 0.8 0.8 0.8 0.8  0.499073 0.65 0.05 0.75 0.05 0.7 0 0.65 0.35 0.5 1 0.3 0.55 
15024    0.8 0.8 0 0 0.8 0.8  0.152211 0.85 0.3 0.75 0 0.6 0.75 0 0.75 0.5 0 0.9 0.2 
15049    0.8 0.8 0 0.2 0.8 0.8  0.324532 0.85 0.85 0.35 0 1 0.75 0.3 0.75 0.5 0 0.65 0.2 
15067    0.8 0.8 0 0.4 0.6 0.4  -0.014402 1 0.05 0.75 0.05 0.8 0.45 0.65 0.05 0.5 0.5 0.7 0.4 
15074    0.8 0.8 0 0.4 0.8 0.8  0.3365 0.85 0.8 0.75 0 0.6 0.75 0 0.75 0.5 0 0.9 0.2 
15094    0.8 0.8 0 0.6 0.6 0.8  0.396693 0.5 0.8 0.75 0 0.6 0.75 0.8 0.75 0 0 0.9 0.2 
15099    0.8 0.8 0 0.6 0.8 0.8  0.431952 0.6 1 0.75 0 0.6 0.75 0.8 0.75 0.85 0 0.9 0.2 
15104    0.8 0.8 0 0.8 0 0.8  0.356285 0.5 0.8 0.75 0 0.6 0.95 0.8 0.75 0 0 0.9 0.2 
15119    0.8 0.8 0 0.8 0.6 0.8  0.161312 0.7 0.45 0.75 0 0.7 0.65 0.65 0.75 0 0 0.9 0.2 
15122    0.8 0.8 0 0.8 0.8 0.4  -0.00833328 0.95 0.05 0.75 0 0.8 0.7 0.65 0.6 0.5 0.5 0.7 0.55 
15123    0.8 0.8 0 0.8 0.8 0.6  -0.0582767 0.4 0.05 0.75 0 0.8 0.4 0.65 0.35 0.5 0.75 0.9 0.2 
15124    0.8 0.8 0 0.8 0.8 0.8  0.494424 0.6 1 0.75 0 0.6 0.45 0.3 0.75 0.85 0 0.9 0.2 
15169    0.8 0.8 0.2 0.2 0.6 0.8  0.478097 0.5 1 0 0 0.6 0.8 0.65 0.75 0.5 0.1 0.9 0.2 
15173    0.8 0.8 0.2 0.2 0.8 0.6  0.407505 0.8 0.05 0.75 0.05 0.8 0.45 0.65 0.05 0.5 0.5 0.6 0.4 
15174    0.8 0.8 0.2 0.2 0.8 0.8  0.412097 0.6 0.8 0.75 0 0.6 0.45 0.15 0.75 0.4 0.45 0.9 0.2 
15194    0.8 0.8 0.2 0.4 0.6 0.8  0.968769 0.55 0.95 0.75 0 0.65 0.7 0.65 0.75 0.5 0 0.95 0.2 
15199    0.8 0.8 0.2 0.4 0.8 0.8  0.50224 0.55 1 0 0 0.6 0.3 0.15 0.75 0.5 0 0.9 0.4 
15209    0.8 0.8 0.2 0.6 0.2 0.8  0.472461 0.55 1 0 0 0.6 0.75 0.65 0.75 0.5 0 0.9 0.2 
15214    0.8 0.8 0.2 0.6 0.4 0.8  0.600781 0.55 1 0 0 0.6 0.8 0.65 0.75 0.5 0 0.9 0.2 
15219    0.8 0.8 0.2 0.6 0.6 0.8  0.919444 0.6 0.8 0.75 0 0.6 0.3 0.15 0.75 0.4 0 0.9 0.2 
15223    0.8 0.8 0.2 0.6 0.8 0.6  0.185407 0.75 0.55 0.75 0 0.6 0.55 0.65 0.75 0.5 0 0.9 0.2 
15224    0.8 0.8 0.2 0.6 0.8 0.8  0.932362 0.75 1 0.85 0 0.6 0.7 0.65 0.75 0.5 0.9 0.9 0.8 
15229    0.8 0.8 0.2 0.8 0 0.8  0.334306 0.35 0.65 0.75 0 0.6 0.65 0.65 0.75 0.5 0 0.9 0.2 
15234    0.8 0.8 0.2 0.8 0.2 0.8  0.406727 0.55 0.9 0.2 0 0.6 0.65 0.15 0.75 0.5 0 0.1 0.4 
15239    0.8 0.8 0.2 0.8 0.4 0.8  0.428228 0.6 1 0.75 0 0.6 0.45 0.15 0.75 0.85 0 0.9 0.2 
15244    0.8 0.8 0.2 0.8 0.6 0.8  -0.0196708 0.8 0.05 0.75 0.05 0.8 0.1 0.65 1 0.5 0.35 0.65 0.2 
15246    0.8 0.8 0.2 0.8 0.8 0.2  -0.00194867 0.55 0.1 0 0 0.6 0 0.65 0.75 0.5 0 0.9 0.8 
15248    0.8 0.8 0.2 0.8 0.8 0.6  0.273146 0.85 0.85 0.35 0 1 0.15 0.3 0.75 0.5 0 0.65 0.2 
15249    0.8 0.8 0.2 0.8 0.8 0.8  0.45944 0.55 0.4 0.5 0 0.6 0.65 0.5 0.75 0.5 0 0.3 0.2 
15299    0.8 0.8 0.4 0.2 0.8 0.8  0.473953 0.6 1 0.75 0 0.6 0.75 0.15 0.75 0.85 0 0.9 0.2 
15313    0.8 0.8 0.4 0.4 0.4 0.6  0.384031 0.7 1 0.75 0 0.6 0.65 0.65 0.75 0.5 0 0.9 0.2 
15318    0.8 0.8 0.4 0.4 0.6 0.6  0.511362 0.55 0.75 0 0 0.6 0.3 0.15 0.75 0.5 0 0.9 0.4 
15319    0.8 0.8 0.4 0.4 0.6 0.8  0.690123 0.4 0.95 0.75 0 0.8 0.6 0.65 0.35 0.5 0 0.9 0.2 
15324    0.8 0.8 0.4 0.4 0.8 0.8  0.447815 0.55 0.8 0.75 0 0.6 0.75 1 0.75 0 0 0.9 0.2 
15329    0.8 0.8 0.4 0.6 0 0.8  0.30084 0.55 0.1 0 0 0.6 0.85 0.15 0.75 0.5 0 0.9 0.45 
15339    0.8 0.8 0.4 0.6 0.4 0.8  0.502182 0.35 0.05 0.05 0.05 0.8 0.45 0.65 0.35 0.5 0.05 0.95 0.2 
15343    0.8 0.8 0.4 0.6 0.6 0.6  0.794545 0.4 0.95 0.75 0 0.8 0.4 0.65 0.35 0.5 0 0.9 0.2 
15344    0.8 0.8 0.4 0.6 0.6 0.8  0.783127 0.55 0.8 0.75 0 0.2 0.3 0.15 0.75 0.4 0 0.9 0.2 
15347    0.8 0.8 0.4 0.6 0.8 0.4  0.0351076 0.65 0.25 0.75 0.05 0.8 0.1 0.65 1 0.5 0.35 0.95 0.2 
15349    0.8 0.8 0.4 0.6 0.8 0.8  0.850142 0.4 0.85 0.75 0 0.6 0.75 1 0.75 0.5 0 0.65 0.2 
15354    0.8 0.8 0.4 0.8 0 0.8  0.13722 0.8 0 0.75 0.05 0.8 0.3 0.65 0.15 0.75 0 0.95 0.05 
15363    0.8 0.8 0.4 0.8 0.4 0.6  0.046261 0.8 0.05 0.75 0.05 0.8 0.4 0.65 0.35 0.5 0.15 0.95 0 
15364    0.8 0.8 0.4 0.8 0.4 0.8  0.325937 0.8 0.05 0.75 0.05 0.8 0.2 0.65 1 0.1 0.2 0.95 0.55 
15367    0.8 0.8 0.4 0.8 0.6 0.4  0.113999 0.95 0.05 0.75 0.05 0.8 0.45 0.65 0.6 0.5 0.5 0.7 0.55 
15369    0.8 0.8 0.4 0.8 0.6 0.8  0.62641 0.45 0.05 0.75 0.05 0.8 0.4 0.8 0.35 0 0.55 0.7 0.55 
15370    0.8 0.8 0.4 0.8 0.8 0  0.358649 0.8 0.05 0.75 0.05 0.8 0.05 0.65 0.7 0.5 0.5 0.65 0.55 
15372    0.8 0.8 0.4 0.8 0.8 0.4  0.491056 0.8 0.05 0.75 0.05 0.8 0.4 0.65 0.55 0.5 0.35 0.95 0.85 
15373    0.8 0.8 0.4 0.8 0.8 0.6  0.089491 0.8 0.05 0.05 0.05 0.8 0.4 0.65 0 0.5 0.85 0.8 0.2 
15374    0.8 0.8 0.4 0.8 0.8 0.8  0.615468 0.35 0.75 0.75 0 0.6 0.75 1 0.75 0 0 0.9 0.2 
15379    0.8 0.8 0.6 0 0 0.8  0.372574 0.55 0.5 0.1 0 0.6 0.5 0.8 0.75 0 0.25 0.85 0.35 
15424    0.8 0.8 0.6 0.2 0.8 0.8  0.450082 0.4 0.7 0.75 0 0.3 0.65 0.65 0.75 0.5 0 0.9 0.2 
15443    0.8 0.8 0.6 0.4 0.6 0.6  0.514228 0.8 0.05 0.05 0.05 0.8 0.95 0.15 0.55 0.5 0.95 0.95 0.2 
15444    0.8 0.8 0.6 0.4 0.6 0.8  0.487072 0.55 0.9 0.75 0 0.6 0.9 0.5 0.75 0.5 0 0.9 0.2 
15447    0.8 0.8 0.6 0.4 0.8 0.4  0.0413579 0.65 0.05 0.75 0.05 0.95 0 0.65 0.3 0.5 1 0.45 0.55 
15448    0.8 0.8 0.6 0.4 0.8 0.6  0.186041 0.85 0.7 0.75 0.05 0.8 0.1 0.65 1 0.5 0.35 0.95 0.2 
15449    0.8 0.8 0.6 0.4 0.8 0.8  0.617804 0.5 0.8 0.75 0 0.6 0.75 1 0.75 0 0 0.9 0.2 
15462    0.8 0.8 0.6 0.6 0.4 0.4  0.126398 0.8 0 0.75 0.05 1 0.4 0.65 0.35 0.45 0.25 0.85 0.05 
15463    0.8 0.8 0.6 0.6 0.4 0.6  0.296728 0.8 0 0.75 0.05 0.8 0.4 0.65 1 0.5 0.35 0.95 0.2 
15464    0.8 0.8 0.6 0.6 0.4 0.8  0.0364674 0.8 0.2 0.55 0.05 0.8 0.4 0.65 1 0.5 0.1 0.95 0.2 
15468    0.8 0.8 0.6 0.6 0.6 0.6  0.524157 0.55 1 0 0 0.6 0.05 0.65 0.75 0.5 0 0.9 0.2 
15469    0.8 0.8 0.6 0.6 0.6 0.8  0.976935 0.4 0.9 0.75 0 0.6 0 0.65 0.75 0.5 0 0.6 0.2 
15470    0.8 0.8 0.6 0.6 0.8 0  0.312437 0.8 0.2 0.75 0.05 0.8 0.4 0.65 1 0.5 0.35 0.95 0.85 
15471    0.8 0.8 0.6 0.6 0.8 0.2  0.215532 0.65 0.05 0.75 0.05 0.9 0.25 0.65 0.35 0.5 1 0.05 0.55 
15473    0.8 0.8 0.6 0.6 0.8 0.6  0.324857 0.55 0.55 0.3 0 0.6 0 0.15 0.75 0.5 0 0.9 0.4 
15474    0.8 0.8 0.6 0.6 0.8 0.8  0.944836 0.55 0.8 0.75 0 0.6 0.2 1 1 0.5 0 0.9 0.2 
15484    0.8 0.8 0.6 0.8 0.2 0.8  0.57661 0.45 0.05 0.75 0.05 0.7 0.4 0.8 0.35 0.5 0.5 0.3 0.55 
15488    0.8 0.8 0.6 0.8 0.4 0.6  0.460678 0.8 0.1 0.75 0.05 0.8 0.5 0.65 0.05 0.5 0.5 0.7 0.5 
15489    0.8 0.8 0.6 0.8 0.4 0.8  0.414091 0.8 0.1 0.75 0.05 0.8 0.65 0.65 0.05 0.5 0.5 0.7 0.5 
15492    0.8 0.8 0.6 0.8 0.6 0.4  0.0629172 0.8 0.05 0.75 0.05 0.8 0.05 0.65 0.25 0.45 0.35 1 0.6 
15493    0.8 0.8 0.6 0.8 0.6 0.6  0.618552 0.55 0.55 0.75 0 0 0.4 0.65 0.75 0.5 0 0.9 0.2 
15494    0.8 0.8 0.6 0.8 0.6 0.8  0.435712 0.45 0.05 0.75 0.05 0.8 0.4 0.65 0.5 0.5 0.1 0.7 0.55 
15496    0.8 0.8 0.6 0.8 0.8 0.2  0.03381 0.6 0.15 0.75 0 0 0.4 0.65 0.35 0.5 0 0.9 0.2 
15497    0.8 0.8 0.6 0.8 0.8 0.4  0.0340628 0.8 0.05 0.75 0.05 0.8 0.05 0.65 0.7 0.5 0.5 0.7 0.55 
15498    0.8 0.8 0.6 0.8 0.8 0.6  0.475402 0.8 0.05 0.75 0.05 0.8 0.05 0.65 0.7 0.5 0.55 0.7 0.55 
15499    0.8 0.8 0.6 0.8 0.8 0.8  0.624356 0.4 0.85 0.75 0 0.6 0.75 0 0.75 0.5 0 0.65 0.2 
15504    0.8 0.8 0.8 0 0 0.8  0.411 0.7 1 0.75 0 0.6 0.75 0.15 0.75 0.85 0 0.9 0.2 
15509    0.8 0.8 0.8 0 0.2 0.8  0.347192 0.55 0.1 0 0 0.6 0.85 0.65 0.75 0.5 0 0.9 0.45 
15514    0.8 0.8 0.8 0 0.4 0.8  0.326978 0.55 0.1 0 0 0.6 0.8 0.65 0.75 0.5 0 0.9 0.45 
15524    0.8 0.8 0.8 0 0.8 0.8  0.406871 0.4 0.8 0.75 0 0.8 0.6 0.65 0.35 0.5 0 0.9 0.2 
15546    0.8 0.8 0.8 0.2 0.8 0.2  0.337943 0.4 0.95 0.75 0 0.8 0.45 0.65 0.35 0.5 0 0.9 0.2 
15547    0.8 0.8 0.8 0.2 0.8 0.4  0.297904 0.35 0.95 0.75 0 0.8 0.1 0.65 0.65 0.5 0 0.9 0.95 
15549    0.8 0.8 0.8 0.2 0.8 0.8  0.552908 0.5 0.9 0.75 0 0.6 0.9 0.5 0.75 0.5 0 0.9 0.2 
15561    0.8 0.8 0.8 0.4 0.4 0.2  0.459039 0.8 0.2 0.55 0.05 0.8 1 0.65 1 0.5 0.35 0.95 0.2 
15566    0.8 0.8 0.8 0.4 0.6 0.2  0.410268 0.85 0.05 0.75 0.05 0.8 0.8 0.65 1 0.5 0.35 0.95 0.2 
15567    0.8 0.8 0.8 0.4 0.6 0.4  0.447014 0.8 0.6 0.75 0.05 0.85 0.75 0.65 1 0.5 0.35 0.95 0.2 
15572    0.8 0.8 0.8 0.4 0.8 0.4  0.150531 0.8 0.2 0.75 0.05 1 0.4 0.65 1 0.5 0.35 0.95 0.85 
15573    0.8 0.8 0.8 0.4 0.8 0.6  0.498416 0.8 0.7 0.75 0.05 0.75 0.4 0.65 1 0.5 0.4 0.95 0.2 
15574    0.8 0.8 0.8 0.4 0.8 0.8  0.62812 0.35 0.8 0.75 0 0.6 0.75 1 0.75 0 0 0.9 0.2 
15584    0.8 0.8 0.8 0.6 0.2 0.8  0.391596 0.8 0.05 0.75 0.05 0.8 0.75 0.65 1 0.5 0.5 0.45 0.55 
15587    0.8 0.8 0.8 0.6 0.4 0.4  0.440039 0.8 0.2 0.55 0.05 0.8 0.4 0.65 1 0.5 0.2 0.95 0.2 
15588    0.8 0.8 0.8 0.6 0.4 0.6  0.073322 0.8 0.05 0.75 0.05 0.8 0.4 0.65 1 0.5 0.35 0.95 0.2 
15592    0.8 0.8 0.8 0.6 0.6 0.4  0.290724 0.85 0.15 0.75 0.05 0.8 0.45 0.65 1 0.5 0.25 0.7 0.55 
15593    0.8 0.8 0.8 0.6 0.6 0.6  0.286608 0.8 0.1 0.75 0.05 0.8 0.45 0.65 0.05 0.5 0.5 0.7 0.55 
15594    0.8 0.8 0.8 0.6 0.6 0.8  0.419642 0.65 0.05 0.75 0.05 0.7 0.25 0.65 0.35 0.5 1 1 0.1 
15595    0.8 0.8 0.8 0.6 0.8 0  0.432763 0.8 0.6 0.75 0.05 0.8 0.4 0.65 1 0.5 0.35 0.95 0.2 
15596    0.8 0.8 0.8 0.6 0.8 0.2  0.498798 0.8 0.6 0.75 0.05 0.8 0.6 0.65 1 0.5 0.35 0.95 0.2 
15597    0.8 0.8 0.8 0.6 0.8 0.4  0.404487 0.45 0.2 0.75 0.05 0.8 0.6 0.65 1 0.5 0.7 0.5 0.55 
15598    0.8 0.8 0.8 0.6 0.8 0.6  0.350232 0.6 0.7 0.75 0 0 0.4 0.65 0.35 0.5 0 0.9 0.2 
15599    0.8 0.8 0.8 0.6 0.8 0.8  0.6656 0.55 1 0 0 0.6 0 0.15 0.75 0.5 0 0.9 0.3 
15604    0.8 0.8 0.8 0.8 0 0.8  0.362 0.4 0.95 0.75 0 0.8 0.5 0.65 0.35 0.5 0 0.9 0.2 
15606    0.8 0.8 0.8 0.8 0.2 0.2  0.386709 0.8 0.2 0.55 0.05 0.8 0.4 0.65 1 0.5 0.95 0.95 0.6 
15607    0.8 0.8 0.8 0.8 0.2 0.4  0.466771 0.45 0.05 0.75 0.05 0.7 0.4 0.65 0.35 0.45 1 0.85 1 
15609    0.8 0.8 0.8 0.8 0.2 0.8  0.569452 0.65 0.05 0.75 0.05 0.7 0.25 0.3 0.35 0.5 1 0.3 0.55 
15611    0.8 0.8 0.8 0.8 0.4 0.2  0.150619 0.35 0.05 0.75 0.05 0.8 0.4 0.65 0.35 0.45 0.35 0.15 0.05 
15612    0.8 0.8 0.8 0.8 0.4 0.4  0.335794 0.45 0.05 0.75 0.05 0.8 0.4 0.65 0.5 0.6 0.45 0.7 0.55 
15613    0.8 0.8 0.8 0.8 0.4 0.6  -0.0226148 0.9 0 0.75 0.05 0.8 0.4 0.65 1 0.45 0.35 0.95 1 
15614    0.8 0.8 0.8 0.8 0.4 0.8  0.586393 0.8 0.7 0.75 0.05 0.7 0.4 0.65 1 0.5 0 0.95 1 
15616    0.8 0.8 0.8 0.8 0.6 0.2  0.622144 0.45 0.05 0.75 0.05 0.7 0.4 0.65 0.35 0.4 1 0.85 1 
15617    0.8 0.8 0.8 0.8 0.6 0.4  0.454837 0.45 0.05 0.75 0.05 0.8 0.4 0.65 0.35 0.5 0.5 0.7 0.55 
15618    0.8 0.8 0.8 0.8 0.6 0.6  0.337881 0.8 0.05 0.75 0.05 0.8 0.75 0.65 1 0.5 0.5 0.8 0.55 
15619    0.8 0.8 0.8 0.8 0.6 0.8  1.19201 0.4 0.5 0.75 0 0 0.4 0.65 0.75 0.5 0 0.9 0.2 
15620    0.8 0.8 0.8 0.8 0.8 0  0.570649 0.8 0.7 0.75 0.05 0.75 0.4 0.65 1 0.5 0.35 0.95 1 
15621    0.8 0.8 0.8 0.8 0.8 0.2  0.503695 0.45 0 0.75 0.05 0.8 0.4 0.65 0.35 0.45 0.35 0.05 0.05 
15622    0.8 0.8 0.8 0.8 0.8 0.4  0.424354 0.45 0.05 0.75 0.05 0.8 0.6 0.65 1 0.5 0.7 0.5 0.55 
15623    0.8 0.8 0.8 0.8 0.8 0.6  0.518397 0.8 0.05 0.75 0.05 0.8 0.4 0.65 1 0.5 0.35 0.95 0.35 
15624    0.8 0.8 0.8 0.8 0.8 0.8  0.888251 0.6 0.8 0.75 0 0 0.3 0.15 0.75 0.4 0 0.9 0.2 
