0 15 0.0955719 0.36362 0.134002
1 28 0.170953 0.528885 0.154633
2 34 0.244819 0.624356 0.159946
3 39 0.243049 0.624356 0.163625
4 49 0.285907 0.624356 0.173346
5 51 0.296174 0.624356 0.171471
6 56 0.31598 0.624356 0.181352
7 60 0.332145 0.715051 0.17684
8 63 0.351527 1.19201 0.175596
9 65 0.392656 1.19201 0.173152
10 68 0.400416 1.19201 0.171124
11 72 0.391508 1.19201 0.171034
12 75 0.401444 1.19201 0.171005
13 78 0.409292 1.19201 0.170943
14 80 0.407621 1.19201 0.170412
15 82 0.416636 1.19201 0.168649
16 83 0.417843 1.19201 0.168189
17 86 0.439139 1.44595 0.170589
18 90 0.458121 1.44595 0.170606
19 95 0.459775 1.60565 0.170273
20 100 0.463697 1.60565 0.169458
21 103 0.476723 1.60565 0.168899
22 111 0.486188 1.60565 0.170965
23 116 0.501899 1.60565 0.171086
24 119 0.504697 1.60565 0.171514
25 125 0.511554 1.60565 0.172431
26 131 0.513079 1.60565 0.172153
27 139 0.5196 1.6076 0.172809
28 150 0.533571 1.6076 0.17274
29 159 0.539245 1.6076 0.172965
30 170 0.536511 1.6076 0.172351
31 177 0.535918 1.6076 0.171876
32 190 0.516019 1.63782 0.171586
33 214 0.502248 1.67851 0.170694
34 238 0.485683 1.67851 0.172534
35 265 0.471181 1.67851 0.172301
36 286 0.46731 1.67851 0.173442
37 306 0.460596 1.67851 0.173064
38 343 0.452766 1.67851 0.171347
39 370 0.451063 1.67851 0.172072
40 388 0.446769 1.67851 0.172208
41 410 0.439715 1.67851 0.172129
42 434 0.436375 1.67851 0.172309
43 452 0.435384 1.71684 0.172071
44 473 0.435913 1.85836 0.171342
45 496 0.433793 1.85836 0.171221
46 521 0.430122 1.85836 0.171136
47 544 0.426995 1.85836 0.171939
48 572 0.424177 1.85836 0.171661
49 596 0.422408 1.85836 0.17156
50 611 0.424635 1.85836 0.171251
51 627 0.424929 1.85836 0.171614
52 641 0.424525 1.85836 0.171145
53 657 0.426033 1.85836 0.171392
54 686 0.427943 1.85836 0.172081
55 702 0.42943 1.85836 0.171713
56 720 0.428228 1.85836 0.1713
57 738 0.427032 1.85836 0.171617
58 758 0.427597 1.85836 0.17184
59 774 0.426038 1.85836 0.171964
60 793 0.427545 1.85836 0.171701
61 811 0.428008 1.85836 0.171454
62 825 0.428299 1.85836 0.171458
63 845 0.427925 1.85836 0.171472
64 854 0.42801 1.85836 0.171671
65 868 0.427733 1.85836 0.171293
66 885 0.43165 1.85836 0.171796
67 901 0.433633 1.85836 0.171606
68 913 0.433714 1.85836 0.171488
69 931 0.433518 1.85836 0.171255
70 939 0.435582 1.85836 0.171461
71 953 0.436801 1.85836 0.171444
72 964 0.436226 1.85836 0.171087
73 980 0.437536 1.85836 0.171176
74 995 0.436566 1.85836 0.171259
75 1008 0.43821 1.85836 0.1711
76 1016 0.44076 1.85836 0.170669
77 1025 0.442096 1.85836 0.170552
78 1038 0.443633 1.85836 0.170501
79 1047 0.44784 1.85836 0.170167
80 1056 0.447074 1.85836 0.169945
81 1071 0.445424 1.85836 0.169751
82 1077 0.446 1.85836 0.169726
83 1088 0.447491 1.85836 0.169921
84 1097 0.44801 1.85836 0.170145
85 1108 0.450256 1.85836 0.169772
86 1126 0.450977 1.85836 0.169664
87 1139 0.451971 1.85836 0.169742
88 1149 0.452547 1.85836 0.169875
89 1153 0.453742 1.85836 0.169676
90 1164 0.454249 1.85836 0.169494
91 1172 0.455377 1.85836 0.169332
92 1184 0.455013 1.85836 0.169517
93 1191 0.456532 1.85836 0.169922
94 1197 0.457472 1.85836 0.169949
95 1204 0.461543 1.85836 0.17001
96 1215 0.462503 1.85836 0.169858
97 1225 0.463219 1.85836 0.169838
98 1235 0.464289 1.85836 0.169832
99 1242 0.465023 1.85836 0.16991
100 1251 0.466395 1.85836 0.170045
101 1259 0.466496 1.85836 0.169794
102 1264 0.467422 1.85836 0.16983
103 1280 0.468753 1.85836 0.1698
104 1292 0.469893 1.85836 0.169648
105 1298 0.471339 1.85836 0.169709
106 1309 0.470706 1.85836 0.169769
107 1322 0.471236 1.85836 0.16949
108 1334 0.470925 1.85836 0.169431
109 1343 0.470377 1.85836 0.169273
110 1350 0.471052 1.85836 0.169189
111 1357 0.472919 1.85836 0.169287
112 1361 0.474907 1.85836 0.169229
113 1373 0.475116 1.85836 0.169392
114 1378 0.475375 1.85836 0.169312
115 1383 0.476169 1.85836 0.169529
116 1391 0.476174 1.85836 0.169483
117 1396 0.477885 1.85836 0.169553
118 1397 0.478853 1.85836 0.169388
119 1410 0.478589 1.85836 0.169408
120 1417 0.479247 1.85836 0.169345
121 1424 0.480973 1.85836 0.169259
122 1433 0.481409 1.85836 0.169094
123 1440 0.481543 1.85836 0.169023
124 1450 0.48158 1.85836 0.169164
125 1458 0.482021 1.85836 0.169358
126 1465 0.483827 1.85836 0.169143
127 1474 0.484953 1.85836 0.169091
128 1477 0.486593 1.85836 0.168943
129 1481 0.488817 1.85836 0.168614
130 1484 0.489007 1.85836 0.168505
131 1488 0.490592 1.85836 0.168581
132 1491 0.490926 1.85836 0.168448
133 1496 0.491448 1.85836 0.168282
134 1502 0.491516 1.85836 0.168225
135 1510 0.490678 1.85836 0.168229
136 1516 0.491468 1.85836 0.168561
137 1518 0.492322 1.94308 0.168427
138 1519 0.492959 1.94308 0.168427
139 1526 0.493589 1.94308 0.16848
140 1531 0.494828 1.94308 0.168607
141 1538 0.494735 1.94308 0.168553
142 1549 0.493788 1.94308 0.168769
143 1553 0.494158 1.94308 0.168607
144 1560 0.494159 1.94308 0.168631
145 1563 0.495129 1.94308 0.168718
146 1566 0.495866 1.94308 0.168639
147 1568 0.496423 1.94308 0.168656
148 1572 0.496912 1.94308 0.168666
149 1578 0.496384 1.94308 0.168539
150 1582 0.497324 1.94308 0.168433
151 1588 0.498801 1.94308 0.168354
152 1593 0.498792 1.94308 0.168361
153 1596 0.500053 1.94308 0.168522
154 1599 0.501067 1.94308 0.168389
155 1601 0.503266 1.94308 0.168376
156 1604 0.504449 1.94308 0.16825
157 1606 0.504959 1.94308 0.168022
158 1610 0.505454 1.94308 0.167957
159 1616 0.506265 1.94308 0.167935
160 1621 0.506929 1.94308 0.168028
161 1628 0.507296 1.94308 0.16794
162 1633 0.50859 1.94308 0.167585
163 1637 0.509755 1.94308 0.167518
164 1645 0.509792 1.94308 0.167322
165 1648 0.510257 1.94308 0.167303
166 1651 0.510169 1.94308 0.167355
167 1653 0.51112 1.94308 0.167218
168 1659 0.51139 1.94308 0.167139
169 1665 0.511664 1.94308 0.1673
170 1667 0.514387 1.94308 0.167131
171 1674 0.514589 1.94308 0.167254
172 1684 0.514812 1.94308 0.167034
173 1689 0.51642 1.94308 0.167021
174 1692 0.517083 1.94308 0.16688
175 1696 0.517354 1.94308 0.166919
176 1700 0.51756 1.94308 0.166998
177 1703 0.518642 1.94308 0.166952
178 1706 0.519027 1.94308 0.166932
179 1714 0.519294 1.94308 0.166877
180 1721 0.519439 1.94308 0.166984
181 1726 0.51945 1.94308 0.166881
182 1732 0.519372 1.94308 0.166861
183 1738 0.520043 1.94308 0.166852
184 1741 0.52146 1.94308 0.166797
185 1746 0.521714 1.94308 0.166586
186 1755 0.522656 1.94308 0.166702
187 1758 0.522863 1.94308 0.166593
188 1760 0.523017 1.94308 0.166438
189 1763 0.524117 1.94308 0.166467
190 1766 0.524115 1.94308 0.166359
191 1769 0.524993 1.94308 0.166365
192 1774 0.526604 2.31839 0.16644
193 1779 0.526225 2.31839 0.166389
194 1783 0.526266 2.31839 0.166389
195 1785 0.527079 2.31839 0.166298
196 1788 0.528041 2.31839 0.16632
197 1791 0.528694 2.31839 0.166316
198 1795 0.529672 2.31839 0.166443
199 1799 0.529534 2.31839 0.166348
200 1802 0.530472 2.31839 0.166397
201 1807 0.530437 2.31839 0.166232
202 1811 0.531582 2.31839 0.166331
203 1816 0.532279 2.31839 0.166199
204 1820 0.532972 2.31839 0.166218
205 1826 0.533512 2.31839 0.16603
206 1829 0.534519 2.31839 0.166047
207 1832 0.536134 2.31839 0.166013
208 1835 0.537005 2.31839 0.165917
209 1840 0.537236 2.31839 0.165717
210 1846 0.537302 2.31839 0.16572
211 1852 0.537308 2.31839 0.16561
212 1854 0.537354 2.31839 0.165538
213 1858 0.537399 2.31839 0.165479
214 1860 0.538064 2.31839 0.165374
215 1864 0.538479 2.31839 0.165366
216 1869 0.538574 2.31839 0.165349
217 1871 0.540353 2.31839 0.165419
218 1874 0.54104 2.31839 0.165409
219 1876 0.541048 2.31839 0.165556
220 1880 0.541683 2.31839 0.165485
221 1886 0.542235 2.31839 0.165517
222 1892 0.542774 2.31839 0.165351
223 1896 0.543175 2.31839 0.165163
224 1898 0.543792 2.31839 0.165121
225 1901 0.543918 2.31839 0.165221
226 1904 0.544768 2.31839 0.165017
227 1910 0.545444 2.31839 0.165003
228 1912 0.546309 2.31839 0.164988
229 1917 0.547021 2.31839 0.164877
230 1921 0.547525 2.31839 0.164834
231 1922 0.548217 2.31839 0.164905
232 1924 0.549515 2.31839 0.164898
233 1929 0.549908 2.31839 0.164881
234 1934 0.549985 2.31839 0.164971
235 1938 0.550613 2.31839 0.164952
236 1943 0.551583 2.31839 0.164959
237 1944 0.552733 2.31839 0.164984
238 1948 0.554278 2.31839 0.164939
239 1951 0.554869 2.31839 0.164872
240 1955 0.555099 2.31839 0.164898
241 1960 0.555328 2.31839 0.164738
242 1961 0.555876 2.31839 0.164675
243 1965 0.556445 2.31839 0.164678
244 1968 0.556962 2.31839 0.164603
245 1971 0.557769 2.31839 0.164583
246 1975 0.558057 2.31839 0.164712
247 1982 0.558859 2.31839 0.164797
248 1983 0.560249 2.31839 0.164779
249 1988 0.560583 2.31839 0.164706
250 1990 0.561239 2.31839 0.164661
251 1994 0.561911 2.31839 0.164651
252 1996 0.562098 2.31839 0.164477
253 1999 0.562535 2.31839 0.164427
254 2001 0.563341 2.31839 0.164374
255 2005 0.563214 2.31839 0.164211
256 2012 0.563576 2.31839 0.164226
257 2014 0.564134 2.31839 0.164169
258 2015 0.565209 2.31839 0.164197
259 2019 0.566216 2.31839 0.16422
260 2022 0.566715 2.31839 0.164287
261 2025 0.566918 2.31839 0.164199
262 2029 0.567205 2.31839 0.164222
263 2033 0.568348 2.31839 0.164159
264 2038 0.568524 2.31839 0.164174
265 2041 0.568384 2.31839 0.164064
266 2044 0.568991 2.31839 0.163985
267 2046 0.569495 2.31839 0.163862
268 2051 0.56933 2.31839 0.163964
269 2051 0.569628 2.31839 0.163972
270 2054 0.571081 2.31839 0.163754
271 2057 0.571252 2.31839 0.163814
272 2061 0.571065 2.31839 0.163814
273 2065 0.570796 2.31839 0.163746
274 2066 0.571662 2.31839 0.163545
275 2070 0.57142 2.31839 0.163475
276 2072 0.57187 2.31839 0.16343
277 2078 0.571783 2.31839 0.163528
278 2078 0.571843 2.31839 0.16355
279 2083 0.571573 2.31839 0.16354
280 2086 0.571971 2.31839 0.163513
281 2087 0.57338 2.31839 0.163457
282 2089 0.573173 2.31839 0.163515
283 2092 0.573573 2.31839 0.163591
284 2095 0.574725 2.31839 0.163648
285 2099 0.575569 2.31839 0.163624
286 2103 0.575617 2.31839 0.163617
287 2106 0.575912 2.31839 0.163624
288 2110 0.576087 2.31839 0.163613
289 2114 0.576255 2.31839 0.163605
290 2117 0.577158 2.31839 0.163672
291 2125 0.576301 2.31839 0.163688
292 2125 0.576605 2.31839 0.163717
293 2126 0.577604 2.31839 0.163745
294 2130 0.578164 2.31839 0.163757
295 2133 0.578778 2.31839 0.163696
296 2137 0.578872 2.31839 0.163655
297 2138 0.579301 2.31839 0.16355
298 2141 0.57937 2.31839 0.16367
299 2142 0.579462 2.31839 0.163726
300 2144 0.579697 2.31839 0.163742
301 2147 0.579361 2.31839 0.163709
302 2151 0.579654 2.31839 0.163714
303 2151 0.580489 2.31839 0.163792
304 2153 0.581306 2.31839 0.163842
305 2154 0.581716 2.31839 0.163679
306 2159 0.581417 2.31839 0.163782
307 2162 0.58162 2.31839 0.163778
308 2164 0.581573 2.31839 0.163766
309 2168 0.581548 2.31839 0.163687
310 2170 0.58208 2.31839 0.16365
311 2172 0.582498 2.31839 0.163577
312 2177 0.583789 2.31839 0.163463
313 2180 0.583699 2.31839 0.163534
314 2186 0.583735 2.31839 0.163571
315 2187 0.584026 2.31839 0.163535
316 2191 0.584094 2.31839 0.163474
317 2193 0.584056 2.31839 0.163394
318 2194 0.584577 2.31839 0.163399
319 2201 0.584441 2.31839 0.163492
320 2204 0.58476 2.31839 0.163393
321 2207 0.584887 2.31839 0.163422
322 2208 0.585542 2.31839 0.16343
323 2214 0.585398 2.31839 0.163429
324 2217 0.585508 2.31839 0.163372
325 2221 0.585241 2.31839 0.163383
326 2222 0.585876 2.31839 0.163304
327 2224 0.586758 2.31839 0.163276
328 2226 0.586693 2.31839 0.163204
329 2227 0.587409 2.31839 0.163259
330 2233 0.5873 2.31839 0.163149
331 2234 0.587474 2.31839 0.163128
332 2236 0.587201 2.31839 0.163041
333 2240 0.587892 2.31839 0.163118
334 2244 0.588117 2.31839 0.163028
335 2244 0.588812 2.31839 0.163023
336 2248 0.589485 2.31839 0.163102
337 2251 0.590098 2.31839 0.163268
338 2253 0.589836 2.31839 0.163246
339 2255 0.59062 2.31839 0.163311
340 2257 0.591192 2.31839 0.163259
341 2262 0.591573 2.31839 0.163305
342 2262 0.592033 2.31839 0.163334
343 2266 0.592656 2.31839 0.163142
344 2269 0.593328 2.31839 0.16309
345 2270 0.594169 2.31839 0.163216
346 2276 0.594327 2.31839 0.16322
347 2279 0.594719 2.31839 0.163047
348 2283 0.595077 2.31839 0.163094
349 2287 0.595369 2.31839 0.163073
350 2289 0.595307 2.31839 0.163117
351 2290 0.596369 2.31839 0.163014
352 2292 0.597218 2.31839 0.162967
353 2294 0.597984 2.31839 0.16295
354 2298 0.598613 2.31839 0.16296
355 2301 0.599085 2.31839 0.162857
356 2304 0.599637 2.31839 0.162875
357 2309 0.599389 2.31839 0.162896
358 2313 0.599062 2.31839 0.162928
359 2314 0.599147 2.31839 0.162927
360 2318 0.599844 2.31839 0.16291
361 2318 0.599895 2.31839 0.162902
362 2321 0.600139 2.31839 0.162951
363 2322 0.600723 2.31839 0.163094
364 2323 0.600905 2.31839 0.163108
365 2325 0.601117 2.31839 0.163131
366 2331 0.600249 2.31839 0.163041
367 2335 0.600011 2.31839 0.163092
368 2336 0.600335 2.31839 0.163087
369 2338 0.600458 2.31839 0.16304
370 2340 0.600837 2.31839 0.163068
371 2345 0.600874 2.31839 0.16313
372 2346 0.601491 2.31839 0.163001
373 2347 0.601684 2.31839 0.162977
374 2351 0.602303 2.31839 0.162964
375 2355 0.602919 2.31839 0.16301
376 2358 0.603175 2.31839 0.163039
377 2361 0.603309 2.31839 0.163057
378 2363 0.603727 2.31839 0.163046
379 2365 0.603884 2.31839 0.163086
380 2365 0.604198 2.31839 0.163106
381 2366 0.604688 2.31839 0.163009
382 2368 0.605127 2.31839 0.162977
383 2370 0.605574 2.31839 0.163066
384 2374 0.606014 2.31839 0.1632
385 2376 0.605737 2.31839 0.163196
386 2378 0.605661 2.31839 0.163248
387 2379 0.606371 2.31839 0.163218
388 2381 0.606231 2.31839 0.163218
389 2384 0.605915 2.31839 0.163206
390 2385 0.606634 2.31839 0.16322
391 2388 0.606576 2.31839 0.163248
392 2390 0.606472 2.31839 0.163208
393 2391 0.606627 2.31839 0.163218
394 2396 0.606747 2.31839 0.163309
395 2398 0.607463 2.31839 0.163263
396 2399 0.607912 2.31839 0.16324
397 2399 0.608444 2.31839 0.163157
398 2400 0.60986 2.31839 0.163089
399 2401 0.610201 2.31839 0.163087
400 2408 0.609378 2.31839 0.163072
401 2410 0.609285 2.31839 0.163107
402 2410 0.609888 2.31839 0.163078
403 2414 0.609913 2.31839 0.163085
404 2416 0.610015 2.31839 0.16294
405 2416 0.610232 2.31839 0.162998
406 2417 0.611064 2.31839 0.162881
407 2420 0.611216 2.31839 0.162804
408 2422 0.611905 2.31839 0.162807
409 2425 0.611676 2.31839 0.162865
410 2428 0.611643 2.31839 0.162768
411 2430 0.612374 2.31839 0.162665
412 2433 0.612633 2.31839 0.162634
413 2436 0.613078 2.31839 0.162632
414 2438 0.613467 2.31839 0.162615
415 2440 0.613802 2.31839 0.162676
416 2441 0.613807 2.31839 0.162656
417 2443 0.613955 2.31839 0.162679
418 2445 0.614146 2.31839 0.162684
419 2450 0.614945 2.31839 0.162706
420 2454 0.615599 2.31839 0.1628
421 2455 0.615971 2.38397 0.162829
422 2458 0.61649 2.38397 0.162797
423 2460 0.616554 2.38397 0.162869
424 2462 0.616572 2.38397 0.162894
425 2464 0.617099 2.38397 0.162905
426 2466 0.616869 2.38397 0.162873
427 2467 0.616881 2.38397 0.16285
428 2470 0.61682 2.38397 0.162879
429 2470 0.617106 2.38397 0.162864
430 2473 0.617319 2.38397 0.16288
431 2476 0.61754 2.38397 0.162897
432 2477 0.618102 2.38397 0.16294
433 2482 0.617848 2.38397 0.162944
434 2482 0.618271 2.38397 0.162933
435 2483 0.619088 2.38397 0.16285
436 2488 0.618649 2.38397 0.162829
437 2488 0.618991 2.38397 0.162864
438 2489 0.619443 2.38397 0.162878
439 2491 0.619175 2.38397 0.162857
440 2493 0.619318 2.38397 0.162825
441 2497 0.619255 2.38397 0.162837
442 2499 0.61952 2.38397 0.162845
443 2502 0.619277 2.38397 0.162859
444 2504 0.619141 2.38397 0.1628
445 2505 0.620134 2.38397 0.162744
446 2506 0.620261 2.38397 0.162741
447 2508 0.620096 2.38397 0.162736
448 2511 0.620374 2.38397 0.162728
449 2512 0.621053 2.38397 0.162772
450 2514 0.621509 2.38397 0.162786
451 2519 0.621784 2.38397 0.16281
452 2521 0.621851 2.38397 0.162828
453 2525 0.621688 2.38397 0.16281
454 2526 0.622124 2.38397 0.162836
455 2527 0.622307 2.38397 0.162881
456 2527 0.622426 2.38397 0.162927
457 2529 0.622202 2.38397 0.162884
458 2529 0.622584 2.38397 0.162865
459 2532 0.622499 2.38397 0.162795
460 2534 0.62239 2.38397 0.162803
461 2535 0.622885 2.38397 0.162861
462 2537 0.622903 2.38397 0.16282
463 2538 0.623106 2.38397 0.162781
464 2542 0.623125 2.38397 0.162904
465 2546 0.622586 2.38397 0.162984
466 2546 0.623004 2.38397 0.162937
467 2550 0.622724 2.38397 0.162981
468 2551 0.623047 2.38397 0.162934
469 2551 0.623145 2.38397 0.162912
470 2551 0.623224 2.38397 0.162926
471 2553 0.623467 2.38397 0.16292
472 2555 0.62381 2.38397 0.162942
473 2556 0.624125 2.38397 0.162976
474 2557 0.624561 2.38397 0.162975
475 2558 0.62489 2.38397 0.162941
476 2564 0.624869 2.38397 0.162947
477 2568 0.624546 2.38397 0.162921
478 2574 0.623651 2.38397 0.162961
479 2577 0.623263 2.38397 0.162945
480 2579 0.622901 2.38397 0.162962
481 2579 0.623729 2.38397 0.162888
482 2580 0.623828 2.38397 0.162887
483 2581 0.62381 2.38397 0.162866
484 2583 0.623896 2.38397 0.162804
485 2585 0.624147 2.38397 0.162874
486 2588 0.624562 2.38397 0.162786
487 2592 0.624566 2.38397 0.162754
488 2593 0.624752 2.38397 0.162578
489 2595 0.625593 2.38397 0.162568
490 2595 0.62607 2.38397 0.16252
491 2596 0.626295 2.38397 0.162675
492 2596 0.626771 2.38397 0.162661
493 2596 0.62707 2.38397 0.162638
494 2599 0.62687 2.38397 0.162615
495 2599 0.62712 2.38397 0.162675
496 2599 0.628061 2.38397 0.16258
497 2599 0.628152 2.38397 0.162565
498 2599 0.628332 2.38397 0.162546
499 2601 0.628354 2.38397 0.162514
500 2602 0.628766 2.38397 0.162544
501 2602 0.629104 2.38397 0.162526
502 2606 0.628588 2.38397 0.162455
503 2609 0.62902 2.38397 0.162428
504 2610 0.629378 2.38397 0.162398
505 2611 0.629999 2.38397 0.162455
506 2611 0.630591 2.38397 0.162451
507 2614 0.630443 2.38397 0.162431
508 2616 0.630381 2.38397 0.162321
509 2618 0.630179 2.38397 0.162321
510 2619 0.630575 2.38397 0.162296
511 2619 0.630651 2.38397 0.162246
512 2619 0.630962 2.38397 0.162324
513 2621 0.630898 2.38397 0.162266
514 2624 0.630825 2.38397 0.162244
515 2624 0.630818 2.38397 0.162184
516 2624 0.631351 2.38397 0.162192
517 2627 0.631525 2.38397 0.162223
518 2630 0.63194 2.38397 0.162149
519 2630 0.632323 2.38397 0.162167
520 2632 0.632536 2.38397 0.162188
521 2634 0.633203 2.38397 0.162128
522 2636 0.63326 2.38397 0.162169
523 2637 0.633422 2.38397 0.162138
524 2641 0.633214 2.38397 0.162153
525 2641 0.633445 2.38397 0.162165
526 2643 0.633104 2.38397 0.16217
527 2646 0.632879 2.38397 0.162094
528 2648 0.632734 2.38397 0.162065
529 2650 0.632807 2.38397 0.162023
530 2652 0.632684 2.38397 0.162037
531 2654 0.632693 2.38397 0.162013
532 2656 0.632924 2.38397 0.161948
533 2659 0.632824 2.38397 0.161919
534 2661 0.632522 2.38397 0.161925
535 2662 0.633275 2.38397 0.161908
536 2663 0.633324 2.38397 0.161909
537 2663 0.63366 2.38397 0.161845
538 2664 0.633614 2.38397 0.161813
539 2667 0.633635 2.38397 0.161789
540 2667 0.633969 2.38397 0.161736
541 2668 0.634541 2.38397 0.161749
542 2670 0.634689 2.38397 0.161785
543 2670 0.634875 2.38397 0.161746
544 2672 0.63482 2.38397 0.161648
545 2673 0.634955 2.38397 0.161628
546 2673 0.63518 2.38397 0.161623
547 2673 0.635357 2.38397 0.161633
548 2678 0.634584 2.38397 0.161593
549 2679 0.634641 2.38397 0.161543
550 2682 0.634671 2.38397 0.16157
551 2682 0.634681 2.38397 0.161536
552 2683 0.63475 2.38397 0.16153
553 2686 0.634682 2.38397 0.161526
554 2690 0.63427 2.38397 0.161501
555 2691 0.634263 2.38397 0.161498
556 2695 0.63372 2.38397 0.161476
557 2698 0.633518 2.38397 0.161495
558 2703 0.633814 2.38397 0.161396
559 2705 0.63427 2.38397 0.161383
560 2709 0.634389 2.38397 0.16137
561 2709 0.635339 2.38397 0.161334
562 2712 0.635217 2.38397 0.16129
563 2713 0.635568 2.38397 0.161263
564 2715 0.63561 2.38397 0.161322
565 2717 0.635454 2.38397 0.161309
566 2718 0.635947 2.38397 0.161337
567 2719 0.636239 2.38397 0.161387
568 2720 0.636326 2.38397 0.161375
569 2723 0.636316 2.38397 0.161329
570 2725 0.636575 2.38397 0.161291
571 2728 0.637187 2.38397 0.161316
572 2729 0.637527 2.38397 0.161267
573 2731 0.637611 2.38397 0.161256
574 2731 0.637816 2.38397 0.161154
575 2732 0.638202 2.38397 0.16115
576 2733 0.638734 2.38397 0.161103
577 2735 0.638619 2.38397 0.161199
578 2737 0.638992 2.38397 0.161265
579 2740 0.639473 2.38397 0.161293
580 2743 0.639202 2.38397 0.161294
581 2746 0.638916 2.38397 0.161255
582 2746 0.639753 2.38397 0.161258
583 2746 0.640129 2.38397 0.161248
584 2749 0.639927 2.38397 0.161179
585 2751 0.640165 2.38397 0.161187
586 2753 0.640461 2.38397 0.161194
587 2755 0.640444 2.38397 0.161173
588 2756 0.640551 2.38397 0.16107
589 2757 0.640566 2.38397 0.161102
590 2759 0.640446 2.38397 0.160987
591 2762 0.640332 2.38397 0.160986
592 2764 0.640195 2.38397 0.160974
593 2766 0.640473 2.38397 0.160933
594 2769 0.640163 2.38397 0.161013
595 2770 0.640269 2.38397 0.161015
596 2770 0.64044 2.38397 0.161017
597 2770 0.640713 2.38397 0.160979
598 2771 0.640789 2.38397 0.160988
599 2771 0.64093 2.38397 0.161004
600 2772 0.641201 2.38397 0.160977
601 2772 0.641529 2.38397 0.160964
602 2774 0.641883 2.38397 0.160943
603 2774 0.642002 2.38397 0.160922
604 2775 0.642047 2.38397 0.160911
605 2776 0.642068 2.38397 0.160917
606 2777 0.642418 2.38397 0.160994
607 2781 0.642084 2.38397 0.160917
608 2783 0.642513 2.38397 0.160924
609 2784 0.642511 2.38397 0.160874
610 2784 0.642848 2.38397 0.160918
611 2785 0.643074 2.38397 0.160978
612 2787 0.642984 2.38397 0.160929
613 2787 0.643054 2.38397 0.160904
614 2787 0.643392 2.38397 0.160957
615 2787 0.643458 2.38397 0.160972
616 2788 0.643588 2.38397 0.160964
617 2789 0.643508 2.38397 0.160944
618 2789 0.643614 2.38397 0.160913
619 2790 0.643498 2.38397 0.16091
620 2792 0.643453 2.38397 0.160903
621 2793 0.643591 2.38397 0.160967
622 2794 0.643922 2.38397 0.161033
623 2795 0.644172 2.38397 0.161008
624 2798 0.644746 2.38397 0.160949
625 2798 0.645145 2.38397 0.160946
626 2799 0.645449 2.38397 0.160992
627 2802 0.64552 2.38397 0.161002
628 2803 0.645509 2.38397 0.160997
629 2803 0.6461 2.38397 0.160953
630 2804 0.64629 2.38397 0.160941
631 2804 0.646873 2.38397 0.160959
632 2805 0.647594 2.38397 0.161
633 2805 0.647619 2.38397 0.160993
634 2805 0.648073 2.38397 0.160969
635 2807 0.648251 2.38397 0.161048
636 2808 0.648206 2.38397 0.160971
637 2809 0.648362 2.38397 0.160959
638 2812 0.647978 2.38397 0.160892
639 2813 0.648178 2.38397 0.160925
640 2813 0.648841 2.38397 0.160943
641 2814 0.648809 2.38397 0.160932
642 2814 0.649029 2.38397 0.160976
643 2817 0.64881 2.38397 0.160965
644 2817 0.649131 2.38397 0.160907
645 2819 0.649132 2.38397 0.160949
646 2822 0.649123 2.38397 0.160951
647 2822 0.649519 2.38397 0.16094
648 2823 0.649592 2.38397 0.160985
649 2826 0.649256 2.38397 0.160966
650 2827 0.650017 2.38397 0.160979
651 2828 0.650409 2.38397 0.161021
652 2829 0.650321 2.38397 0.160959
653 2830 0.650343 2.38397 0.160915
654 2831 0.650457 2.38397 0.16095
655 2831 0.650591 2.38397 0.160937
656 2831 0.650723 2.38397 0.160902
657 2831 0.651135 2.38397 0.160912
658 2832 0.651181 2.38397 0.16089
659 2832 0.65137 2.38397 0.160831
660 2833 0.651415 2.38397 0.16079
661 2833 0.651742 2.38397 0.160834
662 2834 0.652257 2.38397 0.160907
663 2836 0.652463 2.38397 0.160886
664 2838 0.652436 2.38397 0.160831
665 2839 0.652585 2.38397 0.160798
666 2839 0.653085 2.38397 0.160771
667 2840 0.65314 2.38397 0.160779
668 2841 0.653394 2.38397 0.16073
669 2842 0.653283 2.38397 0.160657
670 2842 0.653624 2.38397 0.160651
671 2842 0.653699 2.38397 0.160634
672 2843 0.653827 2.38397 0.160586
673 2844 0.653938 2.38397 0.160609
674 2846 0.654028 2.38397 0.16064
675 2847 0.653891 2.38397 0.160629
676 2848 0.654054 2.38397 0.16062
677 2848 0.654349 2.38397 0.160586
678 2849 0.654872 2.38397 0.160586
679 2854 0.655053 2.38397 0.160576
680 2856 0.654983 2.38397 0.160546
681 2857 0.655483 2.38397 0.160603
682 2860 0.655382 2.38397 0.160532
683 2861 0.655485 2.38397 0.160549
684 2862 0.656012 2.38397 0.160575
685 2863 0.656453 2.38397 0.160637
686 2866 0.656689 2.38397 0.160615
687 2867 0.657154 2.38397 0.160571
688 2867 0.657743 2.38397 0.160537
689 2868 0.657791 2.38397 0.16049
690 2868 0.658348 2.38397 0.160496
691 2869 0.65886 2.38397 0.160416
692 2872 0.659258 2.38397 0.160442
693 2873 0.659124 2.38397 0.160442
694 2873 0.659175 2.38397 0.160401
695 2874 0.659572 2.38397 0.160414
696 2876 0.659912 2.38397 0.16035
697 2877 0.659751 2.38397 0.160355
698 2879 0.659728 2.38397 0.160396
699 2881 0.659733 2.38397 0.160413
700 2882 0.659581 2.38397 0.160429
701 2884 0.659757 2.38397 0.160379
702 2885 0.659998 2.38397 0.160431
703 2885 0.660396 2.38397 0.160428
704 2885 0.660643 2.38397 0.160441
705 2885 0.661178 2.38397 0.160452
706 2885 0.661342 2.38397 0.160442
707 2887 0.66111 2.38397 0.160442
708 2890 0.66096 2.38397 0.160405
709 2892 0.661123 2.38397 0.160381
710 2894 0.661286 2.38397 0.160352
711 2895 0.661512 2.38397 0.160337
712 2897 0.661782 2.38397 0.160311
713 2900 0.661366 2.38397 0.160352
714 2901 0.661385 2.38397 0.160326
715 2901 0.66193 2.38397 0.160346
716 2904 0.66213 2.38397 0.160338
717 2904 0.662729 2.38397 0.160297
718 2906 0.662939 2.38397 0.160302
719 2907 0.663213 2.38397 0.160258
720 2908 0.663294 2.38397 0.160267
721 2908 0.66369 2.38397 0.160298
722 2908 0.663769 2.38397 0.160285
723 2911 0.664011 2.38397 0.160295
724 2914 0.664037 2.38397 0.160202
725 2916 0.664365 2.38397 0.160187
726 2918 0.664309 2.38397 0.160157
727 2920 0.664117 2.38397 0.160147
728 2921 0.664162 2.38397 0.160198
729 2922 0.664302 2.38397 0.160198
730 2923 0.664607 2.38397 0.160187
731 2923 0.665185 2.38397 0.160164
732 2924 0.665392 2.38397 0.160148
733 2925 0.665601 2.38397 0.160171
734 2929 0.665409 2.38397 0.16017
735 2929 0.665811 2.38397 0.160149
736 2930 0.665922 2.38397 0.160182
737 2931 0.665914 2.38397 0.160166
738 2931 0.666308 2.38397 0.160148
739 2932 0.666489 2.38397 0.160111
740 2932 0.666733 2.38397 0.160025
741 2933 0.667287 2.38397 0.159934
742 2935 0.66726 2.38397 0.159956
743 2937 0.667516 2.38397 0.159974
744 2937 0.668069 2.38397 0.159904
745 2937 0.668341 2.38397 0.159835
746 2939 0.668596 2.38397 0.159817
747 2939 0.668876 2.38397 0.159776
748 2940 0.669022 2.38397 0.159765
749 2941 0.668971 2.38397 0.159755
750 2942 0.66899 2.38397 0.159752
751 2942 0.669041 2.38397 0.159794
752 2944 0.669156 2.38397 0.159743
753 2944 0.669585 2.38397 0.159684
754 2947 0.669516 2.38397 0.159704
755 2949 0.669581 2.38397 0.15965
756 2951 0.669421 2.38397 0.159671
757 2951 0.669539 2.38397 0.15964
758 2951 0.669804 2.38397 0.159666
759 2953 0.669787 2.38397 0.159684
760 2956 0.669465 2.38397 0.159676
761 2957 0.669815 2.38397 0.159665
762 2957 0.669984 2.38397 0.15967
763 2961 0.670075 2.38397 0.159703
764 2961 0.670183 2.38397 0.159686
765 2962 0.670537 2.38397 0.159688
766 2962 0.670669 2.38397 0.1597
767 2962 0.670843 2.38397 0.159708
768 2963 0.670995 2.38397 0.1597
769 2964 0.671166 2.38397 0.159718
770 2966 0.671438 2.38397 0.159669
771 2969 0.671688 2.38397 0.159749
772 2969 0.672059 2.38397 0.159714
773 2970 0.67219 2.38397 0.159645
774 2972 0.672432 2.38397 0.159699
775 2973 0.672834 2.38397 0.159742
776 2974 0.673018 2.38397 0.159705
777 2974 0.673305 2.38397 0.159705
778 2978 0.672767 2.38397 0.159732
779 2978 0.673082 2.38397 0.15973
780 2980 0.673112 2.38397 0.1597
781 2982 0.673221 2.38397 0.159667
782 2983 0.673544 2.38397 0.159746
783 2984 0.673591 2.38397 0.159706
784 2986 0.673374 2.38397 0.15969
785 2989 0.673227 2.38397 0.159715
786 2993 0.672949 2.38397 0.15968
787 2994 0.673275 2.38397 0.159714
788 2995 0.673222 2.38397 0.159709
789 2998 0.673315 2.38397 0.159762
790 3000 0.67347 2.38397 0.159763
791 3000 0.673987 2.38397 0.159732
792 3001 0.674172 2.38397 0.159701
793 3003 0.674269 2.38397 0.159677
794 3005 0.67421 2.38397 0.159766
795 3005 0.674442 2.38397 0.159803
796 3006 0.674617 2.38397 0.159862
797 3009 0.674597 2.38397 0.15991
798 3009 0.674747 2.38397 0.159913
799 3012 0.67475 2.38397 0.159926
800 3015 0.6746 2.38397 0.159942
801 3015 0.67503 2.38397 0.159891
802 3016 0.675018 2.38397 0.159888
803 3019 0.67474 2.38397 0.159923
804 3019 0.675206 2.38397 0.15995
805 3021 0.675235 2.38397 0.159991
806 3023 0.675201 2.38397 0.159949
807 3023 0.675418 2.38397 0.159969
808 3025 0.675593 2.38397 0.159941
809 3025 0.676417 2.38397 0.159929
810 3028 0.676032 2.38397 0.159978
811 3029 0.675917 2.38397 0.159986
812 3031 0.675763 2.38397 0.160002
813 3034 0.675506 2.38397 0.159978
814 3035 0.675605 2.38397 0.15996
815 3036 0.675474 2.38397 0.15998
816 3038 0.675501 2.38397 0.159988
817 3039 0.675465 2.38397 0.159974
818 3039 0.675963 2.38397 0.159971
819 3042 0.676034 2.38397 0.159926
820 3043 0.675981 2.38397 0.159972
821 3044 0.675997 2.38397 0.159958
822 3045 0.676219 2.38397 0.159989
823 3047 0.676137 2.38397 0.159983
824 3047 0.676342 2.38397 0.159981
825 3049 0.676061 2.38397 0.159997
826 3050 0.676145 2.38397 0.16004
827 3050 0.676678 2.38397 0.159992
828 3050 0.677094 2.38397 0.159983
829 3051 0.677035 2.38397 0.159966
830 3052 0.6772 2.38397 0.159952
831 3054 0.677431 2.38397 0.159979
832 3056 0.677518 2.38397 0.160003
833 3058 0.67791 2.38397 0.15995
834 3059 0.678291 2.38397 0.159987
835 3060 0.678259 2.38397 0.159941
836 3060 0.678251 2.38397 0.159893
837 3061 0.678306 2.38397 0.159836
838 3061 0.678306 2.38397 0.159836
839 3061 0.678572 2.38397 0.159821
840 3061 0.679008 2.38397 0.159834
841 3063 0.679146 2.38397 0.159879
842 3063 0.679437 2.38397 0.159876
843 3063 0.679683 2.38397 0.159833
844 3064 0.67975 2.38397 0.159828
845 3065 0.679862 2.38397 0.15981
846 3069 0.679533 2.38397 0.15976
847 3071 0.67996 2.38397 0.159664
848 3071 0.680267 2.38397 0.159651
849 3072 0.680179 2.38397 0.159628
850 3072 0.680227 2.38397 0.159596
851 3073 0.680301 2.38397 0.159617
852 3074 0.680314 2.38397 0.159631
853 3074 0.680565 2.38397 0.15964
854 3074 0.680644 2.38397 0.159647
855 3075 0.680743 2.38397 0.159704
856 3076 0.680619 2.38397 0.159662
857 3077 0.680654 2.38397 0.159572
858 3077 0.680781 2.38397 0.159566
859 3078 0.680983 2.38397 0.159576
860 3079 0.681083 2.38397 0.159568
861 3080 0.681152 2.38397 0.159522
862 3081 0.681481 2.38397 0.159507
863 3083 0.681374 2.38397 0.15949
864 3084 0.681597 2.59623 0.159512
865 3084 0.682078 2.59623 0.159502
866 3086 0.682217 2.59623 0.159547
867 3086 0.682917 2.59623 0.159611
868 3087 0.682862 2.59623 0.159616
869 3087 0.683061 2.59623 0.159662
870 3089 0.683169 2.59623 0.159622
871 3091 0.683071 2.59623 0.159634
872 3091 0.683364 2.59623 0.159691
873 3091 0.683614 2.59623 0.159681
874 3092 0.683494 2.59623 0.159728
875 3094 0.683472 2.59623 0.159683
876 3094 0.683921 2.59623 0.159692
877 3095 0.684079 2.59623 0.159662
878 3096 0.684278 2.59623 0.159622
879 3096 0.684282 2.59623 0.159619
880 3098 0.684133 2.59623 0.159552
881 3098 0.684387 2.59623 0.159545
882 3098 0.684667 2.59623 0.159556
883 3099 0.684587 2.59623 0.159545
884 3100 0.684935 2.59623 0.159497
885 3102 0.684969 2.59623 0.159558
886 3104 0.685385 2.59623 0.159573
887 3109 0.685046 2.59623 0.159555
888 3110 0.685141 2.59623 0.159543
889 3111 0.685337 2.59623 0.15957
890 3112 0.685251 2.59623 0.159578
891 3114 0.685226 2.59623 0.15958
892 3116 0.685094 2.59623 0.159585
893 3117 0.685159 2.59623 0.159604
894 3117 0.685235 2.59623 0.159633
895 3118 0.685303 2.59623 0.15967
896 3118 0.685577 2.59623 0.159641
897 3120 0.685465 2.59623 0.15961
898 3121 0.686097 2.59623 0.159691
899 3122 0.686232 2.59623 0.159654
900 3124 0.686266 2.59623 0.159654
901 3127 0.686012 2.59623 0.159666
902 3130 0.686201 2.59623 0.159722
903 3131 0.686249 2.59623 0.159713
904 3132 0.686314 2.59623 0.159725
905 3133 0.686406 2.59623 0.15971
906 3136 0.686488 2.59623 0.159691
907 3136 0.686684 2.59623 0.159712
908 3136 0.687018 2.59623 0.159694
909 3137 0.687271 2.59623 0.159687
910 3140 0.687072 2.59623 0.159669
911 3140 0.687415 2.59623 0.159696
912 3141 0.687567 2.59623 0.159699
913 3142 0.687508 2.59623 0.159698
914 3142 0.687913 2.59623 0.159676
915 3143 0.688315 2.59623 0.159707
916 3143 0.688553 2.59623 0.159678
917 3145 0.688535 2.59623 0.159722
918 3145 0.688682 2.59623 0.159717
919 3146 0.688967 2.59623 0.159681
920 3147 0.689503 2.59623 0.15965
921 3147 0.689814 2.59623 0.159643
922 3151 0.689477 2.59623 0.159643
923 3151 0.689757 2.59623 0.159659
924 3151 0.690179 2.59623 0.159612
925 3153 0.690047 2.59623 0.159597
926 3153 0.690382 2.59623 0.159603
927 3153 0.690658 2.59623 0.159587
928 3155 0.690578 2.59623 0.159588
929 3155 0.691024 2.59623 0.159591
930 3157 0.69111 2.59623 0.159595
931 3158 0.691182 2.59623 0.159576
932 3160 0.691687 2.59623 0.159652
933 3162 0.691517 2.59623 0.159646
934 3163 0.691673 2.59623 0.159589
935 3166 0.691529 2.59623 0.1596
936 3167 0.691576 2.59623 0.159574
937 3167 0.692072 2.59623 0.159514
938 3167 0.69253 2.59623 0.159496
939 3167 0.692986 2.59623 0.159465
940 3167 0.693194 2.59623 0.15946
941 3168 0.693418 2.59623 0.159449
942 3169 0.693736 2.59623 0.159551
943 3172 0.69391 2.59623 0.159522
944 3173 0.693804 2.59623 0.159495
945 3175 0.693515 2.59623 0.159508
946 3177 0.693517 2.59623 0.159515
947 3178 0.693495 2.59623 0.159526
948 3178 0.693652 2.59623 0.159437
949 3178 0.693755 2.59623 0.15941
950 3178 0.6938 2.59623 0.159419
951 3179 0.693844 2.59623 0.159426
952 3179 0.694326 2.59623 0.15945
953 3180 0.69436 2.59623 0.159469
954 3182 0.69422 2.59623 0.15948
955 3182 0.694314 2.59623 0.159497
956 3185 0.69408 2.59623 0.159513
957 3187 0.693945 2.59623 0.159519
958 3187 0.69396 2.59623 0.159491
959 3188 0.694492 2.59623 0.159502
960 3189 0.694782 2.59623 0.15949
961 3190 0.695006 2.59623 0.159476
962 3192 0.694933 2.59623 0.159492
963 3192 0.694982 2.59623 0.159469
964 3193 0.695139 2.59623 0.159475
965 3194 0.69534 2.59623 0.159428
966 3195 0.69551 2.59623 0.1594
967 3195 0.695601 2.59623 0.159404
968 3197 0.695359 2.59623 0.159396
969 3197 0.695511 2.59623 0.159371
970 3199 0.695892 2.59623 0.159371
971 3200 0.696078 2.59623 0.159349
972 3202 0.695886 2.59623 0.159341
973 3203 0.695924 2.59623 0.159321
974 3203 0.695938 2.59623 0.159319
975 3206 0.695985 2.59623 0.159304
976 3208 0.695826 2.59623 0.159314
977 3208 0.696172 2.59623 0.159314
978 3210 0.696131 2.59623 0.159226
979 3212 0.696324 2.59623 0.159195
980 3214 0.696491 2.59623 0.159199
981 3216 0.69658 2.59623 0.159173
982 3216 0.696697 2.59623 0.159202
983 3216 0.696922 2.59623 0.159248
984 3216 0.697173 2.59623 0.159279
985 3216 0.6972 2.59623 0.159256
986 3218 0.697403 2.59623 0.15926
987 3219 0.697431 2.59623 0.15924
988 3221 0.697329 2.59623 0.159259
989 3221 0.697515 2.59623 0.159235
990 3221 0.697785 2.59623 0.159218
991 3222 0.697778 2.59623 0.159227
992 3222 0.697928 2.59623 0.159255
993 3222 0.697921 2.59623 0.159252
994 3223 0.697808 2.59623 0.159227
995 3223 0.698323 2.59623 0.159234
996 3223 0.698498 2.59623 0.159247
997 3225 0.69857 2.59623 0.159279
998 3225 0.698928 2.59623 0.159258
999 3225 0.699155 2.59623 0.159208
1000 3226 0.698986 2.59623 0.1592
1001 3226 0.699742 2.59623 0.159147
1002 3228 0.699722 2.59623 0.159135
1003 3228 0.699857 2.59623 0.1591
1004 3230 0.699767 2.59623 0.159102
1005 3233 0.699454 2.59623 0.159092
1006 3233 0.699835 2.59623 0.159125
1007 3233 0.699876 2.59623 0.15914
1008 3233 0.699968 2.59623 0.159161
1009 3234 0.699979 2.59623 0.159205
1010 3236 0.699728 2.59623 0.159225
1011 3236 0.699955 2.59623 0.159193
1012 3237 0.700268 2.59623 0.15918
1013 3238 0.700223 2.59623 0.159137
1014 3239 0.700487 2.59623 0.15912
1015 3242 0.700363 2.59623 0.159176
1016 3242 0.700429 2.59623 0.159151
1017 3242 0.700559 2.59623 0.159126
1018 3244 0.700608 2.59623 0.159189
1019 3244 0.700655 2.59623 0.159172
1020 3244 0.700891 2.59623 0.159144
1021 3246 0.70086 2.59623 0.159121
1022 3250 0.700638 2.59623 0.159111
1023 3251 0.700909 2.59623 0.159154
1024 3252 0.700975 2.59623 0.159119
1025 3252 0.700978 2.59623 0.159089
1026 3253 0.701287 2.59623 0.159102
1027 3255 0.700931 2.59623 0.159096
1028 3256 0.700836 2.59623 0.159124
1029 3257 0.701026 2.59623 0.159077
1030 3258 0.701273 2.59623 0.159066
1031 3258 0.701366 2.59623 0.159108
1032 3259 0.701389 2.59623 0.15914
1033 3259 0.701764 2.59623 0.159162
1034 3260 0.701561 2.59623 0.159157
1035 3260 0.701594 2.59623 0.159134
1036 3260 0.701661 2.59623 0.159094
1037 3262 0.70142 2.59623 0.159127
1038 3263 0.701355 2.59623 0.159132
1039 3264 0.701333 2.59623 0.159154
1040 3267 0.70159 2.59623 0.15915
1041 3268 0.701641 2.59623 0.15911
1042 3268 0.70217 2.59623 0.159107
1043 3272 0.701718 2.59623 0.159089
1044 3273 0.701595 2.59623 0.159052
1045 3273 0.702011 2.59623 0.159026
1046 3273 0.702386 2.59623 0.159029
1047 3274 0.70275 2.59623 0.159093
1048 3274 0.703055 2.59623 0.159123
1049 3274 0.703274 2.59623 0.159102
1050 3275 0.703215 2.59623 0.159069
1051 3276 0.703266 2.59623 0.159094
1052 3276 0.703543 2.59623 0.15908
1053 3278 0.703632 2.59623 0.159111
1054 3280 0.703932 2.59623 0.15909
1055 3280 0.703959 2.59623 0.15909
1056 3281 0.703938 2.59623 0.15911
1057 3282 0.70434 2.59623 0.159063
1058 3282 0.704471 2.59623 0.159104
1059 3282 0.704576 2.59623 0.159087
1060 3282 0.704645 2.59623 0.159107
1061 3282 0.704842 2.59623 0.159124
1062 3283 0.704808 2.59623 0.159098
1063 3284 0.704733 2.59623 0.159095
1064 3284 0.705481 2.59623 0.159085
1065 3285 0.705663 2.59623 0.159106
1066 3286 0.705783 2.59623 0.159016
1067 3286 0.705818 2.59623 0.15901
1068 3287 0.705763 2.59623 0.159018
1069 3287 0.705917 2.59623 0.15896
1070 3287 0.706119 2.59623 0.15901
1071 3287 0.706265 2.59623 0.158952
1072 3289 0.70614 2.59623 0.158992
1073 3290 0.706189 2.59623 0.158984
1074 3291 0.706119 2.59623 0.158991
1075 3291 0.706202 2.59623 0.158941
1076 3291 0.706383 2.59623 0.15889
1077 3291 0.706731 2.59623 0.158885
1078 3291 0.706854 2.59623 0.158851
1079 3292 0.707096 2.59623 0.158848
1080 3292 0.707506 2.59623 0.158813
1081 3292 0.707513 2.59623 0.158809
1082 3293 0.707558 2.59623 0.158832
1083 3294 0.707666 2.59623 0.158822
1084 3295 0.707693 2.59623 0.158771
1085 3297 0.707445 2.59623 0.158789
1086 3299 0.7071 2.59623 0.15881
1087 3299 0.707326 2.59623 0.158787
1088 3302 0.707203 2.59623 0.158779
1089 3303 0.707308 2.59623 0.158759
1090 3304 0.707398 2.59623 0.158788
1091 3304 0.707448 2.59623 0.158779
1092 3306 0.707465 2.59623 0.15878
1093 3306 0.707977 2.59623 0.15875
1094 3307 0.708081 2.59623 0.158755
1095 3309 0.708078 2.59623 0.158792
1096 3309 0.708074 2.59623 0.158775
1097 3309 0.708211 2.59623 0.15874
1098 3310 0.708165 2.59623 0.158729
1099 3312 0.707967 2.59623 0.158725
1100 3313 0.707899 2.59623 0.158784
1101 3315 0.707658 2.59623 0.158782
1102 3315 0.70793 2.59623 0.158732
1103 3316 0.708185 2.59623 0.158697
1104 3317 0.70823 2.59623 0.158717
1105 3317 0.708673 2.59623 0.15873
1106 3318 0.708777 2.59623 0.158695
1107 3320 0.708641 2.59623 0.158702
1108 3321 0.708585 2.59623 0.158708
1109 3321 0.70884 2.59623 0.158706
1110 3323 0.70867 2.59623 0.158717
1111 3323 0.708872 2.59623 0.158768
1112 3324 0.709232 2.59623 0.158716
1113 3324 0.709327 2.59623 0.15872
1114 3325 0.709491 2.59623 0.158722
1115 3325 0.709773 2.59623 0.158652
1116 3327 0.70992 2.59623 0.158673
1117 3328 0.709975 2.59623 0.158654
1118 3329 0.710394 2.59623 0.158627
1119 3330 0.71041 2.59623 0.158688
1120 3332 0.710292 2.59623 0.158684
1121 3333 0.710177 2.59623 0.158663
1122 3334 0.71006 2.59623 0.158611
1123 3335 0.710241 2.59623 0.15856
1124 3336 0.710574 2.59623 0.158566
1125 3336 0.710792 2.59623 0.158544
1126 3336 0.711358 2.59623 0.158503
1127 3336 0.711816 2.59623 0.158473
1128 3338 0.711902 2.59623 0.158471
1129 3339 0.711874 2.59623 0.158509
1130 3339 0.711973 2.59623 0.158516
1131 3340 0.711977 2.59623 0.158533
1132 3342 0.711771 2.59623 0.158547
1133 3343 0.711809 2.59623 0.158474
1134 3344 0.71223 2.59623 0.158521
1135 3344 0.712461 2.59623 0.158532
1136 3345 0.712461 2.59623 0.158519
1137 3346 0.712468 2.59623 0.158503
1138 3350 0.71238 2.59623 0.158564
1139 3350 0.712487 2.59623 0.158565
1140 3350 0.713082 2.59623 0.158617
1141 3350 0.713121 2.59623 0.158623
1142 3350 0.713246 2.59623 0.158595
1143 3351 0.713122 2.59623 0.15862
1144 3352 0.713119 2.59623 0.158598
1145 3354 0.713206 2.59623 0.158637
1146 3355 0.713284 2.59623 0.158648
1147 3355 0.7133 2.59623 0.158629
1148 3355 0.713431 2.59623 0.158615
1149 3357 0.713452 2.59623 0.158636
1150 3357 0.713863 2.59623 0.158597
1151 3357 0.714337 2.59623 0.158598
1152 3358 0.714472 2.59623 0.1586
1153 3360 0.714179 2.59623 0.158571
1154 3361 0.714206 2.59623 0.158578
1155 3361 0.714302 2.59623 0.158593
1156 3361 0.714545 2.59623 0.158606
1157 3362 0.714822 2.59623 0.158585
1158 3364 0.714736 2.59623 0.158599
1159 3364 0.714771 2.59623 0.158597
1160 3366 0.714978 2.59623 0.158658
1161 3366 0.715112 2.59623 0.158619
1162 3369 0.714965 2.59623 0.158558
1163 3370 0.714951 2.59623 0.158547
1164 3371 0.714919 2.59623 0.158555
1165 3371 0.714953 2.59623 0.158556
1166 3371 0.71509 2.59623 0.158529
1167 3371 0.715082 2.59623 0.158524
1168 3372 0.715135 2.59623 0.158526
1169 3373 0.715204 2.59623 0.15852
1170 3374 0.715489 2.59623 0.15853
1171 3374 0.715618 2.59623 0.158521
1172 3378 0.71524 2.59623 0.158501
1173 3380 0.715092 2.59623 0.158467
1174 3380 0.715344 2.59623 0.158437
1175 3380 0.715705 2.59623 0.158404
1176 3380 0.716055 2.59623 0.158392
1177 3385 0.71586 2.59623 0.158469
1178 3385 0.715972 2.59623 0.158463
1179 3386 0.716205 2.59623 0.158482
1180 3386 0.716644 2.59623 0.158473
1181 3386 0.716949 2.59623 0.158427
1182 3387 0.717187 2.59623 0.158441
1183 3390 0.717209 2.59623 0.158465
1184 3391 0.717134 2.59623 0.158451
1185 3392 0.717145 2.59623 0.158449
1186 3392 0.717252 2.59623 0.158454
1187 3392 0.71726 2.59623 0.158435
1188 3392 0.717366 2.59623 0.158426
1189 3392 0.717574 2.59623 0.158418
1190 3393 0.717843 2.59623 0.158429
1191 3393 0.717998 2.59623 0.158456
1192 3393 0.718012 2.59623 0.158447
1193 3394 0.718147 2.59623 0.158458
1194 3395 0.718383 2.59623 0.158451
1195 3397 0.718061 2.59623 0.158444
1196 3398 0.718083 2.59623 0.158428
1197 3399 0.718076 2.59623 0.158387
1198 3401 0.718333 2.59623 0.158346
1199 3401 0.718693 2.59623 0.158336
1200 3403 0.718677 2.59623 0.158328
1201 3404 0.718811 2.59623 0.158321
1202 3407 0.718569 2.59623 0.158325
1203 3407 0.718569 2.59623 0.158325
1204 3408 0.719285 2.59623 0.158278
1205 3408 0.71949 2.59623 0.158304
1206 3408 0.719829 2.59623 0.158304
1207 3409 0.72049 2.59623 0.158283
1208 3409 0.720854 2.59623 0.158334
1209 3409 0.720912 2.59623 0.158352
1210 3409 0.721291 2.59623 0.158305
1211 3409 0.721491 2.59623 0.158325
1212 3409 0.721518 2.59623 0.158326
1213 3409 0.721555 2.59623 0.158326
1214 3410 0.721572 2.59623 0.158323
1215 3410 0.721655 2.59623 0.158302
1216 3411 0.721679 2.59623 0.158326
1217 3412 0.721953 2.59623 0.158395
1218 3412 0.721954 2.59623 0.158348
1219 3412 0.722183 2.59623 0.158386
1220 3413 0.722061 2.59623 0.158391
1221 3414 0.722303 2.59623 0.158309
1222 3414 0.722653 2.59623 0.158279
1223 3414 0.722691 2.59623 0.158264
1224 3416 0.722688 2.59623 0.158234
1225 3416 0.723005 2.59623 0.158266
1226 3416 0.72303 2.59623 0.158277
1227 3417 0.722926 2.59623 0.158312
1228 3417 0.723044 2.59623 0.158321
1229 3417 0.723093 2.59623 0.158302
1230 3418 0.723197 2.59623 0.158322
1231 3419 0.723017 2.59623 0.158306
1232 3423 0.72262 2.59623 0.158304
1233 3424 0.722671 2.59623 0.15832
1234 3424 0.722708 2.59623 0.158304
1235 3424 0.72297 2.59623 0.15829
1236 3424 0.723002 2.59623 0.158282
1237 3426 0.722928 2.59623 0.158267
1238 3426 0.723086 2.59623 0.158252
1239 3427 0.723159 2.59623 0.15825
1240 3428 0.723286 2.59623 0.158264
1241 3429 0.723536 2.59623 0.158261
1242 3431 0.723283 2.59623 0.158256
1243 3431 0.723301 2.59623 0.158268
1244 3432 0.723372 2.59623 0.15834
1245 3432 0.723708 2.59623 0.158324
1246 3434 0.723708 2.59623 0.158317
1247 3435 0.723765 2.59623 0.158285
1248 3435 0.723965 2.59623 0.15825
1249 3437 0.723799 2.59623 0.158261
1250 3437 0.723957 2.59623 0.158212
1251 3438 0.723885 2.59623 0.158219
1252 3438 0.723941 2.59623 0.158218
1253 3438 0.724013 2.59623 0.158216
1254 3440 0.724019 2.59623 0.15822
1255 3440 0.724031 2.59623 0.158161
1256 3440 0.724343 2.59623 0.158134
1257 3440 0.724418 2.59623 0.158124
1258 3441 0.724455 2.59623 0.158115
1259 3441 0.724541 2.59623 0.158164
1260 3443 0.724566 2.59623 0.158129
1261 3444 0.724617 2.59623 0.158093
1262 3444 0.724849 2.59623 0.158089
1263 3446 0.724902 2.59623 0.158092
1264 3447 0.724826 2.59623 0.158089
1265 3448 0.724921 2.59623 0.158101
1266 3448 0.72499 2.59623 0.158098
1267 3448 0.725116 2.59623 0.158097
1268 3448 0.725195 2.59623 0.158088
1269 3449 0.725031 2.59623 0.158075
1270 3449 0.725049 2.59623 0.158071
1271 3450 0.725175 2.59623 0.158114
1272 3451 0.72519 2.59623 0.158112
1273 3453 0.72509 2.59623 0.158108
1274 3453 0.725089 2.59623 0.158097
1275 3454 0.725217 2.59623 0.158078
1276 3454 0.72548 2.59623 0.158129
1277 3456 0.72552 2.59623 0.158104
1278 3457 0.725803 2.59623 0.158103
1279 3457 0.725837 2.59623 0.158077
1280 3458 0.725755 2.59623 0.158062
1281 3459 0.725714 2.59623 0.158074
1282 3459 0.725909 2.59623 0.158013
1283 3461 0.72585 2.59623 0.15802
1284 3462 0.726152 2.59623 0.157982
1285 3464 0.725985 2.59623 0.157997
1286 3464 0.72624 2.59623 0.157979
1287 3466 0.726242 2.59623 0.157975
1288 3468 0.726652 2.59623 0.158062
1289 3469 0.726858 2.59623 0.158056
1290 3469 0.726877 2.59623 0.158028
1291 3472 0.726516 2.59623 0.158042
1292 3472 0.726789 2.59623 0.158062
1293 3472 0.726923 2.59623 0.158062
1294 3473 0.727095 2.59623 0.15806
1295 3474 0.727085 2.59623 0.15801
1296 3475 0.727214 2.59623 0.158011
1297 3476 0.72718 2.59623 0.157977
1298 3476 0.727342 2.59623 0.157992
1299 3476 0.727461 2.59623 0.157967
1300 3478 0.727684 2.59623 0.157956
1301 3479 0.727686 2.59623 0.157972
1302 3481 0.727761 2.59623 0.158011
1303 3483 0.727682 2.59623 0.15798
1304 3484 0.727691 2.59623 0.15798
1305 3486 0.727556 2.59623 0.158001
1306 3488 0.727399 2.59623 0.157998
1307 3490 0.727479 2.59623 0.158022
1308 3491 0.727576 2.59623 0.158012
1309 3491 0.727637 2.59623 0.158
1310 3491 0.72772 2.59623 0.158017
1311 3493 0.727527 2.59623 0.158006
1312 3493 0.727614 2.59623 0.158006
1313 3495 0.727732 2.59623 0.157982
1314 3496 0.727825 2.59623 0.158007
1315 3497 0.72796 2.59623 0.15803
1316 3497 0.728102 2.59623 0.15804
1317 3497 0.728121 2.59623 0.158036
1318 3497 0.728142 2.59623 0.157996
1319 3497 0.728383 2.59623 0.157991
1320 3497 0.728539 2.59623 0.158033
1321 3498 0.728586 2.59623 0.158043
1322 3500 0.728501 2.59623 0.158039
1323 3501 0.728365 2.59623 0.158007
1324 3502 0.728319 2.59623 0.158024
1325 3502 0.728556 2.59623 0.158003
1326 3503 0.728414 2.59623 0.157991
1327 3504 0.728652 2.59623 0.15801
1328 3504 0.728832 2.59623 0.158073
1329 3504 0.729071 2.59623 0.15812
1330 3504 0.729181 2.59623 0.158118
1331 3506 0.729106 2.59623 0.158133
1332 3506 0.729338 2.59623 0.158097
1333 3507 0.729339 2.59623 0.158106
1334 3508 0.729353 2.59623 0.158083
1335 3508 0.729611 2.59623 0.158117
1336 3510 0.729623 2.59623 0.15809
1337 3510 0.729652 2.59623 0.158072
1338 3511 0.729946 2.59623 0.158031
1339 3512 0.730157 2.59623 0.158025
1340 3514 0.730224 2.59623 0.158016
1341 3514 0.730293 2.59623 0.158005
1342 3514 0.730309 2.59623 0.157989
1343 3514 0.730474 2.59623 0.158004
1344 3514 0.730613 2.59623 0.158
1345 3514 0.730633 2.59623 0.158003
1346 3514 0.730672 2.59623 0.158026
1347 3516 0.73041 2.59623 0.157969
1348 3516 0.730521 2.59623 0.157926
1349 3517 0.730448 2.59623 0.157934
1350 3518 0.730439 2.59623 0.157979
1351 3519 0.730431 2.59623 0.157929
1352 3520 0.730493 2.59623 0.15792
1353 3520 0.730739 2.59623 0.157972
1354 3522 0.730596 2.59623 0.157988
1355 3522 0.730638 2.59623 0.157993
1356 3523 0.730739 2.59623 0.158016
1357 3523 0.731146 2.59623 0.158011
1358 3524 0.730978 2.59623 0.157994
1359 3524 0.731117 2.59623 0.157988
1360 3525 0.731101 2.59623 0.157975
1361 3525 0.731427 2.59623 0.157949
1362 3525 0.731633 2.59623 0.157943
1363 3525 0.73163 2.59623 0.157916
1364 3526 0.731451 2.59623 0.157906
1365 3526 0.731692 2.59623 0.157943
1366 3528 0.731837 2.59623 0.157942
1367 3529 0.731976 2.59623 0.157915
1368 3530 0.731782 2.59623 0.15792
1369 3530 0.731895 2.59623 0.157956
1370 3531 0.731926 2.59623 0.158003
1371 3533 0.731838 2.59623 0.158032
1372 3536 0.731624 2.59623 0.157978
1373 3538 0.731506 2.59623 0.157977
1374 3539 0.731541 2.59623 0.15795
1375 3539 0.731573 2.59623 0.157907
1376 3539 0.731635 2.59623 0.157938
1377 3539 0.731782 2.59623 0.157914
1378 3539 0.732048 2.59623 0.157905
1379 3539 0.732297 2.59623 0.157905
1380 3541 0.732121 2.59623 0.157892
1381 3541 0.732238 2.59623 0.157932
1382 3541 0.732571 2.59623 0.157915
1383 3542 0.732513 2.59623 0.157918
1384 3542 0.732685 2.59623 0.157892
1385 3544 0.732668 2.59623 0.15787
1386 3544 0.733512 2.59623 0.157868
1387 3545 0.733547 2.59623 0.157881
1388 3545 0.733838 2.59623 0.157861
1389 3546 0.733895 2.59623 0.157889
1390 3546 0.734052 2.59623 0.157881
1391 3547 0.733969 2.59623 0.157867
1392 3547 0.734157 2.59623 0.157897
1393 3548 0.734235 2.59623 0.157891
1394 3548 0.734463 2.59623 0.157898
1395 3548 0.734609 2.59623 0.157872
1396 3548 0.73483 2.59623 0.157848
1397 3548 0.735006 2.59623 0.157851
1398 3548 0.735107 2.59623 0.15787
1399 3549 0.735004 2.59623 0.157863
1400 3549 0.735079 2.59623 0.157861
1401 3549 0.735185 2.59623 0.157864
1402 3550 0.73519 2.59623 0.157845
1403 3551 0.735125 2.59623 0.157855
1404 3551 0.735219 2.59623 0.157818
1405 3552 0.735411 2.59623 0.157825
1406 3552 0.735411 2.59623 0.157825
1407 3552 0.735583 2.59623 0.157855
1408 3552 0.735694 2.59623 0.157848
1409 3552 0.735827 2.59623 0.157845
1410 3552 0.73588 2.59623 0.15787
1411 3552 0.73612 2.59623 0.157848
1412 3552 0.736117 2.59623 0.157847
1413 3552 0.73621 2.59623 0.157858
1414 3552 0.736366 2.59623 0.157845
1415 3552 0.736439 2.59623 0.15786
1416 3553 0.73638 2.59623 0.157854
1417 3553 0.736478 2.59623 0.157875
1418 3554 0.736616 2.59623 0.157884
1419 3554 0.736952 2.59623 0.157876
1420 3556 0.736802 2.59623 0.157875
1421 3557 0.736849 2.59623 0.157888
1422 3557 0.73696 2.59623 0.157911
1423 3558 0.736823 2.59623 0.157909
1424 3558 0.737099 2.59623 0.1579
1425 3559 0.7372 2.59623 0.157938
1426 3561 0.737298 2.59623 0.157935
1427 3561 0.737327 2.59623 0.157932
1428 3562 0.737291 2.59623 0.157957
1429 3562 0.737477 2.59623 0.157954
1430 3562 0.737493 2.59623 0.157941
1431 3563 0.737496 2.59623 0.157906
1432 3564 0.737757 2.59623 0.157865
1433 3566 0.737589 2.59623 0.157855
1434 3566 0.737812 2.59623 0.157874
1435 3566 0.737865 2.59623 0.157859
1436 3566 0.737984 2.59623 0.157795
1437 3566 0.738007 2.59623 0.157808
1438 3566 0.738016 2.59623 0.157805
1439 3566 0.738119 2.59623 0.157828
1440 3566 0.738199 2.59623 0.157792
1441 3567 0.7384 2.59623 0.157836
1442 3568 0.738271 2.59623 0.157842
1443 3570 0.738753 2.59623 0.157781
1444 3570 0.738992 2.59623 0.157816
1445 3570 0.739521 2.59623 0.15778
1446 3571 0.739419 2.59623 0.157761
1447 3573 0.739283 2.59623 0.157737
1448 3575 0.739626 2.59623 0.15772
1449 3577 0.73965 2.59623 0.157726
1450 3577 0.739812 2.59623 0.157738
1451 3579 0.739875 2.59623 0.157722
1452 3579 0.740106 2.59623 0.157721
1453 3580 0.740095 2.59623 0.15771
1454 3580 0.740095 2.59623 0.15771
1455 3580 0.740164 2.59623 0.157711
1456 3580 0.740243 2.59623 0.157668
1457 3580 0.740559 2.59623 0.157641
1458 3580 0.740646 2.59623 0.157617
1459 3581 0.740663 2.59623 0.157614
1460 3582 0.740934 2.59623 0.157644
1461 3582 0.74112 2.59623 0.157601
1462 3585 0.741012 2.59623 0.157642
1463 3585 0.741319 2.59623 0.157653
1464 3586 0.741383 2.59623 0.157627
1465 3586 0.741528 2.59623 0.157633
1466 3587 0.741538 2.59623 0.157647
1467 3588 0.741679 2.59623 0.157653
1468 3588 0.741811 2.59623 0.157637
1469 3588 0.741813 2.59623 0.157632
1470 3590 0.741451 2.59623 0.157665
1471 3591 0.741348 2.59623 0.157674
1472 3592 0.741414 2.59623 0.157672
1473 3592 0.741464 2.59623 0.157678
1474 3592 0.74152 2.59623 0.157706
1475 3593 0.741384 2.59623 0.157691
1476 3593 0.741469 2.59623 0.157706
1477 3594 0.741329 2.59623 0.157747
1478 3594 0.741775 2.59623 0.15774
1479 3595 0.741657 2.59623 0.157738
1480 3596 0.741865 2.59623 0.157774
1481 3596 0.741861 2.59623 0.157741
1482 3598 0.741526 2.59623 0.157716
1483 3599 0.741726 2.59623 0.157687
1484 3599 0.741767 2.59623 0.157671
1485 3599 0.741873 2.59623 0.157664
1486 3599 0.742062 2.59623 0.157665
1487 3600 0.742023 2.59623 0.157666
1488 3600 0.742104 2.59623 0.157678
1489 3600 0.742138 2.59623 0.157628
1490 3600 0.742145 2.59623 0.157617
1491 3601 0.742123 2.59623 0.157642
1492 3601 0.742405 2.59623 0.157651
1493 3602 0.742389 2.59623 0.157642
1494 3603 0.742734 2.59623 0.157625
1495 3604 0.742809 2.59623 0.157626
1496 3604 0.74302 2.59623 0.157582
1497 3605 0.743149 2.59623 0.157558
1498 3605 0.743188 2.59623 0.157575
1499 3605 0.743411 2.59623 0.157586
1500 3606 0.743525 2.59623 0.157621
1501 3606 0.74361 2.59623 0.157661
1502 3606 0.74407 2.59623 0.157679
1503 3606 0.744136 2.59623 0.157675
1504 3606 0.744307 2.59623 0.157675
1505 3606 0.744332 2.59623 0.157664
1506 3606 0.74438 2.59623 0.157684
1507 3606 0.744479 2.59623 0.157681
1508 3607 0.744648 2.59623 0.157709
1509 3607 0.744774 2.59623 0.157718
1510 3607 0.744811 2.59623 0.157709
1511 3607 0.744955 2.59623 0.157708
1512 3607 0.745271 2.59623 0.15765
1513 3608 0.745322 2.59623 0.157626
1514 3608 0.745565 2.59623 0.157618
1515 3609 0.745954 2.59623 0.15766
1516 3610 0.746156 2.59623 0.157675
1517 3610 0.746187 2.59623 0.157671
1518 3612 0.746167 2.59623 0.157663
1519 3614 0.746183 2.59623 0.157647
1520 3614 0.746228 2.59623 0.157668
1521 3614 0.746252 2.59623 0.157673
1522 3616 0.746028 2.59623 0.157625
1523 3618 0.745753 2.59623 0.157608
1524 3618 0.745839 2.59623 0.157608
1525 3619 0.745901 2.59623 0.15755
1526 3619 0.745956 2.59623 0.157554
1527 3620 0.745983 2.59623 0.157545
1528 3622 0.745797 2.59623 0.157556
1529 3622 0.745845 2.59623 0.15754
1530 3622 0.746208 2.59623 0.157563
1531 3623 0.746135 2.59623 0.157554
1532 3623 0.746276 2.59623 0.15755
1533 3623 0.746317 2.59623 0.157571
1534 3623 0.746351 2.59623 0.157572
1535 3623 0.746471 2.59623 0.157566
1536 3623 0.746739 2.59623 0.157602
1537 3623 0.746853 2.59623 0.15757
1538 3623 0.746891 2.59623 0.157592
1539 3623 0.746983 2.59623 0.157569
1540 3623 0.74722 2.59623 0.157577
1541 3623 0.747384 2.59623 0.157562
1542 3623 0.747413 2.59623 0.157552
1543 3624 0.747559 2.59623 0.157549
1544 3625 0.747753 2.59623 0.157559
1545 3626 0.747794 2.59623 0.157555
1546 3626 0.74792 2.59623 0.157536
1547 3627 0.74797 2.59623 0.157513
1548 3627 0.748077 2.59623 0.15751
1549 3627 0.748224 2.59623 0.157548
1550 3627 0.748321 2.59623 0.157563
1551 3628 0.748141 2.59623 0.157575
1552 3628 0.7482 2.59623 0.157585
1553 3628 0.748198 2.59623 0.157571
1554 3628 0.748319 2.59623 0.157565
1555 3630 0.748177 2.59623 0.157533
1556 3630 0.748271 2.59623 0.157516
1557 3630 0.748441 2.59623 0.15754
1558 3630 0.748537 2.59623 0.157531
1559 3630 0.748537 2.59623 0.157531
1560 3630 0.74881 2.59623 0.157523
1561 3631 0.748691 2.59623 0.157503
1562 3633 0.748833 2.59623 0.157478
1563 3634 0.748825 2.59623 0.157441
1564 3636 0.748973 2.59623 0.157388
1565 3638 0.748963 2.59623 0.157397
1566 3639 0.748885 2.59623 0.157411
1567 3639 0.74897 2.59623 0.15739
1568 3639 0.749055 2.59623 0.157373
1569 3640 0.749139 2.59623 0.157385
1570 3640 0.749221 2.59623 0.157399
1571 3641 0.749232 2.59623 0.157413
1572 3641 0.749768 2.59623 0.157385
1573 3642 0.749848 2.59623 0.157429
1574 3643 0.749918 2.59623 0.157433
1575 3643 0.750014 2.59623 0.157424
1576 3643 0.75011 2.59623 0.157412
1577 3644 0.750097 2.59623 0.157436
1578 3644 0.75023 2.59623 0.157446
1579 3644 0.750296 2.59623 0.157416
1580 3644 0.750312 2.59623 0.157452
1581 3646 0.750138 2.59623 0.157406
1582 3646 0.750138 2.59623 0.157406
1583 3646 0.750592 2.59623 0.157425
1584 3646 0.750629 2.59623 0.157411
1585 3647 0.75056 2.59623 0.157423
1586 3647 0.750684 2.59623 0.157416
1587 3647 0.750713 2.59623 0.157429
1588 3649 0.750502 2.59623 0.157455
1589 3651 0.750396 2.59623 0.157413
1590 3651 0.750909 2.59623 0.157437
1591 3651 0.751038 2.59623 0.157489
1592 3651 0.751064 2.59623 0.157477
1593 3651 0.751153 2.59623 0.157454
1594 3652 0.751056 2.59623 0.157439
1595 3653 0.751028 2.59623 0.157425
1596 3655 0.750871 2.59623 0.157474
1597 3655 0.751011 2.59623 0.157465
1598 3656 0.751247 2.59623 0.157433
1599 3656 0.751279 2.59623 0.157439
1600 3656 0.751279 2.59623 0.157439
1601 3657 0.751523 2.59623 0.157433
1602 3657 0.751911 2.59623 0.157454
1603 3658 0.751783 2.59623 0.157462
1604 3659 0.751736 2.59623 0.157478
1605 3659 0.751778 2.59623 0.157452
1606 3659 0.751798 2.59623 0.157448
1607 3659 0.751802 2.59623 0.157416
1608 3659 0.751832 2.59623 0.157422
1609 3659 0.751916 2.59623 0.157422
1610 3660 0.751843 2.59623 0.157408
1611 3661 0.752037 2.59623 0.157387
1612 3663 0.751719 2.59623 0.157347
1613 3664 0.751762 2.59623 0.157365
1614 3664 0.751865 2.59623 0.157376
1615 3664 0.751954 2.59623 0.157372
1616 3665 0.752368 2.59623 0.157381
1617 3667 0.752234 2.59623 0.157338
1618 3667 0.752428 2.59623 0.157317
1619 3668 0.752442 2.59623 0.157373
1620 3669 0.752791 2.59623 0.157378
1621 3671 0.752642 2.59623 0.157359
1622 3672 0.752576 2.59623 0.157371
1623 3673 0.752498 2.59623 0.157389
1624 3674 0.752353 2.59623 0.157389
1625 3674 0.752411 2.59623 0.157387
1626 3675 0.75233 2.59623 0.157395
1627 3675 0.752506 2.59623 0.157367
1628 3675 0.752858 2.59623 0.157389
1629 3675 0.752847 2.59623 0.157385
1630 3675 0.753364 2.59623 0.157361
1631 3675 0.753413 2.59623 0.157372
1632 3675 0.75352 2.59623 0.157368
1633 3677 0.753538 2.59623 0.157399
1634 3677 0.753551 2.59623 0.157377
1635 3677 0.753657 2.59623 0.157401
1636 3678 0.753615 2.59623 0.157369
1637 3678 0.753644 2.59623 0.157366
1638 3678 0.753632 2.59623 0.157364
1639 3678 0.753667 2.59623 0.157345
1640 3680 0.75347 2.59623 0.15738
1641 3681 0.753469 2.59623 0.157369
1642 3682 0.753629 2.59623 0.157375
1643 3682 0.753739 2.59623 0.157378
1644 3683 0.753719 2.59623 0.157369
1645 3683 0.753969 2.59623 0.157382
1646 3683 0.754042 2.59623 0.15739
1647 3683 0.754263 2.59623 0.157438
1648 3685 0.754158 2.59623 0.15746
1649 3685 0.754333 2.59623 0.1575
1650 3685 0.75441 2.59623 0.15749
1651 3685 0.754433 2.59623 0.157501
1652 3685 0.754421 2.59623 0.157495
1653 3685 0.754487 2.59623 0.15751
1654 3685 0.754841 2.59623 0.157495
1655 3685 0.754927 2.59623 0.15749
1656 3685 0.755155 2.59623 0.157501
1657 3686 0.755221 2.59623 0.157511
1658 3686 0.755271 2.59623 0.157476
1659 3686 0.755281 2.59623 0.157459
1660 3687 0.755241 2.59623 0.157463
1661 3687 0.755256 2.59623 0.15747
1662 3687 0.755542 2.59623 0.157461
1663 3688 0.755447 2.59623 0.157463
1664 3688 0.755613 2.59623 0.157458
1665 3689 0.755701 2.59623 0.157447
1666 3690 0.755599 2.59623 0.157459
1667 3691 0.755538 2.59623 0.157462
1668 3691 0.755548 2.59623 0.157425
1669 3692 0.755473 2.59623 0.157426
1670 3692 0.75582 2.59623 0.157431
1671 3695 0.755653 2.59623 0.157439
1672 3695 0.755755 2.59623 0.157447
1673 3695 0.755983 2.59623 0.157491
1674 3696 0.756085 2.59623 0.15748
1675 3696 0.756092 2.59623 0.157475
1676 3697 0.756137 2.59623 0.157442
1677 3699 0.75588 2.59623 0.157458
1678 3700 0.755954 2.59623 0.157466
1679 3700 0.756062 2.59623 0.157444
1680 3700 0.756234 2.59623 0.157423
1681 3701 0.75658 2.59623 0.157451
1682 3701 0.756645 2.59623 0.157453
1683 3702 0.756694 2.59623 0.157463
1684 3702 0.756694 2.59623 0.157463
1685 3704 0.756646 2.59623 0.157447
1686 3705 0.756952 2.59623 0.157382
1687 3705 0.757152 2.59623 0.157385
1688 3705 0.757249 2.59623 0.157381
1689 3706 0.757257 2.59623 0.157335
1690 3706 0.757246 2.59623 0.157328
1691 3706 0.757326 2.59623 0.157319
1692 3706 0.757397 2.59623 0.157295
1693 3706 0.75748 2.59623 0.157306
1694 3706 0.757863 2.59623 0.157278
1695 3706 0.758103 2.59623 0.157252
1696 3706 0.758573 2.59623 0.157251
1697 3707 0.75895 2.59623 0.157228
1698 3707 0.759008 2.59623 0.15723
1699 3708 0.759277 2.59623 0.157145
1700 3708 0.759442 2.59623 0.157158
1701 3709 0.759467 2.59623 0.157162
1702 3710 0.759623 2.59623 0.157103
1703 3711 0.759679 2.59623 0.157098
1704 3713 0.759529 2.59623 0.157094
1705 3713 0.75956 2.59623 0.157114
1706 3713 0.759835 2.59623 0.157097
1707 3713 0.759825 2.59623 0.157092
1708 3715 0.759776 2.59623 0.157087
1709 3716 0.75982 2.59623 0.157074
1710 3717 0.759906 2.59623 0.157045
1711 3718 0.759844 2.59623 0.157048
1712 3718 0.759874 2.59623 0.157092
1713 3718 0.759965 2.59623 0.157051
1714 3718 0.760086 2.59623 0.15707
1715 3718 0.76016 2.59623 0.157071
1716 3718 0.760254 2.59623 0.157101
1717 3719 0.760239 2.59623 0.157122
1718 3719 0.76037 2.59623 0.157103
1719 3719 0.760678 2.59623 0.157116
1720 3719 0.760763 2.59623 0.157121
1721 3719 0.761106 2.59623 0.157105
1722 3720 0.761109 2.59623 0.157085
1723 3721 0.761193 2.59623 0.157095
1724 3722 0.761047 2.59623 0.157082
1725 3722 0.761281 2.59623 0.1571
1726 3722 0.761352 2.59623 0.157094
1727 3723 0.761265 2.59623 0.157089
1728 3723 0.761318 2.59623 0.157055
1729 3723 0.76131 2.59623 0.157041
1730 3723 0.761304 2.59623 0.157031
1731 3724 0.761188 2.59623 0.157033
1732 3724 0.761188 2.59623 0.157033
1733 3724 0.761307 2.59623 0.15704
1734 3724 0.761478 2.59623 0.157034
1735 3725 0.761392 2.59623 0.157036
1736 3727 0.761156 2.59623 0.157033
1737 3727 0.761158 2.59623 0.157026
1738 3727 0.761487 2.59623 0.157033
1739 3727 0.76162 2.59623 0.157037
1740 3727 0.761693 2.59623 0.156988
1741 3728 0.761664 2.59623 0.156977
1742 3729 0.761752 2.59623 0.156982
1743 3729 0.761931 2.59623 0.156946
1744 3729 0.762053 2.59623 0.156932
1745 3729 0.762199 2.59623 0.156899
1746 3730 0.762073 2.59623 0.156909
1747 3730 0.762184 2.59623 0.156912
1748 3731 0.762208 2.59623 0.156936
1749 3731 0.762541 2.59623 0.156943
1750 3731 0.76284 2.65347 0.15694
1751 3732 0.76286 2.65347 0.15698
1752 3732 0.762941 2.65347 0.157007
1753 3732 0.763009 2.65347 0.157023
1754 3732 0.763196 2.65347 0.157001
1755 3732 0.763258 2.65347 0.156964
1756 3732 0.763257 2.65347 0.156964
1757 3732 0.763299 2.65347 0.156937
1758 3733 0.763211 2.65347 0.156904
1759 3733 0.763298 2.65347 0.156928
1760 3733 0.763466 2.65347 0.156902
1761 3734 0.763589 2.65347 0.156904
1762 3735 0.763522 2.65347 0.156894
1763 3735 0.763537 2.65347 0.156885
1764 3736 0.763933 2.65347 0.156885
1765 3736 0.764122 2.65347 0.156855
1766 3736 0.764274 2.65347 0.156823
1767 3736 0.764283 2.65347 0.156814
1768 3739 0.764104 2.65347 0.15685
1769 3740 0.764191 2.65347 0.156812
1770 3740 0.764592 2.65347 0.156832
1771 3742 0.764702 2.65347 0.156808
1772 3742 0.764759 2.65347 0.156848
1773 3742 0.764807 2.65347 0.156869
1774 3744 0.764805 2.65347 0.156894
1775 3744 0.764969 2.65347 0.156892
1776 3745 0.764818 2.65347 0.15689
1777 3745 0.764852 2.65347 0.15689
1778 3746 0.764733 2.65347 0.156891
1779 3746 0.764789 2.65347 0.156887
1780 3746 0.764828 2.65347 0.156868
1781 3746 0.765052 2.65347 0.156846
1782 3748 0.765177 2.65347 0.156844
1783 3748 0.765247 2.65347 0.156835
1784 3748 0.765278 2.65347 0.156815
1785 3749 0.765395 2.65347 0.15679
1786 3750 0.765538 2.65347 0.156811
1787 3750 0.765688 2.65347 0.15682
1788 3750 0.765879 2.65347 0.156788
1789 3750 0.76605 2.65347 0.156764
1790 3752 0.765733 2.65347 0.156785
1791 3752 0.766013 2.65347 0.156751
1792 3752 0.766 2.65347 0.156728
1793 3753 0.765877 2.65347 0.156725
1794 3753 0.765982 2.65347 0.156735
1795 3753 0.766023 2.65347 0.156726
1796 3753 0.766122 2.65347 0.156739
1797 3753 0.766363 2.65347 0.156696
1798 3754 0.766393 2.65347 0.156698
1799 3755 0.766639 2.65347 0.156694
1800 3755 0.766834 2.65347 0.156669
1801 3756 0.76679 2.65347 0.156664
1802 3757 0.76679 2.65347 0.156621
1803 3757 0.766902 2.65347 0.156603
1804 3757 0.767089 2.65347 0.156599
1805 3757 0.767255 2.65347 0.15659
1806 3758 0.767257 2.65347 0.156598
1807 3759 0.767213 2.65347 0.156578
1808 3759 0.767351 2.65347 0.156567
1809 3759 0.767634 2.65347 0.156557
1810 3759 0.767687 2.65347 0.15658
1811 3759 0.767674 2.65347 0.156562
1812 3759 0.767671 2.65347 0.156552
1813 3761 0.767575 2.65347 0.156529
1814 3761 0.767967 2.65347 0.156523
1815 3761 0.767999 2.65347 0.156502
1816 3763 0.76782 2.65347 0.156527
1817 3764 0.767758 2.65347 0.156515
1818 3764 0.767739 2.65347 0.156494
1819 3765 0.767615 2.65347 0.156498
1820 3766 0.767467 2.65347 0.156516
1821 3766 0.767615 2.65347 0.156507
1822 3766 0.767843 2.65347 0.156514
1823 3766 0.76797 2.65347 0.156521
1824 3766 0.768075 2.65347 0.156529
1825 3766 0.768328 2.65347 0.156523
1826 3767 0.76821 2.65347 0.156535
1827 3767 0.768251 2.65347 0.156503
1828 3767 0.768416 2.65347 0.156505
1829 3767 0.768537 2.65347 0.156522
1830 3767 0.768638 2.65347 0.156525
1831 3767 0.768688 2.65347 0.156528
1832 3767 0.768849 2.65347 0.15654
1833 3767 0.768924 2.65347 0.156548
1834 3767 0.769032 2.65347 0.156524
1835 3768 0.768938 2.65347 0.156552
1836 3768 0.76902 2.65347 0.156521
1837 3769 0.768997 2.65347 0.156493
1838 3770 0.768932 2.65347 0.156472
1839 3770 0.769222 2.65347 0.156452
1840 3770 0.769242 2.65347 0.156447
1841 3770 0.769454 2.65347 0.156461
1842 3770 0.769578 2.65347 0.156414
1843 3770 0.769917 2.65347 0.156438
1844 3770 0.770205 2.65347 0.156403
1845 3770 0.770205 2.65347 0.156403
1846 3771 0.770252 2.65347 0.156356
1847 3771 0.770258 2.65347 0.156338
1848 3771 0.770261 2.65347 0.15633
1849 3772 0.770216 2.65347 0.156337
1850 3772 0.770295 2.65347 0.1563
1851 3772 0.7704 2.65347 0.156322
1852 3772 0.770389 2.65347 0.156317
1853 3774 0.770566 2.65347 0.156317
1854 3774 0.770748 2.65347 0.156305
1855 3774 0.770766 2.65347 0.156301
1856 3775 0.770989 2.65347 0.156314
1857 3775 0.770989 2.65347 0.156302
1858 3775 0.771057 2.65347 0.15628
1859 3776 0.770968 2.65347 0.156266
1860 3776 0.771052 2.65347 0.156247
1861 3776 0.771195 2.65347 0.156251
1862 3777 0.771249 2.65347 0.156263
1863 3777 0.77134 2.65347 0.156247
1864 3778 0.771501 2.65347 0.15624
1865 3779 0.771563 2.65347 0.156197
1866 3781 0.771697 2.65347 0.156181
1867 3783 0.771593 2.65347 0.15616
1868 3784 0.771844 2.65347 0.156146
1869 3784 0.771844 2.65347 0.156146
1870 3784 0.771963 2.65347 0.156149
1871 3784 0.772108 2.65347 0.156159
1872 3786 0.772255 2.65347 0.156154
1873 3786 0.772385 2.65347 0.156119
1874 3786 0.772452 2.65347 0.156125
1875 3786 0.772515 2.65347 0.156128
1876 3787 0.772543 2.65347 0.156121
1877 3787 0.772643 2.65347 0.156163
1878 3787 0.772906 2.65347 0.156174
1879 3788 0.772852 2.65347 0.156177
1880 3788 0.772918 2.65347 0.156166
1881 3788 0.773032 2.65347 0.156172
1882 3789 0.772933 2.65347 0.156202
1883 3789 0.772998 2.65347 0.15619
1884 3789 0.773149 2.65347 0.156185
1885 3789 0.773505 2.65347 0.156154
1886 3789 0.773592 2.65347 0.156179
1887 3789 0.773647 2.65347 0.156147
1888 3790 0.773558 2.65347 0.156159
1889 3790 0.773583 2.65347 0.156156
1890 3791 0.773546 2.65347 0.156132
1891 3791 0.773582 2.65347 0.156132
1892 3793 0.77331 2.65347 0.156125
1893 3794 0.773306 2.65347 0.156094
1894 3794 0.773558 2.65347 0.156071
1895 3795 0.77349 2.65347 0.156076
1896 3795 0.773682 2.65347 0.156103
1897 3796 0.773896 2.65347 0.156134
1898 3796 0.774032 2.65347 0.156151
1899 3796 0.774146 2.65347 0.156115
1900 3796 0.774249 2.65347 0.156086
1901 3796 0.774403 2.65347 0.156092
1902 3796 0.774438 2.65347 0.156108
1903 3797 0.77459 2.65347 0.156109
1904 3798 0.774514 2.65347 0.156102
1905 3798 0.774533 2.65347 0.156106
1906 3799 0.774508 2.65347 0.156079
1907 3799 0.774554 2.65347 0.156059
1908 3800 0.774541 2.65347 0.156074
1909 3801 0.774515 2.65347 0.156103
1910 3802 0.774442 2.65347 0.1561
1911 3802 0.774743 2.65347 0.156094
1912 3802 0.77482 2.65347 0.156102
1913 3803 0.775176 2.65347 0.156045
1914 3805 0.775117 2.65347 0.15604
1915 3805 0.77512 2.65347 0.156017
1916 3805 0.77531 2.65347 0.15601
1917 3806 0.775315 2.65347 0.156012
1918 3807 0.775131 2.65347 0.156011
1919 3810 0.774877 2.65347 0.155992
1920 3811 0.774883 2.65347 0.155983
1921 3812 0.774878 2.65347 0.155995
1922 3812 0.774891 2.65347 0.155991
1923 3812 0.775098 2.65347 0.155995
1924 3812 0.775178 2.65347 0.155993
1925 3812 0.775283 2.65347 0.155974
1926 3812 0.775346 2.65347 0.155961
1927 3812 0.775459 2.65347 0.155935
1928 3813 0.775418 2.65347 0.155945
1929 3814 0.775391 2.65347 0.155942
1930 3814 0.775499 2.65347 0.155949
1931 3815 0.775531 2.65347 0.155948
1932 3816 0.775567 2.65347 0.155956
1933 3816 0.775711 2.65347 0.155943
1934 3816 0.77578 2.65347 0.155939
1935 3816 0.775988 2.65347 0.155934
1936 3816 0.776142 2.65347 0.155982
1937 3817 0.776123 2.65347 0.15597
1938 3817 0.776208 2.65347 0.156021
1939 3818 0.776534 2.65347 0.156075
1940 3818 0.776557 2.65347 0.156048
1941 3819 0.776807 2.65347 0.156041
1942 3819 0.776832 2.65347 0.156015
1943 3819 0.776884 2.65347 0.156006
1944 3819 0.7769 2.65347 0.155999
1945 3819 0.77704 2.65347 0.156022
1946 3820 0.777057 2.65347 0.156042
1947 3820 0.777226 2.65347 0.156028
1948 3821 0.777639 2.65347 0.155994
1949 3821 0.777763 2.65347 0.155948
1950 3822 0.777608 2.65347 0.155966
1951 3822 0.777737 2.65347 0.155959
1952 3822 0.777776 2.65347 0.15596
1953 3824 0.777867 2.65347 0.155924
1954 3825 0.777906 2.65347 0.155956
1955 3825 0.778027 2.65347 0.155958
1956 3825 0.77813 2.65347 0.155953
1957 3825 0.778157 2.65347 0.155948
1958 3825 0.778396 2.65347 0.155969
1959 3825 0.778407 2.65347 0.155956
1960 3826 0.778328 2.65347 0.155972
1961 3826 0.778446 2.65347 0.155979
1962 3827 0.77858 2.65347 0.15596
1963 3827 0.778629 2.65347 0.155952
1964 3828 0.778633 2.65347 0.155954
1965 3830 0.778519 2.65347 0.156025
1966 3830 0.778558 2.65347 0.156028
1967 3830 0.778733 2.65347 0.15603
1968 3830 0.778731 2.65347 0.156028
1969 3830 0.778868 2.65347 0.155973
1970 3830 0.778947 2.65347 0.155983
1971 3830 0.77918 2.65347 0.155965
1972 3830 0.779249 2.65347 0.155963
1973 3830 0.779387 2.65347 0.155907
1974 3831 0.779409 2.65347 0.155928
1975 3834 0.778989 2.65347 0.155925
1976 3835 0.77898 2.65347 0.155898
1977 3835 0.779052 2.65347 0.155882
1978 3836 0.778919 2.65347 0.155909
1979 3836 0.778974 2.65347 0.155907
1980 3836 0.779015 2.65347 0.155899
1981 3837 0.779011 2.65347 0.155914
1982 3837 0.779031 2.65347 0.155913
1983 3838 0.778977 2.65347 0.15592
1984 3839 0.779029 2.65347 0.155904
1985 3839 0.779106 2.65347 0.155887
1986 3840 0.778956 2.65347 0.155892
1987 3840 0.779093 2.65347 0.155899
1988 3840 0.779093 2.65347 0.155899
1989 3841 0.778994 2.65347 0.155928
1990 3842 0.779269 2.65347 0.155914
1991 3842 0.779342 2.65347 0.155923
1992 3842 0.779683 2.65347 0.155933
1993 3842 0.779818 2.65347 0.155946
1994 3842 0.779953 2.65347 0.155947
1995 3842 0.780062 2.65347 0.155956
1996 3842 0.780077 2.65347 0.155964
1997 3842 0.780224 2.65347 0.155946
1998 3842 0.780325 2.65347 0.155954
1999 3842 0.780327 2.65347 0.155951
2000 3842 0.780546 2.65347 0.155927
2001 3842 0.780579 2.65347 0.155935
2002 3842 0.7807 2.65347 0.155934
2003 3842 0.780939 2.65347 0.155922
2004 3842 0.781009 2.65347 0.155949
2005 3844 0.780915 2.65347 0.155972
2006 3844 0.780984 2.65347 0.155994
2007 3844 0.781053 2.65347 0.155975
2008 3844 0.781147 2.65347 0.155978
2009 3846 0.781146 2.65347 0.155943
2010 3846 0.781202 2.65347 0.155945
2011 3847 0.781083 2.65347 0.155933
2012 3847 0.781074 2.65347 0.155922
2013 3849 0.780941 2.65347 0.155924
2014 3849 0.781015 2.65347 0.155933
2015 3849 0.781015 2.65347 0.155933
2016 3849 0.781021 2.65347 0.155925
2017 3851 0.780936 2.65347 0.155955
2018 3851 0.781057 2.65347 0.155942
2019 3853 0.780912 2.65347 0.155929
2020 3853 0.781038 2.65347 0.155938
2021 3853 0.78108 2.65347 0.155921
2022 3853 0.78113 2.65347 0.155922
2023 3853 0.781141 2.65347 0.155914
2024 3853 0.781146 2.65347 0.155914
2025 3853 0.781264 2.65347 0.155926
2026 3854 0.781629 2.65347 0.155899
2027 3854 0.781706 2.65347 0.155889
2028 3854 0.78185 2.65347 0.155883
2029 3854 0.782049 2.65347 0.155899
2030 3854 0.782268 2.65347 0.155897
2031 3854 0.782517 2.65347 0.155881
2032 3856 0.782692 2.65347 0.155869
2033 3856 0.782741 2.65347 0.155867
2034 3856 0.782822 2.65347 0.155866
2035 3856 0.782822 2.65347 0.155866
2036 3856 0.782835 2.65347 0.155871
2037 3857 0.782678 2.65347 0.155877
2038 3857 0.782776 2.65347 0.155861
2039 3857 0.782883 2.65347 0.155851
2040 3857 0.782906 2.65347 0.155854
2041 3857 0.78291 2.65347 0.155838
2042 3857 0.78299 2.65347 0.155846
2043 3857 0.783036 2.65347 0.155831
2044 3857 0.783036 2.65347 0.1558
2045 3858 0.782927 2.65347 0.155812
2046 3858 0.782932 2.65347 0.155808
2047 3858 0.783084 2.65347 0.155781
2048 3858 0.783136 2.65347 0.155788
2049 3858 0.78316 2.65347 0.155774
2050 3858 0.783393 2.65347 0.155764
2051 3858 0.783512 2.65347 0.155767
2052 3858 0.783532 2.65347 0.15573
2053 3859 0.783458 2.65347 0.155742
2054 3859 0.783635 2.65347 0.155711
2055 3859 0.783774 2.65347 0.155727
2056 3859 0.783887 2.65347 0.155714
2057 3859 0.784081 2.65347 0.155687
2058 3859 0.784188 2.65347 0.155685
2059 3859 0.784261 2.65347 0.1557
2060 3859 0.78432 2.65347 0.155696
2061 3859 0.784341 2.65347 0.155701
2062 3859 0.784425 2.65347 0.155704
2063 3860 0.784372 2.65347 0.155717
2064 3860 0.78439 2.65347 0.15572
2065 3860 0.784437 2.65347 0.155701
2066 3860 0.784541 2.65347 0.155711
2067 3860 0.784646 2.65347 0.155719
2068 3860 0.784718 2.65347 0.155688
2069 3860 0.78489 2.65347 0.155663
2070 3861 0.785199 2.65347 0.155629
2071 3861 0.785439 2.65347 0.155628
2072 3861 0.785465 2.65347 0.155621
2073 3861 0.785597 2.65347 0.155602
2074 3861 0.785587 2.65347 0.155595
2075 3861 0.785679 2.65347 0.155605
2076 3861 0.78587 2.65347 0.155568
2077 3862 0.785985 2.65347 0.155553
2078 3862 0.786075 2.65347 0.155559
2079 3862 0.786173 2.65347 0.155571
2080 3862 0.786219 2.65347 0.155567
2081 3862 0.786216 2.65347 0.155564
2082 3863 0.78621 2.65347 0.155564
2083 3863 0.786268 2.65347 0.155566
2084 3863 0.78631 2.65347 0.155525
2085 3863 0.786548 2.65347 0.155545
2086 3864 0.786385 2.65347 0.155532
2087 3864 0.786385 2.65347 0.155532
2088 3865 0.78651 2.65347 0.155522
2089 3865 0.786501 2.65347 0.155522
2090 3865 0.786535 2.65347 0.155522
2091 3865 0.786741 2.65347 0.155521
2092 3866 0.786683 2.65347 0.155541
2093 3866 0.786811 2.65347 0.155506
2094 3866 0.786827 2.65347 0.155522
2095 3866 0.786846 2.65347 0.155534
2096 3866 0.78691 2.65347 0.155518
2097 3866 0.786961 2.65347 0.155466
2098 3866 0.786978 2.65347 0.155464
2099 3867 0.786994 2.65347 0.155459
2100 3867 0.787036 2.65347 0.155444
2101 3867 0.787077 2.65347 0.155433
2102 3867 0.787119 2.65347 0.155435
2103 3868 0.787072 2.65347 0.155457
2104 3868 0.787612 2.65347 0.155469
2105 3869 0.787502 2.65347 0.155466
2106 3869 0.787705 2.65347 0.155453
2107 3870 0.787524 2.65347 0.155443
2108 3870 0.787585 2.65347 0.155451
2109 3870 0.787713 2.65347 0.155448
2110 3870 0.787732 2.65347 0.155462
2111 3870 0.787778 2.65347 0.155473
2112 3871 0.787815 2.65347 0.15546
2113 3871 0.787881 2.65347 0.155466
2114 3871 0.788184 2.65347 0.155442
2115 3872 0.788202 2.65347 0.155448
2116 3872 0.788287 2.65347 0.155418
2117 3872 0.78866 2.65347 0.155408
2118 3872 0.788689 2.65347 0.155419
2119 3873 0.788623 2.65347 0.155408
2120 3873 0.788847 2.65347 0.155427
2121 3873 0.788853 2.65347 0.155416
2122 3873 0.788843 2.65347 0.155416
2123 3873 0.788854 2.65347 0.155411
2124 3873 0.78894 2.65347 0.155417
2125 3874 0.788965 2.65347 0.155461
2126 3874 0.789074 2.65347 0.155449
2127 3875 0.788995 2.65347 0.155447
2128 3875 0.789071 2.65347 0.155455
2129 3876 0.788896 2.65347 0.155464
2130 3876 0.788936 2.65347 0.155474
2131 3876 0.788936 2.65347 0.155474
2132 3876 0.788979 2.65347 0.155466
2133 3877 0.788852 2.65347 0.155445
2134 3878 0.788813 2.65347 0.155453
2135 3878 0.789096 2.65347 0.155422
2136 3878 0.789118 2.65347 0.155434
2137 3879 0.788994 2.65347 0.155417
2138 3880 0.789068 2.65347 0.155363
2139 3880 0.789103 2.65347 0.15535
2140 3881 0.789011 2.65347 0.155363
2141 3881 0.7891 2.65347 0.155371
2142 3882 0.78931 2.65347 0.155365
2143 3882 0.789417 2.65347 0.15536
2144 3882 0.789669 2.65347 0.15535
2145 3882 0.789696 2.65347 0.155347
2146 3882 0.789865 2.65347 0.155369
2147 3882 0.789955 2.65347 0.15538
2148 3882 0.790426 2.65347 0.155381
2149 3883 0.790464 2.65347 0.155392
2150 3883 0.790501 2.65347 0.155371
2151 3883 0.790706 2.65347 0.155417
2152 3883 0.790721 2.65347 0.155402
2153 3884 0.790965 2.65347 0.155364
2154 3884 0.79129 2.65347 0.155382
2155 3884 0.79134 2.65347 0.155389
2156 3884 0.791473 2.65347 0.155414
2157 3884 0.791548 2.65347 0.155412
2158 3884 0.791568 2.65347 0.155415
2159 3884 0.791635 2.65347 0.155429
2160 3885 0.791843 2.65347 0.155387
2161 3886 0.791872 2.65347 0.155443
2162 3887 0.791697 2.65347 0.15544
2163 3887 0.79183 2.65347 0.155436
2164 3887 0.791822 2.65347 0.155435
2165 3888 0.791733 2.65347 0.155436
2166 3888 0.791765 2.65347 0.155434
2167 3888 0.79198 2.65347 0.155462
2168 3888 0.792 2.65347 0.155457
2169 3888 0.792 2.65347 0.155457
2170 3889 0.791873 2.65347 0.155467
2171 3889 0.791871 2.65347 0.155465
2172 3889 0.791937 2.65347 0.15546
2173 3890 0.791885 2.65347 0.155473
2174 3890 0.791944 2.65347 0.155464
2175 3890 0.79214 2.65347 0.155453
2176 3890 0.792437 2.65347 0.155434
2177 3890 0.792536 2.65347 0.155442
2178 3891 0.792493 2.65347 0.15543
2179 3892 0.792412 2.65347 0.155423
2180 3893 0.792445 2.65347 0.155411
2181 3893 0.792473 2.65347 0.155414
2182 3893 0.792509 2.65347 0.155417
2183 3893 0.792824 2.65347 0.155445
2184 3893 0.792938 2.65347 0.15545
2185 3893 0.792963 2.65347 0.155446
2186 3893 0.792945 2.65347 0.15542
2187 3894 0.792814 2.65347 0.155422
2188 3894 0.792861 2.65347 0.155428
2189 3894 0.792918 2.65347 0.155451
2190 3894 0.792983 2.65347 0.15543
2191 3894 0.792992 2.65347 0.15541
2192 3895 0.792818 2.65347 0.15541
2193 3895 0.792919 2.65347 0.155375
2194 3895 0.792988 2.65347 0.155362
2195 3896 0.792966 2.65347 0.155378
2196 3896 0.793118 2.65347 0.15534
2197 3897 0.792984 2.65347 0.155342
2198 3897 0.792978 2.65347 0.155339
2199 3897 0.793007 2.65347 0.155337
2200 3899 0.792802 2.65347 0.155361
2201 3899 0.793013 2.65347 0.155373
2202 3899 0.793044 2.65347 0.155394
2203 3899 0.793072 2.65347 0.155415
2204 3899 0.793068 2.65347 0.155413
2205 3899 0.793193 2.65347 0.155418
2206 3899 0.793323 2.65347 0.155419
2207 3899 0.793438 2.65347 0.155397
2208 3901 0.793588 2.65347 0.155319
2209 3901 0.793629 2.65347 0.155347
2210 3901 0.793644 2.65347 0.155348
2211 3901 0.793644 2.65347 0.155348
2212 3901 0.793738 2.65347 0.155377
2213 3901 0.793738 2.65347 0.155377
2214 3901 0.793745 2.65347 0.155363
2215 3901 0.793745 2.65347 0.155363
2216 3901 0.793767 2.65347 0.155356
2217 3901 0.793901 2.65347 0.155358
2218 3901 0.794 2.65347 0.155369
2219 3901 0.794014 2.65347 0.155386
2220 3901 0.794017 2.65347 0.155383
2221 3903 0.794069 2.65347 0.155422
2222 3903 0.794498 2.65347 0.155408
2223 3904 0.794527 2.65347 0.155444
2224 3904 0.794589 2.65347 0.155413
2225 3904 0.79462 2.65347 0.155432
2226 3905 0.794696 2.65347 0.155441
2227 3905 0.794762 2.65347 0.155415
2228 3905 0.79486 2.65347 0.155398
2229 3906 0.794851 2.65347 0.155385
2230 3909 0.794664 2.65347 0.155371
2231 3909 0.794722 2.65347 0.155367
2232 3909 0.794724 2.65347 0.155356
2233 3909 0.794768 2.65347 0.155379
2234 3910 0.794741 2.65347 0.155336
2235 3910 0.794799 2.65347 0.155339
2236 3911 0.794856 2.65347 0.155324
2237 3911 0.795025 2.65347 0.155365
2238 3913 0.794851 2.65347 0.155365
2239 3913 0.79486 2.65347 0.155364
2240 3913 0.794967 2.65347 0.155362
2241 3913 0.795098 2.65347 0.155362
2242 3913 0.795098 2.65347 0.155362
2243 3914 0.794973 2.65347 0.155375
2244 3914 0.795033 2.65347 0.155391
2245 3914 0.795033 2.65347 0.155391
2246 3914 0.795152 2.65347 0.155391
2247 3914 0.795258 2.65347 0.155376
2248 3916 0.7954 2.65347 0.15537
2249 3916 0.795418 2.65347 0.155393
2250 3916 0.795444 2.65347 0.155388
2251 3916 0.795611 2.65347 0.155398
2252 3916 0.795611 2.65347 0.155398
2253 3916 0.795653 2.65347 0.15539
2254 3916 0.795745 2.65347 0.155412
2255 3917 0.795726 2.65347 0.155427
2256 3917 0.795935 2.65347 0.155444
2257 3917 0.795926 2.65347 0.155445
2258 3917 0.795947 2.65347 0.155447
2259 3918 0.795957 2.65347 0.155466
2260 3919 0.795975 2.65347 0.155493
2261 3919 0.796167 2.65347 0.15547
2262 3920 0.79612 2.65347 0.155467
2263 3921 0.796131 2.65347 0.155455
2264 3921 0.796273 2.65347 0.155489
2265 3922 0.796432 2.65347 0.155462
2266 3922 0.796504 2.65347 0.155434
2267 3923 0.796742 2.65347 0.155379
2268 3923 0.796724 2.65347 0.155365
2269 3923 0.796748 2.65347 0.15537
2270 3923 0.796748 2.65347 0.15537
2271 3923 0.796754 2.65347 0.155362
2272 3923 0.796862 2.65347 0.155373
2273 3923 0.797081 2.65347 0.155389
2274 3923 0.797081 2.65347 0.155389
2275 3923 0.797172 2.65347 0.155386
2276 3923 0.797216 2.65347 0.155395
2277 3924 0.797099 2.65347 0.155401
2278 3925 0.796998 2.65347 0.155401
2279 3926 0.796932 2.65347 0.155408
2280 3926 0.796926 2.65347 0.155388
2281 3926 0.797037 2.65347 0.155382
2282 3926 0.79725 2.65347 0.155422
2283 3926 0.797403 2.65347 0.155451
2284 3926 0.797411 2.65347 0.155423
2285 3927 0.797281 2.65347 0.155356
2286 3927 0.797281 2.65347 0.155356
2287 3927 0.797303 2.65347 0.155356
2288 3930 0.796954 2.65347 0.155341
2289 3931 0.79695 2.65347 0.155348
2290 3931 0.796966 2.65347 0.155324
2291 3931 0.797016 2.65347 0.155311
2292 3932 0.796892 2.65347 0.155299
2293 3932 0.796905 2.65347 0.155308
2294 3933 0.796944 2.65347 0.155309
2295 3933 0.797082 2.65347 0.15532
2296 3933 0.797097 2.65347 0.155337
2297 3934 0.79706 2.65347 0.155353
2298 3935 0.797053 2.65347 0.15536
2299 3936 0.797337 2.65347 0.155297
2300 3936 0.797678 2.65347 0.155312
2301 3937 0.797718 2.65347 0.155322
2302 3938 0.79781 2.65347 0.155325
2303 3938 0.798037 2.65347 0.15531
2304 3938 0.798066 2.65347 0.155285
2305 3938 0.798131 2.65347 0.155284
2306 3938 0.798173 2.65347 0.155303
2307 3938 0.798206 2.65347 0.155286
2308 3938 0.798206 2.65347 0.155286
2309 3938 0.798396 2.65347 0.15526
2310 3938 0.798451 2.65347 0.155247
2311 3939 0.798469 2.65347 0.155251
2312 3940 0.798527 2.65347 0.15524
2313 3940 0.798539 2.65347 0.15523
2314 3941 0.798485 2.65347 0.15522
2315 3941 0.798502 2.65347 0.155213
2316 3942 0.79849 2.65347 0.155213
2317 3942 0.798478 2.65347 0.15521
2318 3942 0.798603 2.65347 0.155192
2319 3942 0.798715 2.65347 0.155195
2320 3942 0.798798 2.65347 0.155215
2321 3942 0.798888 2.65347 0.155209
2322 3942 0.798915 2.65347 0.1552
2323 3942 0.799099 2.65347 0.155193
2324 3942 0.799147 2.65347 0.155176
2325 3942 0.799177 2.65347 0.155181
2326 3942 0.799177 2.65347 0.155181
2327 3942 0.79925 2.65347 0.15517
2328 3942 0.799383 2.65347 0.155125
2329 3942 0.799599 2.65347 0.155121
2330 3943 0.799681 2.65347 0.155091
2331 3943 0.799768 2.65347 0.155087
2332 3943 0.799787 2.65347 0.155121
2333 3943 0.799913 2.65347 0.155074
2334 3944 0.80001 2.65347 0.155038
2335 3945 0.800061 2.65347 0.155052
2336 3945 0.800088 2.65347 0.155051
2337 3945 0.800112 2.65347 0.155055
2338 3945 0.800253 2.65347 0.155033
2339 3947 0.800131 2.65347 0.155039
2340 3948 0.800081 2.65347 0.15506
2341 3948 0.800213 2.65347 0.155063
2342 3948 0.800339 2.65347 0.155091
2343 3948 0.800425 2.65347 0.155066
2344 3948 0.800445 2.65347 0.155058
2345 3949 0.800444 2.65347 0.155055
2346 3949 0.800568 2.65347 0.155042
2347 3949 0.800556 2.65347 0.155027
2348 3949 0.800777 2.65347 0.15502
2349 3950 0.80065 2.65347 0.155025
2350 3950 0.800656 2.65347 0.15502
2351 3950 0.800703 2.65347 0.155032
2352 3950 0.800753 2.65347 0.155033
2353 3950 0.800766 2.65347 0.155033
2354 3950 0.800954 2.65347 0.155024
2355 3952 0.800786 2.65347 0.155086
2356 3953 0.800675 2.65347 0.155072
2357 3953 0.800725 2.65347 0.15508
2358 3953 0.80074 2.65347 0.155062
2359 3953 0.800897 2.65347 0.155045
2360 3953 0.801065 2.65347 0.155068
2361 3953 0.801095 2.65347 0.155072
2362 3954 0.800991 2.65347 0.155014
2363 3954 0.801023 2.65347 0.155005
2364 3954 0.801069 2.65347 0.155003
2365 3955 0.801158 2.65347 0.155002
2366 3956 0.801038 2.65347 0.155007
2367 3956 0.801045 2.65347 0.155006
2368 3956 0.801077 2.65347 0.154984
2369 3956 0.801172 2.65347 0.15496
2370 3957 0.800997 2.65347 0.154963
2371 3957 0.80101 2.65347 0.154961
2372 3957 0.801008 2.65347 0.154951
2373 3957 0.80109 2.65347 0.15496
2374 3957 0.801114 2.65347 0.154969
2375 3957 0.801115 2.65347 0.154965
2376 3957 0.801115 2.65347 0.154965
2377 3957 0.801188 2.65347 0.154976
2378 3957 0.801253 2.65347 0.154996
2379 3958 0.801129 2.65347 0.154961
2380 3958 0.80126 2.65347 0.154962
2381 3958 0.801301 2.65347 0.154976
2382 3958 0.801412 2.65347 0.15499
2383 3958 0.801501 2.65347 0.154994
2384 3959 0.801551 2.65347 0.155011
2385 3959 0.801601 2.65347 0.154996
2386 3959 0.801703 2.65347 0.15505
2387 3960 0.801579 2.65347 0.155046
2388 3960 0.80157 2.65347 0.155011
2389 3960 0.801861 2.65347 0.155021
2390 3961 0.801936 2.65347 0.155034
2391 3961 0.80217 2.65347 0.155034
2392 3961 0.802251 2.65347 0.155013
2393 3961 0.802289 2.65347 0.155014
2394 3961 0.802291 2.65347 0.155013
2395 3963 0.80214 2.65347 0.155019
2396 3963 0.802185 2.65347 0.155009
2397 3963 0.802191 2.65347 0.155006
2398 3963 0.802222 2.65347 0.154996
2399 3963 0.80226 2.65347 0.154991
2400 3963 0.802268 2.65347 0.154991
2401 3963 0.802541 2.71542 0.154994
2402 3963 0.802702 2.71542 0.155015
2403 3963 0.802702 2.71542 0.155015
2404 3963 0.802987 2.71542 0.155057
2405 3963 0.803001 2.71542 0.155067
2406 3963 0.803157 2.71542 0.155084
2407 3963 0.803161 2.71542 0.155041
2408 3964 0.803041 2.71542 0.155039
2409 3965 0.802937 2.71542 0.155036
2410 3965 0.803 2.71542 0.155047
2411 3965 0.803067 2.71542 0.155014
2412 3966 0.803013 2.71542 0.155018
2413 3966 0.803229 2.71542 0.154985
2414 3967 0.80312 2.71542 0.154986
2415 3967 0.803149 2.71542 0.154983
2416 3967 0.803228 2.71542 0.154946
2417 3968 0.803267 2.71542 0.154948
2418 3968 0.803348 2.71542 0.154931
2419 3969 0.803324 2.71542 0.154936
2420 3969 0.80333 2.71542 0.154923
2421 3970 0.803684 2.71542 0.154927
2422 3970 0.803729 2.71542 0.154933
2423 3971 0.803643 2.71542 0.154937
2424 3972 0.803635 2.71542 0.154948
2425 3973 0.803625 2.71542 0.154922
2426 3975 0.803462 2.71542 0.154912
2427 3975 0.80358 2.71542 0.154905
2428 3975 0.803782 2.71542 0.154901
2429 3976 0.803824 2.71542 0.154885
2430 3976 0.803878 2.71542 0.154889
2431 3976 0.8039 2.71542 0.154888
2432 3977 0.80387 2.71542 0.154852
2433 3977 0.80386 2.71542 0.154842
2434 3977 0.80404 2.71542 0.154842
2435 3977 0.804149 2.71542 0.154845
2436 3977 0.804201 2.71542 0.154859
2437 3977 0.804229 2.71542 0.154858
2438 3977 0.804279 2.71542 0.154843
2439 3977 0.804311 2.71542 0.154827
2440 3977 0.804546 2.71542 0.154829
2441 3978 0.804477 2.71542 0.154823
2442 3978 0.80456 2.71542 0.154858
2443 3978 0.804959 2.71542 0.15482
2444 3978 0.805225 2.71542 0.154795
2445 3979 0.805251 2.71542 0.154796
2446 3980 0.805172 2.71542 0.15478
2447 3980 0.80526 2.71542 0.154792
2448 3980 0.80526 2.71542 0.154792
2449 3982 0.805194 2.71542 0.154769
2450 3982 0.805269 2.71542 0.154786
2451 3982 0.805253 2.71542 0.154769
2452 3984 0.805116 2.71542 0.154751
2453 3984 0.805138 2.71542 0.154755
2454 3984 0.805193 2.71542 0.154752
2455 3985 0.80513 2.71542 0.154741
2456 3985 0.805427 2.71542 0.154743
2457 3985 0.805582 2.71542 0.154723
2458 3985 0.805914 2.71542 0.154699
2459 3985 0.806063 2.71542 0.15469
2460 3985 0.806221 2.71542 0.154692
2461 3985 0.806258 2.71542 0.154701
2462 3985 0.806305 2.71542 0.154692
2463 3986 0.806227 2.71542 0.15471
2464 3987 0.806239 2.71542 0.154697
2465 3987 0.806507 2.71542 0.154678
2466 3987 0.806533 2.71542 0.154679
2467 3987 0.806569 2.71542 0.154669
2468 3989 0.806405 2.71542 0.154654
2469 3989 0.806577 2.71542 0.154645
2470 3989 0.806831 2.71542 0.154644
2471 3989 0.806958 2.71542 0.154601
2472 3989 0.806967 2.71542 0.154592
2473 3989 0.806959 2.71542 0.154587
2474 3989 0.80701 2.71542 0.15458
2475 3989 0.807032 2.71542 0.15458
2476 3989 0.807177 2.71542 0.154591
2477 3989 0.807361 2.71542 0.154595
2478 3989 0.807555 2.71542 0.154601
2479 3990 0.80744 2.71542 0.1546
2480 3991 0.807369 2.71542 0.154568
2481 3991 0.807412 2.71542 0.154554
2482 3991 0.807607 2.71542 0.154542
2483 3991 0.807734 2.71542 0.154536
2484 3991 0.807752 2.71542 0.154523
2485 3991 0.807869 2.71542 0.154517
2486 3991 0.807869 2.71542 0.154517
2487 3991 0.808262 2.71542 0.154481
2488 3992 0.808245 2.71542 0.154481
2489 3992 0.808558 2.71542 0.15447
2490 3992 0.808808 2.71542 0.154461
2491 3993 0.80895 2.71542 0.154491
2492 3994 0.808809 2.71542 0.154481
2493 3994 0.808974 2.71542 0.154476
2494 3994 0.808963 2.71542 0.154473
2495 3994 0.809102 2.71542 0.154482
2496 3995 0.809176 2.71542 0.154496
2497 3996 0.809128 2.71542 0.1545
2498 3996 0.809128 2.71542 0.1545
2499 3997 0.809068 2.71542 0.154447
2500 3999 0.808818 2.71542 0.154453
2501 3999 0.808965 2.71542 0.154438
2502 3999 0.80904 2.71542 0.154409
2503 3999 0.809075 2.71542 0.154449
2504 3999 0.809103 2.71542 0.154459
2505 3999 0.809145 2.71542 0.154475
2506 3999 0.809145 2.71542 0.154475
2507 3999 0.809254 2.71542 0.154456
2508 4000 0.809473 2.71542 0.154478
2509 4001 0.809372 2.71542 0.154484
2510 4003 0.809162 2.71542 0.154494
2511 4004 0.809386 2.71542 0.154489
2512 4004 0.809526 2.71542 0.154508
2513 4004 0.809531 2.71542 0.154508
2514 4004 0.809607 2.71542 0.154525
2515 4004 0.809599 2.71542 0.154524
2516 4004 0.809627 2.71542 0.154546
2517 4004 0.809703 2.71542 0.154514
2518 4004 0.809743 2.71542 0.154508
2519 4004 0.809846 2.71542 0.154496
2520 4004 0.809958 2.71542 0.154491
2521 4004 0.810116 2.71542 0.154477
2522 4004 0.810293 2.71542 0.154477
2523 4005 0.810118 2.71542 0.154493
2524 4005 0.810206 2.71542 0.154507
2525 4005 0.81037 2.71542 0.154496
2526 4005 0.810456 2.71542 0.154498
2527 4005 0.810579 2.71542 0.154477
2528 4007 0.810545 2.71542 0.154454
2529 4008 0.810513 2.71542 0.154467
2530 4009 0.81039 2.71542 0.154476
2531 4009 0.810467 2.71542 0.154474
2532 4009 0.81062 2.71542 0.154459
2533 4009 0.810642 2.71542 0.154475
2534 4009 0.810838 2.71542 0.154499
2535 4009 0.8109 2.71542 0.154498
2536 4010 0.811265 2.71542 0.154464
2537 4010 0.811372 2.71542 0.154476
2538 4011 0.811386 2.71542 0.154472
2539 4011 0.811446 2.71542 0.154475
2540 4011 0.811446 2.71542 0.154475
2541 4012 0.811504 2.71542 0.15449
2542 4012 0.811542 2.71542 0.154478
2543 4012 0.811564 2.71542 0.154478
2544 4012 0.81161 2.71542 0.154487
2545 4012 0.811642 2.71542 0.154486
2546 4012 0.811779 2.71542 0.154495
2547 4013 0.811656 2.71542 0.154486
2548 4014 0.811655 2.71542 0.154484
2549 4014 0.811913 2.71542 0.154513
2550 4014 0.811958 2.71542 0.154493
2551 4014 0.812034 2.71542 0.154504
2552 4014 0.812042 2.71542 0.154502
2553 4015 0.811994 2.71542 0.15449
2554 4016 0.811932 2.71542 0.15451
2555 4016 0.812247 2.71542 0.154539
2556 4016 0.812558 2.71542 0.154593
2557 4016 0.812577 2.71542 0.154617
2558 4016 0.812601 2.71542 0.15461
2559 4017 0.812606 2.71542 0.154582
2560 4017 0.812892 2.71542 0.154566
2561 4017 0.812892 2.71542 0.154566
2562 4017 0.812896 2.71542 0.154552
2563 4017 0.813083 2.71542 0.154537
2564 4018 0.813032 2.71542 0.154556
2565 4018 0.813067 2.71542 0.154562
2566 4020 0.812733 2.71542 0.154534
2567 4020 0.812735 2.71542 0.15452
2568 4021 0.81316 2.71542 0.154501
2569 4021 0.813226 2.71542 0.154494
2570 4022 0.813038 2.71542 0.154494
2571 4022 0.813391 2.71542 0.154489
2572 4022 0.813444 2.71542 0.154493
2573 4022 0.813656 2.71542 0.154492
2574 4022 0.813752 2.71542 0.154514
2575 4022 0.813922 2.71542 0.154509
2576 4022 0.81392 2.71542 0.154499
2577 4022 0.813944 2.71542 0.154527
2578 4022 0.814409 2.71542 0.154505
2579 4024 0.814284 2.71542 0.154541
2580 4024 0.814367 2.71542 0.154528
2581 4025 0.814309 2.71542 0.154528
2582 4025 0.814368 2.71542 0.15453
2583 4025 0.814388 2.71542 0.154568
2584 4025 0.814421 2.71542 0.154549
2585 4025 0.814405 2.71542 0.154543
2586 4025 0.814446 2.71542 0.154552
2587 4025 0.814673 2.71542 0.154565
2588 4025 0.814753 2.71542 0.154543
2589 4026 0.814672 2.71542 0.154557
2590 4026 0.814801 2.71542 0.154548
2591 4026 0.814846 2.71542 0.154558
2592 4027 0.814693 2.71542 0.154552
2593 4027 0.81481 2.71542 0.154577
2594 4027 0.814937 2.71542 0.154577
2595 4028 0.814943 2.71542 0.15456
2596 4028 0.815123 2.71542 0.15453
2597 4029 0.815037 2.71542 0.154546
2598 4029 0.815379 2.71542 0.154518
2599 4029 0.815439 2.71542 0.154522
2600 4029 0.816032 2.71542 0.154554
2601 4031 0.815927 2.71542 0.154586
2602 4031 0.815999 2.71542 0.154601
2603 4031 0.816025 2.71542 0.154557
2604 4031 0.816407 2.71542 0.154558
2605 4031 0.81646 2.71542 0.154565
2606 4031 0.816495 2.71542 0.154557
2607 4031 0.816619 2.71542 0.154552
2608 4031 0.816692 2.71542 0.154543
2609 4031 0.816804 2.71542 0.154566
2610 4031 0.816843 2.71542 0.154584
2611 4031 0.816947 2.71542 0.15461
2612 4032 0.816807 2.71542 0.154627
2613 4033 0.816703 2.71542 0.154625
2614 4033 0.816703 2.71542 0.154625
2615 4033 0.816823 2.71542 0.15466
2616 4034 0.816828 2.71542 0.154679
2617 4034 0.816847 2.71542 0.154693
2618 4035 0.816794 2.71542 0.154698
2619 4035 0.816842 2.71542 0.154696
2620 4035 0.816922 2.71542 0.154708
2621 4035 0.816929 2.71542 0.154705
2622 4035 0.816948 2.71542 0.154702
2623 4035 0.816965 2.71542 0.154665
2624 4036 0.816816 2.71542 0.154669
2625 4037 0.816738 2.71542 0.154671
2626 4037 0.816762 2.71542 0.154682
2627 4037 0.816869 2.71542 0.154664
2628 4037 0.816947 2.77074 0.154661
2629 4037 0.816972 2.77074 0.15465
2630 4038 0.816844 2.77074 0.154655
2631 4039 0.816828 2.77074 0.15465
2632 4039 0.816828 2.77074 0.15465
2633 4039 0.816988 2.77074 0.154671
2634 4039 0.817212 2.77074 0.154661
2635 4039 0.81725 2.77074 0.154676
2636 4039 0.817265 2.77074 0.15468
2637 4040 0.81719 2.77074 0.154692
2638 4040 0.81729 2.77074 0.154673
2639 4040 0.817288 2.77074 0.154662
2640 4040 0.817362 2.77074 0.154664
2641 4040 0.817481 2.77074 0.15467
2642 4040 0.817481 2.77074 0.154666
2643 4040 0.817481 2.77074 0.154666
2644 4040 0.817483 2.77074 0.154659
2645 4041 0.817393 2.77074 0.154646
2646 4041 0.817416 2.77074 0.154656
2647 4041 0.817425 2.77074 0.154653
