0 54 3.45958 4.67854 0.162905
1 99 3.49503 4.67854 0.16462
2 128 3.46632 4.67854 0.165559
3 157 3.47362 4.67854 0.163015
4 183 3.49851 4.89212 0.163629
5 206 3.5131 4.89212 0.163228
6 224 3.55228 4.89212 0.163877
7 238 3.56599 4.89212 0.162689
8 259 3.58324 4.89212 0.161967
9 275 3.58117 4.89212 0.161423
10 295 3.59292 4.89212 0.162573
11 318 3.59141 5.01696 0.163272
12 333 3.60314 5.03916 0.163375
13 349 3.60635 5.03916 0.16348
14 363 3.61151 5.03916 0.162875
15 376 3.61454 5.03916 0.161826
16 389 3.60979 5.03916 0.162331
17 401 3.60717 5.22079 0.162461
18 410 3.60916 5.22079 0.1624
19 421 3.62036 5.22079 0.162365
20 430 3.6297 5.22079 0.16198
21 443 3.64008 5.22079 0.162615
22 452 3.65407 5.22079 0.162331
23 461 3.66668 5.22079 0.161238
24 472 3.67072 5.22079 0.161695
25 485 3.67382 5.22079 0.16177
26 497 3.67567 5.22079 0.162244
27 507 3.68184 5.22079 0.162277
28 512 3.68112 5.22079 0.162576
29 526 3.68308 5.22079 0.162556
30 532 3.69535 5.22079 0.162435
31 541 3.69969 5.22079 0.162566
32 547 3.70324 5.22079 0.162227
33 557 3.72132 5.22079 0.162721
34 569 3.72788 5.22079 0.161678
35 577 3.73906 5.22079 0.161842
36 584 3.73976 5.22079 0.16177
37 588 3.74297 5.22079 0.161914
38 599 3.74502 5.22079 0.161956
39 603 3.75273 5.22079 0.161914
40 615 3.75652 5.22079 0.161829
41 629 3.75709 5.22079 0.162039
42 633 3.75941 5.22079 0.161855
43 639 3.76512 5.22079 0.162297
44 643 3.76705 5.22079 0.162145
45 646 3.77521 5.22079 0.162428
46 653 3.78211 5.22079 0.162072
47 659 3.78599 5.22079 0.162118
48 667 3.79017 5.22079 0.162246
49 682 3.78619 5.22079 0.162124
50 687 3.78776 5.22079 0.162324
51 692 3.79242 5.22079 0.162763
52 696 3.80079 5.22079 0.162706
53 708 3.80398 5.22079 0.162414
54 713 3.80735 5.22079 0.162453
55 716 3.81081 5.22079 0.162384
56 725 3.81265 5.22079 0.162283
57 729 3.81657 5.22079 0.162333
58 734 3.82275 5.45286 0.162423
59 737 3.82895 5.45286 0.162906
60 740 3.83223 5.45286 0.162837
61 745 3.83652 5.45286 0.162731
62 750 3.84301 5.45286 0.162762
63 756 3.84753 5.45286 0.162943
64 765 3.85315 5.45286 0.162753
65 770 3.8542 5.45286 0.162656
66 776 3.85828 5.45286 0.16273
67 779 3.85934 5.45286 0.16237
68 789 3.85946 5.45286 0.162524
69 795 3.86395 5.45286 0.162516
70 800 3.86624 5.45286 0.162424
71 803 3.87147 5.45286 0.16213
72 808 3.87178 5.45286 0.162265
73 813 3.875 5.45286 0.162414
74 819 3.8726 5.45286 0.162406
75 824 3.8769 5.45286 0.16243
76 830 3.88097 5.45286 0.162273
77 835 3.88674 5.45286 0.162139
78 837 3.88789 5.45286 0.162189
79 837 3.89434 5.45286 0.162154
80 839 3.89984 5.45286 0.162026
81 846 3.90439 5.45286 0.162119
82 850 3.90503 5.45286 0.162039
83 851 3.91036 5.45286 0.161933
84 858 3.91117 5.45286 0.161898
85 863 3.91676 5.45286 0.162192
86 869 3.91968 5.45286 0.161919
87 873 3.92151 5.45286 0.162138
88 874 3.92494 5.45286 0.162153
89 880 3.92288 5.45286 0.162356
90 885 3.92322 5.45286 0.162362
91 891 3.92055 5.45286 0.162371
92 894 3.92344 5.45286 0.162246
93 901 3.9211 5.45286 0.162154
94 904 3.92313 5.45286 0.162291
95 907 3.92474 5.45286 0.162406
96 910 3.92833 5.45286 0.162422
97 912 3.9378 5.50889 0.162507
98 917 3.93735 5.50889 0.162353
99 922 3.93649 5.50889 0.162469
100 923 3.93686 5.50889 0.162596
101 925 3.94027 5.59263 0.162737
102 928 3.94015 5.59263 0.1627
103 931 3.94293 5.59263 0.162584
104 934 3.94423 5.59263 0.16239
105 936 3.94535 5.59263 0.162192
106 942 3.94437 5.59263 0.162041
107 946 3.9466 5.59263 0.162249
108 952 3.94798 5.59263 0.162501
109 955 3.94917 5.59263 0.162713
110 957 3.95111 5.59263 0.162697
111 959 3.95348 5.59263 0.162659
112 961 3.95634 5.59263 0.162625
113 964 3.95705 5.59263 0.162586
114 970 3.95635 5.59263 0.162586
115 974 3.95764 5.59263 0.162742
116 978 3.96058 5.59263 0.162771
117 981 3.96477 5.59263 0.162918
118 985 3.96502 5.59263 0.16303
119 990 3.96363 5.59263 0.163061
120 994 3.96509 5.59263 0.163048
121 996 3.96565 5.59263 0.163006
122 999 3.96507 5.59263 0.162985
123 1002 3.96631 5.59263 0.163041
124 1004 3.96812 5.59263 0.163093
125 1007 3.96812 5.59263 0.163061
126 1014 3.97073 5.59263 0.162872
127 1017 3.97165 5.59263 0.163001
128 1019 3.97541 5.59263 0.162932
129 1021 3.97906 5.59263 0.162882
130 1025 3.98087 5.59263 0.162712
131 1027 3.98196 5.59263 0.162747
132 1032 3.98271 5.59263 0.162844
133 1038 3.98352 5.59263 0.162854
134 1039 3.9862 5.59263 0.162903
135 1043 3.98659 5.59263 0.162944
136 1047 3.98809 5.59263 0.162994
137 1047 3.98881 5.59263 0.163213
138 1050 3.99318 5.59263 0.163266
139 1055 3.99139 5.59263 0.163079
140 1060 3.98966 5.59263 0.163088
141 1066 3.98962 5.59263 0.163153
142 1068 3.99257 5.59263 0.163313
143 1069 3.99496 5.59263 0.16314
144 1069 3.99757 5.59263 0.163031
145 1077 3.99799 5.59263 0.162933
146 1080 3.99811 5.59263 0.162827
147 1082 3.99885 5.59263 0.162731
148 1085 3.99863 5.59263 0.162621
149 1087 3.99997 5.59263 0.162512
150 1091 4.00184 5.59263 0.162406
151 1091 4.00526 5.59263 0.162509
152 1094 4.00628 5.59263 0.162556
153 1096 4.00666 5.61384 0.162612
154 1097 4.00777 5.61384 0.162736
155 1098 4.00923 5.61384 0.162756
156 1102 4.00915 5.61384 0.162779
157 1107 4.0096 5.61384 0.162886
158 1111 4.01112 5.61384 0.162922
159 1114 4.01203 5.61384 0.162979
160 1115 4.0126 5.61384 0.162959
161 1117 4.01287 5.61384 0.16317
162 1119 4.01475 5.61384 0.163082
163 1120 4.01534 5.61384 0.163111
164 1121 4.01964 5.61384 0.163047
165 1126 4.0228 5.61384 0.163068
166 1129 4.0251 5.61384 0.163181
167 1131 4.02845 5.61384 0.163298
168 1133 4.02942 5.61384 0.163143
169 1138 4.03256 5.61384 0.16327
170 1139 4.03418 5.61384 0.163288
171 1141 4.03398 5.61384 0.16335
172 1143 4.03366 5.61384 0.163327
173 1145 4.03488 5.61384 0.163433
174 1146 4.03795 5.61384 0.163404
175 1146 4.04022 5.61384 0.163381
176 1149 4.04032 5.61384 0.163284
177 1153 4.03989 5.61384 0.163193
178 1156 4.04163 5.61384 0.163058
179 1161 4.04288 5.61384 0.163063
180 1165 4.04434 5.61384 0.163133
181 1166 4.0478 5.61384 0.163074
182 1168 4.04828 5.61384 0.163006
183 1170 4.05112 5.61384 0.162864
184 1173 4.04959 5.61384 0.162807
185 1174 4.05059 5.61384 0.162863
186 1175 4.05311 5.61384 0.162916
187 1175 4.05646 5.61384 0.162957
188 1177 4.05687 5.61384 0.162955
189 1184 4.05771 5.61384 0.16305
190 1188 4.05924 5.61384 0.163063
191 1188 4.06333 5.61384 0.163129
192 1194 4.06194 5.61384 0.163131
193 1196 4.06243 5.61384 0.163304
194 1199 4.06259 5.61384 0.163271
195 1204 4.0638 5.61384 0.163269
196 1206 4.06431 5.61384 0.1632
197 1207 4.066 5.61384 0.163208
198 1209 4.06794 5.61384 0.163238
199 1211 4.06885 5.61384 0.163194
200 1213 4.069 5.61384 0.163287
201 1215 4.07158 5.61384 0.163459
202 1215 4.0754 5.61384 0.163593
203 1220 4.0743 5.61384 0.163679
204 1222 4.07466 5.61384 0.163754
205 1225 4.07535 5.61384 0.163665
206 1225 4.07784 5.61384 0.163686
207 1228 4.08016 5.61384 0.164003
208 1231 4.08163 5.61384 0.164054
209 1231 4.08368 5.61384 0.164115
210 1232 4.08714 5.61384 0.164133
211 1236 4.09071 5.61384 0.164154
212 1237 4.09355 5.61384 0.164197
213 1239 4.09576 5.61384 0.164132
214 1243 4.09448 5.61384 0.164205
215 1243 4.09645 5.61384 0.16418
216 1243 4.09838 5.61384 0.1641
217 1248 4.10044 5.61384 0.164016
218 1249 4.10233 5.61384 0.163997
219 1254 4.1023 5.61384 0.163849
220 1259 4.1022 5.61384 0.163857
221 1263 4.10226 5.61384 0.163675
222 1264 4.10496 5.61384 0.163884
223 1265 4.10584 5.61384 0.163829
224 1268 4.10619 5.61384 0.163853
225 1270 4.1075 5.61384 0.16378
226 1275 4.1072 5.61384 0.16382
227 1279 4.10835 5.61384 0.163794
228 1284 4.10957 5.61384 0.163853
229 1287 4.10796 5.61384 0.163891
230 1290 4.10779 5.61384 0.163884
231 1292 4.10804 5.61384 0.163867
232 1293 4.11147 5.61384 0.163956
233 1298 4.11056 5.61384 0.163946
234 1300 4.1122 5.61384 0.163998
235 1300 4.11324 5.61384 0.163995
236 1307 4.11107 5.61384 0.164041
237 1309 4.11464 5.61384 0.164086
238 1309 4.11769 5.61384 0.164194
239 1314 4.11734 5.61384 0.164243
240 1317 4.11656 5.61384 0.164079
241 1320 4.11711 5.61384 0.164206
242 1323 4.11918 5.61384 0.164072
243 1324 4.12112 5.61384 0.164113
244 1324 4.12351 5.61384 0.164112
245 1327 4.12451 5.61384 0.164086
246 1329 4.12578 5.61384 0.164057
247 1331 4.12683 5.61384 0.164124
248 1334 4.12733 5.61384 0.164092
249 1336 4.1284 5.89872 0.164106
250 1338 4.12899 5.89872 0.164101
251 1339 4.13088 5.89872 0.164111
252 1339 4.13142 5.89872 0.164102
253 1342 4.13124 5.89872 0.163944
254 1345 4.13168 5.89872 0.164006
255 1349 4.1315 5.89872 0.164075
256 1350 4.13373 5.89872 0.164225
257 1353 4.13349 5.89872 0.164293
258 1355 4.13502 5.89872 0.164336
259 1359 4.13564 5.89872 0.164449
260 1360 4.13614 5.89872 0.164447
261 1361 4.13852 5.89872 0.164457
262 1363 4.13821 5.95929 0.164347
263 1367 4.13679 5.95929 0.164173
264 1369 4.13835 5.95929 0.164094
265 1371 4.13983 5.95929 0.164136
266 1374 4.13997 5.95929 0.164206
267 1377 4.13974 5.95929 0.164171
268 1380 4.14108 5.95929 0.164255
269 1383 4.1404 5.95929 0.164231
270 1385 4.14039 5.95929 0.164142
271 1390 4.14082 5.95929 0.164098
272 1397 4.14046 5.95929 0.164186
273 1398 4.14184 5.95929 0.16417
274 1400 4.14353 5.95929 0.164071
275 1401 4.14412 5.95929 0.164063
276 1401 4.14744 5.95929 0.163942
277 1405 4.14661 5.95929 0.163901
278 1411 4.14626 5.95929 0.163825
279 1411 4.14773 5.95929 0.163786
280 1414 4.14733 5.95929 0.163682
281 1415 4.14802 5.95929 0.163693
282 1415 4.15003 5.95929 0.163661
283 1420 4.15104 5.95929 0.163795
284 1424 4.15214 5.95929 0.163858
285 1427 4.15225 5.95929 0.163834
286 1431 4.1529 5.95929 0.163791
287 1431 4.15516 5.95929 0.163657
288 1435 4.15705 5.95929 0.163683
289 1437 4.1587 5.95929 0.163685
290 1440 4.15859 5.95929 0.163684
291 1443 4.1599 5.95929 0.163678
292 1444 4.16141 5.95929 0.163607
293 1447 4.16201 5.95929 0.16359
294 1449 4.16146 5.95929 0.163582
295 1451 4.16095 5.95929 0.163591
296 1453 4.16117 5.95929 0.16364
297 1457 4.16007 5.95929 0.163574
298 1461 4.16116 5.95929 0.16352
299 1462 4.16186 5.95929 0.163548
300 1464 4.16281 5.95929 0.163657
301 1465 4.16465 5.95929 0.163672
302 1466 4.16558 5.95929 0.16363
303 1469 4.16665 5.95929 0.163586
304 1472 4.16714 5.95929 0.163544
305 1473 4.16754 5.95929 0.163638
306 1476 4.16766 5.95929 0.163581
307 1476 4.16877 5.95929 0.163571
308 1479 4.17045 5.95929 0.163613
309 1480 4.17107 5.95929 0.163698
310 1480 4.17207 5.95929 0.163727
311 1481 4.17355 5.95929 0.163788
312 1482 4.17588 5.95929 0.1638
313 1482 4.17685 5.95929 0.163711
314 1483 4.17613 5.95929 0.163632
315 1486 4.17501 5.95929 0.163578
316 1490 4.17522 5.95929 0.163549
317 1496 4.17362 5.95929 0.163504
318 1498 4.17477 5.95929 0.163511
319 1499 4.17497 5.95929 0.163453
320 1499 4.17712 5.95929 0.163398
321 1501 4.17961 5.95929 0.163392
322 1504 4.18091 5.95929 0.163503
323 1505 4.18195 5.95929 0.163382
324 1506 4.18317 5.95929 0.163361
325 1508 4.18246 5.95929 0.163259
326 1508 4.18477 5.95929 0.163125
327 1511 4.18477 5.95929 0.163053
328 1513 4.18716 5.95929 0.163163
329 1515 4.18792 5.95929 0.162903
330 1518 4.18777 5.95929 0.162854
331 1520 4.18972 5.95929 0.162925
332 1520 4.19172 5.95929 0.163014
333 1523 4.19137 5.95929 0.162877
334 1531 4.1918 5.95929 0.162873
335 1531 4.19253 5.95929 0.162816
336 1531 4.19436 5.95929 0.162773
337 1533 4.19527 5.95929 0.162714
338 1533 4.19637 5.95929 0.162764
339 1534 4.19813 5.95929 0.162741
340 1534 4.19994 5.95929 0.162685
341 1536 4.20392 5.95929 0.162764
342 1538 4.20499 5.95929 0.162696
343 1538 4.20598 5.95929 0.162661
344 1540 4.20618 5.95929 0.162715
345 1541 4.20619 5.95929 0.162702
346 1542 4.2066 5.95929 0.16265
347 1544 4.20609 5.95929 0.162698
348 1545 4.20745 5.95929 0.162663
349 1546 4.20866 5.95929 0.162709
350 1547 4.20888 5.95929 0.162786
351 1549 4.20862 5.95929 0.162832
352 1553 4.2075 5.95929 0.162852
353 1555 4.20743 5.95929 0.162876
354 1557 4.20783 5.95929 0.162915
355 1558 4.20973 5.95929 0.162814
356 1560 4.2106 5.95929 0.162879
357 1563 4.21088 5.95929 0.162516
358 1563 4.21159 5.95929 0.162591
359 1565 4.21294 5.95929 0.162572
360 1565 4.2157 5.95929 0.162463
361 1568 4.2159 5.95929 0.162557
362 1570 4.2168 5.95929 0.162541
363 1572 4.2174 5.95929 0.162559
364 1573 4.21869 5.95929 0.162571
365 1574 4.21923 5.95929 0.162577
366 1577 4.21868 5.95929 0.162569
367 1579 4.21795 5.95929 0.162533
368 1579 4.219 5.95929 0.162539
369 1581 4.22054 5.95929 0.162461
370 1581 4.22223 5.95929 0.162424
371 1582 4.22182 5.95929 0.162383
372 1586 4.22255 5.95929 0.162449
373 1590 4.22307 5.95929 0.162476
374 1593 4.22233 5.95929 0.162463
375 1594 4.22431 5.95929 0.162302
376 1594 4.22541 5.95929 0.16229
377 1595 4.22578 5.95929 0.162379
378 1595 4.2269 5.95929 0.162448
379 1597 4.2282 5.95929 0.1624
380 1598 4.22815 5.95929 0.1623
381 1600 4.22808 5.95929 0.162239
382 1601 4.22925 5.95929 0.162224
383 1602 4.2292 5.95929 0.162238
384 1604 4.22985 5.95929 0.162187
385 1608 4.22832 5.95929 0.162212
386 1608 4.22982 5.95929 0.162285
387 1610 4.23099 5.95929 0.162365
388 1613 4.23094 5.95929 0.162388
389 1615 4.23169 5.95929 0.162305
390 1617 4.2329 5.95929 0.162364
391 1618 4.23426 5.95929 0.162297
392 1621 4.23377 5.95929 0.162401
393 1621 4.23418 5.95929 0.162446
394 1622 4.23451 5.95929 0.162321
395 1624 4.23378 5.95929 0.162284
396 1625 4.23376 5.95929 0.162281
397 1626 4.23435 5.95929 0.162295
398 1629 4.2348 5.95929 0.162174
399 1629 4.23509 5.95929 0.162203
400 1629 4.23632 5.95929 0.162204
401 1630 4.23606 5.95929 0.162235
402 1632 4.23709 5.95929 0.162087
403 1632 4.23879 5.95929 0.162002
404 1634 4.23885 5.95929 0.162074
405 1634 4.24008 5.95929 0.162055
406 1634 4.24094 5.95929 0.162025
407 1634 4.24244 5.95929 0.161878
408 1635 4.24318 5.95929 0.161794
409 1638 4.24261 5.95929 0.161813
410 1640 4.24142 5.95929 0.161917
411 1642 4.24173 5.95929 0.1619
412 1645 4.24217 5.95929 0.161907
413 1646 4.24283 5.95929 0.1619
414 1647 4.24323 5.95929 0.161954
415 1648 4.24309 5.95929 0.161923
416 1652 4.24377 5.95929 0.161932
417 1655 4.24485 5.95929 0.161914
418 1655 4.24548 5.95929 0.161953
419 1657 4.24665 5.95929 0.161958
420 1664 4.24444 5.95929 0.1621
421 1667 4.24444 5.95929 0.162089
422 1671 4.24397 5.95929 0.161984
423 1674 4.24342 5.95929 0.162023
424 1676 4.24284 5.95929 0.162027
425 1679 4.24199 5.95929 0.162018
426 1680 4.24174 5.95929 0.161966
427 1682 4.24335 5.95929 0.161869
428 1684 4.24375 5.95929 0.161898
429 1685 4.24408 5.95929 0.161942
430 1685 4.2457 5.95929 0.16194
431 1688 4.24675 5.95929 0.162032
432 1690 4.24685 5.95929 0.162024
433 1691 4.2471 5.95929 0.16199
434 1691 4.2489 5.95929 0.161855
435 1691 4.24997 5.95929 0.161859
436 1692 4.24991 5.95929 0.161798
437 1695 4.24999 5.95929 0.161865
438 1698 4.2497 5.95929 0.16194
439 1699 4.24971 5.95929 0.161938
440 1699 4.25244 5.95929 0.161946
441 1701 4.25305 5.95929 0.161928
442 1703 4.25389 5.95929 0.161998
443 1704 4.25529 5.95929 0.161871
444 1705 4.25627 5.95929 0.16183
445 1707 4.25743 5.95929 0.161787
446 1708 4.25839 5.95929 0.161775
447 1708 4.25941 5.95929 0.161777
448 1708 4.26003 5.95929 0.161805
449 1709 4.25957 5.95929 0.161834
450 1710 4.25969 5.95929 0.161805
451 1714 4.26033 5.95929 0.1618
452 1714 4.2624 5.95929 0.161893
453 1715 4.26196 5.95929 0.161871
454 1716 4.26269 5.95929 0.161889
455 1719 4.2634 5.95929 0.161862
456 1722 4.26399 5.95929 0.161868
457 1724 4.2642 5.95929 0.161891
458 1725 4.26651 5.95929 0.161886
459 1727 4.26808 5.95929 0.161816
460 1728 4.26897 5.95929 0.161842
461 1732 4.26904 5.95929 0.161815
462 1733 4.26905 5.95929 0.161815
463 1737 4.26863 5.95929 0.161801
464 1740 4.26777 5.95929 0.161709
465 1742 4.26715 5.95929 0.161683
466 1744 4.26809 5.95929 0.161707
467 1746 4.26893 5.95929 0.161823
468 1749 4.26791 5.95929 0.161785
469 1749 4.26977 5.95929 0.161787
470 1752 4.26966 5.95929 0.161828
471 1752 4.27127 5.95929 0.161848
472 1753 4.2727 5.95929 0.161857
473 1753 4.27327 5.95929 0.161938
474 1755 4.27467 5.95929 0.161954
475 1756 4.27539 5.95929 0.161906
476 1758 4.27564 5.95929 0.161915
477 1758 4.27765 5.95929 0.161887
478 1759 4.27917 5.95929 0.16191
479 1762 4.27897 5.95929 0.162
480 1762 4.27983 5.95929 0.162012
481 1762 4.28072 5.95929 0.162012
482 1764 4.28092 5.95929 0.162069
483 1767 4.28176 5.95929 0.162055
484 1768 4.28144 5.95929 0.162088
485 1770 4.28147 5.95929 0.162214
486 1772 4.28123 5.95929 0.162182
487 1773 4.28092 5.95929 0.162137
488 1776 4.28101 5.95929 0.162223
489 1779 4.28052 5.95929 0.162152
490 1780 4.28037 5.95929 0.162127
491 1781 4.28126 5.95929 0.162127
492 1783 4.28178 5.95929 0.162114
493 1784 4.2827 5.95929 0.162069
494 1784 4.28389 5.95929 0.16214
495 1785 4.28359 5.95929 0.162102
496 1785 4.28456 5.95929 0.162143
497 1786 4.28485 5.95929 0.162204
498 1786 4.28492 5.95929 0.16224
499 1789 4.28515 5.95929 0.162281
500 1790 4.28699 5.95929 0.162291
501 1791 4.28694 5.95929 0.162301
502 1791 4.28767 5.95929 0.162269
503 1794 4.28713 5.95929 0.162312
504 1795 4.28759 5.95929 0.162319
505 1797 4.28727 5.95929 0.16229
506 1798 4.28789 5.95929 0.162317
507 1798 4.28826 5.95929 0.162344
508 1799 4.28835 5.95929 0.162384
509 1799 4.28973 5.95929 0.162444
510 1800 4.29069 5.95929 0.162464
511 1800 4.29232 5.95929 0.162456
512 1803 4.29246 5.95929 0.162497
513 1803 4.29402 5.95929 0.162467
514 1806 4.29304 5.95929 0.162488
515 1807 4.29372 5.95929 0.16249
516 1807 4.29496 5.95929 0.162511
517 1808 4.29525 5.95929 0.162513
518 1809 4.29652 5.95929 0.162502
519 1810 4.29716 5.95929 0.162346
520 1811 4.29758 5.95929 0.162375
521 1814 4.29677 5.95929 0.162361
522 1814 4.29717 5.95929 0.16238
523 1816 4.29674 5.95929 0.162353
524 1817 4.29676 5.95929 0.162389
525 1818 4.2985 5.95929 0.16231
526 1819 4.30135 5.95929 0.162365
527 1823 4.30076 5.95929 0.162203
528 1824 4.30203 5.95929 0.162228
529 1825 4.30296 5.95929 0.162149
530 1826 4.30366 5.95929 0.162119
531 1826 4.30604 5.95929 0.162048
532 1826 4.30686 5.95929 0.162079
533 1827 4.3064 5.95929 0.161997
534 1828 4.30671 5.95929 0.161966
535 1828 4.30716 5.95929 0.162007
536 1832 4.30608 5.95929 0.162079
537 1832 4.30625 5.95929 0.162035
538 1834 4.30678 5.95929 0.162045
539 1835 4.30788 5.95929 0.162048
540 1835 4.30851 5.95929 0.162121
541 1835 4.30888 5.95929 0.162048
542 1836 4.30994 5.95929 0.161987
543 1838 4.31002 5.95929 0.161974
544 1840 4.31063 5.95929 0.162032
545 1840 4.31199 5.95929 0.162117
546 1842 4.31187 5.95929 0.162083
547 1845 4.31221 5.95929 0.16219
548 1846 4.31224 5.95929 0.162231
549 1846 4.3132 5.95929 0.162223
550 1847 4.3144 5.95929 0.162199
551 1847 4.31555 5.95929 0.162107
552 1848 4.31681 5.95929 0.162043
553 1848 4.31703 5.95929 0.162081
554 1850 4.31747 5.95929 0.162066
555 1851 4.31853 5.95929 0.162087
556 1851 4.32 5.95929 0.162084
557 1852 4.32202 5.95929 0.162101
558 1853 4.32263 5.95929 0.162124
559 1854 4.32285 5.95929 0.16218
560 1854 4.32419 5.95929 0.162163
561 1855 4.32374 5.95929 0.162159
562 1855 4.32502 5.95929 0.162176
563 1856 4.32541 5.95929 0.162212
564 1857 4.32703 5.95929 0.162293
565 1860 4.32565 5.95929 0.16225
566 1860 4.32568 5.95929 0.162195
567 1860 4.32664 5.95929 0.162262
568 1860 4.32681 5.95929 0.162294
569 1862 4.32731 5.95929 0.162427
570 1863 4.32744 5.95929 0.162471
571 1863 4.32848 5.95929 0.162498
572 1865 4.32873 5.95929 0.162499
573 1866 4.32846 5.95929 0.162495
574 1867 4.32833 5.95929 0.162468
575 1868 4.32892 5.95929 0.162429
576 1869 4.32922 5.95929 0.162489
577 1870 4.32973 5.95929 0.162455
578 1872 4.33026 5.95929 0.162482
579 1873 4.33065 5.95929 0.162583
580 1875 4.33064 5.95929 0.162625
581 1877 4.33166 5.95929 0.162611
582 1877 4.3326 5.95929 0.162641
583 1878 4.33384 5.95929 0.162665
584 1880 4.33379 5.95929 0.162748
585 1880 4.33479 5.95929 0.162775
586 1880 4.33544 5.95929 0.162749
587 1883 4.33722 5.95929 0.162754
588 1884 4.33786 5.95929 0.162692
589 1885 4.33824 5.95929 0.162619
590 1888 4.33765 5.95929 0.162579
591 1890 4.33769 5.95929 0.162612
592 1893 4.33705 5.95929 0.162574
593 1895 4.33757 5.95929 0.162577
594 1898 4.33735 5.95929 0.162669
595 1900 4.33681 5.95929 0.162687
596 1901 4.33756 5.95929 0.162759
597 1902 4.33747 5.95929 0.162759
598 1903 4.33953 5.95929 0.162759
599 1903 4.33993 5.95929 0.162717
600 1903 4.34085 5.95929 0.162726
601 1907 4.34099 5.95929 0.162762
602 1907 4.3431 5.95929 0.162755
603 1909 4.34306 5.95929 0.162723
604 1909 4.34411 5.95929 0.162695
605 1911 4.34458 5.95929 0.162631
606 1912 4.34509 5.95929 0.162622
607 1914 4.34519 5.95929 0.162667
608 1915 4.3466 5.95929 0.162619
609 1917 4.34669 5.95929 0.162594
610 1918 4.34675 5.95929 0.162614
611 1919 4.3478 5.95929 0.162641
612 1921 4.3469 5.95929 0.162621
613 1922 4.34774 5.95929 0.16266
614 1922 4.34867 5.95929 0.162671
615 1924 4.34847 5.95929 0.162727
616 1926 4.34832 5.95929 0.162725
617 1927 4.34977 5.95929 0.162765
618 1930 4.35008 5.95929 0.162735
619 1930 4.35156 6.03929 0.162769
620 1932 4.35171 6.03929 0.162709
621 1932 4.35196 6.03929 0.162725
622 1934 4.35229 6.03929 0.16273
623 1935 4.3527 6.03929 0.162646
624 1935 4.35363 6.03929 0.162624
625 1935 4.35431 6.03929 0.16263
626 1935 4.35511 6.03929 0.162592
627 1936 4.35539 6.03929 0.162554
628 1938 4.35605 6.03929 0.16255
629 1939 4.3564 6.03929 0.162562
630 1939 4.3568 6.03929 0.16255
631 1940 4.35686 6.03929 0.162606
632 1941 4.35864 6.03929 0.162617
633 1942 4.35853 6.03929 0.162709
634 1942 4.35897 6.03929 0.162705
635 1943 4.35977 6.03929 0.162697
636 1944 4.35913 6.03929 0.162732
637 1945 4.36057 6.03929 0.16273
638 1948 4.361 6.03929 0.162732
639 1949 4.36072 6.03929 0.162738
640 1951 4.36047 6.03929 0.162727
641 1952 4.36081 6.03929 0.162693
642 1953 4.3611 6.03929 0.162651
643 1953 4.36234 6.03929 0.162626
644 1956 4.36259 6.03929 0.162579
645 1958 4.36281 6.03929 0.162511
646 1958 4.36303 6.03929 0.162517
647 1960 4.36325 6.03929 0.162531
648 1961 4.36467 6.03929 0.162546
649 1961 4.36517 6.03929 0.162508
650 1963 4.36522 6.03929 0.16256
651 1964 4.36725 6.03929 0.162584
652 1964 4.36884 6.03929 0.162537
653 1966 4.37063 6.03929 0.162566
654 1967 4.37028 6.03929 0.162553
655 1971 4.36987 6.03929 0.162601
656 1972 4.3698 6.03929 0.162593
657 1972 4.37125 6.03929 0.162595
658 1972 4.37191 6.03929 0.162633
659 1975 4.37077 6.03929 0.162639
660 1976 4.37221 6.03929 0.162691
661 1978 4.37234 6.03929 0.162619
662 1978 4.37309 6.03929 0.162576
663 1979 4.37357 6.03929 0.162589
664 1979 4.37388 6.03929 0.162612
665 1979 4.37464 6.03929 0.162618
666 1980 4.37495 6.03929 0.162632
667 1982 4.37498 6.03929 0.162641
668 1982 4.3754 6.03929 0.162681
669 1984 4.37478 6.03929 0.162636
670 1984 4.37515 6.03929 0.162613
671 1984 4.37551 6.03929 0.162545
672 1986 4.37587 6.03929 0.162515
673 1986 4.37636 6.03929 0.162491
674 1990 4.37607 6.03929 0.162486
675 1991 4.37627 6.03929 0.162474
676 1992 4.37735 6.03929 0.162512
677 1992 4.37769 6.03929 0.16257
678 1993 4.37791 6.03929 0.162517
679 1993 4.37819 6.03929 0.162513
680 1993 4.37884 6.03929 0.162544
681 1995 4.37942 6.03929 0.162505
682 1996 4.38059 6.03929 0.162447
683 1999 4.38192 6.03929 0.162486
684 1999 4.38242 6.03929 0.162526
685 1999 4.38341 6.03929 0.16248
686 2000 4.38373 6.03929 0.162517
687 2003 4.38299 6.03929 0.162578
688 2005 4.38224 6.03929 0.162531
689 2006 4.38199 6.03929 0.162531
690 2011 4.38121 6.03929 0.16253
691 2011 4.38168 6.03929 0.162493
692 2011 4.38195 6.03929 0.162479
693 2013 4.38119 6.03929 0.162479
694 2013 4.38217 6.03929 0.162418
695 2015 4.38302 6.03929 0.162362
696 2015 4.38384 6.03929 0.16238
697 2017 4.38388 6.03929 0.162348
698 2018 4.38418 6.03929 0.162314
699 2018 4.38493 6.03929 0.162345
700 2019 4.3854 6.03929 0.162306
701 2021 4.38611 6.03929 0.162271
702 2021 4.38743 6.03929 0.16225
703 2023 4.38793 6.03929 0.162315
704 2024 4.3885 6.03929 0.162305
705 2024 4.38919 6.03929 0.16231
706 2026 4.38829 6.03929 0.162335
707 2027 4.38805 6.03929 0.162324
708 2028 4.38855 6.03929 0.162314
709 2028 4.38952 6.03929 0.16226
710 2029 4.38962 6.03929 0.16228
711 2029 4.39119 6.03929 0.162249
712 2030 4.39183 6.03929 0.162269
713 2030 4.39261 6.03929 0.162235
714 2030 4.39314 6.03929 0.162218
715 2031 4.39479 6.03929 0.162204
716 2031 4.39483 6.03929 0.162191
717 2032 4.39604 6.03929 0.162241
718 2033 4.39582 6.03929 0.162235
719 2033 4.39711 6.03929 0.162237
720 2034 4.39765 6.03929 0.162212
721 2036 4.39759 6.03929 0.16218
722 2038 4.3965 6.03929 0.162115
723 2040 4.39706 6.03929 0.162089
724 2041 4.39647 6.03929 0.16206
725 2041 4.39684 6.03929 0.162081
726 2042 4.39685 6.03929 0.16209
727 2043 4.39796 6.03929 0.162104
728 2043 4.3995 6.03929 0.162135
729 2043 4.39985 6.03929 0.16218
730 2044 4.40035 6.03929 0.162175
731 2046 4.40084 6.03929 0.162097
732 2047 4.40154 6.03929 0.162084
733 2047 4.40196 6.03929 0.162037
734 2047 4.40327 6.03929 0.162081
735 2047 4.40426 6.03929 0.162193
736 2047 4.40458 6.03929 0.16209
737 2048 4.40507 6.03929 0.162041
738 2049 4.40554 6.03929 0.16204
739 2050 4.40511 6.03929 0.162034
740 2051 4.40539 6.03929 0.161998
741 2057 4.40369 6.03929 0.162061
742 2059 4.40304 6.03929 0.162046
743 2059 4.40315 6.03929 0.162054
744 2059 4.40464 6.03929 0.162044
745 2062 4.40435 6.03929 0.162036
746 2063 4.40438 6.03929 0.162116
747 2063 4.40517 6.03929 0.162092
748 2065 4.40508 6.03929 0.162095
749 2065 4.40634 6.03929 0.162145
750 2065 4.40703 6.03929 0.162086
751 2067 4.40831 6.03929 0.162076
752 2068 4.41031 6.03929 0.162012
753 2069 4.41136 6.03929 0.162018
754 2069 4.41218 6.03929 0.162099
755 2070 4.41237 6.03929 0.162155
756 2071 4.41304 6.03929 0.162258
757 2074 4.41347 6.03929 0.162214
758 2074 4.4141 6.03929 0.162229
759 2075 4.41418 6.03929 0.162217
760 2076 4.41439 6.03929 0.162164
761 2078 4.41419 6.03929 0.162161
762 2079 4.41518 6.03929 0.162194
763 2080 4.41708 6.03929 0.162209
764 2081 4.41812 6.03929 0.162217
765 2082 4.41838 6.03929 0.162205
766 2084 4.41864 6.03929 0.162212
767 2084 4.4187 6.03929 0.162201
768 2084 4.41912 6.03929 0.162136
769 2086 4.41903 6.03929 0.162116
770 2086 4.41916 6.03929 0.162073
771 2087 4.42021 6.03929 0.162075
772 2087 4.42063 6.03929 0.162103
773 2087 4.42101 6.03929 0.162147
774 2089 4.42113 6.03929 0.162113
775 2091 4.42192 6.03929 0.162194
776 2091 4.42301 6.03929 0.162134
777 2091 4.42368 6.03929 0.162211
778 2093 4.42369 6.03929 0.162204
779 2095 4.42282 6.03929 0.162226
780 2095 4.42408 6.03929 0.162232
781 2095 4.42463 6.03929 0.162229
782 2095 4.42515 6.03929 0.162257
783 2096 4.42578 6.03929 0.162283
784 2097 4.42577 6.03929 0.162265
785 2098 4.42586 6.03929 0.162255
786 2100 4.42608 6.03929 0.162138
787 2100 4.42766 6.03929 0.162159
788 2101 4.4281 6.03929 0.162143
789 2101 4.4288 6.03929 0.162141
790 2102 4.42901 6.03929 0.16216
791 2103 4.42899 6.03929 0.162211
792 2104 4.42958 6.03929 0.162251
793 2104 4.43034 6.03929 0.162253
794 2106 4.43102 6.03929 0.16226
795 2107 4.43068 6.03929 0.162224
796 2109 4.43016 6.03929 0.162199
797 2110 4.43095 6.03929 0.162238
798 2110 4.43188 6.03929 0.162269
799 2112 4.43206 6.03929 0.162323
800 2114 4.43236 6.03929 0.162338
801 2115 4.43274 6.03929 0.162333
802 2117 4.43271 6.03929 0.162339
803 2118 4.43372 6.03929 0.162317
804 2119 4.43426 6.03929 0.162318
805 2120 4.43422 6.03929 0.162222
806 2120 4.4351 6.03929 0.162096
807 2120 4.43544 6.03929 0.162077
808 2122 4.43653 6.03929 0.162093
809 2122 4.43717 6.03929 0.162041
810 2122 4.43736 6.03929 0.162061
811 2123 4.4376 6.03929 0.162002
