0 37 2.05419 2.66236 0.160469
1 76 2.04689 2.76858 0.15992
2 101 2.08238 2.76858 0.161133
3 140 2.07482 2.83868 0.162785
4 159 2.10016 2.85552 0.162219
5 188 2.11164 2.85552 0.162712
6 214 2.11723 2.85552 0.161988
7 242 2.10764 2.85552 0.162091
8 260 2.11353 2.85552 0.161587
9 282 2.11213 2.85552 0.162188
10 298 2.11089 2.85989 0.162642
11 321 2.10484 2.85989 0.161676
12 344 2.10891 2.85989 0.161834
13 357 2.11827 2.85989 0.161877
14 379 2.11579 2.85989 0.161302
15 398 2.11884 2.85989 0.161579
16 413 2.11794 2.85989 0.161898
17 435 2.113 2.85989 0.161866
18 450 2.11812 2.85989 0.162833
19 469 2.11949 2.85989 0.16319
20 494 2.11277 2.85989 0.163016
21 509 2.11887 2.85989 0.16264
22 532 2.125 2.86167 0.161713
23 549 2.12681 2.86167 0.161698
24 564 2.12777 2.86167 0.161507
25 575 2.1289 2.88344 0.161526
26 591 2.13001 2.88344 0.161643
27 607 2.12892 2.88344 0.16196
28 617 2.13141 2.98428 0.161675
29 635 2.13324 2.98428 0.161494
30 652 2.1372 3.01335 0.161931
31 665 2.14219 3.01335 0.161736
32 679 2.14326 3.01335 0.161868
33 698 2.14434 3.01335 0.162061
34 712 2.14673 3.01335 0.16195
35 727 2.14829 3.01335 0.162078
36 738 2.15244 3.01335 0.161636
37 756 2.15254 3.01335 0.161508
38 771 2.15372 3.01335 0.161176
39 787 2.15279 3.11786 0.161529
40 799 2.15631 3.11786 0.161256
41 811 2.15864 3.11786 0.160901
42 823 2.15896 3.11786 0.160398
43 840 2.15634 3.11786 0.160747
44 857 2.15687 3.11786 0.160805
45 869 2.15781 3.11786 0.160278
46 880 2.15728 3.11786 0.160324
47 889 2.15836 3.11786 0.160159
48 906 2.15593 3.11786 0.159982
49 924 2.15605 3.11786 0.160018
50 937 2.15562 3.11786 0.159815
51 955 2.15563 3.11786 0.159827
52 972 2.15175 3.11786 0.159815
53 981 2.15303 3.11786 0.159542
54 989 2.15373 3.11786 0.159283
55 1005 2.15375 3.11786 0.159331
56 1017 2.15388 3.2621 0.159362
57 1032 2.15348 3.2621 0.159558
58 1045 2.15312 3.2621 0.159258
59 1056 2.15432 3.2621 0.159129
60 1066 2.15629 3.2621 0.159019
61 1080 2.15615 3.2621 0.158859
62 1096 2.1537 3.2621 0.158885
63 1105 2.15594 3.2621 0.158841
64 1118 2.15316 3.2621 0.158632
65 1130 2.15246 3.2621 0.158185
66 1143 2.15351 3.2621 0.158316
67 1157 2.15545 3.2621 0.158296
68 1169 2.15917 3.2621 0.158216
69 1188 2.15847 3.2621 0.157831
70 1202 2.15774 3.2621 0.15792
71 1209 2.15964 3.2621 0.157993
72 1223 2.15898 3.2621 0.157894
73 1238 2.15959 3.2621 0.158037
74 1248 2.15932 3.2621 0.157918
75 1263 2.15805 3.2621 0.157875
76 1278 2.15587 3.2621 0.157753
77 1284 2.15699 3.2621 0.157836
78 1294 2.15807 3.2621 0.157629
79 1304 2.15751 3.2621 0.157752
80 1318 2.1566 3.2621 0.157653
81 1328 2.15752 3.2621 0.157502
82 1340 2.15609 3.2621 0.157384
83 1350 2.15683 3.2621 0.157634
84 1362 2.15848 3.2621 0.157661
85 1373 2.15876 3.2621 0.157864
86 1383 2.15744 3.2621 0.157715
87 1392 2.15826 3.2621 0.157852
88 1406 2.15907 3.2621 0.157564
89 1415 2.16014 3.2621 0.157347
90 1428 2.15888 3.2621 0.157467
91 1438 2.15825 3.2621 0.157304
92 1443 2.16058 3.2621 0.157083
93 1455 2.16206 3.2621 0.157063
94 1470 2.16208 3.2621 0.156859
95 1479 2.16094 3.2621 0.156883
96 1492 2.16138 3.2621 0.156811
97 1498 2.16224 3.2621 0.156906
98 1505 2.1626 3.2621 0.156762
99 1518 2.16333 3.2621 0.156695
100 1528 2.16417 3.2621 0.156673
101 1538 2.16456 3.2621 0.156602
102 1546 2.16356 3.2621 0.156485
103 1562 2.1631 3.2621 0.156446
104 1571 2.16344 3.2621 0.156308
105 1576 2.16442 3.2621 0.156254
106 1581 2.16526 3.2621 0.156158
107 1593 2.16511 3.2621 0.156199
108 1601 2.1638 3.2621 0.156166
109 1609 2.16478 3.2621 0.156061
110 1614 2.16625 3.2621 0.156012
111 1621 2.16814 3.2621 0.155856
112 1629 2.16798 3.2621 0.15579
113 1634 2.16836 3.2621 0.155888
114 1639 2.17134 3.2621 0.15593
115 1651 2.17166 3.2621 0.155957
116 1660 2.17075 3.2621 0.155884
117 1666 2.17199 3.2621 0.155876
118 1674 2.1726 3.2621 0.15599
119 1684 2.17284 3.2621 0.155833
120 1689 2.17255 3.2621 0.155914
121 1697 2.1748 3.2621 0.155934
122 1706 2.17512 3.2621 0.155965
123 1713 2.17464 3.2621 0.155944
124 1723 2.17498 3.2621 0.155888
125 1736 2.17421 3.2621 0.155797
126 1744 2.1748 3.2621 0.155824
127 1753 2.1766 3.2621 0.155718
128 1760 2.17828 3.2621 0.15559
129 1767 2.17889 3.2621 0.155452
130 1772 2.17938 3.2621 0.155574
131 1779 2.17865 3.2621 0.155528
132 1786 2.17803 3.2621 0.155402
133 1791 2.17857 3.2621 0.155307
134 1803 2.17867 3.2621 0.15547
135 1812 2.17898 3.2621 0.155514
136 1827 2.17888 3.2621 0.155497
137 1832 2.18137 3.2621 0.155456
138 1837 2.18313 3.2621 0.155499
139 1841 2.18493 3.2621 0.155452
140 1847 2.18531 3.2621 0.155447
141 1857 2.18679 3.2621 0.155419
142 1863 2.18788 3.2621 0.1556
143 1868 2.18807 3.2621 0.15538
144 1875 2.18874 3.2621 0.155422
145 1879 2.19079 3.2621 0.15539
146 1884 2.19011 3.2621 0.155358
147 1890 2.19043 3.2621 0.155381
148 1895 2.19117 3.2621 0.15537
149 1902 2.19259 3.2621 0.155392
150 1905 2.19445 3.2621 0.155225
151 1911 2.19499 3.2621 0.155118
152 1914 2.19702 3.2621 0.155163
153 1921 2.19805 3.2621 0.155056
154 1929 2.19873 3.2621 0.154998
155 1934 2.19871 3.2621 0.154899
156 1944 2.19868 3.2621 0.154896
157 1951 2.19863 3.2621 0.154882
158 1958 2.19799 3.2621 0.154802
159 1961 2.19866 3.2621 0.154826
160 1970 2.19806 3.2621 0.154736
161 1979 2.19877 3.2621 0.154759
162 1985 2.19961 3.2621 0.154668
163 1995 2.19883 3.2621 0.154551
164 2000 2.20002 3.2621 0.154582
165 2007 2.20087 3.2621 0.154623
166 2016 2.20097 3.2621 0.154437
167 2021 2.20152 3.2621 0.154331
168 2031 2.20149 3.2621 0.154302
169 2034 2.20235 3.2621 0.154227
170 2046 2.20167 3.2621 0.154356
171 2053 2.20248 3.2621 0.154339
172 2061 2.20229 3.2621 0.154242
173 2063 2.20379 3.2621 0.154273
174 2070 2.20389 3.2621 0.154296
175 2076 2.20439 3.2621 0.154256
176 2084 2.20433 3.2621 0.154318
177 2092 2.20339 3.2621 0.154193
178 2099 2.20332 3.2621 0.154065
179 2102 2.20335 3.2621 0.154067
180 2106 2.20432 3.2621 0.154004
181 2108 2.20547 3.2621 0.153891
182 2118 2.20373 3.2621 0.153673
183 2126 2.20441 3.2621 0.153766
184 2130 2.20509 3.2621 0.153827
185 2138 2.20684 3.2621 0.153661
186 2143 2.207 3.2621 0.153655
187 2151 2.20745 3.2621 0.153661
188 2157 2.20777 3.2621 0.153629
189 2163 2.20826 3.2621 0.153652
190 2167 2.20835 3.2621 0.153725
191 2174 2.20899 3.2621 0.153648
192 2180 2.20898 3.2621 0.153532
193 2184 2.20944 3.2621 0.153557
194 2189 2.20895 3.2621 0.153632
195 2194 2.20865 3.2621 0.153664
196 2201 2.21135 3.2621 0.153736
197 2208 2.21175 3.2621 0.153795
198 2212 2.21226 3.2621 0.153798
199 2218 2.21205 3.2621 0.153819
200 2224 2.21146 3.2621 0.153829
201 2228 2.21261 3.2621 0.153825
202 2237 2.21228 3.2621 0.153657
203 2245 2.21126 3.2621 0.153646
204 2256 2.21156 3.2621 0.153692
205 2260 2.21171 3.2621 0.153592
206 2268 2.21131 3.2621 0.153648
207 2275 2.211 3.2621 0.153621
208 2279 2.21119 3.2621 0.153581
209 2286 2.21064 3.2621 0.153611
210 2290 2.2109 3.2621 0.153564
211 2294 2.21145 3.2621 0.153458
212 2300 2.2119 3.2621 0.153451
213 2309 2.21246 3.2621 0.153471
214 2316 2.21208 3.2621 0.153334
215 2326 2.21118 3.2621 0.153371
216 2335 2.2112 3.2621 0.153441
217 2346 2.21088 3.2621 0.153568
218 2348 2.21094 3.2621 0.153533
219 2354 2.21164 3.2621 0.153523
220 2358 2.21314 3.2621 0.153598
221 2367 2.21332 3.2621 0.153575
222 2374 2.21319 3.2621 0.153626
223 2378 2.21312 3.2621 0.15367
224 2383 2.21266 3.2621 0.153671
225 2386 2.21306 3.2621 0.153677
226 2390 2.21381 3.2621 0.153703
227 2397 2.21351 3.2621 0.153701
228 2401 2.21392 3.2621 0.1536
229 2404 2.215 3.2621 0.153706
230 2409 2.21596 3.2621 0.153701
231 2412 2.21625 3.2621 0.15372
232 2416 2.21666 3.2621 0.153818
233 2421 2.21636 3.2621 0.153874
234 2424 2.21742 3.2621 0.15384
235 2430 2.21716 3.2621 0.153932
236 2433 2.21819 3.2621 0.153974
237 2438 2.21822 3.2621 0.153954
238 2445 2.21884 3.2621 0.153974
239 2454 2.21898 3.2621 0.154005
240 2459 2.21835 3.2621 0.153953
241 2462 2.22 3.2621 0.153961
242 2467 2.22057 3.2621 0.15388
243 2473 2.22045 3.2621 0.153847
244 2477 2.22043 3.2621 0.153882
245 2479 2.2208 3.2621 0.15384
246 2485 2.22111 3.2621 0.153827
247 2490 2.22012 3.2621 0.153902
248 2494 2.221 3.2621 0.154014
249 2498 2.22141 3.2621 0.153977
250 2503 2.22196 3.2621 0.153958
251 2511 2.2217 3.2621 0.153876
252 2514 2.22243 3.2621 0.153832
253 2516 2.22341 3.2621 0.15375
254 2520 2.22334 3.2621 0.153688
255 2524 2.22446 3.2621 0.153645
256 2528 2.22463 3.2621 0.153486
257 2532 2.22543 3.2621 0.153482
258 2536 2.22652 3.2621 0.153462
259 2541 2.22679 3.2621 0.153472
260 2550 2.22568 3.2621 0.153447
261 2553 2.22719 3.2621 0.1535
262 2560 2.22699 3.2621 0.153492
263 2564 2.22788 3.2621 0.153439
264 2566 2.22893 3.2621 0.153455
265 2569 2.22895 3.2621 0.153436
266 2572 2.22882 3.2621 0.153461
267 2575 2.22977 3.2621 0.153372
268 2581 2.22951 3.2621 0.153354
269 2583 2.22989 3.2621 0.153372
270 2585 2.23082 3.2621 0.153448
271 2591 2.231 3.2621 0.153505
272 2597 2.23137 3.2621 0.153453
273 2604 2.23069 3.2621 0.153359
274 2607 2.23097 3.2621 0.153287
275 2611 2.23103 3.2621 0.153358
276 2615 2.23135 3.2621 0.153397
277 2619 2.23202 3.2621 0.15334
278 2624 2.23213 3.2621 0.153268
279 2630 2.23224 3.2621 0.153301
280 2634 2.23239 3.2621 0.153314
281 2637 2.23311 3.2621 0.153256
282 2638 2.23512 3.2621 0.153149
283 2643 2.23573 3.2621 0.153062
284 2645 2.23644 3.2621 0.153033
285 2655 2.23634 3.2621 0.15302
286 2659 2.23628 3.2621 0.152917
287 2664 2.23684 3.2621 0.152791
288 2669 2.23713 3.2621 0.15274
289 2672 2.23811 3.2621 0.152674
290 2677 2.2384 3.2621 0.152615
291 2678 2.23929 3.2621 0.152712
292 2682 2.23981 3.2621 0.152767
293 2688 2.23994 3.2621 0.152671
294 2698 2.24002 3.2621 0.152627
295 2701 2.24029 3.2621 0.152639
296 2707 2.23995 3.2621 0.152648
297 2715 2.24075 3.2621 0.152634
298 2718 2.24141 3.2621 0.152565
299 2724 2.24095 3.2621 0.152551
300 2731 2.24146 3.2621 0.152528
301 2739 2.2407 3.2621 0.152534
302 2744 2.24078 3.2621 0.152584
303 2748 2.24074 3.2621 0.152642
304 2752 2.24153 3.2621 0.152633
305 2756 2.242 3.2621 0.15266
306 2761 2.2426 3.2621 0.152655
307 2764 2.24287 3.2621 0.152642
308 2769 2.24231 3.2621 0.152596
309 2774 2.24265 3.2621 0.152656
310 2775 2.24346 3.2621 0.152749
311 2779 2.24352 3.2621 0.152801
312 2781 2.24421 3.2621 0.152782
313 2786 2.24446 3.2621 0.15285
314 2789 2.24469 3.2621 0.152881
315 2792 2.24542 3.28161 0.152786
316 2796 2.2464 3.28161 0.1527
317 2800 2.24627 3.28161 0.152722
318 2802 2.24703 3.28161 0.152828
319 2807 2.24698 3.28161 0.152854
320 2810 2.24692 3.28161 0.152966
321 2815 2.24729 3.28161 0.152844
322 2817 2.2481 3.28161 0.152855
323 2818 2.24854 3.28161 0.152834
324 2821 2.24941 3.28161 0.152844
325 2827 2.2491 3.28161 0.152854
326 2829 2.25004 3.28161 0.152785
327 2834 2.24991 3.28161 0.152762
328 2835 2.25026 3.28161 0.152649
329 2838 2.25025 3.28161 0.152588
330 2840 2.25057 3.28161 0.152641
331 2845 2.24998 3.28161 0.152676
332 2849 2.25013 3.28161 0.152621
333 2854 2.25044 3.31481 0.152596
334 2857 2.25081 3.31481 0.152618
335 2862 2.25073 3.31481 0.152652
336 2864 2.25182 3.31481 0.152696
337 2867 2.25313 3.31481 0.152761
338 2871 2.25302 3.31481 0.152793
339 2874 2.25266 3.31481 0.152789
340 2876 2.2532 3.31481 0.152709
341 2876 2.25385 3.31481 0.15277
342 2879 2.25428 3.31481 0.15283
343 2885 2.25423 3.31481 0.152721
344 2888 2.25455 3.31481 0.152752
345 2891 2.25538 3.31481 0.152707
346 2895 2.25577 3.31481 0.152648
347 2901 2.25623 3.31481 0.152646
348 2905 2.25675 3.31481 0.152659
349 2907 2.25778 3.31481 0.152645
350 2910 2.2584 3.31481 0.152674
351 2912 2.2587 3.31481 0.152642
352 2917 2.25928 3.31481 0.152677
353 2922 2.2597 3.31481 0.152658
354 2926 2.25937 3.31481 0.152649
355 2928 2.2601 3.31481 0.15266
356 2931 2.26087 3.31481 0.152606
357 2934 2.26111 3.31481 0.152645
358 2939 2.2605 3.31481 0.152719
359 2942 2.26079 3.31481 0.152708
360 2943 2.26131 3.31481 0.15268
361 2943 2.26201 3.31481 0.152591
362 2948 2.26159 3.31481 0.152589
363 2950 2.26131 3.31481 0.152546
364 2956 2.26162 3.31481 0.152633
365 2958 2.26115 3.31481 0.152629
366 2958 2.26205 3.31481 0.152652
367 2964 2.26199 3.31481 0.152626
368 2965 2.26261 3.31481 0.152686
369 2970 2.26292 3.31481 0.152644
370 2972 2.26347 3.31481 0.152626
371 2979 2.26279 3.31481 0.152628
372 2984 2.26315 3.31481 0.152754
373 2989 2.26304 3.31481 0.152644
374 2994 2.26407 3.31481 0.152602
375 2999 2.26448 3.31481 0.152666
376 3004 2.26426 3.31481 0.152646
377 3009 2.26427 3.31481 0.152582
378 3010 2.26486 3.31481 0.152565
379 3013 2.26482 3.31481 0.152583
380 3016 2.2651 3.31481 0.152618
381 3019 2.26592 3.31481 0.152611
382 3022 2.26568 3.31481 0.152563
383 3027 2.26542 3.31481 0.152593
384 3033 2.26622 3.31481 0.152523
385 3038 2.26658 3.31481 0.152533
386 3039 2.26709 3.31481 0.152498
387 3040 2.26806 3.31481 0.15242
388 3040 2.26843 3.31481 0.152371
389 3042 2.26876 3.31481 0.152359
390 3044 2.26902 3.31481 0.152425
391 3048 2.26853 3.31481 0.152393
392 3051 2.26905 3.31481 0.152339
393 3056 2.26907 3.31481 0.152357
394 3059 2.26954 3.31481 0.152365
395 3061 2.26991 3.31481 0.152348
396 3064 2.27015 3.31481 0.152285
397 3066 2.27044 3.31481 0.152297
398 3070 2.27058 3.31481 0.152247
399 3070 2.27089 3.31481 0.152244
400 3071 2.27236 3.31481 0.152217
401 3072 2.273 3.31481 0.152217
402 3074 2.27393 3.31481 0.152228
403 3074 2.2743 3.31481 0.152137
404 3077 2.27493 3.31481 0.152106
405 3080 2.27531 3.31481 0.15214
406 3081 2.2756 3.31481 0.152144
407 3083 2.2758 3.31481 0.152145
408 3085 2.27607 3.31481 0.152088
409 3086 2.27695 3.31481 0.152067
410 3088 2.27679 3.31481 0.152093
411 3093 2.27675 3.31481 0.152104
412 3097 2.27691 3.31481 0.15199
413 3099 2.27678 3.31481 0.152008
414 3103 2.27649 3.31481 0.151981
415 3107 2.27684 3.31481 0.152035
416 3110 2.27695 3.31481 0.152036
417 3111 2.27793 3.31481 0.152057
418 3111 2.27864 3.31481 0.152062
419 3114 2.27908 3.31481 0.152036
420 3118 2.27894 3.31481 0.152033
421 3124 2.27911 3.31481 0.152038
422 3127 2.27988 3.34295 0.15197
423 3130 2.28033 3.34295 0.152008
424 3133 2.2814 3.34295 0.152009
425 3135 2.28165 3.34295 0.152015
426 3138 2.2816 3.34295 0.152062
427 3139 2.28189 3.34295 0.152043
428 3141 2.28231 3.34295 0.151977
429 3145 2.2825 3.34295 0.151961
430 3148 2.28265 3.34295 0.152002
431 3150 2.28311 3.34295 0.151996
432 3155 2.28308 3.34295 0.152059
433 3155 2.28403 3.34295 0.152072
434 3157 2.28436 3.34295 0.15198
435 3160 2.28486 3.34295 0.151986
436 3165 2.28462 3.34295 0.151989
437 3168 2.28518 3.34295 0.15194
438 3170 2.28529 3.34295 0.151882
439 3172 2.28531 3.34295 0.151895
440 3175 2.2861 3.34295 0.151891
441 3178 2.28676 3.34295 0.151868
442 3179 2.28757 3.34295 0.151922
443 3181 2.28768 3.34295 0.15193
444 3181 2.28815 3.34295 0.151904
445 3181 2.28896 3.34295 0.151861
446 3183 2.28893 3.34295 0.151865
447 3186 2.2891 3.34295 0.151869
448 3188 2.28961 3.34295 0.151779
449 3189 2.28993 3.34295 0.151748
450 3190 2.2903 3.34295 0.15174
451 3192 2.29101 3.34295 0.151721
452 3195 2.29131 3.34295 0.15169
453 3196 2.29196 3.34295 0.1517
454 3197 2.29258 3.34295 0.151633
455 3202 2.29246 3.34295 0.151694
456 3206 2.29326 3.34295 0.151557
457 3209 2.29313 3.34295 0.151454
458 3211 2.29335 3.34295 0.151424
459 3213 2.29396 3.35521 0.151454
460 3215 2.2948 3.35521 0.151506
461 3216 2.29564 3.49453 0.151446
462 3217 2.29591 3.49453 0.151418
463 3222 2.29587 3.49453 0.15146
464 3224 2.29584 3.49453 0.151434
465 3229 2.29488 3.49453 0.151341
466 3232 2.29561 3.49453 0.151332
467 3237 2.2958 3.49453 0.151245
468 3237 2.29666 3.49453 0.151178
469 3240 2.29708 3.49453 0.151196
470 3244 2.29813 3.49453 0.151264
471 3244 2.2987 3.49453 0.151254
472 3245 2.2994 3.49453 0.151215
473 3246 2.29993 3.49453 0.151217
474 3247 2.30005 3.49453 0.151269
475 3251 2.3002 3.49453 0.151282
476 3253 2.30038 3.49453 0.151254
477 3253 2.30096 3.49453 0.151252
478 3257 2.30098 3.49453 0.151151
479 3258 2.30113 3.49453 0.151155
480 3260 2.30155 3.49453 0.1512
481 3260 2.30229 3.49453 0.151089
482 3262 2.30248 3.49453 0.151083
483 3265 2.30237 3.49453 0.151071
484 3270 2.30263 3.49453 0.151185
485 3272 2.30261 3.49453 0.151174
486 3277 2.30223 3.49453 0.151168
487 3278 2.30263 3.49453 0.151167
488 3278 2.30358 3.49453 0.151145
489 3278 2.30407 3.49453 0.151144
490 3282 2.30404 3.49453 0.15118
491 3282 2.30485 3.49453 0.151143
492 3283 2.30523 3.49453 0.15112
493 3284 2.30613 3.49453 0.15109
494 3285 2.30692 3.49453 0.151108
495 3288 2.30676 3.49453 0.151132
496 3290 2.30701 3.49453 0.151139
497 3293 2.30726 3.49453 0.151055
498 3294 2.30826 3.49453 0.151024
499 3296 2.30841 3.49453 0.151028
500 3297 2.30915 3.49453 0.151016
501 3298 2.30912 3.49453 0.151
502 3299 2.30942 3.49453 0.150956
503 3302 2.31005 3.49453 0.150936
504 3303 2.31069 3.49453 0.1509
505 3303 2.31135 3.49453 0.150876
506 3305 2.31173 3.49453 0.150834
507 3307 2.31205 3.49453 0.150846
508 3307 2.31276 3.49453 0.15084
509 3307 2.31363 3.49453 0.150798
510 3309 2.31429 3.49453 0.150839
511 3313 2.3147 3.49453 0.15078
512 3314 2.31521 3.49453 0.15081
513 3315 2.31554 3.49453 0.150751
514 3316 2.31587 3.49453 0.150695
515 3317 2.31611 3.49453 0.150618
516 3318 2.3163 3.49453 0.150635
517 3319 2.31693 3.49453 0.150655
518 3321 2.31762 3.49453 0.150639
519 3323 2.31797 3.49453 0.150666
520 3328 2.31799 3.49453 0.150638
521 3332 2.31785 3.49453 0.150671
522 3332 2.31836 3.49453 0.150704
523 3337 2.31884 3.49453 0.150681
524 3339 2.31955 3.49453 0.150617
525 3340 2.31976 3.49453 0.150639
526 3342 2.32052 3.49453 0.150624
527 3347 2.31993 3.49453 0.150593
528 3349 2.32025 3.49453 0.150584
529 3350 2.32034 3.49453 0.150612
530 3351 2.32102 3.49453 0.150607
531 3352 2.32178 3.49453 0.150655
532 3355 2.32218 3.49453 0.15071
533 3358 2.32243 3.49453 0.150728
534 3359 2.32258 3.49453 0.150753
535 3361 2.32328 3.49453 0.150701
536 3362 2.32407 3.49453 0.150665
537 3367 2.32472 3.49453 0.150715
538 3368 2.32488 3.49453 0.150667
539 3369 2.3255 3.49453 0.150706
540 3371 2.32579 3.49453 0.150669
541 3372 2.32619 3.49453 0.150678
542 3374 2.32663 3.49453 0.150633
543 3374 2.3269 3.49453 0.150644
544 3375 2.32773 3.49453 0.150702
545 3376 2.32804 3.49453 0.15066
546 3378 2.32837 3.49453 0.150666
547 3379 2.32853 3.49453 0.15063
548 3379 2.32944 3.49453 0.15062
549 3383 2.32968 3.49453 0.150639
550 3384 2.33002 3.49453 0.150637
551 3387 2.33026 3.49453 0.150642
552 3388 2.33127 3.49453 0.150647
553 3388 2.33161 3.49453 0.150686
554 3391 2.33202 3.49453 0.150644
555 3393 2.33214 3.49453 0.150706
556 3395 2.33267 3.49453 0.150725
557 3396 2.33273 3.49453 0.15071
558 3399 2.33289 3.49453 0.15074
559 3401 2.33315 3.49453 0.150839
560 3403 2.33393 3.49453 0.150869
561 3403 2.33431 3.49453 0.150875
562 3406 2.3347 3.49453 0.150891
563 3409 2.33494 3.49453 0.150913
564 3413 2.3352 3.49453 0.150959
565 3415 2.33507 3.49453 0.150944
566 3420 2.33447 3.49453 0.150984
567 3421 2.33493 3.49453 0.151037
568 3421 2.33576 3.49453 0.150955
569 3423 2.3362 3.49453 0.15092
570 3426 2.33638 3.49453 0.150875
571 3426 2.33674 3.49453 0.15084
572 3427 2.33674 3.49453 0.150836
573 3429 2.3367 3.49453 0.150761
574 3429 2.33697 3.49453 0.150703
575 3433 2.33679 3.49453 0.150692
576 3435 2.33722 3.49453 0.150665
577 3436 2.33734 3.49453 0.150666
578 3436 2.33777 3.49453 0.150621
579 3438 2.33767 3.49453 0.150626
580 3441 2.33742 3.49453 0.150598
581 3443 2.33759 3.49453 0.150532
582 3444 2.33807 3.49453 0.15051
583 3445 2.33825 3.49453 0.150554
584 3446 2.33816 3.49453 0.150528
585 3446 2.33861 3.49453 0.150527
586 3449 2.3388 3.49453 0.150504
587 3450 2.33923 3.49453 0.150505
588 3451 2.33923 3.49453 0.150513
589 3453 2.33965 3.49453 0.150504
590 3453 2.33997 3.49453 0.150495
591 3456 2.3411 3.49453 0.150453
592 3458 2.34125 3.49453 0.150423
593 3459 2.34141 3.49453 0.15042
594 3465 2.34084 3.49453 0.150394
595 3470 2.34049 3.49453 0.150409
596 3472 2.33998 3.49453 0.150416
597 3475 2.33979 3.49453 0.150427
598 3478 2.34066 3.49453 0.150548
599 3480 2.34117 3.49453 0.150563
600 3483 2.34099 3.49453 0.15055
601 3487 2.34135 3.49453 0.150585
602 3488 2.34177 3.49453 0.15059
603 3489 2.34172 3.49453 0.15064
604 3489 2.34197 3.49453 0.150644
605 3492 2.34172 3.49453 0.150673
606 3494 2.34226 3.49453 0.150717
607 3495 2.34257 3.49453 0.150743
608 3495 2.34302 3.49453 0.150712
609 3496 2.34343 3.49453 0.150643
610 3499 2.34316 3.49453 0.150685
611 3501 2.34382 3.49453 0.150579
612 3506 2.34408 3.49453 0.150557
613 3509 2.34506 3.49453 0.150537
614 3510 2.34576 3.49453 0.150469
615 3512 2.34594 3.49453 0.150514
616 3515 2.34658 3.49453 0.150518
617 3518 2.3466 3.49453 0.150595
618 3519 2.34732 3.49453 0.150541
619 3520 2.34753 3.49453 0.150539
620 3522 2.34825 3.49453 0.15055
621 3522 2.349 3.49453 0.150516
622 3522 2.34937 3.49453 0.150562
623 3523 2.34954 3.49453 0.150581
624 3523 2.3505 3.49453 0.150621
625 3526 2.35049 3.49453 0.150684
626 3526 2.351 3.49453 0.150653
627 3528 2.35098 3.49453 0.150633
628 3531 2.35125 3.49453 0.150612
629 3533 2.35181 3.49453 0.150675
630 3534 2.35212 3.49453 0.150734
631 3535 2.35237 3.49453 0.150686
632 3536 2.35305 3.49453 0.150773
633 3540 2.35307 3.49453 0.150762
634 3542 2.35363 3.49453 0.150749
635 3542 2.35405 3.49453 0.150756
636 3542 2.35454 3.49453 0.150755
637 3542 2.35551 3.49453 0.150766
638 3543 2.35577 3.49453 0.150743
639 3545 2.35562 3.49453 0.150697
640 3548 2.3556 3.49453 0.15067
641 3549 2.35596 3.49453 0.150659
642 3553 2.35587 3.49453 0.150718
643 3554 2.35629 3.49453 0.150752
644 3557 2.35632 3.49453 0.150743
645 3558 2.35639 3.49453 0.150741
646 3558 2.35665 3.49453 0.150718
647 3561 2.35613 3.49453 0.15069
648 3562 2.35682 3.49453 0.15067
649 3566 2.35692 3.49453 0.150668
650 3568 2.35689 3.49453 0.150613
651 3570 2.35595 3.49453 0.150637
652 3575 2.35502 3.49453 0.15065
653 3576 2.3552 3.49453 0.150609
654 3577 2.35549 3.49453 0.15056
655 3579 2.35542 3.49453 0.150602
656 3579 2.35564 3.49453 0.150581
657 3582 2.35574 3.49453 0.150595
658 3586 2.35578 3.49453 0.150581
659 3590 2.35575 3.49453 0.150602
660 3593 2.35575 3.49453 0.150582
661 3593 2.35606 3.49453 0.150644
662 3597 2.35602 3.49453 0.150563
663 3599 2.35694 3.49453 0.150538
664 3601 2.35709 3.49453 0.150519
665 3604 2.35746 3.49453 0.15047
666 3605 2.35865 3.49453 0.150426
667 3607 2.35908 3.49453 0.150402
668 3615 2.35933 3.49453 0.150341
669 3617 2.35993 3.49453 0.150302
670 3617 2.3602 3.49453 0.150285
671 3618 2.36032 3.49453 0.150304
672 3619 2.36091 3.49453 0.15031
673 3619 2.36154 3.49453 0.150298
674 3621 2.3617 3.49453 0.150297
675 3624 2.36156 3.49453 0.15031
676 3625 2.36158 3.49453 0.150326
677 3625 2.36202 3.49453 0.150333
678 3625 2.3627 3.49453 0.150333
679 3625 2.36321 3.49453 0.150359
680 3629 2.36336 3.49453 0.150346
681 3629 2.3636 3.49453 0.15032
682 3630 2.36471 3.49453 0.150346
683 3634 2.36476 3.49453 0.150267
684 3638 2.36512 3.49453 0.150271
685 3639 2.36577 3.49453 0.150245
686 3643 2.3654 3.49453 0.150197
687 3644 2.36577 3.49453 0.150182
688 3644 2.36637 3.49453 0.150135
689 3646 2.36642 3.49453 0.150151
690 3647 2.36685 3.49453 0.150162
691 3648 2.36698 3.49453 0.150089
692 3648 2.36702 3.49453 0.150053
693 3648 2.36728 3.49453 0.150052
694 3650 2.36754 3.49453 0.150012
695 3650 2.3678 3.49453 0.150012
696 3652 2.36809 3.49453 0.15
697 3653 2.36822 3.49453 0.149983
698 3653 2.36862 3.49453 0.149962
699 3655 2.36878 3.49453 0.149998
700 3658 2.36871 3.49453 0.149999
701 3658 2.36921 3.49453 0.149965
702 3660 2.36958 3.49453 0.149962
703 3662 2.36994 3.49453 0.149956
704 3664 2.3697 3.49453 0.150013
705 3666 2.36956 3.49453 0.149982
706 3668 2.36973 3.49453 0.149997
707 3670 2.37002 3.49453 0.150026
708 3672 2.37005 3.49453 0.150074
709 3672 2.37045 3.49453 0.150095
710 3674 2.37041 3.49453 0.15011
711 3674 2.37073 3.49453 0.150093
712 3674 2.37101 3.49453 0.150102
713 3674 2.37157 3.49453 0.150076
714 3676 2.37169 3.49453 0.150073
715 3678 2.37182 3.49453 0.150021
716 3682 2.37166 3.49453 0.15001
717 3684 2.37197 3.49453 0.149973
718 3686 2.37255 3.49453 0.149943
719 3687 2.37312 3.49453 0.149913
720 3688 2.37331 3.49453 0.149927
721 3689 2.37332 3.49453 0.149925
722 3690 2.37351 3.49453 0.149977
723 3692 2.37365 3.49453 0.149965
724 3693 2.37377 3.49453 0.149946
725 3693 2.37413 3.49453 0.149955
726 3695 2.37361 3.49453 0.14993
727 3695 2.37394 3.49453 0.149959
728 3696 2.37392 3.49453 0.149983
729 3698 2.37433 3.49453 0.14997
730 3703 2.37401 3.49453 0.149966
731 3705 2.37396 3.49453 0.149968
732 3705 2.37436 3.49453 0.149939
733 3706 2.37463 3.49453 0.149926
734 3707 2.37482 3.49453 0.149937
735 3711 2.37471 3.49453 0.149883
736 3712 2.37485 3.49453 0.149887
737 3713 2.37571 3.49453 0.149897
738 3714 2.37614 3.49453 0.149909
739 3714 2.37662 3.49453 0.149868
740 3717 2.37631 3.49453 0.149899
741 3718 2.37657 3.49453 0.149897
742 3721 2.37659 3.49453 0.14989
743 3722 2.37707 3.49453 0.149885
744 3723 2.37774 3.49453 0.149844
745 3725 2.37804 3.49453 0.149844
746 3727 2.3781 3.49453 0.14984
747 3728 2.37834 3.49453 0.149855
748 3730 2.37862 3.49453 0.149855
749 3732 2.3788 3.49453 0.149853
750 3732 2.37939 3.49453 0.149885
751 3735 2.37949 3.49453 0.149855
752 3735 2.37989 3.49453 0.149819
753 3736 2.38013 3.49453 0.149823
754 3737 2.38038 3.49453 0.149854
755 3740 2.38011 3.49453 0.149803
756 3740 2.38046 3.49453 0.149801
757 3741 2.38091 3.49453 0.149769
758 3742 2.38155 3.49453 0.149762
759 3743 2.3816 3.49453 0.149728
760 3745 2.38093 3.49453 0.149702
761 3745 2.38172 3.49453 0.149663
762 3748 2.38194 3.49453 0.149675
763 3750 2.38143 3.49453 0.149683
764 3751 2.3817 3.49453 0.149697
765 3753 2.38183 3.49453 0.149667
766 3753 2.38215 3.49453 0.149647
767 3755 2.38218 3.49453 0.14966
768 3756 2.3823 3.49453 0.149633
769 3760 2.38213 3.49453 0.149642
770 3761 2.38225 3.49453 0.149642
771 3761 2.38271 3.49453 0.149606
772 3761 2.38311 3.49453 0.149608
773 3761 2.38354 3.49453 0.149617
774 3762 2.38376 3.49453 0.149639
775 3762 2.38408 3.49453 0.149558
776 3763 2.38433 3.49453 0.149571
777 3763 2.38444 3.49453 0.149579
778 3764 2.38456 3.49453 0.149582
779 3765 2.38487 3.49453 0.149575
780 3765 2.38511 3.49453 0.149592
781 3766 2.38562 3.49453 0.14957
782 3766 2.38616 3.49453 0.149604
783 3767 2.38624 3.49453 0.149608
784 3767 2.38667 3.49453 0.149632
785 3768 2.38723 3.49453 0.149676
786 3768 2.38774 3.49453 0.149662
787 3771 2.38751 3.49453 0.149648
788 3772 2.38786 3.49453 0.149644
789 3773 2.38804 3.49453 0.149615
790 3773 2.3886 3.49453 0.14957
791 3773 2.38903 3.49453 0.149545
792 3774 2.38924 3.49453 0.149575
793 3777 2.38921 3.49453 0.149661
794 3778 2.38939 3.49453 0.149703
795 3778 2.38954 3.49453 0.149695
796 3779 2.38987 3.49453 0.149631
797 3780 2.39033 3.49453 0.149625
798 3784 2.38996 3.49453 0.149604
799 3788 2.39018 3.49453 0.149624
800 3790 2.39032 3.49453 0.149593
801 3791 2.39078 3.49453 0.149596
802 3792 2.39078 3.49453 0.149563
803 3795 2.39042 3.49453 0.149547
804 3799 2.39049 3.49453 0.14959
805 3801 2.39061 3.49453 0.149559
806 3801 2.39082 3.49453 0.149581
807 3801 2.39101 3.49453 0.149573
808 3802 2.39121 3.49453 0.149555
809 3802 2.39145 3.49453 0.149483
810 3803 2.3916 3.49453 0.149455
811 3803 2.39221 3.49453 0.149463
812 3806 2.39163 3.49453 0.149465
813 3808 2.39144 3.49453 0.149439
814 3810 2.39155 3.49453 0.149413
815 3810 2.39165 3.49453 0.149365
816 3810 2.39196 3.49453 0.149382
817 3810 2.39225 3.49453 0.149409
818 3810 2.3926 3.49453 0.149412
819 3813 2.39275 3.49453 0.149412
820 3815 2.39321 3.49453 0.149406
821 3816 2.39345 3.49453 0.149397
822 3818 2.39291 3.49453 0.149392
823 3821 2.39267 3.49453 0.149405
824 3821 2.39294 3.49453 0.149444
825 3821 2.39336 3.49453 0.149363
826 3822 2.39387 3.49453 0.149405
827 3823 2.39405 3.49453 0.149433
828 3824 2.3948 3.49453 0.149435
829 3826 2.39483 3.49453 0.149418
830 3829 2.39504 3.49453 0.149441
831 3831 2.39545 3.49453 0.1494
832 3833 2.39579 3.49453 0.149342
833 3834 2.39586 3.49453 0.149325
834 3835 2.39619 3.49453 0.149258
835 3836 2.3967 3.49453 0.149244
836 3838 2.39673 3.49453 0.149212
837 3838 2.39696 3.49453 0.14924
838 3841 2.39664 3.49453 0.149249
839 3842 2.39689 3.49453 0.14929
840 3843 2.39708 3.49453 0.149304
841 3843 2.39716 3.49453 0.149302
842 3843 2.39752 3.49453 0.149268
843 3844 2.39838 3.49453 0.149235
844 3844 2.39866 3.49453 0.149209
845 3846 2.39889 3.49453 0.149192
846 3849 2.39879 3.49453 0.149186
847 3850 2.39894 3.49453 0.1492
848 3850 2.39935 3.49453 0.149214
849 3851 2.39933 3.49453 0.149151
850 3851 2.39967 3.49453 0.149196
851 3852 2.39977 3.49453 0.149194
852 3852 2.39995 3.49453 0.14921
853 3855 2.39978 3.49453 0.149199
854 3857 2.40077 3.49453 0.149266
855 3858 2.40076 3.49453 0.14929
856 3859 2.40073 3.49453 0.149301
857 3861 2.4013 3.49453 0.149255
858 3861 2.40173 3.49453 0.149274
859 3864 2.4021 3.49453 0.149208
860 3867 2.40141 3.49453 0.149204
861 3867 2.40149 3.49453 0.149207
862 3867 2.40184 3.49453 0.149219
863 3868 2.40199 3.49453 0.149239
864 3868 2.40254 3.49453 0.149217
865 3868 2.4029 3.49453 0.149277
866 3868 2.40297 3.49453 0.149271
867 3868 2.40309 3.49453 0.149259
868 3869 2.40333 3.49453 0.149277
869 3871 2.40332 3.49453 0.149295
870 3873 2.40353 3.49453 0.149273
871 3875 2.40371 3.49453 0.149253
872 3875 2.40399 3.49453 0.149272
873 3878 2.40398 3.49453 0.149265
874 3878 2.40423 3.49453 0.149256
875 3880 2.40429 3.49453 0.149239
876 3882 2.40454 3.49453 0.149245
877 3884 2.40474 3.49453 0.149248
878 3884 2.40484 3.49453 0.149245
879 3884 2.40519 3.49453 0.149247
880 3887 2.40511 3.49453 0.149228
881 3890 2.40537 3.49453 0.149234
882 3890 2.40563 3.49453 0.149207
883 3893 2.406 3.49453 0.149202
884 3895 2.40622 3.49453 0.149175
885 3896 2.40623 3.49453 0.149187
886 3898 2.40632 3.49453 0.149177
887 3899 2.40641 3.49453 0.149149
888 3900 2.40659 3.49453 0.149163
889 3902 2.40694 3.49453 0.149171
890 3904 2.40684 3.49453 0.149173
891 3906 2.40674 3.49453 0.149176
892 3908 2.40668 3.49453 0.149154
893 3909 2.40726 3.49453 0.149134
894 3910 2.40747 3.49453 0.149131
895 3910 2.40789 3.49453 0.149163
896 3911 2.40791 3.49453 0.149153
897 3912 2.40812 3.49453 0.149134
898 3915 2.40798 3.49453 0.149173
899 3916 2.40828 3.49453 0.149126
900 3918 2.4084 3.49453 0.14913
901 3920 2.40796 3.49453 0.149091
902 3921 2.40804 3.49453 0.149075
903 3924 2.40813 3.49453 0.149107
904 3925 2.40825 3.49453 0.149132
905 3925 2.40841 3.49453 0.149106
906 3928 2.40806 3.49453 0.149098
907 3930 2.40831 3.49453 0.149146
908 3930 2.40857 3.49453 0.149169
909 3930 2.40885 3.49453 0.149175
910 3931 2.40871 3.49453 0.149186
911 3931 2.40893 3.49453 0.149203
912 3931 2.40947 3.49453 0.149175
913 3931 2.4098 3.49453 0.149176
914 3931 2.41 3.49453 0.149161
915 3932 2.41082 3.49453 0.149145
916 3933 2.41095 3.49453 0.149158
917 3933 2.41138 3.49453 0.149173
918 3935 2.41153 3.49453 0.149163
919 3938 2.41175 3.49453 0.149178
920 3938 2.41199 3.49453 0.149194
921 3939 2.41231 3.49453 0.149195
922 3940 2.41256 3.49453 0.149189
923 3942 2.41222 3.49453 0.14921
924 3944 2.41245 3.49453 0.149218
925 3945 2.41253 3.49453 0.149204
926 3945 2.41269 3.49453 0.149241
927 3947 2.41268 3.49453 0.149282
928 3949 2.41264 3.49453 0.149285
929 3953 2.41297 3.49453 0.149258
930 3954 2.41308 3.49453 0.149289
931 3957 2.4128 3.49453 0.149275
932 3958 2.41252 3.49453 0.14932
933 3960 2.41288 3.49453 0.149228
934 3963 2.41258 3.49453 0.149228
935 3964 2.41279 3.49453 0.149199
936 3965 2.41302 3.49453 0.149215
937 3965 2.41325 3.49453 0.149219
938 3965 2.41361 3.49453 0.14925
939 3968 2.4138 3.49453 0.149263
940 3969 2.41387 3.49453 0.149275
941 3970 2.41373 3.49453 0.149269
942 3972 2.41417 3.49453 0.149256
943 3974 2.41419 3.49453 0.149207
944 3974 2.4144 3.49453 0.149177
945 3976 2.4144 3.49453 0.14917
946 3979 2.4142 3.49453 0.149146
947 3982 2.41423 3.49453 0.149134
948 3984 2.41493 3.49453 0.149102
949 3985 2.4152 3.49453 0.149097
950 3985 2.41531 3.49453 0.149062
951 3987 2.41551 3.49716 0.149072
952 3987 2.41578 3.49716 0.149103
953 3988 2.41609 3.49716 0.149171
954 3989 2.41593 3.49716 0.149172
955 3990 2.41601 3.49716 0.149192
956 3993 2.41619 3.49716 0.149239
957 3994 2.41631 3.49716 0.149242
958 3996 2.41688 3.49716 0.149243
959 3996 2.41721 3.49716 0.149244
960 3996 2.41743 3.49716 0.149231
961 3996 2.41761 3.49716 0.149241
962 3996 2.41784 3.49716 0.149219
963 3996 2.41808 3.49716 0.149218
964 3996 2.41864 3.49716 0.149239
965 3996 2.41903 3.49716 0.14923
966 3997 2.4192 3.49716 0.149222
967 3997 2.41944 3.49716 0.149225
968 3998 2.41945 3.49716 0.149249
969 4000 2.41955 3.49716 0.149222
970 4000 2.41957 3.49716 0.149201
971 4002 2.41998 3.49716 0.149205
972 4002 2.42023 3.49716 0.149214
973 4003 2.42053 3.49716 0.149173
974 4003 2.4207 3.49716 0.149148
975 4004 2.42084 3.49716 0.149135
976 4006 2.421 3.49716 0.14913
977 4006 2.42173 3.49716 0.149133
978 4008 2.42229 3.49716 0.149161
979 4008 2.42259 3.51717 0.149165
980 4009 2.42266 3.51717 0.149174
981 4011 2.42296 3.51717 0.149106
982 4011 2.42312 3.51717 0.149084
983 4011 2.42337 3.51717 0.149048
984 4014 2.42311 3.51717 0.149048
985 4014 2.42341 3.51717 0.149019
986 4016 2.42387 3.51717 0.149001
987 4017 2.42404 3.51717 0.149003
988 4017 2.42446 3.51717 0.149027
989 4017 2.42479 3.51717 0.149035
990 4018 2.42478 3.51717 0.149061
991 4018 2.42497 3.51717 0.149098
992 4018 2.42513 3.51717 0.149056
993 4021 2.42519 3.51717 0.149064
994 4023 2.42544 3.51717 0.149085
995 4027 2.42524 3.51717 0.149107
996 4027 2.42535 3.51717 0.149105
997 4028 2.42561 3.51717 0.14919
998 4029 2.42587 3.51717 0.149199
999 4029 2.42603 3.51717 0.149177
1000 4029 2.42669 3.51717 0.149171
1001 4030 2.42692 3.51717 0.149138
1002 4030 2.42703 3.51717 0.149129
1003 4030 2.42741 3.51717 0.149121
1004 4032 2.42751 3.51717 0.149128
1005 4032 2.42762 3.51717 0.149134
1006 4034 2.42801 3.51717 0.149135
1007 4035 2.42834 3.51717 0.149107
1008 4037 2.42816 3.51717 0.149083
1009 4038 2.42839 3.51717 0.149098
1010 4040 2.42839 3.51717 0.149071
1011 4040 2.4287 3.51717 0.149046
1012 4041 2.42872 3.51717 0.149027
1013 4043 2.42872 3.51717 0.148998
1014 4044 2.42889 3.51717 0.148963
1015 4044 2.42902 3.51717 0.148938
1016 4047 2.42868 3.51717 0.148956
1017 4049 2.42848 3.51717 0.148946
1018 4050 2.42864 3.51717 0.148996
1019 4050 2.42926 3.51717 0.149
1020 4050 2.42951 3.51717 0.14897
1021 4051 2.42961 3.51717 0.14896
1022 4051 2.43021 3.51717 0.148948
1023 4051 2.43032 3.51717 0.148937
1024 4052 2.43035 3.51717 0.148874
1025 4053 2.43091 3.51717 0.14886
1026 4054 2.43123 3.51717 0.148901
1027 4056 2.43164 3.51717 0.148925
1028 4057 2.43152 3.51717 0.14893
1029 4057 2.4318 3.51717 0.148925
1030 4057 2.43207 3.51717 0.148962
1031 4058 2.43243 3.51717 0.148956
1032 4058 2.43295 3.51717 0.148989
1033 4058 2.43302 3.51717 0.148991
1034 4058 2.43333 3.51717 0.14901
1035 4058 2.4337 3.51717 0.148978
1036 4058 2.43413 3.51717 0.148987
1037 4058 2.43433 3.51717 0.148935
1038 4058 2.43435 3.51717 0.148922
1039 4059 2.43488 3.51717 0.148925
1040 4060 2.43508 3.51717 0.148934
1041 4064 2.43493 3.51717 0.148952
1042 4065 2.4351 3.51717 0.148938
1043 4067 2.43542 3.51717 0.148894
1044 4067 2.43549 3.51717 0.148887
1045 4067 2.43587 3.51717 0.148862
1046 4067 2.43612 3.51717 0.148834
1047 4068 2.43643 3.51717 0.148838
1048 4069 2.43649 3.51717 0.148847
1049 4070 2.43657 3.51717 0.148825
1050 4070 2.43687 3.51717 0.148835
1051 4070 2.43726 3.51717 0.148814
1052 4070 2.4375 3.51717 0.148795
1053 4071 2.43783 3.51717 0.148797
1054 4073 2.43778 3.51717 0.148787
1055 4073 2.438 3.51717 0.148769
1056 4074 2.43844 3.51717 0.148726
1057 4076 2.43869 3.51717 0.148742
1058 4077 2.43895 3.51717 0.14877
1059 4077 2.43934 3.51717 0.148774
1060 4079 2.43921 3.51717 0.148801
1061 4081 2.43913 3.51717 0.148797
1062 4083 2.43894 3.51717 0.148812
1063 4084 2.43926 3.51717 0.148854
1064 4085 2.43942 3.51717 0.14884
1065 4085 2.43948 3.51717 0.148837
1066 4085 2.43983 3.51717 0.148834
1067 4086 2.44011 3.51717 0.148807
1068 4086 2.44041 3.51717 0.14878
1069 4088 2.44054 3.51717 0.148814
1070 4090 2.44044 3.51717 0.148796
1071 4091 2.44059 3.51717 0.148833
1072 4091 2.4409 3.51717 0.148812
1073 4091 2.44113 3.51717 0.148803
1074 4092 2.4415 3.51717 0.148774
1075 4093 2.44168 3.51717 0.148807
1076 4095 2.4416 3.51717 0.148786
1077 4096 2.44208 3.51717 0.148832
1078 4096 2.44217 3.51717 0.148851
1079 4098 2.4419 3.51717 0.148822
1080 4099 2.44188 3.51717 0.148801
1081 4099 2.4421 3.51717 0.148756
1082 4099 2.44243 3.51717 0.148719
1083 4101 2.4423 3.51717 0.148707
1084 4103 2.44214 3.51717 0.148703
1085 4103 2.44229 3.51717 0.148703
1086 4103 2.44278 3.51717 0.148656
1087 4104 2.44311 3.51717 0.148668
1088 4105 2.44332 3.51717 0.148674
1089 4105 2.44343 3.51717 0.148684
1090 4107 2.44356 3.51717 0.148688
1091 4107 2.44369 3.51717 0.14868
1092 4108 2.44408 3.51717 0.148687
1093 4110 2.44403 3.51717 0.148691
1094 4112 2.444 3.51717 0.148705
1095 4112 2.44419 3.51717 0.1487
1096 4112 2.44422 3.51717 0.148676
1097 4113 2.44422 3.51717 0.148676
1098 4114 2.44446 3.51717 0.148678
1099 4115 2.44473 3.51717 0.148634
1100 4115 2.44491 3.51717 0.148605
1101 4116 2.44497 3.51717 0.148594
1102 4118 2.44531 3.51717 0.148595
1103 4118 2.44553 3.51717 0.148594
1104 4119 2.44556 3.51717 0.148572
1105 4122 2.44556 3.51717 0.148644
1106 4122 2.44595 3.51717 0.148686
1107 4122 2.44624 3.51717 0.148689
1108 4123 2.44645 3.51717 0.148699
1109 4123 2.4466 3.51717 0.148688
1110 4125 2.44684 3.51717 0.14868
1111 4126 2.44684 3.51717 0.148696
1112 4126 2.44702 3.51717 0.148659
1113 4127 2.44714 3.51717 0.148682
1114 4127 2.44732 3.51717 0.148683
1115 4128 2.44756 3.51717 0.148716
1116 4128 2.44764 3.51717 0.148693
1117 4131 2.44675 3.51717 0.14871
1118 4133 2.44698 3.51717 0.148682
1119 4137 2.44632 3.51717 0.148695
1120 4138 2.4463 3.51717 0.148717
1121 4139 2.44619 3.51717 0.148725
1122 4140 2.44617 3.51717 0.148713
1123 4140 2.44632 3.51717 0.148721
1124 4143 2.4462 3.51717 0.148696
1125 4144 2.44646 3.51717 0.148748
1126 4144 2.44684 3.51717 0.148779
1127 4144 2.44707 3.51717 0.1488
1128 4145 2.44721 3.51717 0.148807
1129 4145 2.44747 3.51717 0.148831
1130 4147 2.44758 3.51717 0.148794
1131 4147 2.44775 3.51717 0.148764
1132 4148 2.4479 3.51717 0.148732
1133 4149 2.44836 3.51717 0.148739
1134 4150 2.44853 3.51717 0.148726
1135 4150 2.44888 3.51717 0.148728
1136 4150 2.44892 3.51717 0.148717
1137 4153 2.44936 3.51717 0.148744
1138 4155 2.44939 3.51717 0.148713
1139 4155 2.44954 3.51717 0.148691
1140 4155 2.44963 3.51717 0.148669
1141 4158 2.45011 3.51717 0.148638
1142 4158 2.45025 3.51717 0.148657
1143 4160 2.45061 3.51717 0.148684
1144 4160 2.45075 3.51717 0.148643
1145 4160 2.45106 3.51717 0.148647
1146 4160 2.45129 3.51717 0.148634
1147 4160 2.45168 3.51717 0.148643
1148 4160 2.45179 3.51717 0.148667
1149 4160 2.45201 3.51717 0.148662
1150 4160 2.45221 3.51717 0.148648
1151 4161 2.45229 3.51717 0.148678
1152 4164 2.45206 3.51717 0.148655
1153 4164 2.45221 3.51717 0.148669
1154 4165 2.45232 3.51717 0.148677
1155 4165 2.45266 3.51717 0.148683
1156 4165 2.45306 3.51717 0.148615
1157 4168 2.4531 3.51717 0.148652
1158 4169 2.45306 3.51717 0.148632
1159 4169 2.45315 3.51717 0.148609
1160 4171 2.45306 3.51717 0.148615
1161 4173 2.45316 3.51717 0.148622
1162 4174 2.45315 3.51717 0.148608
1163 4175 2.45307 3.51717 0.148607
1164 4175 2.4534 3.51717 0.148607
1165 4175 2.45378 3.51717 0.14862
1166 4175 2.45444 3.51717 0.148626
1167 4176 2.45417 3.51717 0.148612
1168 4176 2.45441 3.52091 0.148612
1169 4176 2.45465 3.52091 0.148649
1170 4178 2.45502 3.52091 0.148657
1171 4179 2.45506 3.52091 0.14866
1172 4181 2.45503 3.52091 0.148607
1173 4182 2.45512 3.52091 0.148625
1174 4182 2.45527 3.52091 0.148586
1175 4183 2.45525 3.52091 0.148584
1176 4184 2.45566 3.52091 0.148529
1177 4184 2.45591 3.52091 0.148484
1178 4184 2.45657 3.52091 0.148487
1179 4185 2.45725 3.52091 0.148469
1180 4186 2.45736 3.52091 0.148461
1181 4187 2.45743 3.52091 0.14846
1182 4188 2.4576 3.52091 0.148432
1183 4188 2.45774 3.52091 0.148407
1184 4188 2.45816 3.52091 0.148379
1185 4189 2.45766 3.52091 0.148392
1186 4189 2.4579 3.52091 0.148379
1187 4189 2.45803 3.52091 0.148348
1188 4191 2.45814 3.52091 0.148346
1189 4192 2.45803 3.52091 0.148331
1190 4193 2.45804 3.52091 0.148357
1191 4195 2.45823 3.52091 0.148363
1192 4196 2.45851 3.52091 0.148424
1193 4196 2.45863 3.52091 0.148434
1194 4197 2.45877 3.52091 0.148383
1195 4200 2.45879 3.52091 0.14838
1196 4202 2.4588 3.52091 0.148338
1197 4203 2.45915 3.52091 0.148335
1198 4203 2.4593 3.52091 0.148327
1199 4204 2.4593 3.52091 0.148328
1200 4207 2.4596 3.52091 0.148316
1201 4207 2.45975 3.52091 0.148317
1202 4209 2.45982 3.52091 0.148293
1203 4209 2.46013 3.52091 0.148304
1204 4210 2.46012 3.52091 0.14831
1205 4210 2.46049 3.52091 0.148283
1206 4210 2.46064 3.52091 0.148292
1207 4211 2.46072 3.52091 0.148275
1208 4211 2.46085 3.52091 0.148276
1209 4211 2.46107 3.52091 0.148275
1210 4212 2.46113 3.52091 0.148312
1211 4214 2.46111 3.52091 0.148307
1212 4215 2.46144 3.52091 0.148299
1213 4217 2.46151 3.52091 0.148289
1214 4218 2.46172 3.52091 0.14828
1215 4219 2.46198 3.52091 0.148326
1216 4221 2.46231 3.52091 0.148313
1217 4222 2.4623 3.52091 0.148336
1218 4224 2.46254 3.52091 0.148352
1219 4224 2.46286 3.52091 0.148319
1220 4225 2.46286 3.52091 0.148385
1221 4227 2.46289 3.52091 0.148417
1222 4229 2.46307 3.52091 0.148436
1223 4229 2.46335 3.52091 0.148456
1224 4229 2.46367 3.52091 0.14845
1225 4229 2.4638 3.52091 0.14844
1226 4229 2.46391 3.52091 0.148432
1227 4229 2.46417 3.52091 0.148428
1228 4229 2.4645 3.52091 0.148396
1229 4231 2.46475 3.52091 0.148434
1230 4235 2.46465 3.52091 0.148486
1231 4236 2.46497 3.52091 0.148512
1232 4236 2.46548 3.52091 0.148522
1233 4238 2.46521 3.52091 0.148522
1234 4241 2.46532 3.52091 0.148513
1235 4243 2.46546 3.52091 0.14852
1236 4244 2.46539 3.52091 0.148513
1237 4246 2.46531 3.52091 0.148519
1238 4248 2.46525 3.52091 0.148462
1239 4248 2.46556 3.52091 0.148447
1240 4248 2.46584 3.52091 0.148468
1241 4249 2.46606 3.52091 0.148454
1242 4249 2.46637 3.52091 0.14843
1243 4250 2.46624 3.52091 0.148436
1244 4250 2.46647 3.52091 0.148399
1245 4252 2.46668 3.52091 0.148417
1246 4253 2.46657 3.52091 0.148389
1247 4254 2.46653 3.52091 0.148356
1248 4256 2.46656 3.52091 0.148297
1249 4257 2.46646 3.52091 0.148278
1250 4258 2.46649 3.52091 0.14831
1251 4258 2.46656 3.52091 0.148285
1252 4259 2.46673 3.52091 0.148266
1253 4259 2.46708 3.52091 0.148262
1254 4259 2.46727 3.52091 0.148265
1255 4259 2.46759 3.52091 0.148295
1256 4259 2.4677 3.52091 0.148285
1257 4260 2.46769 3.52091 0.148276
1258 4260 2.46791 3.52091 0.148302
1259 4261 2.46794 3.52091 0.148257
1260 4261 2.468 3.52091 0.148239
1261 4263 2.46819 3.52091 0.148235
1262 4263 2.46849 3.52091 0.148223
1263 4265 2.46809 3.52091 0.148198
1264 4266 2.46825 3.52091 0.148194
1265 4269 2.46844 3.52091 0.148202
1266 4270 2.46816 3.52091 0.148178
1267 4270 2.46843 3.52091 0.148178
1268 4270 2.46869 3.52091 0.148164
1269 4271 2.46888 3.52091 0.148163
1270 4273 2.46904 3.52091 0.148126
1271 4273 2.4692 3.52091 0.148143
1272 4273 2.46932 3.52091 0.148139
1273 4273 2.46949 3.52091 0.148115
1274 4273 2.46957 3.52091 0.148118
1275 4273 2.46972 3.52091 0.148116
1276 4275 2.47001 3.52091 0.148158
1277 4275 2.47014 3.52091 0.148185
1278 4275 2.47041 3.52091 0.148192
1279 4277 2.47002 3.52091 0.148145
1280 4278 2.47006 3.52091 0.14816
1281 4280 2.47001 3.52091 0.148154
1282 4280 2.47019 3.52091 0.148217
1283 4280 2.47068 3.52091 0.148241
1284 4281 2.47058 3.52091 0.14823
1285 4282 2.47057 3.52091 0.148199
1286 4286 2.47055 3.52091 0.148157
1287 4287 2.47079 3.52091 0.148131
1288 4288 2.47034 3.52091 0.148152
1289 4288 2.47044 3.52091 0.148169
1290 4289 2.47055 3.52091 0.148155
1291 4289 2.47079 3.52091 0.148182
1292 4289 2.47163 3.52091 0.148144
1293 4289 2.47203 3.52091 0.148167
1294 4291 2.47204 3.52091 0.148154
1295 4291 2.47227 3.52091 0.148118
1296 4291 2.47263 3.52091 0.148113
1297 4291 2.4729 3.52091 0.148142
1298 4291 2.47304 3.52091 0.148149
1299 4292 2.47322 3.52091 0.148132
1300 4293 2.47372 3.52091 0.148147
1301 4293 2.4739 3.52091 0.148149
1302 4294 2.47408 3.52091 0.14816
1303 4296 2.47394 3.52091 0.148183
1304 4299 2.47385 3.52091 0.148189
1305 4299 2.47425 3.52091 0.148216
1306 4299 2.47438 3.52091 0.148194
1307 4300 2.47451 3.52091 0.148193
1308 4301 2.47453 3.52091 0.14818
1309 4303 2.47494 3.52091 0.148225
1310 4305 2.47506 3.52091 0.148217
1311 4305 2.47528 3.52091 0.148261
1312 4305 2.47536 3.52091 0.148237
1313 4308 2.47533 3.52091 0.148249
1314 4310 2.47523 3.52091 0.148245
1315 4310 2.47573 3.52091 0.14829
1316 4311 2.47574 3.52091 0.148279
1317 4315 2.47546 3.52091 0.148269
1318 4315 2.47549 3.52091 0.148251
1319 4316 2.47573 3.52091 0.148212
1320 4316 2.47586 3.52091 0.148211
1321 4316 2.47615 3.52091 0.148234
1322 4316 2.47645 3.52091 0.148238
1323 4319 2.47618 3.52091 0.148216
1324 4320 2.47639 3.52091 0.148224
1325 4322 2.47654 3.52091 0.148211
1326 4322 2.47678 3.52091 0.148206
1327 4322 2.47716 3.52091 0.148182
1328 4322 2.47759 3.52091 0.148169
1329 4323 2.47773 3.52091 0.148162
1330 4323 2.47807 3.52091 0.148183
1331 4326 2.47808 3.52091 0.148177
1332 4326 2.47841 3.52091 0.148161
1333 4326 2.47842 3.52091 0.148151
1334 4326 2.47857 3.52091 0.148175
1335 4327 2.47849 3.52091 0.148157
1336 4328 2.47864 3.52091 0.148154
1337 4329 2.47897 3.52091 0.148163
1338 4332 2.47858 3.52091 0.148163
1339 4332 2.47905 3.52091 0.148214
1340 4333 2.47907 3.52091 0.148208
1341 4334 2.47928 3.52091 0.148202
1342 4334 2.47936 3.52091 0.148179
1343 4335 2.47901 3.52091 0.148181
1344 4335 2.47907 3.52091 0.148192
1345 4335 2.47919 3.52091 0.1482
1346 4336 2.47949 3.52091 0.148261
1347 4337 2.47947 3.52091 0.148251
1348 4337 2.47959 3.52091 0.148225
1349 4337 2.47991 3.52091 0.148215
1350 4338 2.48005 3.52091 0.148212
1351 4338 2.48029 3.52091 0.1482
1352 4338 2.48035 3.52091 0.14816
1353 4339 2.48058 3.52091 0.14815
1354 4340 2.48084 3.52091 0.148134
1355 4342 2.48079 3.52091 0.148128
1356 4343 2.48086 3.52091 0.148172
1357 4344 2.48079 3.52091 0.148159
1358 4344 2.48096 3.52091 0.14815
1359 4345 2.48087 3.52091 0.148144
1360 4345 2.48108 3.52091 0.148121
1361 4345 2.48127 3.52091 0.148116
1362 4345 2.48168 3.52091 0.148115
1363 4345 2.48188 3.52091 0.148144
1364 4345 2.48197 3.52091 0.148162
1365 4347 2.48235 3.52091 0.148143
1366 4349 2.48227 3.52091 0.148163
1367 4349 2.48227 3.52091 0.148154
1368 4350 2.48267 3.52091 0.148137
1369 4350 2.48267 3.52091 0.148134
1370 4350 2.48283 3.52091 0.148138
1371 4350 2.483 3.52091 0.148141
1372 4352 2.48286 3.52091 0.148121
1373 4352 2.48287 3.52091 0.148096
1374 4354 2.48308 3.52091 0.148126
1375 4355 2.48332 3.54359 0.148115
1376 4357 2.4833 3.54359 0.148147
1377 4358 2.48355 3.54359 0.148129
1378 4360 2.48358 3.54359 0.148098
1379 4362 2.48325 3.54359 0.148147
1380 4362 2.4833 3.54359 0.14814
1381 4362 2.48336 3.54359 0.148157
1382 4362 2.48347 3.54359 0.148156
1383 4363 2.48355 3.54359 0.148161
1384 4363 2.4837 3.54359 0.148154
1385 4365 2.48356 3.54359 0.148119
1386 4367 2.4836 3.54359 0.148144
1387 4368 2.48367 3.54359 0.148143
1388 4368 2.48384 3.54359 0.148155
1389 4368 2.48399 3.54359 0.148169
1390 4370 2.48376 3.54359 0.148139
1391 4371 2.48383 3.54359 0.148117
1392 4372 2.48413 3.54359 0.148101
1393 4373 2.48429 3.54359 0.148085
1394 4374 2.48461 3.54359 0.14807
1395 4374 2.48483 3.54359 0.14804
1396 4374 2.48504 3.54359 0.14803
1397 4374 2.48524 3.54359 0.148005
1398 4375 2.48551 3.54359 0.148006
1399 4378 2.48532 3.54359 0.148025
1400 4379 2.48539 3.54359 0.148007
1401 4379 2.48555 3.54359 0.148003
1402 4379 2.48562 3.54359 0.147996
1403 4381 2.48534 3.54359 0.147975
1404 4382 2.48537 3.54359 0.147942
1405 4382 2.48549 3.54359 0.147954
1406 4383 2.4856 3.54359 0.147947
1407 4386 2.48565 3.54359 0.147929
1408 4387 2.48592 3.54359 0.147942
1409 4388 2.48599 3.54359 0.147932
1410 4389 2.486 3.54359 0.147968
1411 4390 2.48597 3.54359 0.147958
1412 4390 2.48598 3.54359 0.147932
1413 4390 2.48618 3.54359 0.147921
1414 4394 2.48625 3.54359 0.147928
1415 4395 2.48643 3.54359 0.147942
1416 4395 2.48678 3.54359 0.147965
1417 4395 2.48698 3.54359 0.14794
1418 4395 2.48745 3.54359 0.14794
1419 4396 2.48774 3.54359 0.147917
1420 4398 2.48801 3.54359 0.147935
1421 4398 2.4881 3.54359 0.147939
1422 4398 2.48829 3.54359 0.147927
1423 4398 2.48854 3.54359 0.14794
1424 4398 2.48882 3.54359 0.147933
1425 4399 2.48902 3.54359 0.147925
1426 4400 2.48896 3.54359 0.147916
1427 4402 2.48922 3.54359 0.147926
1428 4402 2.4894 3.54359 0.147956
1429 4403 2.48927 3.54359 0.147947
1430 4404 2.48937 3.54359 0.147974
1431 4405 2.48905 3.54359 0.14799
1432 4406 2.48892 3.54359 0.147968
1433 4406 2.48921 3.54359 0.147991
1434 4407 2.48917 3.54359 0.147967
1435 4407 2.48932 3.54359 0.147975
1436 4408 2.48972 3.54359 0.147968
1437 4408 2.48989 3.54359 0.147965
1438 4408 2.48999 3.54359 0.147951
1439 4408 2.49024 3.54359 0.147964
1440 4409 2.49017 3.54359 0.147941
1441 4410 2.49029 3.54359 0.147951
1442 4410 2.49039 3.54359 0.14796
1443 4410 2.49054 3.54359 0.147978
1444 4411 2.49087 3.54359 0.147943
1445 4413 2.49091 3.54359 0.147919
1446 4414 2.49085 3.54359 0.147898
1447 4415 2.49102 3.54359 0.147895
1448 4415 2.49106 3.54359 0.147899
1449 4416 2.49089 3.54359 0.147877
1450 4416 2.49106 3.54359 0.147854
1451 4417 2.49115 3.54359 0.14785
1452 4419 2.49113 3.54359 0.147894
1453 4419 2.49134 3.54359 0.147876
1454 4419 2.4916 3.54359 0.14787
1455 4419 2.49175 3.54359 0.147855
1456 4419 2.49231 3.54359 0.147841
1457 4420 2.49229 3.54359 0.147809
1458 4420 2.4925 3.54359 0.147768
1459 4421 2.4925 3.54359 0.147777
1460 4423 2.49246 3.54359 0.147766
1461 4424 2.49259 3.54359 0.147764
1462 4425 2.49287 3.54359 0.147765
1463 4425 2.49318 3.54359 0.147782
1464 4425 2.49321 3.54359 0.147755
1465 4427 2.49299 3.54359 0.147756
1466 4427 2.49333 3.54359 0.147726
1467 4427 2.49347 3.54359 0.147714
1468 4427 2.49361 3.54359 0.147717
1469 4427 2.49373 3.54359 0.147708
1470 4427 2.49381 3.54359 0.147716
1471 4428 2.49404 3.54359 0.147714
1472 4428 2.49433 3.54359 0.147711
1473 4429 2.49446 3.54359 0.14768
1474 4429 2.49457 3.54359 0.147633
1475 4429 2.49485 3.54359 0.147667
1476 4431 2.49497 3.54359 0.147683
1477 4431 2.49507 3.54359 0.147687
1478 4431 2.49512 3.54359 0.147676
1479 4431 2.4954 3.54359 0.14765
1480 4431 2.4957 3.54359 0.147651
1481 4431 2.49601 3.54359 0.147647
1482 4431 2.49611 3.54359 0.147663
1483 4433 2.49593 3.54359 0.147669
1484 4433 2.4961 3.54359 0.14769
1485 4433 2.49625 3.54359 0.147672
1486 4435 2.49615 3.54359 0.147677
1487 4435 2.49624 3.54359 0.147654
1488 4435 2.49632 3.54359 0.147663
1489 4436 2.49607 3.54359 0.147638
1490 4437 2.49609 3.54359 0.147659
1491 4437 2.49619 3.54359 0.147666
1492 4437 2.49621 3.54359 0.147661
1493 4437 2.49635 3.54359 0.147673
1494 4438 2.49651 3.54359 0.147682
1495 4438 2.49683 3.54359 0.147653
1496 4439 2.49691 3.54359 0.147649
1497 4439 2.49709 3.54359 0.147661
1498 4439 2.49729 3.54359 0.14764
1499 4440 2.49741 3.54359 0.147655
1500 4440 2.49758 3.54359 0.147631
1501 4440 2.49773 3.54359 0.147613
1502 4440 2.49797 3.54359 0.147561
1503 4440 2.4981 3.54359 0.147581
1504 4441 2.49824 3.54359 0.147564
1505 4441 2.49843 3.54359 0.147558
1506 4441 2.49857 3.54359 0.147558
1507 4442 2.49816 3.54359 0.147561
1508 4442 2.4984 3.54359 0.147541
1509 4442 2.49862 3.54359 0.147594
1510 4442 2.49877 3.54359 0.147564
1511 4445 2.49864 3.54359 0.147536
1512 4445 2.49888 3.54359 0.147529
1513 4445 2.49919 3.54359 0.147548
1514 4445 2.49933 3.54359 0.147547
1515 4445 2.49967 3.54359 0.147546
1516 4446 2.49952 3.54359 0.147554
1517 4446 2.49975 3.54359 0.147565
1518 4447 2.49974 3.54359 0.147516
1519 4447 2.49985 3.54359 0.147535
1520 4449 2.50021 3.54359 0.147519
1521 4450 2.50018 3.54359 0.14751
1522 4450 2.50046 3.54359 0.147487
1523 4451 2.50062 3.54359 0.147473
1524 4455 2.50054 3.54359 0.147507
1525 4456 2.50061 3.54359 0.147506
1526 4456 2.5007 3.54359 0.147517
1527 4456 2.50078 3.54359 0.147536
1528 4456 2.5011 3.54359 0.147554
1529 4456 2.50128 3.54359 0.147576
1530 4457 2.50155 3.54359 0.147603
1531 4458 2.50163 3.54359 0.147606
1532 4458 2.5019 3.54359 0.14759
1533 4458 2.50211 3.54359 0.147554
1534 4458 2.50214 3.54359 0.147542
1535 4459 2.50194 3.54359 0.147519
1536 4460 2.50223 3.65425 0.14746
1537 4460 2.50248 3.65425 0.147463
1538 4460 2.5027 3.65425 0.147438
1539 4462 2.50278 3.65425 0.147459
1540 4462 2.50324 3.65425 0.147452
1541 4463 2.50331 3.65425 0.147436
1542 4464 2.50349 3.65425 0.147446
1543 4466 2.50347 3.65425 0.147453
1544 4467 2.50361 3.65425 0.147443
1545 4468 2.50367 3.65425 0.147417
1546 4468 2.50376 3.65425 0.147425
1547 4468 2.50393 3.65425 0.147435
1548 4469 2.504 3.65425 0.147436
1549 4469 2.50444 3.65425 0.147449
1550 4469 2.50479 3.65425 0.147435
1551 4469 2.50491 3.65425 0.147408
1552 4471 2.50483 3.65425 0.147411
1553 4471 2.50496 3.65425 0.147353
1554 4471 2.50518 3.65425 0.147361
1555 4472 2.50536 3.65425 0.14738
1556 4472 2.50539 3.65425 0.147374
1557 4474 2.50546 3.65425 0.147339
1558 4474 2.50555 3.65425 0.147316
1559 4474 2.50595 3.65425 0.147358
1560 4474 2.50598 3.65425 0.147346
1561 4475 2.50612 3.65425 0.14738
1562 4477 2.50611 3.65425 0.147338
1563 4477 2.50612 3.65425 0.147321
1564 4477 2.5064 3.65425 0.147309
1565 4480 2.506 3.65425 0.14732
1566 4481 2.50616 3.65425 0.147322
1567 4482 2.50623 3.65425 0.147299
1568 4484 2.50597 3.65425 0.147271
1569 4485 2.5061 3.65425 0.147272
1570 4487 2.50584 3.65425 0.14722
1571 4488 2.50567 3.65425 0.147238
1572 4488 2.50604 3.65425 0.147206
1573 4490 2.50607 3.65425 0.147224
1574 4490 2.50626 3.65425 0.147233
1575 4490 2.50646 3.65425 0.147225
1576 4491 2.50628 3.65425 0.147227
1577 4491 2.50648 3.65425 0.147219
1578 4492 2.50641 3.65425 0.147216
1579 4492 2.50663 3.65425 0.147216
1580 4494 2.5066 3.65425 0.147232
1581 4496 2.5063 3.65425 0.147223
1582 4497 2.50656 3.65425 0.147277
1583 4501 2.50691 3.65425 0.147268
1584 4501 2.50697 3.65425 0.147265
1585 4501 2.50719 3.65425 0.147304
1586 4501 2.50736 3.65425 0.147339
1587 4502 2.50729 3.65425 0.147358
1588 4502 2.50735 3.65425 0.14736
1589 4502 2.50786 3.65425 0.147381
1590 4503 2.50781 3.65425 0.14737
1591 4503 2.50795 3.65425 0.147356
1592 4504 2.50813 3.65425 0.14738
1593 4504 2.50827 3.65425 0.147383
1594 4505 2.50834 3.65425 0.147392
1595 4505 2.50853 3.65425 0.147391
1596 4505 2.50864 3.65425 0.1474
1597 4506 2.50845 3.65425 0.147385
1598 4506 2.50862 3.65425 0.147357
1599 4506 2.50883 3.65425 0.147385
1600 4507 2.50884 3.65425 0.147395
1601 4507 2.50908 3.65425 0.147374
1602 4508 2.50931 3.65425 0.147416
1603 4508 2.50933 3.65425 0.147412
1604 4508 2.50941 3.65425 0.147411
1605 4508 2.50951 3.65425 0.147389
1606 4509 2.50997 3.65425 0.147366
1607 4509 2.51015 3.65425 0.147375
1608 4509 2.51036 3.65425 0.147366
1609 4509 2.51069 3.65425 0.147386
1610 4510 2.51069 3.65425 0.14738
1611 4510 2.51074 3.65425 0.147376
1612 4512 2.51086 3.65425 0.147355
1613 4514 2.51114 3.65425 0.147343
1614 4514 2.51124 3.65425 0.147362
1615 4516 2.51132 3.65425 0.147369
1616 4516 2.51159 3.65425 0.14738
1617 4516 2.51189 3.65425 0.147386
1618 4516 2.51219 3.65425 0.147335
1619 4516 2.51241 3.65425 0.147334
1620 4516 2.51272 3.65425 0.147347
1621 4517 2.51284 3.65425 0.147334
1622 4518 2.5129 3.65425 0.147324
1623 4519 2.51305 3.65425 0.147335
1624 4520 2.51307 3.65425 0.147335
1625 4521 2.51305 3.65425 0.147307
1626 4524 2.51313 3.65425 0.147284
1627 4526 2.51297 3.65425 0.147329
1628 4526 2.51327 3.65425 0.147335
1629 4526 2.51345 3.65425 0.147327
1630 4528 2.51345 3.65425 0.147286
1631 4530 2.51311 3.65425 0.147253
1632 4530 2.51333 3.65425 0.14726
1633 4530 2.51365 3.65425 0.147258
1634 4530 2.51378 3.65425 0.147277
1635 4530 2.51394 3.65425 0.147275
1636 4530 2.51412 3.65425 0.147245
1637 4530 2.51433 3.65425 0.147268
1638 4530 2.51465 3.65425 0.147297
1639 4530 2.51478 3.65425 0.147322
1640 4530 2.51519 3.65425 0.147365
1641 4531 2.51536 3.65425 0.147379
1642 4531 2.51539 3.65425 0.147385
1643 4531 2.51558 3.65425 0.147379
1644 4531 2.516 3.65425 0.147346
1645 4531 2.51614 3.65425 0.147362
1646 4531 2.51631 3.65425 0.147349
1647 4533 2.51585 3.65425 0.147316
1648 4533 2.51598 3.65425 0.147344
1649 4533 2.51613 3.65425 0.147293
1650 4533 2.51619 3.65425 0.147268
1651 4534 2.5159 3.65425 0.147272
1652 4534 2.51607 3.65425 0.147303
1653 4534 2.51654 3.65425 0.147284
1654 4534 2.5167 3.65425 0.147276
1655 4538 2.51665 3.65425 0.147277
1656 4541 2.51666 3.65425 0.147285
1657 4544 2.51658 3.65425 0.147291
1658 4544 2.51668 3.65425 0.147306
1659 4546 2.51651 3.65425 0.147288
1660 4546 2.51654 3.65425 0.147294
1661 4546 2.51676 3.65425 0.147268
1662 4546 2.51688 3.65425 0.147247
1663 4546 2.51715 3.65425 0.147243
1664 4547 2.51744 3.65425 0.147256
1665 4549 2.51734 3.65425 0.147238
1666 4550 2.51729 3.65425 0.147222
1667 4550 2.51748 3.65425 0.147207
1668 4550 2.5181 3.65425 0.147211
1669 4550 2.51821 3.65425 0.147203
1670 4550 2.51836 3.65425 0.147214
1671 4553 2.51819 3.65425 0.147207
1672 4553 2.51862 3.65425 0.147193
1673 4555 2.51873 3.65425 0.147223
1674 4557 2.51884 3.65425 0.147252
1675 4558 2.51892 3.65425 0.147258
1676 4558 2.5196 3.65425 0.147255
1677 4558 2.51973 3.65425 0.147275
1678 4558 2.52024 3.65425 0.147269
1679 4559 2.52027 3.65425 0.147271
1680 4559 2.52072 3.65425 0.147215
1681 4561 2.52084 3.65425 0.147218
1682 4561 2.5209 3.65425 0.147211
1683 4561 2.52099 3.65425 0.147212
1684 4561 2.52117 3.65425 0.147211
1685 4562 2.52132 3.65425 0.147233
1686 4562 2.5215 3.65425 0.147236
1687 4563 2.52157 3.65425 0.147241
1688 4563 2.52161 3.65425 0.147218
1689 4564 2.52193 3.65425 0.147222
1690 4565 2.52184 3.65425 0.1472
1691 4568 2.52156 3.65425 0.147205
1692 4568 2.52178 3.65425 0.147223
1693 4568 2.52194 3.65425 0.147214
1694 4570 2.52172 3.65425 0.147214
1695 4570 2.52187 3.65425 0.147213
1696 4571 2.5222 3.65425 0.147189
1697 4572 2.52252 3.65425 0.147187
1698 4574 2.52229 3.65425 0.147202
1699 4575 2.52229 3.65425 0.147218
1700 4575 2.52233 3.65425 0.147203
1701 4577 2.52256 3.65425 0.147201
1702 4577 2.52274 3.65425 0.147202
1703 4577 2.52286 3.65425 0.147226
1704 4577 2.52295 3.65425 0.147246
1705 4578 2.52304 3.65425 0.147254
1706 4579 2.52277 3.65425 0.147253
1707 4581 2.52262 3.65425 0.147232
1708 4583 2.52243 3.65425 0.147225
1709 4585 2.52213 3.65425 0.14725
1710 4587 2.52214 3.65425 0.147232
1711 4588 2.52224 3.65425 0.147202
1712 4588 2.52246 3.65425 0.147189
1713 4588 2.52262 3.65425 0.147147
1714 4588 2.52301 3.65425 0.147139
1715 4588 2.52316 3.65425 0.147153
1716 4589 2.52331 3.65425 0.147147
1717 4589 2.52352 3.65425 0.147163
1718 4590 2.52369 3.65425 0.14718
1719 4594 2.52308 3.65425 0.14721
1720 4594 2.52333 3.65425 0.147188
1721 4595 2.52367 3.65425 0.147209
1722 4595 2.52369 3.65425 0.147209
1723 4596 2.52347 3.65425 0.147215
1724 4597 2.52354 3.65425 0.147193
1725 4597 2.52374 3.65425 0.147198
1726 4597 2.524 3.65425 0.147212
1727 4599 2.52403 3.65425 0.147227
1728 4599 2.52421 3.65425 0.147229
1729 4601 2.52436 3.65425 0.147242
1730 4602 2.52445 3.65425 0.147224
1731 4603 2.52449 3.65425 0.147245
1732 4604 2.52466 3.65425 0.147238
1733 4604 2.52485 3.65425 0.147222
1734 4604 2.52504 3.65425 0.147232
1735 4605 2.52526 3.65425 0.1472
1736 4606 2.52495 3.65425 0.147156
1737 4606 2.52513 3.65425 0.147164
1738 4607 2.52509 3.65425 0.147169
1739 4608 2.52499 3.65425 0.14719
1740 4608 2.5253 3.65425 0.147159
1741 4608 2.52531 3.65425 0.147145
1742 4609 2.52553 3.65425 0.147192
1743 4610 2.52552 3.65425 0.1472
1744 4610 2.52581 3.65425 0.147148
1745 4611 2.52584 3.65425 0.147163
1746 4611 2.52595 3.65425 0.147169
1747 4611 2.52607 3.65425 0.147178
1748 4614 2.52622 3.65425 0.147196
1749 4615 2.52629 3.65425 0.147169
1750 4616 2.52654 3.65425 0.147165
1751 4616 2.52683 3.65425 0.147145
1752 4616 2.52693 3.65425 0.147118
1753 4617 2.52713 3.65425 0.147141
1754 4618 2.52743 3.65425 0.147132
1755 4618 2.52771 3.65425 0.147133
1756 4618 2.52796 3.65425 0.147128
1757 4619 2.52823 3.65425 0.147095
1758 4621 2.52813 3.65425 0.147107
1759 4622 2.52765 3.65425 0.147087
1760 4624 2.52764 3.65425 0.147074
1761 4626 2.52772 3.65425 0.147044
1762 4626 2.52796 3.65425 0.147064
1763 4626 2.52802 3.65425 0.147031
1764 4626 2.52835 3.65425 0.147064
1765 4626 2.52838 3.65425 0.147058
1766 4626 2.52852 3.65425 0.147023
1767 4626 2.5288 3.65425 0.147043
1768 4626 2.52883 3.65425 0.147013
1769 4627 2.52878 3.65425 0.147053
1770 4628 2.52882 3.65425 0.147058
1771 4629 2.52876 3.65425 0.14705
1772 4630 2.5288 3.65425 0.147013
1773 4630 2.52892 3.65425 0.147023
1774 4630 2.52897 3.65425 0.146998
1775 4631 2.52949 3.65425 0.147047
1776 4631 2.52966 3.65425 0.147035
1777 4631 2.52976 3.65425 0.147049
1778 4632 2.5297 3.65425 0.147087
1779 4632 2.52987 3.65425 0.147075
1780 4632 2.52997 3.65425 0.1471
1781 4632 2.53027 3.65425 0.147095
1782 4634 2.53037 3.65425 0.147088
1783 4634 2.53057 3.65425 0.147095
1784 4635 2.53067 3.65425 0.147115
1785 4636 2.53057 3.65425 0.147149
1786 4636 2.53062 3.65425 0.147142
1787 4637 2.53074 3.65425 0.14715
1788 4637 2.53077 3.65425 0.147155
1789 4637 2.53094 3.65425 0.147124
1790 4639 2.53076 3.65425 0.147121
1791 4639 2.53084 3.65425 0.147105
1792 4639 2.53091 3.65425 0.147073
1793 4639 2.53108 3.65425 0.147122
1794 4639 2.53126 3.65425 0.147129
1795 4641 2.53124 3.65425 0.147113
1796 4642 2.53109 3.65425 0.1471
1797 4642 2.5315 3.65425 0.14715
1798 4642 2.53164 3.65425 0.14716
1799 4645 2.53165 3.65425 0.147167
1800 4646 2.53166 3.65425 0.147137
1801 4646 2.53195 3.65425 0.147125
1802 4646 2.53206 3.65425 0.147153
1803 4647 2.5321 3.65425 0.147144
1804 4647 2.53225 3.65425 0.147155
1805 4647 2.5325 3.65425 0.147128
1806 4647 2.53258 3.65425 0.147133
1807 4648 2.53257 3.65425 0.147107
1808 4648 2.5327 3.65425 0.147104
1809 4648 2.53276 3.65425 0.147093
1810 4648 2.53291 3.65425 0.147071
1811 4648 2.53292 3.65425 0.147064
1812 4648 2.53304 3.65425 0.147069
1813 4649 2.53309 3.65425 0.147081
1814 4649 2.53319 3.65425 0.147061
1815 4649 2.53327 3.65425 0.147043
1816 4650 2.53349 3.65425 0.147028
1817 4650 2.53352 3.65425 0.147013
1818 4651 2.53331 3.65425 0.147001
1819 4652 2.53332 3.65425 0.147007
1820 4653 2.53351 3.65425 0.146993
1821 4654 2.53357 3.65425 0.147
1822 4654 2.5338 3.65425 0.147002
1823 4654 2.5339 3.65425 0.146981
1824 4654 2.53406 3.65425 0.146997
1825 4655 2.53408 3.65425 0.147013
1826 4655 2.53425 3.65425 0.147013
1827 4656 2.53417 3.65425 0.147039
1828 4657 2.53416 3.65425 0.14705
1829 4657 2.5342 3.65425 0.147058
1830 4657 2.5345 3.65425 0.14707
1831 4659 2.53436 3.65425 0.14708
1832 4660 2.53465 3.65425 0.147084
1833 4661 2.53465 3.65425 0.147064
1834 4661 2.5348 3.65425 0.147063
1835 4661 2.535 3.65425 0.147032
1836 4661 2.53524 3.65425 0.147049
1837 4661 2.53533 3.65425 0.147044
1838 4662 2.53547 3.65425 0.147056
1839 4663 2.53538 3.65425 0.147058
1840 4663 2.53553 3.65425 0.147056
1841 4664 2.53557 3.65425 0.147054
1842 4665 2.53564 3.65425 0.147045
1843 4666 2.53564 3.65425 0.147014
1844 4666 2.53586 3.65425 0.146993
1845 4668 2.53585 3.65425 0.146987
1846 4669 2.53577 3.65425 0.146981
1847 4669 2.53601 3.65425 0.146972
1848 4670 2.53616 3.65425 0.146972
1849 4671 2.53624 3.65425 0.146933
1850 4672 2.53617 3.65425 0.146951
1851 4672 2.53634 3.65425 0.146939
1852 4672 2.53638 3.65425 0.146923
1853 4672 2.53643 3.65425 0.146916
1854 4673 2.53645 3.65425 0.146876
1855 4675 2.53637 3.65425 0.146852
1856 4677 2.5364 3.65425 0.146866
1857 4677 2.53645 3.65425 0.146853
1858 4677 2.53656 3.65425 0.146863
1859 4678 2.53661 3.65425 0.14687
1860 4678 2.53666 3.65425 0.146861
1861 4678 2.53677 3.65425 0.146861
1862 4679 2.53678 3.65425 0.146841
1863 4679 2.53706 3.65425 0.146849
1864 4679 2.53708 3.65425 0.146845
1865 4679 2.53728 3.65425 0.146837
1866 4679 2.53744 3.65425 0.146821
1867 4679 2.53751 3.65425 0.146815
1868 4680 2.53776 3.65425 0.146796
1869 4681 2.53762 3.65425 0.146765
1870 4682 2.53755 3.65425 0.146751
1871 4684 2.53756 3.65425 0.14675
1872 4685 2.53742 3.65425 0.146735
1873 4685 2.53751 3.65425 0.146728
1874 4685 2.53759 3.65425 0.146711
1875 4685 2.53765 3.65425 0.146683
1876 4685 2.53781 3.65425 0.146682
1877 4685 2.53787 3.65425 0.146712
1878 4686 2.53781 3.65425 0.1467
1879 4686 2.53793 3.65425 0.146692
1880 4687 2.53804 3.65425 0.146652
1881 4687 2.53809 3.65425 0.146656
1882 4688 2.53819 3.65425 0.146658
1883 4688 2.5382 3.65425 0.14666
1884 4689 2.53824 3.65425 0.146688
1885 4690 2.5386 3.65425 0.146681
1886 4690 2.53864 3.65425 0.146674
1887 4691 2.53864 3.65425 0.146667
1888 4691 2.53889 3.65425 0.146656
1889 4691 2.53902 3.65425 0.146627
1890 4693 2.53924 3.65425 0.146618
1891 4693 2.53932 3.65425 0.146621
1892 4694 2.53941 3.65425 0.146639
1893 4694 2.53958 3.65425 0.146639
1894 4695 2.53964 3.65425 0.146625
1895 4696 2.53972 3.65425 0.146625
1896 4696 2.54011 3.65425 0.146609
1897 4697 2.54028 3.65425 0.146584
1898 4697 2.54045 3.65425 0.146573
1899 4698 2.54059 3.65425 0.146631
1900 4698 2.54074 3.65425 0.146662
1901 4699 2.54111 3.65425 0.146684
1902 4699 2.54131 3.65425 0.146668
1903 4701 2.54073 3.65425 0.146653
1904 4701 2.54118 3.65425 0.146652
1905 4703 2.541 3.65425 0.146664
1906 4703 2.54106 3.65425 0.146637
1907 4704 2.54127 3.65425 0.146617
1908 4705 2.54157 3.65425 0.146582
1909 4706 2.54169 3.65425 0.146571
1910 4706 2.54186 3.65425 0.14655
1911 4706 2.54201 3.65425 0.146516
1912 4706 2.5421 3.65425 0.146497
1913 4707 2.54202 3.65425 0.146504
1914 4707 2.54216 3.65425 0.14647
1915 4708 2.54234 3.65425 0.146496
1916 4708 2.54258 3.65425 0.14648
1917 4708 2.54296 3.65425 0.146488
1918 4709 2.54297 3.65425 0.146497
1919 4709 2.54312 3.65425 0.146511
1920 4709 2.5435 3.65425 0.14653
1921 4710 2.54386 3.65425 0.146529
1922 4710 2.54386 3.65425 0.146515
1923 4711 2.54395 3.65425 0.146536
1924 4711 2.54424 3.65425 0.146532
1925 4711 2.54444 3.65425 0.146496
1926 4711 2.54449 3.65425 0.14648
1927 4711 2.54463 3.65425 0.146435
1928 4712 2.54468 3.65425 0.146421
1929 4712 2.54481 3.65425 0.146434
1930 4713 2.5447 3.65425 0.146424
1931 4713 2.54478 3.65425 0.146426
1932 4713 2.54487 3.65425 0.146425
1933 4713 2.54491 3.65425 0.146398
1934 4714 2.54518 3.65425 0.146392
1935 4715 2.54505 3.65425 0.146399
1936 4715 2.54524 3.65425 0.146421
1937 4715 2.54529 3.65425 0.146441
1938 4715 2.54554 3.74941 0.146449
1939 4715 2.54582 3.74941 0.146457
1940 4715 2.54583 3.74941 0.146458
1941 4717 2.54616 3.74941 0.146464
1942 4717 2.54638 3.74941 0.146491
1943 4718 2.54641 3.74941 0.146501
1944 4718 2.54645 3.74941 0.146483
1945 4718 2.54662 3.74941 0.146471
1946 4718 2.54673 3.74941 0.146489
1947 4718 2.54691 3.74941 0.146529
1948 4718 2.54718 3.74941 0.146529
1949 4718 2.54727 3.74941 0.146536
1950 4718 2.54743 3.74941 0.146556
1951 4718 2.5476 3.74941 0.146556
1952 4718 2.54807 3.74941 0.146524
1953 4718 2.5483 3.74941 0.146561
1954 4718 2.54855 3.74941 0.146543
1955 4720 2.54836 3.74941 0.146566
1956 4720 2.5485 3.74941 0.146578
1957 4722 2.54825 3.74941 0.14655
1958 4722 2.54828 3.74941 0.146564
1959 4722 2.54837 3.74941 0.146564
1960 4723 2.54824 3.74941 0.146556
1961 4723 2.54833 3.74941 0.146541
1962 4724 2.54849 3.74941 0.14654
1963 4724 2.54858 3.74941 0.14654
1964 4724 2.54874 3.74941 0.146558
1965 4724 2.54917 3.74941 0.146545
1966 4724 2.54929 3.74941 0.146489
1967 4724 2.54941 3.74941 0.146479
1968 4724 2.54952 3.74941 0.146461
1969 4725 2.54959 3.74941 0.14645
1970 4725 2.54971 3.74941 0.146452
1971 4725 2.5499 3.74941 0.146471
1972 4725 2.55002 3.74941 0.146464
1973 4726 2.55015 3.74941 0.146467
1974 4726 2.55019 3.74941 0.146466
1975 4726 2.55044 3.74941 0.146458
1976 4727 2.55035 3.74941 0.146458
1977 4728 2.55061 3.74941 0.146476
1978 4728 2.55061 3.74941 0.146476
1979 4729 2.55041 3.74941 0.146475
1980 4730 2.55037 3.74941 0.146466
1981 4732 2.55032 3.74941 0.146497
1982 4732 2.55048 3.74941 0.146481
1983 4732 2.55058 3.74941 0.146471
1984 4733 2.55066 3.74941 0.146468
1985 4733 2.55076 3.74941 0.14648
1986 4733 2.55104 3.74941 0.146494
1987 4734 2.55113 3.74941 0.146469
1988 4735 2.55108 3.74941 0.146471
1989 4735 2.55137 3.74941 0.146477
1990 4735 2.55151 3.74941 0.146477
1991 4735 2.55155 3.74941 0.146465
1992 4735 2.55197 3.74941 0.146469
1993 4735 2.55248 3.74941 0.146439
1994 4736 2.55253 3.74941 0.146474
1995 4737 2.55258 3.74941 0.146479
1996 4738 2.55277 3.74941 0.146455
1997 4739 2.5529 3.74941 0.146441
1998 4740 2.5528 3.74941 0.146426
1999 4740 2.55288 3.74941 0.146429
2000 4740 2.55297 3.74941 0.146404
2001 4740 2.55328 3.74941 0.146399
2002 4741 2.55325 3.74941 0.146389
2003 4742 2.5531 3.74941 0.146395
2004 4743 2.55309 3.74941 0.146411
2005 4743 2.55312 3.74941 0.146404
2006 4743 2.55336 3.74941 0.146403
2007 4743 2.55352 3.74941 0.146392
2008 4744 2.55347 3.74941 0.146407
2009 4746 2.55329 3.74941 0.146408
2010 4746 2.5534 3.74941 0.146406
2011 4747 2.55303 3.74941 0.146426
2012 4747 2.55305 3.74941 0.146421
2013 4747 2.55324 3.74941 0.146397
2014 4748 2.55325 3.74941 0.146393
2015 4748 2.55332 3.74941 0.146371
2016 4749 2.55347 3.74941 0.146372
2017 4751 2.5537 3.74941 0.14638
2018 4751 2.55394 3.74941 0.146382
2019 4751 2.55418 3.74941 0.146423
2020 4751 2.55424 3.74941 0.146424
2021 4751 2.55429 3.74941 0.146399
2022 4751 2.55488 3.74941 0.146434
2023 4751 2.55499 3.74941 0.146457
2024 4752 2.55469 3.74941 0.14651
2025 4752 2.55482 3.74941 0.1465
2026 4752 2.55504 3.74941 0.14651
2027 4753 2.5555 3.74941 0.146493
2028 4753 2.5555 3.74941 0.146489
2029 4754 2.55545 3.74941 0.146499
2030 4755 2.55556 3.74941 0.146484
2031 4757 2.55564 3.74941 0.146485
2032 4757 2.55582 3.74941 0.146483
2033 4757 2.55588 3.74941 0.146455
2034 4757 2.55603 3.74941 0.146452
2035 4757 2.55614 3.74941 0.146457
2036 4757 2.55629 3.74941 0.146465
2037 4758 2.55634 3.74941 0.146469
2038 4758 2.55645 3.74941 0.146439
2039 4758 2.5565 3.74941 0.146444
2040 4758 2.55677 3.74941 0.14646
2041 4758 2.55695 3.74941 0.14648
2042 4758 2.55709 3.74941 0.146461
2043 4759 2.55689 3.74941 0.146465
2044 4759 2.55693 3.74941 0.146464
2045 4760 2.55687 3.74941 0.146451
2046 4760 2.55717 3.74941 0.146465
2047 4760 2.55732 3.74941 0.146472
2048 4760 2.55773 3.74941 0.146493
2049 4760 2.55787 3.74941 0.146502
2050 4761 2.55768 3.74941 0.146513
2051 4761 2.55771 3.74941 0.146501
2052 4762 2.55761 3.74941 0.146499
2053 4762 2.55771 3.74941 0.146528
2054 4762 2.55798 3.74941 0.146551
2055 4762 2.55804 3.74941 0.146534
2056 4762 2.55817 3.74941 0.146521
2057 4762 2.55838 3.74941 0.146543
2058 4762 2.55858 3.74941 0.146536
2059 4762 2.55861 3.74941 0.146514
2060 4764 2.55846 3.74941 0.146507
2061 4764 2.55895 3.74941 0.146461
2062 4764 2.55916 3.74941 0.146458
2063 4764 2.55935 3.74941 0.146436
2064 4765 2.55954 3.74941 0.146428
2065 4765 2.55975 3.74941 0.146436
2066 4765 2.56003 3.74941 0.146446
2067 4765 2.5602 3.74941 0.146418
2068 4767 2.55942 3.74941 0.146405
2069 4768 2.55926 3.74941 0.146408
2070 4768 2.55926 3.74941 0.146408
2071 4769 2.55906 3.74941 0.146401
2072 4771 2.55839 3.74941 0.14641
2073 4771 2.55844 3.74941 0.146414
2074 4771 2.55878 3.74941 0.146431
2075 4771 2.55897 3.74941 0.146457
2076 4772 2.559 3.74941 0.146441
2077 4773 2.55913 3.74941 0.14643
2078 4774 2.55916 3.74941 0.146429
2079 4774 2.55939 3.74941 0.146403
2080 4774 2.55951 3.74941 0.146366
2081 4775 2.55968 3.74941 0.146394
2082 4776 2.55962 3.74941 0.146364
2083 4776 2.56021 3.74941 0.146315
2084 4776 2.56021 3.74941 0.146303
2085 4776 2.56036 3.74941 0.146303
2086 4776 2.56043 3.74941 0.146308
2087 4776 2.56058 3.74941 0.146311
2088 4776 2.56066 3.74941 0.146309
2089 4776 2.56088 3.74941 0.146339
2090 4776 2.56108 3.74941 0.146339
2091 4776 2.56134 3.74941 0.146332
2092 4776 2.56167 3.74941 0.146313
2093 4776 2.56188 3.74941 0.146279
2094 4778 2.56162 3.74941 0.146282
2095 4778 2.56179 3.74941 0.146304
2096 4779 2.56211 3.74941 0.146295
2097 4780 2.56218 3.74941 0.146309
2098 4781 2.56216 3.74941 0.146327
2099 4781 2.56226 3.74941 0.146348
2100 4782 2.56189 3.74941 0.146364
2101 4784 2.56206 3.74941 0.14636
2102 4784 2.56214 3.74941 0.14634
2103 4784 2.56221 3.74941 0.146355
2104 4784 2.56236 3.74941 0.146362
2105 4784 2.56241 3.74941 0.146364
2106 4784 2.56243 3.74941 0.14634
2107 4784 2.56265 3.74941 0.146346
2108 4784 2.56271 3.74941 0.146342
2109 4786 2.5628 3.74941 0.146376
2110 4786 2.56307 3.74941 0.146386
2111 4786 2.56315 3.74941 0.146392
2112 4788 2.56284 3.74941 0.146406
2113 4788 2.56287 3.74941 0.146378
2114 4789 2.563 3.74941 0.146385
2115 4789 2.56312 3.74941 0.14638
2116 4789 2.5633 3.74941 0.146376
2117 4789 2.56358 3.7977 0.146381
2118 4789 2.56365 3.7977 0.146368
2119 4789 2.56386 3.7977 0.14633
2120 4790 2.56381 3.7977 0.146332
2121 4790 2.56387 3.7977 0.146317
2122 4790 2.56399 3.7977 0.14631
2123 4790 2.56413 3.7977 0.146303
2124 4791 2.56424 3.7977 0.146309
2125 4791 2.56436 3.7977 0.146321
2126 4792 2.56453 3.7977 0.146307
2127 4792 2.56464 3.7977 0.1463
2128 4792 2.56471 3.7977 0.146279
2129 4792 2.56486 3.7977 0.146286
2130 4792 2.56496 3.7977 0.146268
2131 4792 2.56519 3.7977 0.146257
2132 4793 2.56516 3.7977 0.146248
2133 4794 2.56524 3.7977 0.14623
2134 4796 2.56521 3.7977 0.146234
2135 4796 2.56541 3.7977 0.146241
2136 4796 2.56581 3.7977 0.146261
2137 4796 2.56594 3.7977 0.146265
2138 4796 2.56609 3.7977 0.146261
2139 4796 2.56612 3.7977 0.146225
2140 4796 2.56612 3.7977 0.146216
2141 4797 2.56621 3.7977 0.146169
2142 4798 2.56635 3.7977 0.146175
2143 4798 2.56644 3.7977 0.146179
2144 4798 2.56658 3.7977 0.14619
2145 4798 2.56673 3.7977 0.146166
2146 4799 2.56692 3.7977 0.146174
2147 4799 2.56714 3.7977 0.146196
2148 4799 2.56746 3.7977 0.146214
2149 4799 2.56751 3.7977 0.146218
2150 4799 2.56761 3.7977 0.146224
2151 4800 2.56749 3.7977 0.146229
2152 4800 2.56757 3.7977 0.146211
2153 4800 2.56771 3.7977 0.146232
2154 4801 2.56767 3.7977 0.146221
2155 4803 2.56778 3.7977 0.146229
2156 4804 2.56799 3.7977 0.146222
2157 4804 2.56822 3.7977 0.146217
2158 4804 2.56822 3.7977 0.146205
2159 4805 2.56829 3.7977 0.146218
2160 4805 2.56836 3.7977 0.146212
2161 4805 2.56843 3.7977 0.146215
2162 4806 2.56832 3.7977 0.146214
2163 4806 2.56845 3.7977 0.146172
2164 4807 2.56834 3.7977 0.146204
2165 4807 2.56854 3.7977 0.146205
2166 4807 2.56872 3.7977 0.146227
2167 4807 2.56888 3.7977 0.146249
2168 4807 2.56897 3.7977 0.146246
2169 4807 2.56904 3.7977 0.146214
2170 4807 2.56929 3.7977 0.146194
2171 4808 2.56914 3.7977 0.146206
2172 4808 2.56914 3.7977 0.146227
2173 4808 2.56952 3.7977 0.14619
2174 4808 2.56969 3.7977 0.146183
2175 4809 2.5698 3.7977 0.146159
2176 4810 2.5699 3.7977 0.146159
2177 4810 2.56991 3.7977 0.146143
2178 4810 2.57005 3.7977 0.146158
2179 4810 2.57025 3.7977 0.146157
2180 4810 2.57046 3.7977 0.146163
2181 4811 2.57034 3.7977 0.146157
2182 4812 2.57025 3.7977 0.146167
2183 4812 2.57025 3.7977 0.146162
2184 4812 2.57036 3.7977 0.14618
2185 4812 2.57062 3.7977 0.146159
2186 4813 2.57077 3.7977 0.146143
2187 4813 2.57083 3.7977 0.146114
2188 4813 2.57094 3.7977 0.146113
2189 4814 2.57091 3.7977 0.146121
2190 4814 2.57099 3.7977 0.146118
2191 4816 2.57074 3.7977 0.146144
2192 4816 2.57086 3.7977 0.146135
2193 4817 2.57067 3.7977 0.146138
2194 4817 2.57085 3.7977 0.14612
2195 4818 2.57043 3.7977 0.146142
2196 4818 2.57051 3.7977 0.146163
2197 4818 2.57062 3.7977 0.14616
2198 4818 2.57084 3.7977 0.146174
2199 4818 2.57089 3.7977 0.14619
2200 4818 2.57113 3.7977 0.146183
2201 4821 2.57068 3.7977 0.146182
2202 4821 2.57078 3.7977 0.146192
2203 4821 2.57092 3.7977 0.146194
2204 4821 2.57144 3.7977 0.146184
2205 4822 2.5716 3.7977 0.146199
2206 4822 2.57162 3.7977 0.146196
2207 4823 2.57163 3.7977 0.146201
2208 4825 2.57145 3.7977 0.146171
2209 4825 2.57148 3.7977 0.146186
2210 4825 2.57166 3.7977 0.146191
2211 4825 2.57184 3.7977 0.146187
2212 4826 2.57221 3.7977 0.146212
2213 4826 2.5724 3.7977 0.146209
2214 4826 2.57248 3.7977 0.146212
2215 4826 2.57248 3.7977 0.146212
2216 4827 2.5722 3.7977 0.146203
2217 4827 2.57247 3.7977 0.146233
2218 4827 2.57279 3.7977 0.146269
2219 4827 2.57317 3.7977 0.146239
2220 4828 2.57339 3.7977 0.146236
2221 4828 2.57339 3.7977 0.14623
2222 4828 2.57365 3.7977 0.146223
2223 4828 2.57379 3.7977 0.146231
2224 4828 2.57381 3.7977 0.146231
2225 4829 2.57353 3.7977 0.14624
2226 4829 2.57375 3.7977 0.146265
2227 4832 2.57364 3.7977 0.146241
2228 4832 2.57371 3.7977 0.146224
2229 4833 2.57384 3.7977 0.146218
2230 4834 2.57388 3.7977 0.146212
2231 4835 2.57415 3.7977 0.146195
2232 4835 2.57432 3.7977 0.146221
2233 4835 2.57472 3.7977 0.146217
2234 4836 2.5744 3.7977 0.146243
2235 4836 2.57442 3.7977 0.146239
2236 4836 2.57445 3.7977 0.146224
2237 4836 2.57471 3.7977 0.146195
2238 4836 2.57497 3.7977 0.146178
2239 4837 2.57512 3.7977 0.146175
2240 4837 2.57517 3.7977 0.146179
2241 4837 2.57533 3.7977 0.146182
2242 4837 2.57546 3.7977 0.146184
2243 4837 2.5756 3.7977 0.14621
2244 4837 2.57564 3.7977 0.1462
2245 4839 2.57575 3.7977 0.146196
2246 4839 2.57612 3.7977 0.146244
2247 4839 2.57631 3.7977 0.146237
2248 4839 2.57643 3.7977 0.146249
2249 4839 2.57644 3.7977 0.146238
2250 4840 2.57631 3.7977 0.146234
2251 4841 2.57626 3.7977 0.146256
2252 4842 2.57684 3.82526 0.146231
2253 4843 2.57686 3.82526 0.146232
2254 4844 2.57715 3.82526 0.14625
2255 4844 2.57721 3.82526 0.146229
2256 4844 2.57751 3.82526 0.146235
2257 4846 2.57704 3.82526 0.146185
2258 4847 2.57711 3.82526 0.146172
2259 4848 2.57703 3.82526 0.146188
2260 4848 2.57724 3.82526 0.146201
2261 4848 2.57736 3.82526 0.14619
2262 4849 2.57757 3.82526 0.146199
2263 4849 2.57775 3.82526 0.146208
2264 4850 2.57784 3.82526 0.146198
2265 4850 2.57808 3.82526 0.14623
2266 4850 2.57812 3.82526 0.146224
2267 4850 2.57815 3.82526 0.146218
2268 4850 2.57836 3.82526 0.146205
2269 4850 2.57845 3.82526 0.146225
2270 4852 2.57843 3.82526 0.146223
2271 4853 2.57874 3.82526 0.146219
2272 4853 2.57887 3.82526 0.146236
2273 4854 2.57897 3.82526 0.146237
2274 4854 2.57903 3.82526 0.146212
2275 4854 2.57907 3.82526 0.14622
2276 4854 2.57921 3.82526 0.146218
2277 4854 2.57932 3.82526 0.146218
2278 4854 2.57952 3.82526 0.146224
2279 4854 2.57966 3.82526 0.146236
2280 4855 2.57976 3.82526 0.146268
2281 4855 2.57977 3.82526 0.146255
2282 4856 2.57992 3.82526 0.146247
2283 4856 2.57996 3.82526 0.146257
2284 4856 2.58004 3.82526 0.146244
2285 4859 2.57979 3.82526 0.146269
2286 4859 2.57992 3.82526 0.146256
2287 4859 2.57992 3.82526 0.146256
2288 4859 2.58001 3.82526 0.146235
2289 4860 2.57995 3.82526 0.146225
2290 4861 2.57995 3.82526 0.146226
2291 4862 2.58012 3.82526 0.146227
2292 4863 2.57999 3.82526 0.146212
2293 4864 2.57995 3.82526 0.146209
2294 4864 2.58014 3.82526 0.146215
2295 4865 2.58052 3.82526 0.146234
2296 4865 2.58076 3.82526 0.146278
2297 4865 2.58088 3.82526 0.146239
2298 4865 2.58106 3.82526 0.146219
2299 4866 2.5809 3.82526 0.146237
2300 4867 2.58081 3.82526 0.146251
2301 4867 2.58089 3.82526 0.146249
2302 4868 2.58086 3.82526 0.146243
2303 4869 2.58088 3.82526 0.146259
2304 4869 2.58094 3.82526 0.146263
2305 4869 2.58108 3.82526 0.146251
2306 4869 2.58128 3.82526 0.146297
2307 4869 2.58149 3.82526 0.146292
2308 4870 2.5814 3.82526 0.146296
2309 4870 2.58148 3.82526 0.146288
2310 4870 2.58153 3.82526 0.146278
2311 4870 2.58178 3.82526 0.146259
2312 4870 2.58187 3.82526 0.146248
2313 4870 2.58205 3.82526 0.146253
2314 4870 2.58215 3.82526 0.146247
2315 4870 2.58227 3.82526 0.146255
2316 4870 2.58237 3.82526 0.14625
2317 4870 2.58252 3.82526 0.146262
2318 4870 2.58274 3.82526 0.146258
2319 4870 2.583 3.82526 0.146279
2320 4871 2.5828 3.82526 0.146286
2321 4871 2.5829 3.82526 0.14629
2322 4871 2.58306 3.82526 0.146274
2323 4871 2.58318 3.82526 0.146299
2324 4871 2.58333 3.82526 0.146287
2325 4871 2.58355 3.82526 0.146291
2326 4872 2.58363 3.82526 0.146291
2327 4872 2.58369 3.82526 0.146287
2328 4872 2.58373 3.82526 0.1463
2329 4872 2.58383 3.82526 0.146291
2330 4872 2.58406 3.82526 0.146304
2331 4873 2.584 3.82526 0.14632
2332 4874 2.58396 3.82526 0.146307
2333 4877 2.58374 3.82526 0.146303
2334 4877 2.58385 3.82526 0.146299
2335 4877 2.58394 3.82526 0.146298
2336 4879 2.58409 3.82526 0.146306
2337 4879 2.58421 3.82526 0.14634
2338 4880 2.58411 3.82526 0.146369
2339 4880 2.58421 3.82526 0.14639
2340 4880 2.5844 3.82526 0.146414
2341 4881 2.58443 3.82526 0.146424
2342 4881 2.58466 3.82526 0.146423
2343 4882 2.58471 3.82526 0.146421
2344 4882 2.58492 3.82526 0.146423
2345 4882 2.58496 3.82526 0.146421
2346 4882 2.58518 3.82526 0.14642
2347 4882 2.58534 3.82526 0.146404
2348 4882 2.58554 3.82526 0.1464
2349 4883 2.58557 3.82526 0.1464
2350 4884 2.58544 3.82526 0.146407
2351 4885 2.58569 3.82526 0.146384
2352 4885 2.58572 3.82526 0.146382
2353 4885 2.58599 3.82526 0.146399
2354 4885 2.58613 3.82526 0.146386
2355 4885 2.58624 3.82526 0.146382
2356 4885 2.58645 3.82526 0.146393
2357 4886 2.58629 3.82526 0.146379
2358 4886 2.58651 3.82526 0.146361
2359 4886 2.58655 3.82526 0.146352
2360 4886 2.58665 3.82526 0.146338
2361 4886 2.58689 3.82526 0.146341
2362 4887 2.58694 3.82526 0.146331
2363 4887 2.587 3.82526 0.146293
2364 4887 2.5872 3.82526 0.146294
2365 4887 2.58743 3.82526 0.146314
2366 4887 2.58748 3.82526 0.146294
2367 4887 2.58757 3.82526 0.146289
2368 4887 2.58769 3.82526 0.14629
2369 4887 2.58769 3.82526 0.146287
2370 4887 2.58783 3.82526 0.146304
2371 4887 2.58798 3.82526 0.146306
2372 4888 2.58802 3.82526 0.146303
2373 4888 2.58805 3.82526 0.146295
2374 4888 2.58831 3.82526 0.146277
2375 4889 2.58822 3.82526 0.146267
2376 4889 2.58828 3.82526 0.146247
2377 4889 2.58833 3.82526 0.146262
2378 4889 2.58841 3.82526 0.146256
2379 4890 2.58836 3.82526 0.146252
2380 4890 2.58842 3.82526 0.146266
2381 4890 2.58861 3.82526 0.146283
2382 4890 2.58863 3.82526 0.146286
2383 4890 2.58873 3.82526 0.146276
2384 4891 2.58896 3.82526 0.146296
2385 4891 2.58908 3.82526 0.146277
2386 4891 2.58917 3.82526 0.146264
2387 4891 2.58943 3.82526 0.146237
2388 4891 2.58962 3.82526 0.146214
2389 4893 2.58956 3.82526 0.146187
2390 4893 2.58963 3.82526 0.14618
2391 4893 2.58973 3.82526 0.146164
2392 4893 2.58996 3.82526 0.146178
2393 4893 2.59011 3.82526 0.146211
2394 4893 2.59012 3.82526 0.146206
2395 4893 2.59016 3.82526 0.146211
2396 4893 2.59027 3.82526 0.146218
2397 4893 2.59033 3.82526 0.146234
2398 4895 2.59054 3.82526 0.146287
2399 4895 2.59067 3.82526 0.146299
2400 4895 2.59086 3.82526 0.146291
2401 4895 2.59111 3.82526 0.146308
2402 4895 2.59122 3.82526 0.146282
2403 4896 2.59147 3.82526 0.146289
2404 4896 2.59158 3.82526 0.146283
2405 4896 2.59163 3.82526 0.146272
2406 4896 2.59163 3.82526 0.14627
2407 4898 2.59152 3.82526 0.146253
2408 4898 2.5916 3.82526 0.146265
2409 4898 2.59193 3.82526 0.146278
2410 4900 2.59199 3.82526 0.146245
2411 4900 2.59213 3.82526 0.146243
2412 4900 2.59212 3.82526 0.146242
2413 4900 2.59217 3.82526 0.146225
2414 4900 2.59234 3.82526 0.14623
2415 4900 2.59238 3.82526 0.146221
2416 4900 2.59264 3.82526 0.146223
2417 4900 2.59289 3.82526 0.146218
2418 4900 2.59319 3.82526 0.146211
                                  