0 46 5.06021 5.80772 0.178104
1 77 5.06491 5.80772 0.167932
2 112 5.04017 5.80772 0.165137
3 133 5.02212 6.04455 0.162776
4 163 5.03909 6.18499 0.162685
5 184 5.05677 6.18499 0.162902
6 205 5.05579 6.18499 0.163306
7 222 5.04851 6.18499 0.162877
8 243 5.0596 6.18499 0.163309
9 256 5.042 6.18499 0.16288
10 268 5.05506 6.18499 0.162571
11 284 5.05347 6.18499 0.162353
12 296 5.08086 6.24627 0.162427
13 310 5.0929 6.62862 0.162747
14 331 5.08553 6.62862 0.163479
15 344 5.11133 6.62862 0.16266
16 353 5.1277 6.62862 0.163059
17 366 5.13009 6.62862 0.162998
18 374 5.12678 6.62862 0.163138
19 389 5.12175 6.62862 0.162573
20 393 5.13599 6.62862 0.162994
21 405 5.14012 6.62862 0.163308
22 419 5.13653 6.62862 0.163072
23 427 5.14683 6.62862 0.163523
24 438 5.15802 6.62862 0.162726
25 447 5.16532 6.62862 0.162417
26 457 5.1772 6.62862 0.162505
27 463 5.18654 6.62862 0.162543
28 471 5.19484 6.62862 0.162242
29 478 5.1955 6.62862 0.162157
30 487 5.20098 6.62862 0.162685
31 495 5.20693 6.62862 0.162601
32 499 5.2204 6.62862 0.162875
33 504 5.22841 6.62862 0.162798
34 511 5.22035 6.62862 0.162326
35 515 5.23661 6.62862 0.162898
36 518 5.24397 6.62862 0.162615
37 529 5.25285 6.62862 0.162431
38 535 5.26177 6.62862 0.162538
39 540 5.26373 6.62862 0.16266
40 548 5.2639 6.62862 0.162921
41 550 5.2726 6.64216 0.162854
42 556 5.27918 6.64216 0.162991
43 561 5.28678 6.89309 0.162997
44 564 5.29745 6.89309 0.163506
45 573 5.29634 6.89309 0.164043
46 581 5.29742 6.89309 0.164071
47 586 5.30151 6.89309 0.163528
48 591 5.30754 6.89309 0.163708
49 596 5.31449 6.89309 0.164042
50 602 5.32078 6.89309 0.164135
51 605 5.32389 6.89309 0.163814
52 611 5.32586 6.89309 0.163547
53 618 5.32945 6.89309 0.163875
54 625 5.33425 6.89309 0.163598
55 625 5.34432 6.89309 0.163917
56 625 5.35235 6.89309 0.164143
57 632 5.35109 6.89309 0.16402
58 635 5.35782 6.89309 0.164204
59 638 5.36132 6.89309 0.163935
60 641 5.36709 6.89309 0.163889
61 653 5.37994 6.89309 0.163975
62 656 5.3859 6.89309 0.163683
63 661 5.38546 6.89309 0.163903
64 665 5.39737 6.89309 0.163572
65 668 5.40767 6.89309 0.16361
66 674 5.4061 6.89309 0.163714
67 678 5.41022 6.89309 0.163689
68 681 5.41556 6.89309 0.163559
69 683 5.41764 6.89309 0.163603
70 686 5.42246 6.91395 0.163881
71 693 5.41844 6.91395 0.164007
72 695 5.42149 6.91395 0.163945
73 698 5.42388 6.91395 0.164127
74 701 5.42993 7.15412 0.164261
75 704 5.43215 7.15412 0.164126
76 709 5.43264 7.15412 0.164259
77 713 5.43167 7.15412 0.163965
78 717 5.43572 7.15412 0.163797
79 723 5.43758 7.15412 0.163864
80 727 5.44029 7.15412 0.163718
81 733 5.44707 7.15412 0.163509
82 735 5.45144 7.15412 0.163607
83 737 5.46186 7.15412 0.163172
84 742 5.46573 7.15412 0.163485
85 743 5.47182 7.15412 0.163432
86 747 5.47972 7.15412 0.163206
87 751 5.47649 7.15412 0.163458
88 755 5.47791 7.15412 0.163287
89 759 5.4816 7.15412 0.162964
90 762 5.48375 7.15412 0.163053
91 767 5.48688 7.15412 0.162896
92 771 5.49007 7.15412 0.162727
93 775 5.49657 7.15412 0.162697
94 780 5.494 7.15412 0.162296
95 782 5.50251 7.15412 0.162078
96 785 5.51043 7.15412 0.161916
97 789 5.50848 7.15412 0.162276
98 790 5.51596 7.15412 0.16259
99 792 5.51908 7.15412 0.162649
100 796 5.52784 7.15412 0.162573
101 801 5.53029 7.15412 0.162656
102 803 5.53359 7.34329 0.162643
103 804 5.53443 7.34329 0.162594
104 805 5.54139 7.34329 0.162871
105 811 5.5402 7.34329 0.162957
106 814 5.54362 7.34329 0.162956
107 816 5.54499 7.34329 0.162992
108 822 5.54699 7.34329 0.163008
109 826 5.55185 7.34329 0.1631
110 829 5.55415 7.34329 0.163033
111 835 5.55389 7.34329 0.163013
112 838 5.55812 7.34329 0.163057
113 842 5.55731 7.34329 0.162967
114 846 5.55738 7.34329 0.163027
115 848 5.56101 7.34329 0.163
116 855 5.56678 7.34329 0.16298
117 858 5.57182 7.34329 0.163041
118 861 5.5775 7.34329 0.162828
119 866 5.57891 7.34329 0.162965
120 868 5.58095 7.34329 0.163169
121 870 5.58305 7.34329 0.163093
122 871 5.5853 7.34329 0.163052
123 876 5.5869 7.34329 0.16277
124 878 5.58897 7.34329 0.162625
125 884 5.58934 7.34329 0.162735
126 889 5.58835 7.34329 0.162983
127 893 5.59349 7.34329 0.163182
128 894 5.59776 7.34329 0.163125
129 899 5.59687 7.34329 0.163113
130 900 5.59799 7.34329 0.16297
131 902 5.60586 7.34329 0.162793
132 906 5.60906 7.34329 0.162899
133 907 5.61082 7.34329 0.163043
134 908 5.6146 7.34329 0.163096
135 908 5.61908 7.34329 0.163223
136 910 5.62097 7.34329 0.163323
137 911 5.62337 7.34329 0.163414
138 913 5.62548 7.34329 0.163315
139 919 5.62797 7.34329 0.16338
140 921 5.63011 7.34329 0.163324
141 922 5.63352 7.34329 0.163244
142 922 5.63511 7.34329 0.163125
143 926 5.6361 7.34329 0.163131
144 929 5.63937 7.34329 0.163195
145 931 5.6411 7.34329 0.163254
146 935 5.64449 7.34329 0.163228
147 937 5.64822 7.34329 0.16312
148 937 5.65206 7.34329 0.163101
149 938 5.65423 7.36529 0.163246
150 944 5.65419 7.36529 0.163098
151 944 5.6583 7.36529 0.163286
152 948 5.6543 7.36529 0.163298
153 955 5.65425 7.36529 0.163143
154 955 5.6576 7.36529 0.163193
155 958 5.65898 7.36529 0.163305
156 961 5.66327 7.36529 0.163248
157 963 5.66495 7.36529 0.163316
158 967 5.66357 7.36529 0.163363
159 971 5.6663 7.36529 0.16355
160 973 5.66873 7.36529 0.163282
161 974 5.67097 7.36529 0.163135
162 976 5.67097 7.36529 0.163005
163 977 5.67655 7.36529 0.162859
164 981 5.67322 7.36529 0.162816
165 985 5.66705 7.36529 0.162787
166 989 5.66694 7.36529 0.162864
167 992 5.66986 7.36529 0.162907
168 994 5.67087 7.36529 0.162832
169 996 5.67264 7.36529 0.162803
170 998 5.67563 7.43693 0.162819
171 1002 5.67616 7.43693 0.162926
172 1004 5.67878 7.43693 0.163267
173 1007 5.6809 7.43693 0.163345
174 1008 5.68445 7.43693 0.163055
175 1009 5.68342 7.43693 0.162985
176 1011 5.68439 7.43693 0.162953
177 1013 5.68477 7.43693 0.163016
178 1013 5.68615 7.43693 0.163071
179 1016 5.68825 7.43693 0.163092
180 1016 5.69059 7.45221 0.163086
181 1017 5.69283 7.45221 0.16301
182 1019 5.69248 7.45221 0.163094
183 1021 5.69359 7.45221 0.163014
184 1023 5.69349 7.45221 0.163163
185 1024 5.69608 7.45221 0.163222
186 1028 5.69749 7.45221 0.16312
187 1030 5.69982 7.45221 0.162938
188 1031 5.70133 7.45221 0.16266
189 1034 5.7026 7.45221 0.162538
190 1038 5.70306 7.45221 0.162562
191 1041 5.70151 7.45221 0.162606
192 1044 5.70237 7.45221 0.162461
193 1047 5.7021 7.45221 0.162365
194 1050 5.7047 7.45221 0.162404
195 1050 5.70759 7.45221 0.162547
196 1052 5.71001 7.45221 0.162718
197 1054 5.70989 7.45221 0.162768
198 1055 5.71451 7.45221 0.162739
199 1055 5.71852 7.45221 0.162732
200 1057 5.71802 7.45221 0.162737
201 1058 5.72239 7.45221 0.162706
202 1059 5.72293 7.45221 0.162717
203 1063 5.72312 7.45221 0.162477
204 1066 5.7221 7.45221 0.162508
205 1067 5.72522 7.45221 0.162512
206 1070 5.72621 7.45221 0.162359
207 1071 5.7274 7.47767 0.16232
208 1072 5.7292 7.64627 0.162309
209 1075 5.73167 7.64627 0.162312
210 1075 5.73845 7.64627 0.162583
211 1075 5.74083 7.64627 0.162632
212 1076 5.74399 7.64627 0.162576
213 1079 5.74388 7.64627 0.16253
214 1081 5.74482 7.64627 0.162382
215 1081 5.74671 7.64627 0.162336
216 1083 5.7467 7.64627 0.162366
217 1086 5.74966 7.64627 0.162226
218 1087 5.75494 8.14083 0.162291
219 1087 5.75794 8.14083 0.162372
220 1088 5.76132 8.14083 0.162286
221 1091 5.76033 8.14083 0.162298
222 1093 5.75989 8.14083 0.162195
223 1093 5.76253 8.14083 0.162125
224 1093 5.76518 8.14083 0.162164
225 1097 5.76432 8.14083 0.162276
226 1100 5.76668 8.14083 0.162288
227 1102 5.76716 8.14083 0.162248
228 1102 5.76794 8.14083 0.162178
229 1104 5.76975 8.14083 0.162106
230 1105 5.77023 8.14083 0.162084
231 1106 5.7721 8.14083 0.161947
232 1108 5.77386 8.14083 0.161782
233 1109 5.77443 8.14083 0.161901
234 1110 5.77807 8.14083 0.161797
235 1112 5.78161 8.14083 0.161718
236 1113 5.78458 8.14083 0.161683
237 1115 5.78562 8.14083 0.161787
238 1119 5.7864 8.14083 0.161691
239 1120 5.78711 8.14083 0.161736
240 1122 5.78573 8.14083 0.161749
241 1124 5.78335 8.14083 0.161698
242 1125 5.78691 8.14083 0.161702
243 1127 5.786 8.14083 0.16164
244 1129 5.78759 8.14083 0.161456
245 1130 5.78884 8.14083 0.16146
246 1132 5.79206 8.14083 0.161278
247 1134 5.79573 8.14083 0.161204
248 1134 5.79748 8.14083 0.161171
249 1135 5.79857 8.14083 0.161144
250 1137 5.8011 8.14083 0.161076
251 1141 5.80276 8.14083 0.161094
252 1143 5.80481 8.14083 0.161027
253 1144 5.80642 8.14083 0.161046
254 1147 5.80935 8.14083 0.160909
255 1147 5.81069 8.14083 0.160738
256 1151 5.80628 8.14083 0.160618
257 1152 5.80633 8.14083 0.160476
258 1153 5.80644 8.14083 0.160568
259 1154 5.80804 8.14083 0.160493
260 1154 5.81111 8.14083 0.160606
261 1154 5.81214 8.14083 0.160499
262 1156 5.81175 8.14083 0.160453
263 1158 5.81162 8.14083 0.160344
264 1160 5.81612 8.14083 0.160315
265 1163 5.81389 8.14083 0.160349
266 1165 5.81324 8.14083 0.160379
267 1169 5.81468 8.14083 0.160264
268 1171 5.81526 8.14083 0.160287
269 1171 5.8182 8.14083 0.16025
270 1173 5.82072 8.14083 0.160138
271 1174 5.82243 8.14083 0.160136
272 1176 5.82282 8.14083 0.159977
273 1179 5.82502 8.14083 0.160076
274 1182 5.82608 8.14083 0.160157
275 1185 5.82817 8.14083 0.160258
276 1185 5.83052 8.14083 0.160223
277 1187 5.83004 8.14083 0.160177
278 1188 5.83062 8.14083 0.160158
279 1188 5.83306 8.14083 0.160093
280 1191 5.831 8.14083 0.160107
281 1191 5.8323 8.14083 0.160191
282 1194 5.83163 8.14083 0.160122
283 1195 5.83071 8.14083 0.160109
284 1197 5.83234 8.14083 0.160231
285 1197 5.83487 8.14083 0.160233
286 1197 5.83727 8.14083 0.160143
287 1198 5.83688 8.14083 0.160001
288 1200 5.83688 8.14083 0.159901
289 1201 5.83933 8.14083 0.159873
290 1202 5.8398 8.14083 0.159795
291 1205 5.84004 8.14083 0.159756
292 1206 5.83944 8.14083 0.159843
293 1211 5.83806 8.14083 0.159983
294 1212 5.83844 8.14083 0.160004
295 1214 5.8375 8.14083 0.159922
296 1215 5.83841 8.14083 0.159944
297 1217 5.83591 8.14083 0.159831
298 1218 5.83633 8.14083 0.159818
299 1219 5.83806 8.14083 0.159821
300 1219 5.84064 8.14083 0.159864
301 1219 5.84293 8.14083 0.159885
302 1220 5.84512 8.14083 0.159862
303 1221 5.84495 8.14083 0.159811
304 1223 5.84574 8.14083 0.159853
305 1224 5.84571 8.14083 0.159798
306 1224 5.84642 8.14083 0.15977
307 1224 5.84674 8.14083 0.159599
308 1224 5.85044 8.14083 0.159761
309 1227 5.85065 8.14083 0.159665
310 1229 5.85139 8.14083 0.159604
311 1231 5.85222 8.14083 0.159586
312 1231 5.8543 8.14083 0.159691
313 1232 5.85774 8.14083 0.159666
314 1235 5.8602 8.14083 0.159799
315 1236 5.86233 8.14083 0.159879
316 1237 5.86379 8.14083 0.159818
317 1239 5.86186 8.14083 0.159823
318 1240 5.86267 8.14083 0.159823
319 1240 5.86334 8.14083 0.159846
320 1241 5.86211 8.14083 0.159956
321 1243 5.86427 8.14083 0.159939
322 1245 5.86528 8.14083 0.159934
323 1245 5.86636 8.14083 0.159956
324 1247 5.86702 8.14083 0.159966
325 1247 5.86771 8.14083 0.159919
326 1248 5.8688 8.14083 0.159976
327 1251 5.86904 8.14083 0.160087
328 1251 5.87249 8.14083 0.16005
329 1254 5.87032 8.14083 0.160078
330 1256 5.86741 8.14083 0.160131
331 1256 5.86877 8.14083 0.160202
332 1256 5.87104 8.14083 0.160134
333 1258 5.87293 8.14083 0.160234
334 1258 5.87495 8.14083 0.160167
335 1259 5.8754 8.14083 0.160237
336 1262 5.87588 8.14083 0.160139
337 1264 5.87335 8.14083 0.16008
338 1266 5.87233 8.14083 0.160074
339 1267 5.87062 8.14083 0.159993
340 1267 5.87166 8.14083 0.160021
341 1269 5.87034 8.14083 0.159972
342 1272 5.87237 8.14083 0.159971
343 1272 5.87295 8.14083 0.160007
344 1273 5.87441 8.14083 0.160092
345 1273 5.87576 8.14083 0.160246
346 1274 5.87748 8.14083 0.160278
347 1275 5.87679 8.14083 0.160258
348 1276 5.878 8.14083 0.16033
349 1277 5.87883 8.14083 0.160306
350 1278 5.87898 8.14083 0.160332
351 1279 5.88163 8.14083 0.160316
352 1280 5.88299 8.14083 0.160267
353 1281 5.8828 8.14083 0.16034
354 1282 5.88306 8.14083 0.160353
355 1282 5.88399 8.14083 0.160351
356 1283 5.88608 8.14083 0.160278
357 1286 5.88681 8.14083 0.160392
358 1288 5.8879 8.14083 0.160346
359 1289 5.88923 8.14083 0.160171
360 1292 5.88737 8.14083 0.160173
361 1292 5.8884 8.14083 0.160264
362 1292 5.88996 8.14083 0.160393
363 1295 5.88894 8.14083 0.160418
364 1295 5.89034 8.14083 0.160435
365 1296 5.89001 8.14083 0.160516
366 1296 5.8916 8.14083 0.160482
367 1297 5.8919 8.14083 0.160399
368 1298 5.89251 8.14083 0.16039
369 1300 5.89633 8.14083 0.16042
370 1301 5.89769 8.14083 0.160487
371 1302 5.89902 8.14083 0.160494
372 1302 5.90052 8.14083 0.160452
373 1302 5.90173 8.14083 0.160398
374 1303 5.90459 8.14083 0.160171
375 1306 5.90459 8.14083 0.160245
376 1307 5.90613 8.14083 0.160161
377 1309 5.90777 8.14083 0.160167
378 1311 5.90845 8.14083 0.160222
379 1311 5.9105 8.14083 0.160191
380 1311 5.91124 8.14083 0.160175
381 1314 5.90908 8.14083 0.160223
382 1314 5.91256 8.14083 0.160309
383 1317 5.91205 8.14083 0.160452
384 1318 5.91362 8.14083 0.160517
385 1319 5.91361 8.14083 0.160601
386 1319 5.91472 8.14083 0.16061
387 1319 5.91651 8.14083 0.160698
388 1319 5.91796 8.14083 0.160766
389 1321 5.91737 8.14083 0.160494
390 1322 5.91765 8.14083 0.160523
391 1322 5.91882 8.14083 0.160608
392 1322 5.92096 8.14083 0.160603
393 1325 5.91991 8.14083 0.160572
394 1325 5.92051 8.14083 0.160539
395 1325 5.92368 8.14083 0.160658
396 1326 5.92718 8.14083 0.160551
397 1326 5.9293 8.14083 0.160549
398 1326 5.93073 8.14083 0.160448
399 1328 5.93154 8.14083 0.160466
400 1328 5.93214 8.14083 0.160448
401 1329 5.93448 8.14083 0.160441
402 1329 5.93541 8.14083 0.160433
403 1330 5.93494 8.14083 0.160485
404 1331 5.93478 8.14083 0.160482
405 1332 5.93488 8.14083 0.1604
406 1332 5.93711 8.14083 0.160435
407 1332 5.93839 8.14083 0.160378
408 1333 5.9399 8.14083 0.160428
409 1334 5.94206 8.14083 0.160476
410 1334 5.94294 8.14083 0.160579
411 1335 5.94394 8.14083 0.160648
412 1335 5.94467 8.14083 0.160648
413 1337 5.94297 8.14083 0.160583
414 1338 5.94309 8.14083 0.160491
415 1341 5.9463 8.14083 0.160505
416 1344 5.94453 8.14083 0.160513
417 1344 5.94549 8.14083 0.16052
418 1344 5.94785 8.14083 0.160509
419 1345 5.94886 8.14083 0.160467
420 1346 5.94803 8.14083 0.160469
421 1346 5.94866 8.14083 0.160486
422 1347 5.94858 8.14083 0.160481
423 1348 5.94622 8.14083 0.160463
424 1350 5.94733 8.14083 0.160549
425 1350 5.94879 8.14083 0.16059
426 1351 5.94886 8.14083 0.16069
427 1352 5.94816 8.14083 0.160731
428 1353 5.94895 8.14083 0.160777
429 1354 5.95078 8.14083 0.1608
430 1354 5.95168 8.14083 0.160795
431 1354 5.95335 8.14083 0.160817
432 1354 5.95332 8.14083 0.160815
433 1354 5.95426 8.14083 0.160874
434 1354 5.95758 8.14083 0.160886
435 1355 5.95898 8.14083 0.160879
436 1356 5.95852 8.14083 0.160965
437 1357 5.95709 8.14083 0.161025
438 1358 5.95826 8.14083 0.16109
439 1358 5.95873 8.14083 0.161063
440 1358 5.95975 8.14083 0.161041
441 1359 5.95997 8.14083 0.161099
442 1361 5.9587 8.14083 0.161195
443 1361 5.95963 8.14083 0.161244
444 1361 5.9621 8.14083 0.16126
445 1362 5.96286 8.14083 0.16131
446 1363 5.96411 8.14083 0.161337
447 1364 5.96605 8.14083 0.161202
448 1366 5.96662 8.14083 0.161315
449 1366 5.9675 8.14083 0.16125
450 1367 5.97156 8.14083 0.161299
451 1367 5.97413 8.14083 0.161357
452 1367 5.97565 8.14083 0.161325
453 1368 5.9772 8.14083 0.161384
454 1370 5.97596 8.14083 0.161302
455 1370 5.97922 8.14083 0.161308
456 1370 5.98179 8.14083 0.161268
457 1371 5.98247 8.14083 0.161313
458 1373 5.98292 8.14083 0.161294
459 1374 5.98321 8.14083 0.16131
460 1375 5.98527 8.14083 0.161245
461 1375 5.98527 8.14083 0.161245
462 1375 5.98666 8.14083 0.161267
463 1375 5.98788 8.14083 0.161344
464 1378 5.98474 8.14083 0.161344
465 1379 5.98679 8.14083 0.161385
466 1380 5.98634 8.14083 0.16136
467 1382 5.98699 8.14083 0.161398
468 1382 5.9888 8.14083 0.161416
469 1384 5.99093 8.14083 0.161409
470 1384 5.992 8.14083 0.161312
471 1385 5.99177 8.14083 0.16126
472 1385 5.99184 8.14083 0.161183
473 1387 5.98962 8.14083 0.16128
474 1388 5.99186 8.14083 0.161255
475 1388 5.99216 8.14083 0.161209
476 1389 5.99174 8.14083 0.161162
477 1389 5.99213 8.14083 0.16109
478 1391 5.99458 8.14083 0.160993
479 1392 5.99525 8.14083 0.161019
480 1394 5.99683 8.14083 0.16108
481 1395 5.99561 8.14083 0.16103
482 1395 5.99686 8.14083 0.16107
483 1396 5.99948 8.14083 0.161003
484 1400 5.99474 8.14083 0.160983
485 1400 5.99533 8.15261 0.160901
486 1401 5.99288 8.15261 0.160947
487 1401 5.99518 8.15261 0.160859
488 1402 5.99653 8.15261 0.160855
489 1402 5.9983 8.15261 0.160862
490 1402 5.99896 8.15261 0.160853
491 1402 5.99912 8.15261 0.160858
492 1402 6.00168 8.15261 0.160881
493 1405 6.00013 8.15261 0.160838
494 1405 6.00346 8.15261 0.160883
495 1406 6.00465 8.15261 0.160912
496 1406 6.00549 8.15261 0.160962
497 1406 6.00625 8.15261 0.160986
498 1406 6.00663 8.15261 0.160936
499 1408 6.00497 8.15261 0.161016
500 1409 6.00496 8.15261 0.161012
501 1409 6.00645 8.15261 0.161064
502 1411 6.00577 8.15261 0.160993
503 1411 6.00856 8.15261 0.161034
504 1412 6.00896 8.15261 0.161052
505 1412 6.01249 8.15261 0.160987
506 1412 6.01488 8.15261 0.160989
507 1414 6.01421 8.15261 0.161026
508 1415 6.01464 8.15261 0.161085
509 1417 6.01549 8.15261 0.161082
510 1420 6.01514 8.15261 0.161015
511 1420 6.01673 8.15261 0.160968
512 1423 6.01545 8.15261 0.160932
513 1424 6.01329 8.15261 0.160992
514 1424 6.01539 8.15261 0.16099
515 1424 6.0165 8.15261 0.161049
516 1425 6.01632 8.15261 0.161122
517 1425 6.01761 8.15261 0.160993
518 1425 6.0184 8.17434 0.161022
519 1426 6.0181 8.17434 0.161031
520 1428 6.01753 8.17434 0.161088
521 1431 6.01659 8.17434 0.161114
522 1432 6.01744 8.17434 0.16108
523 1435 6.01644 8.17434 0.161004
524 1435 6.0171 8.17434 0.160995
525 1435 6.01736 8.17434 0.160973
526 1436 6.01799 8.17434 0.160933
527 1437 6.01812 8.17434 0.161033
528 1437 6.01901 8.17434 0.16111
529 1438 6.02004 8.17434 0.16113
530 1440 6.01891 8.17434 0.161083
531 1442 6.01926 8.17434 0.16101
532 1443 6.01796 8.17434 0.160961
533 1443 6.02044 8.17434 0.160968
534 1443 6.02378 8.17434 0.161053
535 1445 6.01948 8.17434 0.161056
536 1445 6.02047 8.17434 0.161062
537 1446 6.02163 8.17434 0.160977
538 1447 6.0219 8.17434 0.161031
539 1447 6.02484 8.17434 0.160968
540 1448 6.02258 8.17434 0.160909
541 1449 6.01987 8.17434 0.160922
542 1451 6.01968 8.17434 0.160868
543 1451 6.02124 8.17434 0.160817
544 1453 6.0223 8.17434 0.160853
545 1453 6.02415 8.17434 0.160901
546 1453 6.02502 8.17434 0.160866
547 1453 6.02529 8.17434 0.160841
548 1453 6.02668 8.17434 0.160846
549 1454 6.02606 8.17434 0.160815
550 1455 6.02492 8.17434 0.160937
551 1456 6.02256 8.17434 0.160916
552 1456 6.02467 8.17434 0.160974
553 1457 6.02338 8.17434 0.161063
554 1458 6.0211 8.17434 0.160961
555 1458 6.02142 8.17434 0.160943
556 1460 6.02036 8.17434 0.161043
557 1463 6.01638 8.17434 0.161001
558 1463 6.01734 8.17434 0.161014
559 1463 6.01863 8.17434 0.160974
560 1463 6.01884 8.17434 0.160989
561 1464 6.0196 8.17434 0.160991
562 1465 6.02069 8.17434 0.161004
563 1470 6.01582 8.17434 0.161025
564 1472 6.01505 8.17434 0.161001
565 1472 6.01592 8.17434 0.161011
566 1474 6.01677 8.17434 0.160899
567 1474 6.01702 8.17434 0.160884
568 1475 6.01824 8.17434 0.160908
569 1476 6.01579 8.17434 0.160931
570 1476 6.01615 8.17434 0.160927
571 1476 6.01649 8.17434 0.160917
572 1478 6.01569 8.17434 0.160882
573 1481 6.01246 8.17434 0.160909
574 1487 6.00311 8.17434 0.16099
575 1488 6.00567 8.17434 0.161082
576 1490 6.00358 8.17434 0.161167
577 1490 6.00457 8.17434 0.161058
578 1491 6.00406 8.17434 0.161065
579 1493 6.00164 8.17434 0.161098
580 1495 5.9981 8.17434 0.161129
581 1496 5.99679 8.17434 0.161247
582 1498 5.99657 8.17434 0.161298
583 1500 5.99701 8.17434 0.161401
584 1500 5.99705 8.17434 0.161308
585 1501 5.99731 8.17434 0.161286
586 1502 5.99791 8.17434 0.161258
587 1504 5.99599 8.17434 0.161225
588 1505 5.9971 8.17434 0.161212
589 1506 5.99642 8.17434 0.161209
590 1508 5.99593 8.17434 0.161259
591 1510 5.99693 8.17434 0.161229
592 1512 5.99455 8.17434 0.161186
593 1514 5.99112 8.17434 0.161154
594 1515 5.99067 8.17434 0.161134
595 1515 5.99114 8.17434 0.161098
596 1516 5.98857 8.17434 0.161097
597 1517 5.98997 8.17434 0.161097
598 1518 5.98764 8.17434 0.161058
599 1520 5.98827 8.17434 0.161054
600 1520 5.98871 8.17434 0.161034
601 1520 5.9895 8.17434 0.161047
602 1521 5.99006 8.17434 0.161242
603 1521 5.99098 8.17434 0.161261
604 1521 5.99144 8.17434 0.161289
605 1522 5.99129 8.17434 0.161221
606 1522 5.99316 8.17434 0.161222
607 1522 5.99498 8.17434 0.161158
608 1522 5.99623 8.17434 0.161165
609 1522 5.99687 8.17434 0.161145
610 1522 5.99693 8.17434 0.161145
611 1523 5.99474 8.17434 0.161202
612 1525 5.99214 8.17434 0.161208
613 1527 5.98965 8.17434 0.161193
614 1530 5.98634 8.17434 0.161134
615 1531 5.98617 8.17434 0.161156
616 1531 5.98713 8.29037 0.161147
617 1532 5.98514 8.29037 0.161124
618 1533 5.9838 8.29037 0.161133
619 1533 5.98588 8.29037 0.161142
620 1533 5.98714 8.29037 0.161088
621 1535 5.98247 8.29037 0.161134
622 1535 5.9843 8.29037 0.1611
623 1535 5.98515 8.29037 0.16111
624 1535 5.9859 8.29037 0.161092
625 1537 5.98333 8.29037 0.161118
626 1538 5.98261 8.29037 0.161073
627 1540 5.97931 8.29037 0.161095
628 1542 5.97775 8.29037 0.161106
629 1544 5.97566 8.29037 0.161116
630 1546 5.9752 8.29037 0.161078
631 1546 5.9763 8.29037 0.161047
632 1548 5.97242 8.29037 0.161019
633 1550 5.97054 8.29037 0.16103
634 1553 5.96546 8.29037 0.161039
635 1554 5.96707 8.29037 0.161086
636 1555 5.96658 8.29037 0.161059
637 1556 5.96746 8.29037 0.161034
638 1559 5.96362 8.29037 0.161009
639 1560 5.96222 8.29037 0.160885
640 1562 5.959 8.29037 0.160929
641 1562 5.95919 8.29037 0.160981
642 1562 5.95966 8.29037 0.160995
643 1562 5.96231 8.29037 0.160959
644 1563 5.96287 8.29037 0.160952
645 1564 5.96314 8.29037 0.160981
646 1565 5.96141 8.29037 0.160923
647 1567 5.96147 8.29037 0.160864
648 1569 5.9578 8.29037 0.160973
649 1570 5.95529 8.29037 0.161001
650 1571 5.95852 8.29037 0.161046
651 1571 5.95925 8.29037 0.161093
652 1574 5.95722 8.29037 0.161023
653 1577 5.95062 8.29037 0.161051
654 1579 5.94949 8.29037 0.161014
655 1581 5.94965 8.29037 0.160977
656 1584 5.94655 8.29037 0.161034
657 1585 5.94457 8.29037 0.16104
658 1586 5.94373 8.29037 0.161006
659 1586 5.94669 8.29037 0.160933
660 1589 5.94394 8.29037 0.160928
661 1591 5.94188 8.29037 0.160837
662 1592 5.9411 8.29037 0.16084
663 1592 5.94271 8.29037 0.160867
664 1592 5.94362 8.29037 0.1609
665 1592 5.94644 8.29037 0.160906
666 1593 5.94436 8.29037 0.160864
667 1594 5.94251 8.29037 0.16076
668 1596 5.93901 8.29037 0.160708
669 1596 5.93932 8.29037 0.160693
670 1597 5.939 8.29037 0.160736
671 1597 5.94062 8.29037 0.160662
672 1597 5.94196 8.29037 0.160609
673 1597 5.94275 8.29037 0.160585
674 1598 5.94099 8.29037 0.160548
675 1601 5.93984 8.29037 0.160584
676 1601 5.94062 8.29037 0.160505
677 1603 5.93809 8.29037 0.160508
678 1604 5.93567 8.29037 0.160543
679 1607 5.93344 8.29037 0.160529
680 1607 5.9344 8.29037 0.160553
681 1607 5.93483 8.29037 0.160584
682 1608 5.93251 8.29037 0.16058
683 1610 5.9287 8.29037 0.160502
684 1610 5.92973 8.29037 0.160458
685 1611 5.93031 8.29037 0.160466
686 1611 5.93154 8.29037 0.160474
687 1611 5.93193 8.29037 0.160436
688 1612 5.92961 8.29037 0.160449
689 1617 5.92341 8.29037 0.160328
690 1618 5.92178 8.29037 0.160387
691 1620 5.91804 8.29037 0.160359
692 1621 5.91613 8.29037 0.160355
693 1623 5.91413 8.29037 0.160354
694 1623 5.91551 8.29037 0.16051
695 1625 5.91314 8.29037 0.160465
696 1625 5.91346 8.29037 0.160517
697 1626 5.91254 8.29037 0.160465
698 1627 5.91364 8.29037 0.160503
699 1631 5.90994 8.29037 0.160478
700 1633 5.90762 8.29037 0.160495
701 1634 5.90707 8.29037 0.160574
702 1636 5.90307 8.29037 0.160613
703 1637 5.90097 8.29037 0.160691
704 1638 5.89926 8.29037 0.160641
705 1639 5.89848 8.29037 0.160602
706 1641 5.89534 8.29037 0.160606
707 1642 5.89394 8.29037 0.160622
708 1643 5.89454 8.29037 0.160517
709 1644 5.89457 8.29037 0.160474
710 1645 5.89499 8.29037 0.16051
711 1647 5.89349 8.29037 0.160537
712 1650 5.88949 8.29037 0.160534
713 1650 5.89167 8.29037 0.160454
714 1652 5.89344 8.29037 0.160428
715 1654 5.88979 8.29037 0.160421
716 1655 5.88937 8.29037 0.160294
717 1657 5.88807 8.29037 0.160235
718 1660 5.88241 8.29037 0.160208
719 1662 5.88015 8.29037 0.160244
720 1663 5.87888 8.29037 0.160247
721 1664 5.87714 8.29037 0.160268
722 1665 5.87858 8.29037 0.160238
723 1666 5.8776 8.29037 0.160182
724 1671 5.87206 8.29037 0.160171
725 1672 5.86996 8.29037 0.160188
726 1673 5.87191 8.29037 0.160119
727 1675 5.87084 8.29037 0.160091
728 1675 5.87343 8.29037 0.160147
729 1675 5.87464 8.29037 0.160181
730 1677 5.87062 8.29037 0.160115
731 1678 5.87096 8.29037 0.160096
732 1678 5.87209 8.29037 0.160034
733 1678 5.87437 8.29037 0.160036
734 1682 5.87074 8.29037 0.160129
735 1686 5.86279 8.29037 0.160203
736 1689 5.85996 8.29037 0.160271
737 1690 5.85857 8.29037 0.16036
738 1691 5.86022 8.29037 0.160355
739 1692 5.8596 8.29037 0.16021
740 1695 5.85678 8.29037 0.160252
741 1698 5.85297 8.29037 0.160241
742 1699 5.851 8.29037 0.160187
743 1700 5.84876 8.29037 0.160184
744 1702 5.85258 8.29037 0.160179
745 1703 5.85067 8.29037 0.160141
746 1703 5.85129 8.29037 0.160219
747 1703 5.85191 8.29037 0.16035
748 1706 5.85055 8.29037 0.160285
749 1707 5.8518 8.29037 0.16028
750 1708 5.84999 8.29037 0.160266
751 1710 5.84803 8.29037 0.160246
752 1713 5.84292 8.29037 0.160223
753 1716 5.83916 8.29037 0.160196
754 1717 5.83699 8.29037 0.160152
755 1719 5.83316 8.29037 0.160135
756 1719 5.83352 8.29037 0.160149
757 1720 5.83287 8.29037 0.160182
758 1722 5.83096 8.29037 0.160195
759 1722 5.83192 8.29037 0.160166
760 1723 5.83208 8.29037 0.160313
761 1725 5.83033 8.29037 0.160279
762 1728 5.8268 8.29037 0.160185
763 1728 5.8268 8.29037 0.160185
764 1728 5.82737 8.29037 0.160186
765 1728 5.82869 8.29037 0.160211
766 1730 5.82606 8.29037 0.160235
767 1733 5.82205 8.29037 0.160203
768 1734 5.82001 8.29037 0.160224
769 1736 5.81588 8.29037 0.160205
770 1737 5.81685 8.29037 0.160195
771 1739 5.8134 8.29037 0.160159
772 1739 5.81422 8.29037 0.16016
773 1739 5.81609 8.29037 0.160134
774 1741 5.81267 8.29037 0.160151
775 1744 5.81061 8.29037 0.160193
776 1745 5.80866 8.29037 0.160205
777 1746 5.80669 8.29037 0.160201
778 1746 5.807 8.29037 0.160177
779 1746 5.80744 8.29037 0.160176
780 1747 5.80755 8.29037 0.16012
781 1748 5.80627 8.29037 0.160099
782 1750 5.80247 8.29037 0.160193
783 1751 5.80352 8.29037 0.160189
784 1753 5.80227 8.29037 0.160179
785 1753 5.80271 8.29037 0.160279
786 1754 5.80255 8.29037 0.160308
787 1755 5.80157 8.29037 0.160326
788 1755 5.80239 8.29037 0.160385
789 1758 5.79611 8.29037 0.160323
790 1759 5.79513 8.29037 0.160342
791 1759 5.7955 8.29037 0.160318
792 1760 5.79377 8.29037 0.160353
793 1761 5.79189 8.29037 0.16032
794 1762 5.79001 8.29037 0.160306
795 1764 5.79002 8.29037 0.160332
796 1765 5.78822 8.29037 0.160308
797 1766 5.78772 8.29037 0.160331
798 1768 5.7869 8.29037 0.160331
799 1768 5.7869 8.29037 0.160331
800 1768 5.7882 8.29037 0.160272
801 1770 5.78516 8.29037 0.160244
802 1775 5.77453 8.29037 0.160386
803 1779 5.76997 8.29037 0.160332
804 1779 5.77013 8.29037 0.16033
805 1780 5.76841 8.29037 0.160343
806 1780 5.76953 8.29037 0.16032
807 1780 5.771 8.29037 0.160359
808 1783 5.76496 8.29037 0.160339
809 1787 5.75931 8.29037 0.16037
810 1788 5.75775 8.29037 0.160364
811 1790 5.7569 8.29037 0.160384
812 1791 5.75516 8.29037 0.160396
813 1793 5.75297 8.29037 0.160437
814 1793 5.75464 8.29037 0.160409
815 1794 5.75529 8.29037 0.16036
816 1795 5.75426 8.29037 0.160344
817 1795 5.75515 8.29037 0.160385
818 1796 5.75351 8.29037 0.160397
819 1796 5.75387 8.29037 0.160418
820 1796 5.75567 8.29037 0.160455
821 1798 5.75192 8.29037 0.160507
822 1798 5.75242 8.29037 0.160504
823 1800 5.75156 8.29037 0.160385
824 1801 5.75145 8.29037 0.160372
825 1804 5.75133 8.29037 0.160361
826 1804 5.75146 8.29037 0.160366
827 1805 5.75246 8.29037 0.160397
828 1808 5.74861 8.29037 0.160413
829 1808 5.74954 8.29037 0.160427
830 1809 5.74913 8.29037 0.160456
831 1809 5.7507 8.29037 0.160459
832 1811 5.74661 8.29037 0.160514
833 1812 5.74499 8.29037 0.160467
834 1814 5.74107 8.29037 0.160445
835 1815 5.74089 8.34033 0.160418
836 1815 5.74178 8.34033 0.160391
837 1815 5.74291 8.34033 0.160421
838 1817 5.74102 8.34033 0.160456
839 1817 5.74136 8.34033 0.16047
840 1820 5.74043 8.34033 0.160555
841 1823 5.74001 8.34033 0.160553
842 1824 5.73822 8.34033 0.160576
843 1826 5.73863 8.34033 0.16059
844 1826 5.73976 8.34033 0.16058
845 1826 5.74023 8.34033 0.160604
846 1829 5.73605 8.34033 0.160621
847 1829 5.73678 8.34033 0.160601
848 1830 5.7371 8.34033 0.160671
849 1831 5.736 8.34033 0.160714
850 1832 5.73659 8.34033 0.16063
851 1833 5.7347 8.34033 0.16062
852 1835 5.73379 8.34033 0.160673
853 1835 5.73564 8.34033 0.160611
854 1835 5.73565 8.34033 0.160596
855 1835 5.7365 8.34033 0.160568
856 1837 5.73469 8.34033 0.1605
857 1839 5.73145 8.34033 0.160536
858 1840 5.73075 8.34033 0.160541
859 1842 5.7273 8.34033 0.160535
860 1842 5.72775 8.34033 0.160437
861 1843 5.72621 8.34033 0.160447
862 1846 5.72097 8.34033 0.160414
863 1847 5.72319 8.34033 0.160428
864 1849 5.72081 8.34033 0.160363
865 1852 5.71593 8.34033 0.160383
866 1854 5.71266 8.34033 0.160361
867 1856 5.70902 8.34033 0.160404
868 1856 5.70952 8.34033 0.160376
869 1856 5.71173 8.34033 0.16035
870 1859 5.71326 8.34033 0.160231
871 1860 5.71214 8.34033 0.160258
872 1862 5.7105 8.34033 0.160253
873 1862 5.7124 8.34033 0.160187
874 1863 5.71078 8.34033 0.160124
875 1864 5.70899 8.34033 0.160134
876 1866 5.70857 8.34033 0.160125
877 1868 5.70524 8.34033 0.160153
878 1872 5.70059 8.34033 0.16017
879 1873 5.7006 8.34033 0.16018
880 1877 5.6972 8.34033 0.160229
881 1879 5.69647 8.34033 0.160245
882 1881 5.69336 8.34033 0.160191
883 1883 5.6909 8.34033 0.160236
884 1885 5.68715 8.34033 0.160184
885 1889 5.68367 8.34033 0.160231
886 1889 5.68392 8.34033 0.160248
887 1892 5.6802 8.34033 0.160269
888 1894 5.67773 8.34033 0.16033
889 1895 5.67769 8.34033 0.160363
890 1897 5.67439 8.34033 0.160401
891 1897 5.67518 8.34033 0.160393
892 1898 5.67514 8.34033 0.160425
893 1898 5.67746 8.34033 0.160528
894 1901 5.67494 8.34033 0.160496
895 1902 5.67673 8.34033 0.160504
896 1904 5.67423 8.34033 0.160507
897 1906 5.67406 8.34033 0.160527
898 1908 5.67238 8.34033 0.16054
899 1909 5.67109 8.34033 0.160486
900 1911 5.66798 8.34033 0.160507
901 1912 5.66871 8.34033 0.160454
902 1914 5.66767 8.34033 0.160489
903 1915 5.66851 8.34033 0.160426
904 1915 5.67129 8.34033 0.160399
905 1919 5.66665 8.34033 0.16046
906 1922 5.66299 8.34033 0.160422
907 1923 5.66249 8.34033 0.160375
908 1926 5.65968 8.34033 0.160471
909 1929 5.65452 8.34033 0.160506
910 1932 5.65206 8.34033 0.160503
911 1933 5.65222 8.34033 0.16047
912 1937 5.64631 8.34033 0.160463
913 1937 5.6468 8.34033 0.160395
914 1938 5.64589 8.34033 0.160387
915 1940 5.64313 8.34033 0.160394
916 1942 5.64163 8.34033 0.160275
917 1943 5.64031 8.34033 0.160267
918 1944 5.63916 8.34033 0.160316
919 1945 5.63879 8.34033 0.160296
920 1946 5.63792 8.34033 0.160307
921 1947 5.63763 8.34033 0.160336
922 1949 5.63437 8.34033 0.160359
923 1950 5.63557 8.34033 0.160316
924 1952 5.63401 8.34033 0.160315
925 1956 5.628 8.34033 0.160346
926 1958 5.62602 8.34033 0.160313
927 1959 5.62552 8.34033 0.160267
928 1959 5.62576 8.34033 0.160294
929 1960 5.62499 8.34033 0.160356
930 1962 5.6257 8.34033 0.16037
931 1965 5.62059 8.34033 0.160408
932 1967 5.61722 8.34033 0.160424
933 1968 5.61557 8.34033 0.160364
934 1969 5.61471 8.34033 0.160279
935 1970 5.61368 8.34033 0.160276
936 1971 5.6137 8.34033 0.16029
937 1972 5.6132 8.34033 0.160322
938 1973 5.61455 8.34033 0.160334
939 1976 5.6097 8.34033 0.160268
940 1979 5.60515 8.34033 0.160347
941 1981 5.60395 8.34033 0.160361
942 1985 5.59757 8.34033 0.160363
943 1985 5.59813 8.34033 0.160383
944 1985 5.59844 8.34033 0.160375
945 1986 5.59743 8.34033 0.160426
946 1992 5.59232 8.34033 0.160481
947 1994 5.59102 8.34033 0.160424
948 1995 5.5899 8.34033 0.160426
949 1996 5.58888 8.34033 0.160445
950 1999 5.58405 8.34033 0.160431
951 2000 5.58236 8.34033 0.160427
952 2003 5.57924 8.34033 0.160424
953 2004 5.57785 8.34033 0.160448
954 2004 5.57886 8.34033 0.160473
955 2004 5.58023 8.45497 0.160434
956 2006 5.57754 8.45497 0.160367
957 2008 5.57619 8.45497 0.160378
958 2008 5.57664 8.45497 0.160375
959 2009 5.57761 8.45497 0.160376
960 2010 5.57613 8.45497 0.160386
961 2010 5.57831 8.45497 0.160339
962 2011 5.57792 8.45497 0.160402
963 2012 5.57818 8.45497 0.16034
964 2013 5.57646 8.45497 0.160393
965 2013 5.57762 8.45497 0.16042
966 2015 5.57466 8.45497 0.160414
967 2016 5.57376 8.45497 0.160409
968 2018 5.57251 8.45497 0.160425
969 2018 5.573 8.45497 0.160418
970 2018 5.57328 8.45497 0.160368
971 2018 5.57463 8.45497 0.160382
972 2018 5.57468 8.45497 0.16037
973 2019 5.57273 8.45497 0.160354
974 2020 5.57146 8.45497 0.160381
975 2023 5.5713 8.45497 0.160376
976 2024 5.57127 8.45497 0.160427
977 2024 5.57232 8.45497 0.160418
978 2024 5.57329 8.45497 0.160407
979 2028 5.56837 8.45497 0.160412
980 2029 5.56759 8.45497 0.160425
981 2032 5.56373 8.45497 0.16044
982 2034 5.56136 8.45497 0.160434
983 2035 5.56173 8.45497 0.16034
984 2037 5.55965 8.45497 0.160337
985 2037 5.56044 8.45497 0.16032
986 2039 5.5575 8.45497 0.160301
987 2040 5.55732 8.45497 0.160352
988 2040 5.55766 8.45497 0.160388
989 2042 5.55491 8.45497 0.160344
990 2046 5.55058 8.45497 0.160371
991 2046 5.55075 8.45497 0.160367
992 2047 5.54959 8.45497 0.160381
993 2050 5.54494 8.45497 0.160321
994 2054 5.54062 8.45497 0.16033
995 2055 5.53887 8.45497 0.160343
996 2056 5.53775 8.45497 0.160368
997 2058 5.53563 8.45497 0.16039
998 2058 5.53589 8.45497 0.160349
999 2058 5.53603 8.45497 0.160354
1000 2059 5.53491 8.45497 0.16038
1001 2060 5.53489 8.45497 0.160414
1002 2062 5.5343 8.45497 0.160433
1003 2063 5.53319 8.45497 0.160416
1004 2064 5.53215 8.45497 0.160406
1005 2066 5.52915 8.45497 0.160397
1006 2070 5.52636 8.45497 0.16034
1007 2071 5.52605 8.45497 0.160348
1008 2072 5.52455 8.45497 0.1603
1009 2074 5.52106 8.45497 0.16033
1010 2079 5.51351 8.45497 0.160253
1011 2080 5.51285 8.45497 0.160294
1012 2080 5.51356 8.45497 0.160308
1013 2082 5.51216 8.45497 0.160265
1014 2083 5.51259 8.45497 0.160258
1015 2084 5.51192 8.45497 0.160236
1016 2085 5.5124 8.45497 0.160269
1017 2087 5.51035 8.45497 0.160269
1018 2091 5.50868 8.45497 0.160264
1019 2091 5.50885 8.45497 0.16022
1020 2092 5.50753 8.45497 0.160197
1021 2093 5.506 8.45497 0.160206
1022 2094 5.50807 8.45497 0.160192
1023 2096 5.50653 8.45497 0.1602
1024 2098 5.50628 8.45497 0.160216
1025 2101 5.50293 8.45497 0.160267
1026 2101 5.50357 8.45497 0.160258
1027 2102 5.50313 8.45497 0.160243
1028 2103 5.50225 8.45497 0.160263
1029 2104 5.50167 8.45497 0.160273
1030 2105 5.50131 8.45497 0.160262
1031 2106 5.49995 8.45497 0.160304
1032 2106 5.50052 8.45497 0.160316
1033 2106 5.50057 8.45497 0.16032
1034 2108 5.49774 8.45497 0.160321
1035 2109 5.49676 8.45497 0.160364
1036 2113 5.4925 8.45497 0.160385
1037 2113 5.49275 8.45497 0.160381
1038 2115 5.49129 8.45497 0.160352
1039 2116 5.49236 8.45497 0.160345
1040 2117 5.49131 8.45497 0.160365
1041 2118 5.48984 8.45497 0.160374
1042 2118 5.4903 8.45497 0.160355
1043 2121 5.48741 8.45497 0.160338
1044 2122 5.48657 8.45497 0.160349
1045 2122 5.48703 8.45497 0.160412
1046 2122 5.48732 8.45497 0.160414
1047 2124 5.48478 8.45497 0.160405
1048 2125 5.48608 8.45497 0.160455
1049 2126 5.48687 8.45497 0.160444
1050 2127 5.48567 8.45497 0.160416
1051 2129 5.48468 8.45497 0.160393
1052 2129 5.48477 8.45497 0.160393
1053 2130 5.48407 8.45497 0.160412
1054 2131 5.48269 8.45497 0.160411
1055 2134 5.4805 8.45497 0.160499
1056 2135 5.47913 8.45497 0.160515
1057 2136 5.47845 8.45497 0.160543
1058 2137 5.47948 8.45497 0.16054
1059 2141 5.47404 8.45497 0.160552
1060 2141 5.4745 8.45497 0.160553
1061 2143 5.47262 8.45497 0.160613
1062 2147 5.46807 8.45497 0.160644
1063 2148 5.46679 8.45497 0.160657
1064 2150 5.46388 8.45497 0.160622
1065 2152 5.46251 8.45497 0.160501
1066 2154 5.46111 8.45497 0.16062
1067 2156 5.45793 8.45497 0.160639
1068 2158 5.45611 8.45497 0.16069
1069 2161 5.45476 8.45497 0.160724
1070 2166 5.44867 8.45497 0.160689
1071 2167 5.44726 8.45497 0.160708
1072 2168 5.44693 8.45497 0.160701
1073 2168 5.44709 8.45497 0.160716
1074 2168 5.44723 8.45497 0.160739
1075 2169 5.447 8.45497 0.160743
1076 2170 5.44599 8.45497 0.160758
1077 2170 5.44627 8.45497 0.160718
1078 2171 5.44436 8.45497 0.160703
1079 2171 5.445 8.45497 0.160712
1080 2171 5.4457 8.45497 0.160686
1081 2175 5.44118 8.45497 0.160661
1082 2176 5.44244 8.45497 0.160577
1083 2178 5.44025 8.45497 0.160508
1084 2180 5.43997 8.45497 0.16043
1085 2184 5.4403 8.45497 0.160403
1086 2186 5.43963 8.45497 0.160449
1087 2188 5.43973 8.45497 0.160495
1088 2190 5.43855 8.45497 0.160546
1089 2190 5.43861 8.45497 0.160536
1090 2190 5.44052 8.45497 0.160539
1091 2194 5.43695 8.45497 0.160521
1092 2196 5.43526 8.45497 0.160459
1093 2200 5.43098 8.45497 0.160443
1094 2201 5.43012 8.45497 0.160425
1095 2201 5.4302 8.45497 0.160428
1096 2204 5.4272 8.45497 0.160477
1097 2209 5.42217 8.45497 0.160488
1098 2210 5.42099 8.45497 0.160487
1099 2213 5.41739 8.45497 0.160379
1100 2213 5.41739 8.45497 0.160367
1101 2217 5.41266 8.45497 0.160395
1102 2218 5.41296 8.45497 0.160379
1103 2219 5.41258 8.45497 0.160379
1104 2219 5.41321 8.45497 0.160351
1105 2222 5.40967 8.45497 0.160364
1106 2223 5.41 8.45497 0.160386
1107 2225 5.4086 8.45497 0.160374
1108 2225 5.40913 8.45497 0.160448
1109 2228 5.40534 8.45497 0.160385
1110 2228 5.40569 8.45497 0.160346
1111 2228 5.40569 8.45497 0.160346
1112 2230 5.40315 8.45497 0.160333
1113 2231 5.40233 8.45497 0.160339
1114 2232 5.40092 8.45497 0.160356
1115 2232 5.40107 8.45497 0.160319
1116 2233 5.40307 8.45497 0.160244
1117 2233 5.40402 8.45497 0.160221
1118 2234 5.40363 8.45497 0.16024
1119 2236 5.40252 8.45497 0.160231
1120 2236 5.40366 8.45497 0.160239
1121 2238 5.40305 8.45497 0.160251
1122 2239 5.40207 8.45497 0.160265
1123 2239 5.40214 8.45497 0.160252
1124 2241 5.40042 8.45497 0.160267
1125 2245 5.39675 8.45497 0.160349
1126 2248 5.39284 8.45497 0.160335
1127 2249 5.39161 8.45497 0.160324
1128 2251 5.38959 8.45497 0.160341
1129 2253 5.38847 8.45497 0.160361
1130 2255 5.38685 8.45497 0.160349
1131 2256 5.38648 8.45497 0.160391
1132 2257 5.38715 8.45497 0.160323
1133 2258 5.38829 8.45497 0.160346
1134 2260 5.3864 8.45497 0.160382
1135 2261 5.3854 8.45497 0.160409
1136 2262 5.38495 8.45497 0.160361
1137 2263 5.38369 8.45497 0.160393
1138 2265 5.383 8.45497 0.16042
1139 2266 5.38232 8.45497 0.160427
1140 2267 5.38138 8.45497 0.160429
1141 2268 5.37989 8.45497 0.160436
1142 2269 5.37837 8.45497 0.160447
1143 2271 5.37655 8.45497 0.160403
1144 2272 5.37624 8.45497 0.160397
1145 2274 5.37452 8.45497 0.160405
1146 2276 5.3718 8.45497 0.160451
1147 2278 5.36996 8.45497 0.160451
1148 2279 5.36851 8.45497 0.160448
1149 2282 5.36424 8.45497 0.160483
1150 2286 5.35932 8.45497 0.160517
1151 2287 5.35825 8.45497 0.160502
1152 2288 5.35692 8.45497 0.160517
1153 2289 5.35755 8.45497 0.160538
1154 2292 5.35605 8.45497 0.160606
1155 2292 5.35618 8.45497 0.160579
1156 2292 5.35638 8.45497 0.160599
1157 2292 5.35699 8.45497 0.160585
1158 2295 5.35402 8.45497 0.160483
1159 2295 5.35456 8.45497 0.160494
1160 2297 5.35302 8.45497 0.160472
1161 2298 5.35327 8.45497 0.160407
1162 2298 5.35375 8.45497 0.160472
1163 2302 5.3483 8.45497 0.16048
1164 2303 5.34763 8.45497 0.160502
1165 2304 5.34638 8.45497 0.160494
1166 2306 5.34488 8.45497 0.160481
1167 2307 5.34594 8.45497 0.160487
1168 2308 5.34608 8.45497 0.160493
1169 2310 5.34449 8.45497 0.160343
1170 2312 5.34203 8.45497 0.160393
1171 2313 5.34306 8.45497 0.16044
1172 2314 5.34238 8.45497 0.160451
1173 2314 5.34238 8.45497 0.160451
1174 2315 5.34113 8.45497 0.160429
1175 2317 5.33945 8.45497 0.160395
1176 2319 5.33863 8.45497 0.160381
1177 2321 5.33787 8.45497 0.160425
1178 2321 5.33865 8.45497 0.160456
1179 2322 5.33823 8.45497 0.160421
1180 2324 5.3388 8.45497 0.160392
1181 2325 5.3374 8.45497 0.160414
1182 2327 5.33538 8.45497 0.160426
1183 2327 5.33585 8.45497 0.160367
1184 2329 5.33378 8.45497 0.160348
1185 2330 5.33216 8.45497 0.16036
1186 2330 5.33254 8.45497 0.160301
1187 2331 5.33143 8.45497 0.16027
1188 2332 5.33191 8.45497 0.160346
1189 2332 5.33344 8.45497 0.16038
1190 2332 5.33415 8.45497 0.160393
1191 2333 5.33445 8.45497 0.160425
1192 2334 5.33374 8.45497 0.160385
1193 2336 5.3318 8.45497 0.160355
1194 2337 5.3308 8.45497 0.160311
1195 2338 5.32979 8.45497 0.16032
1196 2339 5.32958 8.45497 0.160303
1197 2341 5.32855 8.45497 0.160315
1198 2344 5.32576 8.45497 0.160354
1199 2345 5.32422 8.45497 0.160369
1200 2346 5.32408 8.45497 0.160355
1201 2346 5.3243 8.45497 0.160363
1202 2348 5.32475 8.45497 0.160355
1203 2348 5.32523 8.45497 0.160308
1204 2350 5.32358 8.45497 0.160293
1205 2352 5.32085 8.45497 0.160363
1206 2353 5.32005 8.45497 0.160343
1207 2355 5.31807 8.45497 0.160422
1208 2359 5.31358 8.45497 0.160464
1209 2360 5.31203 8.45497 0.160468
1210 2361 5.31135 8.45497 0.160491
1211 2363 5.30918 8.45497 0.160584
1212 2365 5.30647 8.45497 0.160562
1213 2367 5.30508 8.45497 0.160548
1214 2368 5.30398 8.45497 0.160512
1215 2370 5.30514 8.45497 0.160473
1216 2371 5.30571 8.45497 0.160465
1217 2371 5.30594 8.45497 0.160458
1218 2374 5.3036 8.45497 0.160451
1219 2379 5.29868 8.45497 0.160479
1220 2381 5.29718 8.45497 0.16043
1221 2383 5.29556 8.45497 0.160433
1222 2385 5.2933 8.45497 0.160431
1223 2388 5.29005 8.45497 0.160411
1224 2390 5.28745 8.45497 0.16043
1225 2393 5.28404 8.45497 0.160406
1226 2393 5.28491 8.45497 0.160373
1227 2397 5.27977 8.45497 0.160403
1228 2399 5.27926 8.45497 0.160411
1229 2401 5.27686 8.45497 0.160404
1230 2404 5.27418 8.45497 0.160436
1231 2410 5.26675 8.45497 0.160431
1232 2410 5.26789 8.45497 0.160402
1233 2411 5.26721 8.45497 0.160404
1234 2413 5.26546 8.45497 0.160407
1235 2413 5.26568 8.45497 0.160424
1236 2414 5.26508 8.45497 0.160403
1237 2418 5.26332 8.45497 0.160376
1238 2419 5.26323 8.45497 0.160408
1239 2419 5.26348 8.45497 0.160397
1240 2420 5.2622 8.45497 0.160425
1241 2423 5.25889 8.45497 0.160435
1242 2426 5.25499 8.45497 0.160407
1243 2426 5.25634 8.45497 0.160431
1244 2429 5.25323 8.45497 0.160448
1245 2429 5.25542 8.45497 0.160437
1246 2430 5.25471 8.45497 0.16041
1247 2431 5.25387 8.45497 0.160384
1248 2435 5.24934 8.45497 0.160423
1249 2437 5.24952 8.45497 0.160423
1250 2440 5.24699 8.45497 0.160411
1251 2443 5.24403 8.45497 0.160433
1252 2444 5.24461 8.45497 0.160469
1253 2446 5.24293 8.45497 0.160451
1254 2446 5.24355 8.45497 0.160456
1255 2450 5.23948 8.45497 0.160488
1256 2453 5.23679 8.45497 0.160502
1257 2454 5.23596 8.45497 0.16049
1258 2454 5.23656 8.45497 0.1605
1259 2458 5.23182 8.45497 0.160502
1260 2459 5.23101 8.45497 0.160452
1261 2460 5.23018 8.45497 0.160456
1262 2460 5.23019 8.45497 0.160404
1263 2460 5.23089 8.45497 0.160411
1264 2461 5.22986 8.45497 0.160433
1265 2462 5.22881 8.45497 0.160429
1266 2464 5.22783 8.45497 0.16042
1267 2465 5.22703 8.45497 0.160416
1268 2465 5.22746 8.45497 0.160443
1269 2466 5.22621 8.45497 0.16046
1270 2468 5.224 8.45497 0.160468
1271 2469 5.224 8.45497 0.160483
1272 2471 5.22311 8.45497 0.160491
1273 2471 5.22389 8.45497 0.160478
1274 2473 5.22346 8.45497 0.160484
1275 2479 5.21681 8.45497 0.160389
1276 2480 5.21902 8.45497 0.160358
1277 2482 5.21793 8.45497 0.160325
1278 2483 5.21689 8.45497 0.160329
1279 2484 5.21624 8.45497 0.160293
1280 2485 5.21553 8.45497 0.160296
1281 2487 5.21533 8.45497 0.160279
1282 2487 5.21583 8.45497 0.160312
1283 2489 5.21379 8.45497 0.160385
1284 2492 5.20984 8.45497 0.160424
1285 2493 5.20914 8.45497 0.160435
1286 2494 5.2079 8.45497 0.160419
1287 2495 5.20751 8.45497 0.160449
1288 2495 5.20789 8.45497 0.160435
1289 2496 5.20685 8.45497 0.160457
1290 2496 5.20727 8.45497 0.160441
1291 2497 5.20604 8.45497 0.16041
1292 2497 5.20624 8.45497 0.16046
1293 2500 5.20471 8.45497 0.16047
1294 2503 5.20247 8.45497 0.16047
1295 2503 5.20278 8.45497 0.160464
1296 2505 5.20137 8.45497 0.160443
1297 2507 5.20014 8.45497 0.160432
1298 2509 5.1988 8.45497 0.160413
1299 2509 5.19899 8.45497 0.160398
1300 2512 5.19631 8.45497 0.160431
1301 2514 5.19533 8.45497 0.160432
1302 2517 5.19293 8.45497 0.160403
1303 2518 5.19192 8.45497 0.160411
1304 2518 5.19227 8.45497 0.160455
1305 2519 5.19203 8.45497 0.160478
1306 2521 5.19418 8.45497 0.160568
1307 2523 5.19282 8.45497 0.160582
1308 2526 5.19078 8.45497 0.160581
1309 2528 5.18851 8.45497 0.160584
1310 2530 5.18723 8.45497 0.160559
1311 2532 5.18502 8.45497 0.160538
1312 2533 5.18389 8.45497 0.16055
1313 2533 5.18423 8.45497 0.160536
1314 2534 5.18323 8.45497 0.160548
1315 2538 5.18 8.45497 0.160551
1316 2539 5.17905 8.45497 0.160556
1317 2542 5.17514 8.45497 0.160547
1318 2544 5.17318 8.45497 0.160567
1319 2544 5.17338 8.45497 0.160563
1320 2544 5.17376 8.45497 0.160527
1321 2546 5.17194 8.45497 0.160531
1322 2547 5.17188 8.45497 0.160515
1323 2551 5.16912 8.45497 0.160482
1324 2554 5.16599 8.45497 0.160485
1325 2557 5.16311 8.45497 0.160548
1326 2557 5.1638 8.45497 0.160561
1327 2557 5.16423 8.45497 0.160559
1328 2560 5.16193 8.45497 0.160589
1329 2561 5.16088 8.45497 0.160599
1330 2564 5.15808 8.45497 0.160575
1331 2568 5.15375 8.45497 0.160606
1332 2568 5.15396 8.45497 0.160615
1333 2569 5.15345 8.45497 0.160639
1334 2570 5.1526 8.45497 0.160579
1335 2571 5.15171 8.45497 0.160533
1336 2573 5.15108 8.45497 0.160538
1337 2574 5.15225 8.45497 0.16054
1338 2575 5.15137 8.45497 0.160524
1339 2577 5.14996 8.45497 0.160494
1340 2581 5.14588 8.45497 0.160532
1341 2581 5.14609 8.45497 0.160529
1342 2582 5.14548 8.45497 0.160531
1343 2583 5.14467 8.45497 0.160507
1344 2583 5.14609 8.45497 0.160486
1345 2583 5.14648 8.45497 0.16051
1346 2584 5.14661 8.45497 0.160475
1347 2584 5.14664 8.45497 0.160474
1348 2586 5.14703 8.45497 0.160527
1349 2586 5.14768 8.45497 0.160503
1350 2586 5.14834 8.45497 0.160515
1351 2590 5.14506 8.45497 0.160502
1352 2590 5.14537 8.45497 0.160517
1353 2591 5.14435 8.45497 0.160494
1354 2592 5.14413 8.45497 0.160428
1355 2594 5.14223 8.45497 0.160446
1356 2596 5.14048 8.45497 0.160463
1357 2598 5.13878 8.45497 0.160455
1358 2603 5.1339 8.45497 0.160446
1359 2603 5.13525 8.45497 0.160443
1360 2607 5.1325 8.45497 0.160473
1361 2610 5.13036 8.45497 0.160467
1362 2612 5.12859 8.45497 0.160432
1363 2612 5.12943 8.45497 0.160391
1364 2613 5.12871 8.45497 0.160485
1365 2615 5.12687 8.45497 0.160472
1366 2619 5.1223 8.45497 0.160477
1367 2621 5.12055 8.45497 0.16048
1368 2625 5.11624 8.45497 0.160484
1369 2626 5.11606 8.45497 0.160533
1370 2629 5.11456 8.45497 0.160539
1371 2631 5.11275 8.45497 0.160521
1372 2632 5.11229 8.45497 0.160536
1373 2635 5.10971 8.45497 0.16054
1374 2635 5.11038 8.45497 0.160506
1375 2636 5.10938 8.45497 0.160513
1376 2637 5.10912 8.45497 0.160475
1377 2641 5.10681 8.45497 0.160423
1378 2642 5.10617 8.45497 0.16049
1379 2642 5.10675 8.45497 0.160559
1380 2644 5.10496 8.45497 0.160564
1381 2646 5.10294 8.45497 0.160584
1382 2646 5.10328 8.45497 0.160591
1383 2647 5.10251 8.45497 0.160601
1384 2650 5.10086 8.45497 0.160615
1385 2651 5.09982 8.45497 0.160592
1386 2651 5.10071 8.45497 0.160588
1387 2652 5.10118 8.45497 0.160592
1388 2654 5.09923 8.45497 0.160603
1389 2655 5.09932 8.45497 0.160586
1390 2659 5.0958 8.45497 0.160617
1391 2660 5.09533 8.45497 0.160643
1392 2661 5.09455 8.45497 0.160673
1393 2662 5.09369 8.45497 0.160694
1394 2663 5.09258 8.45497 0.160695
1395 2665 5.09064 8.45497 0.160657
1396 2665 5.09097 8.45497 0.160635
1397 2666 5.09074 8.45497 0.160677
1398 2667 5.09033 8.45497 0.160679
1399 2669 5.08784 8.45497 0.160698
1400 2670 5.08755 8.45497 0.160723
1401 2670 5.08864 8.45497 0.160742
1402 2673 5.08442 8.45497 0.160716
1403 2676 5.08329 8.45497 0.16071
1404 2676 5.0833 8.45497 0.160697
1405 2677 5.08252 8.45497 0.160689
1406 2678 5.08206 8.45497 0.160708
1407 2681 5.07901 8.45497 0.160687
1408 2682 5.07807 8.45497 0.160667
1409 2684 5.07581 8.45497 0.160664
1410 2685 5.07529 8.45497 0.160683
1411 2689 5.07095 8.45497 0.160705
1412 2691 5.06943 8.45497 0.160736
1413 2693 5.06841 8.45497 0.160718
1414 2694 5.06735 8.45497 0.160717
1415 2694 5.06775 8.45497 0.160727
1416 2695 5.06701 8.45497 0.160767
1417 2696 5.06649 8.45497 0.160718
1418 2697 5.06723 8.45497 0.16069
1419 2698 5.06668 8.45497 0.160714
1420 2700 5.06471 8.45497 0.160694
1421 2700 5.06531 8.45497 0.160707
1422 2702 5.06395 8.45497 0.16073
1423 2704 5.06256 8.45497 0.160716
1424 2705 5.06189 8.45497 0.160734
1425 2706 5.06142 8.45497 0.160709
1426 2706 5.0617 8.45497 0.160718
1427 2706 5.06188 8.45497 0.16076
1428 2707 5.06122 8.45497 0.160754
1429 2708 5.06083 8.45497 0.160747
1430 2708 5.06108 8.45497 0.160742
1431 2708 5.06201 8.45497 0.160703
1432 2710 5.06036 8.45497 0.160693
1433 2711 5.059 8.45497 0.160698
1434 2713 5.05756 8.45497 0.160708
1435 2715 5.05592 8.45497 0.160716
1436 2717 5.0545 8.45497 0.160756
1437 2718 5.05382 8.45497 0.160766
1438 2719 5.05446 8.45497 0.160738
1439 2720 5.05344 8.45497 0.160746
1440 2720 5.05348 8.45497 0.160746
1441 2721 5.05271 8.45497 0.160779
1442 2723 5.05082 8.45497 0.160766
1443 2723 5.05083 8.45497 0.160749
1444 2723 5.05087 8.45497 0.160758
1445 2724 5.05034 8.45497 0.160818
1446 2724 5.05036 8.45497 0.160822
1447 2725 5.05009 8.45497 0.160836
1448 2726 5.04893 8.45497 0.160877
1449 2730 5.04435 8.45497 0.160828
1450 2732 5.04201 8.45497 0.160837
1451 2734 5.04128 8.45497 0.160894
1452 2735 5.04142 8.45497 0.160879
1453 2739 5.03769 8.45497 0.160903
1454 2739 5.03772 8.45497 0.16092
1455 2742 5.03462 8.45497 0.160963
1456 2742 5.03493 8.45497 0.161006
1457 2743 5.03412 8.45497 0.161023
1458 2743 5.03419 8.45497 0.161016
1459 2744 5.03384 8.45497 0.160988
1460 2746 5.03239 8.45497 0.160986
1461 2746 5.03292 8.45497 0.160961
1462 2747 5.03238 8.45497 0.160943
1463 2747 5.03254 8.45497 0.160949
1464 2747 5.03277 8.45497 0.160938
1465 2750 5.02974 8.45497 0.160941
1466 2751 5.02936 8.45497 0.160901
1467 2754 5.02655 8.45497 0.16094
1468 2755 5.02616 8.45497 0.160875
1469 2756 5.02629 8.45497 0.160862
1470 2759 5.02361 8.45497 0.160905
1471 2760 5.02299 8.45497 0.160903
1472 2761 5.0224 8.45497 0.160891
1473 2761 5.02269 8.45497 0.160876
1474 2763 5.02323 8.45497 0.16092
1475 2765 5.02126 8.45497 0.160996
1476 2765 5.02137 8.45497 0.160932
1477 2767 5.02124 8.45497 0.160933
1478 2767 5.02128 8.45497 0.16093
1479 2768 5.02025 8.45497 0.160906
1480 2769 5.01938 8.45497 0.160931
1481 2770 5.01886 8.45497 0.160901
1482 2774 5.01609 8.45497 0.160882
1483 2775 5.01554 8.45497 0.160877
1484 2777 5.01452 8.45497 0.160857
1485 2777 5.0152 8.45497 0.160846
1486 2778 5.01434 8.45497 0.160856
1487 2778 5.01477 8.45497 0.160907
1488 2781 5.01149 8.45497 0.16088
1489 2782 5.01053 8.45497 0.160891
1490 2783 5.0096 8.45497 0.160884
1491 2785 5.00761 8.45497 0.160865
1492 2786 5.0071 8.45497 0.160816
1493 2788 5.00563 8.45497 0.160809
1494 2789 5.00515 8.45497 0.16074
1495 2790 5.00471 8.45497 0.160786
1496 2794 5.00341 8.45497 0.160845
1497 2796 5.00173 8.45497 0.160897
1498 2798 5.00121 8.45497 0.160848
1499 2799 5.00052 8.45497 0.160818
1500 2800 4.99955 8.45497 0.16077
1501 2800 4.99978 8.45497 0.160773
1502 2802 4.99796 8.45497 0.160861
1503 2803 4.99701 8.45497 0.16081
1504 2805 4.9953 8.45497 0.160831
1505 2807 4.9934 8.45497 0.160799
1506 2809 4.99161 8.45497 0.160815
1507 2816 4.98629 8.45497 0.160885
1508 2818 4.98526 8.45497 0.160888
1509 2820 4.98405 8.45497 0.160868
1510 2822 4.98262 8.45497 0.160854
1511 2823 4.98171 8.45497 0.160823
1512 2823 4.98211 8.45497 0.160834
1513 2823 4.98259 8.45497 0.160819
1514 2825 4.98131 8.45497 0.1608
1515 2827 4.97936 8.45497 0.160733
1516 2828 4.97874 8.45497 0.160731
1517 2829 4.97876 8.45497 0.160709
1518 2830 4.97826 8.45497 0.160703
1519 2832 4.97685 8.45497 0.160649
1520 2834 4.97499 8.45497 0.160617
1521 2835 4.97442 8.45497 0.160587
1522 2835 4.97447 8.45497 0.160581
1523 2837 4.97271 8.45497 0.160572
1524 2837 4.97314 8.45497 0.160576
1525 2838 4.97248 8.45497 0.160544
1526 2838 4.97322 8.45497 0.160556
1527 2838 4.97348 8.45497 0.160528
1528 2839 4.97398 8.45497 0.16055
1529 2841 4.97189 8.45497 0.160552
1530 2841 4.972 8.45497 0.160569
1531 2844 4.97148 8.45497 0.160578
1532 2846 4.96987 8.45497 0.160585
1533 2847 4.96925 8.45497 0.160579
1534 2847 4.96943 8.45497 0.160544
1535 2848 4.96832 8.45497 0.160563
1536 2849 4.96909 8.45497 0.160577
1537 2850 4.96807 8.45497 0.160542
1538 2850 4.96836 8.45497 0.160556
1539 2851 4.96776 8.45497 0.160527
1540 2851 4.96826 8.45497 0.160491
1541 2852 4.96819 8.45497 0.160502
1542 2852 4.97068 8.45497 0.16047
1543 2853 4.96965 8.45497 0.160466
1544 2853 4.96969 8.45497 0.160431
1545 2855 4.96768 8.45497 0.160446
1546 2856 4.96673 8.45497 0.160453
1547 2858 4.96759 8.45497 0.160447
1548 2858 4.9681 8.45497 0.160466
1549 2859 4.96698 8.45497 0.160477
1550 2860 4.96621 8.45497 0.160505
1551 2863 4.96343 8.45497 0.160487
1552 2866 4.96064 8.45497 0.160501
1553 2870 4.95676 8.45497 0.160505
1554 2873 4.95434 8.45497 0.160454
1555 2874 4.9549 8.45497 0.160475
1556 2876 4.95311 8.45497 0.160432
1557 2878 4.95215 8.45497 0.160476
1558 2878 4.95243 8.45497 0.160471
1559 2879 4.95152 8.45497 0.160476
1560 2881 4.9496 8.45497 0.16049
1561 2884 4.94694 8.45497 0.160475
1562 2886 4.94486 8.45497 0.160482
1563 2887 4.9443 8.45497 0.160492
1564 2888 4.94454 8.45497 0.16049
1565 2891 4.94205 8.45497 0.160433
1566 2892 4.94103 8.45497 0.160429
1567 2894 4.93891 8.45497 0.160436
1568 2897 4.93699 8.45497 0.160413
1569 2901 4.9334 8.45497 0.160411
1570 2901 4.93453 8.45497 0.16041
1571 2905 4.93141 8.45497 0.160429
1572 2906 4.93116 8.45497 0.160394
1573 2908 4.93001 8.45497 0.160398
1574 2909 4.93004 8.45497 0.160447
1575 2910 4.93014 8.45497 0.160411
1576 2913 4.92864 8.45497 0.160384
1577 2914 4.92808 8.45497 0.160401
1578 2915 4.92804 8.45497 0.160435
1579 2916 4.9276 8.45497 0.160455
1580 2916 4.92825 8.45497 0.160466
1581 2916 4.92827 8.45497 0.160492
1582 2918 4.92683 8.45497 0.160522
1583 2919 4.92625 8.45497 0.160559
1584 2920 4.92559 8.45497 0.160598
1585 2920 4.9259 8.45497 0.16063
1586 2921 4.92529 8.45497 0.160584
1587 2923 4.92544 8.45497 0.160624
1588 2926 4.92382 8.45497 0.160645
1589 2929 4.92387 8.45497 0.160708
1590 2930 4.9229 8.45497 0.160725
1591 2931 4.92337 8.45497 0.160704
1592 2931 4.92343 8.45497 0.160709
1593 2933 4.92221 8.45497 0.160722
1594 2935 4.92045 8.45497 0.160756
1595 2937 4.91895 8.45497 0.160734
1596 2938 4.91879 8.45497 0.160712
1597 2939 4.92009 8.45497 0.160802
1598 2940 4.91913 8.45497 0.160792
1599 2941 4.91814 8.45497 0.160794
1600 2943 4.9169 8.45497 0.160837
1601 2943 4.91874 8.45497 0.160874
1602 2946 4.91653 8.45497 0.160877
1603 2948 4.91535 8.45497 0.160832
1604 2951 4.91303 8.45497 0.160861
1605 2953 4.91183 8.45497 0.160862
1606 2955 4.91027 8.45497 0.160903
1607 2958 4.90777 8.45497 0.160872
1608 2959 4.90769 8.45497 0.160884
1609 2963 4.90537 8.45497 0.16091
1610 2965 4.90398 8.45497 0.160889
1611 2967 4.9027 8.45497 0.160903
1612 2970 4.90001 8.45497 0.160882
1613 2970 4.90025 8.45497 0.160837
1614 2970 4.90094 8.45497 0.160837
1615 2970 4.90186 8.45497 0.160837
1616 2972 4.90165 8.45497 0.160842
1617 2972 4.90182 8.45497 0.160868
1618 2972 4.90206 8.45497 0.160832
1619 2976 4.89968 8.45497 0.160787
1620 2978 4.89806 8.45497 0.160756
1621 2979 4.8974 8.45497 0.160755
1622 2980 4.89683 8.45497 0.160777
1623 2983 4.89412 8.45497 0.160767
1624 2983 4.89424 8.45497 0.160767
1625 2985 4.89311 8.45497 0.160759
1626 2985 4.89335 8.45497 0.160788
1627 2985 4.8934 8.45497 0.160787
1628 2986 4.89301 8.45497 0.160839
1629 2988 4.89123 8.45497 0.160809
1630 2988 4.8919 8.45497 0.160818
1631 2989 4.8913 8.45497 0.160819
1632 2990 4.89098 8.45497 0.160852
1633 2992 4.88927 8.45497 0.160812
1634 2995 4.88857 8.45497 0.160802
1635 2999 4.88527 8.45497 0.160777
1636 3000 4.88538 8.45497 0.160796
1637 3003 4.8836 8.45497 0.160786
1638 3005 4.88238 8.45497 0.160744
1639 3006 4.88167 8.45497 0.16075
1640 3008 4.88084 8.45497 0.160756
1641 3008 4.8809 8.45497 0.160736
1642 3008 4.88107 8.45497 0.160691
1643 3010 4.88001 8.45497 0.160646
1644 3010 4.88082 8.45497 0.160651
1645 3010 4.88128 8.45497 0.16067
1646 3010 4.88155 8.45497 0.160655
1647 3010 4.88165 8.45497 0.160665
1648 3010 4.88216 8.45497 0.160665
1649 3015 4.87852 8.45497 0.160647
1650 3016 4.87838 8.45497 0.160645
1651 3018 4.87654 8.45497 0.160625
1652 3018 4.87678 8.45497 0.160595
1653 3020 4.8774 8.45497 0.160584
1654 3021 4.87668 8.45497 0.160568
1655 3021 4.87696 8.45497 0.160609
1656 3023 4.8762 8.45497 0.160591
1657 3026 4.87398 8.45497 0.160573
1658 3028 4.87206 8.45497 0.160559
1659 3029 4.87229 8.45497 0.160514
1660 3030 4.87264 8.45497 0.160512
1661 3034 4.87041 8.45497 0.160528
1662 3036 4.86946 8.45497 0.16054
1663 3037 4.86884 8.45497 0.160531
1664 3038 4.86842 8.73982 0.160569
1665 3038 4.86859 8.73982 0.160497
1666 3040 4.86769 8.73982 0.160476
1667 3042 4.86768 8.73982 0.160449
1668 3043 4.86921 8.73982 0.160441
1669 3047 4.86729 8.73982 0.160438
1670 3048 4.86646 8.73982 0.160425
1671 3048 4.86674 8.73982 0.160429
1672 3050 4.86517 8.73982 0.160441
1673 3051 4.8642 8.73982 0.160443
1674 3051 4.86462 8.73982 0.160426
1675 3053 4.86309 8.73982 0.160443
1676 3055 4.86175 8.73982 0.160459
1677 3055 4.86254 8.73982 0.160476
1678 3057 4.86231 8.73982 0.160443
1679 3059 4.86045 8.73982 0.160422
1680 3060 4.85966 8.73982 0.160407
1681 3061 4.85897 8.73982 0.160396
1682 3063 4.85724 8.73982 0.160391
1683 3066 4.85451 8.73982 0.160381
1684 3067 4.85368 8.73982 0.160391
1685 3070 4.85171 8.73982 0.160376
1686 3071 4.85122 8.73982 0.160356
1687 3072 4.8507 8.73982 0.16038
1688 3072 4.85151 8.73982 0.160352
1689 3074 4.8504 8.73982 0.160313
1690 3076 4.85099 8.73982 0.160313
1691 3078 4.85006 8.73982 0.160292
1692 3079 4.84959 8.73982 0.160229
1693 3080 4.84907 8.73982 0.16019
1694 3081 4.84865 8.73982 0.160159
1695 3082 4.84779 8.73982 0.160188
1696 3082 4.8482 8.73982 0.160196
1697 3084 4.84794 8.73982 0.160227
1698 3085 4.84731 9.00562 0.160203
1699 3086 4.84678 9.00562 0.160245
1700 3088 4.84527 9.00562 0.160263
1701 3090 4.84371 9.00562 0.160256
1702 3093 4.84284 9.00562 0.160329
1703 3096 4.83988 9.00562 0.160314
1704 3099 4.83809 9.00562 0.160333
1705 3101 4.83742 9.00562 0.160319
1706 3103 4.83619 9.00562 0.160314
1707 3106 4.83366 9.00562 0.160304
1708 3106 4.8339 9.00562 0.160312
1709 3107 4.83371 9.00562 0.160343
1710 3107 4.83451 9.00562 0.160338
1711 3108 4.83381 9.00562 0.1603
1712 3109 4.83332 9.00562 0.160319
1713 3111 4.83159 9.00562 0.160326
1714 3112 4.83091 9.00562 0.160323
1715 3116 4.8278 9.00562 0.16029
1716 3120 4.82409 9.00562 0.160277
1717 3121 4.82355 9.00562 0.160237
1718 3123 4.82196 9.00562 0.160231
1719 3125 4.82129 9.00562 0.160236
1720 3127 4.8201 9.00562 0.160261
1721 3128 4.81956 9.00562 0.160253
1722 3130 4.81962 9.00562 0.160255
1723 3130 4.82045 9.00562 0.160206
1724 3130 4.82092 9.00562 0.160184
1725 3132 4.8193 9.00562 0.160224
1726 3136 4.81901 9.00562 0.160243
1727 3137 4.81829 9.00562 0.160245
1728 3139 4.81648 9.00562 0.160253
1729 3139 4.81648 9.00562 0.160253
1730 3140 4.81658 9.00562 0.160242
1731 3141 4.81565 9.00562 0.160248
1732 3142 4.81507 9.00562 0.160275
1733 3144 4.81356 9.00562 0.160277
1734 3144 4.81406 9.00562 0.160309
1735 3145 4.81355 9.00562 0.160325
1736 3145 4.81423 9.00562 0.160327
1737 3145 4.81446 9.00562 0.160325
1738 3146 4.81404 9.00562 0.160351
1739 3146 4.81527 9.00562 0.160349
1740 3148 4.81506 9.00562 0.160387
1741 3148 4.81602 9.00562 0.160355
1742 3150 4.81538 9.00562 0.160295
1743 3150 4.81548 9.00562 0.160281
1744 3151 4.81589 9.00562 0.160262
1745 3152 4.81536 9.00562 0.160242
1746 3157 4.8111 9.00562 0.160276
1747 3159 4.80943 9.00562 0.160268
1748 3159 4.80982 9.00562 0.16029
1749 3160 4.80959 9.00562 0.160262
1750 3162 4.80952 9.00562 0.160287
1751 3164 4.80762 9.00562 0.160284
1752 3164 4.80764 9.00562 0.160279
1753 3165 4.80704 9.00562 0.160277
1754 3166 4.80669 9.00562 0.160271
1755 3166 4.80681 9.00562 0.160266
1756 3168 4.80582 9.00562 0.160228
1757 3168 4.80622 9.00562 0.160235
1758 3168 4.80695 9.00562 0.160239
1759 3171 4.80476 9.00562 0.160271
1760 3172 4.80429 9.00562 0.160271
1761 3174 4.80304 9.00562 0.16026
1762 3174 4.8034 9.00562 0.160259
1763 3177 4.80171 9.00562 0.160261
1764 3177 4.80313 9.00562 0.160303
1765 3177 4.80371 9.00562 0.160284
1766 3179 4.80304 9.00562 0.160295
1767 3181 4.80174 9.00562 0.160292
1768 3182 4.80157 9.00562 0.160303
1769 3182 4.8019 9.00562 0.160293
1770 3183 4.80188 9.00562 0.160305
1771 3184 4.80129 9.00562 0.160304
1772 3186 4.80118 9.00562 0.160345
1773 3187 4.80154 9.00562 0.160373
1774 3189 4.80011 9.00562 0.160372
1775 3189 4.80108 9.00562 0.160369
1776 3190 4.80049 9.00562 0.160411
1777 3193 4.79981 9.00562 0.160436
1778 3193 4.80068 9.00562 0.16044
1779 3194 4.80018 9.00562 0.160429
1780 3196 4.79922 9.00562 0.160433
1781 3199 4.79703 9.00562 0.160438
1782 3200 4.79636 9.00562 0.160414
1783 3201 4.79695 9.00562 0.160389
1784 3201 4.79698 9.00562 0.160367
1785 3203 4.79613 9.00562 0.160396
1786 3208 4.79349 9.00562 0.16038
1787 3210 4.79316 9.00562 0.160389
1788 3210 4.79324 9.00562 0.16039
1789 3210 4.7936 9.00562 0.160386
1790 3210 4.79364 9.00562 0.160391
1791 3210 4.79382 9.00562 0.160395
1792 3210 4.79407 9.00562 0.160347
1793 3211 4.79427 9.00562 0.160338
1794 3211 4.79441 9.00562 0.160357
1795 3211 4.79467 9.00562 0.160317
1796 3215 4.79258 9.00562 0.160337
1797 3217 4.79123 9.00562 0.160325
1798 3217 4.79132 9.00562 0.160346
1799 3221 4.78876 9.00562 0.160348
1800 3223 4.78741 9.00562 0.160332
1801 3224 4.78666 9.00562 0.160333
1802 3226 4.78637 9.00562 0.160352
1803 3226 4.78716 9.00562 0.160334
1804 3227 4.78633 9.00562 0.160353
1805 3227 4.78637 9.00562 0.160362
1806 3228 4.78651 9.00562 0.160393
1807 3229 4.78598 9.00562 0.160377
1808 3231 4.78452 9.00562 0.160376
1809 3233 4.78288 9.00562 0.160408
1810 3234 4.78209 9.00562 0.160335
1811 3235 4.78143 9.00562 0.160353
1812 3237 4.78027 9.00562 0.160381
1813 3240 4.77798 9.00562 0.160368
1814 3242 4.77656 9.00562 0.160343
1815 3242 4.77704 9.00562 0.160335
1816 3244 4.7758 9.00562 0.160309
1817 3244 4.77602 9.00562 0.160325
1818 3247 4.77396 9.00562 0.160307
1819 3250 4.77205 9.00562 0.160273
1820 3252 4.77225 9.00562 0.160227
1821 3252 4.77377 9.00562 0.160251
1822 3253 4.77312 9.00562 0.160246
1823 3255 4.77226 9.00562 0.16028
1824 3257 4.7708 9.00562 0.160262
1825 3261 4.76848 9.00562 0.160247
1826 3262 4.76787 9.00562 0.160257
1827 3262 4.7685 9.00562 0.160274
1828 3264 4.7674 9.00562 0.160276
1829 3266 4.76576 9.00562 0.160284
1830 3267 4.76558 9.00562 0.160285
1831 3268 4.76636 9.00562 0.160312
1832 3269 4.76557 9.00562 0.160289
1833 3271 4.76434 9.00562 0.160282
1834 3273 4.76298 9.00562 0.160258
1835 3275 4.76163 9.00562 0.16023
1836 3275 4.76176 9.00562 0.160227
1837 3278 4.75935 9.00562 0.160253
1838 3278 4.76008 9.00562 0.160274
1839 3279 4.75962 9.00562 0.160293
1840 3280 4.75878 9.00562 0.160295
1841 3280 4.75917 9.00562 0.160281
1842 3283 4.75774 9.00562 0.160285
1843 3285 4.75639 9.00562 0.16031
1844 3286 4.75617 9.00562 0.160318
1845 3287 4.75555 9.00562 0.160333
1846 3288 4.75491 9.00562 0.160344
1847 3288 4.75504 9.00562 0.160329
1848 3289 4.75493 9.00562 0.160289
1849 3294 4.75229 9.00562 0.16034
1850 3296 4.75086 9.00562 0.160345
1851 3298 4.74919 9.00562 0.160365
1852 3299 4.74857 9.00562 0.160339
1853 3301 4.74699 9.00562 0.160309
1854 3301 4.74756 9.00562 0.160331
1855 3301 4.74817 9.00562 0.160317
1856 3301 4.74853 9.00562 0.160308
1857 3301 4.74858 9.00562 0.160304
1858 3302 4.74815 9.00562 0.160332
1859 3304 4.7472 9.00562 0.160301
1860 3304 4.74823 9.00562 0.160307
1861 3305 4.74787 9.00562 0.160328
1862 3306 4.74789 9.00562 0.160331
1863 3308 4.74615 9.00562 0.160332
1864 3308 4.74664 9.00562 0.160331
1865 3308 4.74729 9.00562 0.16034
1866 3311 4.74571 9.00562 0.16036
1867 3311 4.74591 9.00562 0.160328
1868 3312 4.74565 9.00562 0.160306
1869 3314 4.74513 9.00562 0.160312
1870 3315 4.74473 9.00562 0.160354
1871 3316 4.74456 9.00562 0.160343
1872 3316 4.74473 9.00562 0.160385
1873 3318 4.74397 9.00562 0.160395
1874 3319 4.74308 9.00562 0.160412
1875 3321 4.74146 9.00562 0.16041
1876 3324 4.73962 9.00562 0.160402
1877 3326 4.73841 9.00562 0.1604
1878 3327 4.73928 9.00562 0.160447
1879 3329 4.73807 9.00562 0.160444
1880 3332 4.7361 9.00562 0.160463
1881 3332 4.73628 9.00562 0.160479
1882 3333 4.73541 9.00562 0.160495
1883 3335 4.73396 9.00562 0.160534
1884 3337 4.73376 9.00562 0.160566
1885 3339 4.73295 9.00562 0.160572
1886 3339 4.73354 9.00562 0.160582
1887 3344 4.72975 9.00562 0.160602
1888 3346 4.72835 9.00562 0.160602
1889 3346 4.72864 9.00562 0.160577
1890 3346 4.72954 9.00562 0.160544
1891 3351 4.72654 9.00562 0.160553
1892 3352 4.72576 9.00562 0.160546
1893 3352 4.72676 9.00562 0.160581
1894 3354 4.72531 9.00562 0.160575
1895 3355 4.72437 9.00562 0.16058
1896 3356 4.72373 9.00562 0.160574
1897 3360 4.72188 9.00562 0.160538
1898 3360 4.72234 9.00562 0.160547
1899 3360 4.72234 9.00562 0.160547
1900 3361 4.72177 9.00562 0.160552
1901 3364 4.72 9.00562 0.160565
1902 3365 4.72079 9.00562 0.160545
1903 3365 4.72079 9.00562 0.160545
1904 3365 4.72134 9.00562 0.160539
1905 3366 4.72065 9.00562 0.160495
1906 3369 4.71888 9.00562 0.160495
1907 3371 4.71743 9.00562 0.160471
1908 3375 4.71496 9.00562 0.160522
1909 3375 4.71665 9.00562 0.160511
1910 3377 4.7156 9.00562 0.1605
1911 3377 4.71583 9.00562 0.160501
1912 3379 4.7156 9.00562 0.160518
1913 3383 4.71257 9.00562 0.160532
1914 3385 4.71135 9.00562 0.160516
1915 3388 4.7099 9.00562 0.16057
1916 3390 4.70838 9.00562 0.160503
1917 3390 4.70919 9.00562 0.160505
1918 3390 4.70965 9.00562 0.160515
1919 3391 4.70937 9.00562 0.160507
1920 3391 4.70984 9.00562 0.16047
1921 3392 4.70914 9.00562 0.160493
1922 3392 4.70929 9.00562 0.160489
1923 3394 4.70799 9.00562 0.16052
1924 3394 4.7084 9.00562 0.160527
1925 3395 4.70806 9.00562 0.160503
1926 3395 4.70848 9.00562 0.160505
1927 3396 4.70763 9.00562 0.160502
1928 3397 4.70778 9.00562 0.160524
1929 3397 4.70808 9.00562 0.16055
1930 3397 4.70825 9.00562 0.160579
1931 3399 4.70703 9.00562 0.160593
1932 3399 4.70703 9.00562 0.160593
1933 3399 4.70715 9.00562 0.160587
1934 3400 4.70715 9.00562 0.160611
1935 3401 4.70676 9.00562 0.16062
1936 3403 4.70628 9.00562 0.160626
1937 3403 4.70641 9.00562 0.160614
1938 3403 4.70726 9.00562 0.160619
1939 3404 4.70639 9.00562 0.160616
1940 3404 4.70684 9.00562 0.160629
1941 3404 4.7074 9.00562 0.160634
1942 3405 4.7077 9.00562 0.160624
1943 3405 4.70777 9.00562 0.160627
1944 3406 4.70765 9.00562 0.160599
1945 3407 4.7075 9.00562 0.16063
1946 3407 4.70749 9.00562 0.160617
1947 3407 4.70752 9.00562 0.160613
1948 3408 4.7068 9.00562 0.160609
1949 3410 4.70665 9.00562 0.160585
1950 3410 4.7081 9.00562 0.160602
1951 3411 4.70783 9.00562 0.16062
1952 3412 4.707 9.00562 0.160608
1953 3412 4.70749 9.00562 0.160576
1954 3412 4.70798 9.00562 0.160566
1955 3413 4.70709 9.00562 0.16057
1956 3413 4.70716 9.00562 0.160562
1957 3413 4.70717 9.00562 0.16054
1958 3416 4.70587 9.00562 0.160543
1959 3416 4.70588 9.00562 0.160535
1960 3418 4.70443 9.00562 0.160517
1961 3420 4.70366 9.00562 0.160516
1962 3421 4.70351 9.00562 0.160526
1963 3422 4.70284 9.00562 0.160522
1964 3422 4.70393 9.00562 0.160491
1965 3423 4.70324 9.00562 0.160517
1966 3423 4.7034 9.00562 0.160543
1967 3425 4.70227 9.00562 0.16056
1968 3426 4.70214 9.00562 0.160569
1969 3426 4.7032 9.00562 0.160541
1970 3426 4.70351 9.00562 0.160562
1971 3426 4.70361 9.00562 0.160555
1972 3427 4.70304 9.00562 0.160569
1973 3430 4.7011 9.00562 0.160591
1974 3431 4.70081 9.00562 0.160603
1975 3433 4.69979 9.00562 0.160581
1976 3434 4.69897 9.00562 0.160583
1977 3434 4.69934 9.00562 0.160578
1978 3435 4.69881 9.00562 0.160578
1979 3437 4.69783 9.00562 0.160569
1980 3438 4.69705 9.00562 0.160563
1981 3439 4.69682 9.00562 0.160543
1982 3441 4.69568 9.00562 0.16059
1983 3441 4.69592 9.00562 0.1606
1984 3441 4.69697 9.00562 0.160573
1985 3441 4.69735 9.00562 0.160595
1986 3441 4.69764 9.00562 0.160577
1987 3442 4.69755 9.00562 0.160566
1988 3442 4.69759 9.00562 0.160562
1989 3443 4.69733 9.00562 0.160604
1990 3444 4.69737 9.00562 0.160617
1991 3444 4.69798 9.00562 0.16061
1992 3444 4.69797 9.00562 0.160603
1993 3444 4.69819 9.00562 0.160606
1994 3444 4.69841 9.00562 0.160623
1995 3444 4.69874 9.00562 0.160618
1996 3444 4.69891 9.00562 0.160651
1997 3446 4.69836 9.00562 0.160645
1998 3447 4.69785 9.00562 0.160656
1999 3448 4.6977 9.00562 0.160656
2000 3451 4.69594 9.00562 0.160663
2001 3454 4.69428 9.00562 0.160643
2002 3454 4.69465 9.00562 0.160615
2003 3454 4.69514 9.00562 0.160641
2004 3454 4.69528 9.00562 0.16066
2005 3454 4.69532 9.00562 0.160654
2006 3454 4.69589 9.00562 0.160657
2007 3454 4.69599 9.00562 0.160688
2008 3455 4.69529 9.00562 0.160666
2009 3457 4.69417 9.00562 0.160725
2010 3457 4.69421 9.00562 0.160732
2011 3457 4.69478 9.00562 0.160729
2012 3458 4.69421 9.00562 0.160758
2013 3460 4.69289 9.00562 0.160776
2014 3463 4.69211 9.00562 0.160821
2015 3463 4.69225 9.00562 0.160821
2016 3466 4.69035 9.00562 0.160818
2017 3467 4.68972 9.00562 0.160792
2018 3467 4.68985 9.00562 0.160756
2019 3468 4.68945 9.00562 0.160733
2020 3468 4.69 9.00562 0.160707
2021 3469 4.68955 9.00562 0.160686
2022 3471 4.68916 9.00562 0.160686
2023 3472 4.68885 9.00562 0.160701
2024 3472 4.68893 9.00562 0.160694
2025 3472 4.68963 9.00562 0.16071
2026 3472 4.68966 9.00562 0.160706
2027 3472 4.69011 9.00562 0.160699
2028 3475 4.68896 9.00562 0.160713
2029 3476 4.68846 9.00562 0.160663
2030 3479 4.68731 9.00562 0.160719
2031 3480 4.68676 9.00562 0.160731
2032 3481 4.68638 9.00562 0.160779
2033 3481 4.68648 9.00562 0.160776
2034 3483 4.68554 9.00562 0.160785
2035 3484 4.68491 9.00562 0.160786
2036 3484 4.68567 9.00562 0.160835
2037 3484 4.68627 9.00562 0.160841
2038 3488 4.68342 9.00562 0.160797
2039 3489 4.68356 9.00562 0.160778
2040 3489 4.68375 9.00562 0.160766
2041 3492 4.68166 9.00562 0.160743
2042 3493 4.68113 9.00562 0.160741
2043 3493 4.68147 9.00562 0.160743
2044 3493 4.6824 9.00562 0.160761
2045 3493 4.68261 9.00562 0.160775
2046 3495 4.68155 9.00562 0.160792
2047 3496 4.68213 9.00562 0.16082
2048 3500 4.67999 9.00562 0.160795
2049 3500 4.68046 9.00562 0.16078
2050 3502 4.68092 9.00562 0.160783
2051 3504 4.6798 9.00562 0.160807
2052 3506 4.67834 9.00562 0.160812
2053 3507 4.67769 9.00562 0.160808
2054 3509 4.67613 9.00562 0.160817
2055 3511 4.67484 9.00562 0.160794
2056 3511 4.67586 9.00562 0.160818
2057 3512 4.67545 9.00562 0.160834
2058 3513 4.67473 9.00562 0.16084
2059 3514 4.67409 9.00562 0.160842
2060 3516 4.67281 9.00562 0.16079
2061 3516 4.67322 9.00562 0.160733
2062 3517 4.67274 9.00562 0.160699
2063 3519 4.67291 9.00562 0.160691
2064 3519 4.67291 9.00562 0.160691
2065 3519 4.67336 9.00562 0.160696
2066 3520 4.6738 9.00562 0.160711
2067 3521 4.67304 9.00562 0.160706
2068 3522 4.67282 9.00562 0.160675
2069 3522 4.67306 9.00562 0.160666
2070 3525 4.67261 9.00562 0.160664
2071 3525 4.67291 9.00562 0.160652
2072 3528 4.67121 9.00562 0.160633
2073 3530 4.67112 9.00562 0.160629
2074 3531 4.67029 9.00562 0.160661
2075 3532 4.67012 9.00562 0.160672
2076 3534 4.66979 9.00562 0.160655
2077 3534 4.67009 9.00562 0.160669
2078 3535 4.6711 9.00562 0.160679
2079 3535 4.6711 9.00562 0.160679
2080 3537 4.66964 9.00562 0.160691
2081 3540 4.66826 9.00562 0.160717
2082 3541 4.66878 9.00562 0.160722
2083 3542 4.66863 9.00562 0.160737
2084 3544 4.66742 9.00562 0.160784
2085 3545 4.66736 9.00562 0.160794
2086 3546 4.66735 9.00562 0.160812
2087 3548 4.6667 9.00562 0.160858
2088 3549 4.66634 9.00562 0.160865
2089 3550 4.66605 9.00562 0.160844
2090 3553 4.66391 9.00562 0.160835
2091 3554 4.66331 9.00562 0.160857
2092 3554 4.6634 9.00562 0.160838
2093 3554 4.66365 9.00562 0.16086
2094 3557 4.66205 9.00562 0.160888
2095 3564 4.65782 9.00562 0.160868
2096 3564 4.65787 9.00562 0.160874
2097 3567 4.65591 9.00562 0.160865
2098 3568 4.65571 9.00562 0.160867
2099 3568 4.65596 9.00562 0.16082
2100 3568 4.65616 9.00562 0.160812
2101 3569 4.6564 9.00562 0.160812
2102 3569 4.65703 9.00562 0.160805
2103 3570 4.65703 9.00562 0.160796
2104 3571 4.65632 9.00562 0.160802
2105 3573 4.65515 9.00562 0.160799
2106 3575 4.65416 9.00562 0.160795
2107 3577 4.65386 9.00562 0.160816
2108 3577 4.65391 9.00562 0.160812
2109 3579 4.65339 9.00562 0.160901
2110 3580 4.65292 9.00562 0.160866
2111 3580 4.65373 9.00562 0.160901
2112 3582 4.65271 9.00562 0.16092
2113 3583 4.65239 9.00562 0.160963
2114 3584 4.65193 9.00562 0.16098
2115 3586 4.65097 9.00562 0.160971
2116 3588 4.64954 9.00562 0.160962
2117 3588 4.64963 9.00562 0.160942
2118 3589 4.64909 9.00562 0.160943
2119 3590 4.64897 9.00562 0.160904
2120 3592 4.64791 9.00562 0.160913
2121 3593 4.64725 9.00562 0.160941
2122 3594 4.64685 9.00562 0.160937
2123 3597 4.645 9.00562 0.160972
2124 3598 4.64587 9.00562 0.160976
2125 3601 4.64395 9.00562 0.160984
2126 3603 4.64258 9.00562 0.160956
2127 3604 4.64258 9.00562 0.160964
2128 3605 4.64187 9.00562 0.160965
2129 3605 4.64215 9.00562 0.160984
2130 3606 4.64199 9.00562 0.160989
2131 3607 4.64205 9.00562 0.160945
2132 3607 4.64223 9.00562 0.160915
2133 3607 4.64227 9.00562 0.160911
2134 3608 4.64172 9.00562 0.160923
2135 3609 4.64131 9.00562 0.160911
2136 3609 4.64141 9.00562 0.160902
2137 3610 4.64122 9.00562 0.1609
2138 3611 4.6409 9.00562 0.16092
2139 3612 4.64109 9.00562 0.160932
2140 3614 4.64031 9.00562 0.16093
2141 3614 4.64049 9.00562 0.1609
2142 3617 4.63865 9.00562 0.160871
2143 3619 4.63771 9.00562 0.160886
2144 3620 4.63721 9.00562 0.16086
2145 3621 4.6366 9.00562 0.160862
2146 3624 4.63512 9.00562 0.16086
2147 3624 4.63524 9.00562 0.160856
2148 3624 4.63549 9.00562 0.160865
2149 3625 4.63515 9.00562 0.160873
2150 3629 4.63328 9.00562 0.160925
2151 3629 4.63409 9.00562 0.160918
2152 3629 4.6342 9.00562 0.160902
2153 3630 4.63389 9.00562 0.160925
2154 3630 4.6349 9.00562 0.160929
2155 3632 4.6343 9.00562 0.160969
2156 3633 4.6338 9.00562 0.160949
2157 3634 4.63398 9.00562 0.160947
2158 3635 4.6334 9.00562 0.160919
2159 3635 4.63351 9.00562 0.160921
2160 3635 4.6345 9.00562 0.160919
2161 3636 4.63366 9.00562 0.160913
2162 3637 4.6333 9.00562 0.160907
2163 3637 4.63361 9.00562 0.160892
2164 3638 4.63323 9.00562 0.160895
2165 3640 4.63282 9.00562 0.160897
2166 3640 4.6333 9.00562 0.160896
2167 3642 4.63233 9.00562 0.160859
2168 3642 4.63237 9.00562 0.160871
2169 3643 4.63195 9.00562 0.160861
2170 3643 4.63258 9.00562 0.160851
2171 3645 4.63144 9.00562 0.160869
2172 3645 4.63174 9.00562 0.160861
2173 3647 4.63125 9.00562 0.160872
2174 3648 4.63124 9.00562 0.160876
2175 3648 4.63136 9.00562 0.160893
2176 3649 4.63111 9.00562 0.160868
2177 3649 4.6324 9.00562 0.160872
2178 3650 4.6316 9.00562 0.160881
2179 3652 4.63017 9.00562 0.160891
2180 3652 4.63065 9.00562 0.160917
2181 3654 4.62962 9.00562 0.160906
2182 3654 4.62995 9.00562 0.160907
2183 3655 4.62987 9.00562 0.160901
2184 3658 4.6279 9.00562 0.160901
2185 3658 4.62803 9.00562 0.160922
2186 3659 4.62746 9.00562 0.160936
2187 3661 4.6262 9.00562 0.160938
2188 3661 4.62634 9.00562 0.160917
2189 3663 4.62591 9.00562 0.16095
2190 3664 4.62541 9.00562 0.160988
2191 3665 4.62491 9.00562 0.161002
2192 3666 4.62449 9.00562 0.160999
2193 3666 4.62449 9.00562 0.160993
2194 3667 4.62464 9.00562 0.160998
2195 3667 4.62486 9.00562 0.161026
2196 3668 4.62469 9.00562 0.160993
2197 3669 4.62444 9.00562 0.160983
2198 3669 4.62463 9.00562 0.16102
2199 3670 4.62403 9.00562 0.161015
2200 3672 4.62357 9.00562 0.161058
2201 3673 4.62326 9.00562 0.161088
2202 3673 4.6233 9.00562 0.161103
2203 3673 4.62348 9.00562 0.161074
2204 3675 4.62284 9.00562 0.161071
2205 3676 4.62306 9.00562 0.161064
2206 3678 4.62172 9.00562 0.161056
2207 3678 4.62187 9.00562 0.161045
2208 3679 4.62165 9.00562 0.161053
2209 3681 4.62042 9.00562 0.161071
2210 3681 4.62087 9.00562 0.161083
2211 3681 4.62135 9.00562 0.161089
2212 3682 4.62108 9.00562 0.161096
2213 3683 4.62058 9.00562 0.161103
2214 3686 4.61869 9.00562 0.161102
2215 3689 4.61692 9.00562 0.161114
2216 3689 4.61714 9.00562 0.16109
2217 3690 4.61694 9.00562 0.161051
2218 3690 4.6177 9.00562 0.161082
2219 3694 4.61548 9.00562 0.161091
2220 3695 4.61462 9.00562 0.161086
2221 3697 4.61384 9.00562 0.161072
2222 3698 4.61444 9.00562 0.161035
2223 3698 4.61444 9.00562 0.161035
2224 3699 4.61378 9.00562 0.161038
2225 3702 4.61166 9.00562 0.161047
2226 3704 4.61089 9.00562 0.161054
2227 3705 4.61045 9.00562 0.161066
2228 3705 4.61058 9.00562 0.161042
2229 3706 4.61003 9.00562 0.161069
2230 3707 4.60977 9.00562 0.161107
2231 3710 4.60839 9.00562 0.161123
2232 3711 4.60797 9.00562 0.161114
2233 3713 4.60673 9.00562 0.161125
2234 3713 4.60677 9.00562 0.161108
2235 3713 4.60717 9.00562 0.161097
2236 3714 4.6069 9.00562 0.161098
2237 3717 4.60618 9.00562 0.161138
2238 3719 4.60539 9.00562 0.161133
2239 3720 4.6049 9.00562 0.161135
2240 3722 4.60411 9.00562 0.16114
2241 3722 4.60451 9.00562 0.161123
2242 3723 4.60422 9.00562 0.161109
2243 3723 4.60462 9.00562 0.161148
2244 3725 4.60333 9.00562 0.161149
2245 3725 4.60333 9.00562 0.161149
2246 3726 4.60335 9.00562 0.161156
2247 3726 4.60401 9.00562 0.161172
2248 3727 4.60342 9.00562 0.161167
2249 3728 4.60338 9.00562 0.161142
2250 3728 4.60365 9.00562 0.161137
2251 3728 4.60506 9.00562 0.161117
2252 3729 4.60471 9.00562 0.161117
2253 3730 4.60442 9.00562 0.161148
2254 3732 4.60379 9.00562 0.161124
2255 3732 4.60458 9.00562 0.16115
2256 3734 4.60341 9.00562 0.161121
2257 3734 4.60381 9.00562 0.161127
2258 3736 4.6029 9.00562 0.161123
2259 3738 4.60193 9.00562 0.161113
2260 3739 4.60146 9.00562 0.161097
2261 3741 4.60018 9.00562 0.161086
2262 3743 4.59978 9.00562 0.161101
2263 3743 4.60021 9.00562 0.161098
2264 3744 4.59965 9.00562 0.161123
2265 3746 4.59892 9.00562 0.161109
2266 3746 4.59892 9.00562 0.161109
2267 3747 4.59876 9.00562 0.161116
2268 3747 4.59975 9.00562 0.161102
2269 3748 4.59948 9.00562 0.161069
2270 3748 4.59951 9.00562 0.161059
2271 3749 4.59896 9.00562 0.161076
2272 3749 4.5991 9.00562 0.161088
2273 3750 4.59911 9.00562 0.161085
2274 3751 4.59898 9.00562 0.161113
2275 3751 4.59911 9.00562 0.161118
2276 3751 4.59915 9.00562 0.161145
2277 3751 4.59936 9.00562 0.161106
2278 3751 4.59939 9.00562 0.161075
2279 3752 4.5988 9.00562 0.161059
2280 3752 4.59901 9.00562 0.161044
2281 3755 4.59695 9.00562 0.161016
2282 3757 4.59627 9.00562 0.161088
2283 3758 4.59598 9.00562 0.161155
2284 3759 4.59536 9.00562 0.161157
2285 3759 4.59539 9.00562 0.161149
2286 3759 4.59677 9.00562 0.161166
2287 3760 4.59636 9.00562 0.161157
2288 3761 4.59601 9.00562 0.161146
2289 3761 4.59621 9.00562 0.161163
2290 3764 4.59468 9.00562 0.161195
2291 3765 4.59401 9.00562 0.16119
2292 3767 4.59346 9.00562 0.161184
2293 3767 4.59389 9.00562 0.16119
2294 3767 4.59409 9.00562 0.161194
2295 3769 4.59321 9.00562 0.16119
2296 3769 4.59442 9.00562 0.161182
2297 3772 4.59275 9.00562 0.161184
2298 3775 4.59122 9.00562 0.161205
2299 3775 4.59137 9.00562 0.161202
2300 3775 4.59158 9.00562 0.161198
2301 3777 4.5916 9.00562 0.161199
2302 3777 4.59172 9.00562 0.161186
2303 3778 4.59161 9.00562 0.161218
2304 3779 4.59104 9.00562 0.161224
2305 3779 4.59108 9.00562 0.161204
2306 3779 4.59122 9.00562 0.161209
2307 3779 4.59138 9.00562 0.161216
2308 3780 4.59145 9.00562 0.161255
2309 3782 4.59068 9.00562 0.161212
2310 3783 4.59033 9.00562 0.161175
2311 3783 4.59053 9.00562 0.161181
2312 3783 4.59081 9.00562 0.161188
2313 3783 4.59115 9.00562 0.161166
2314 3783 4.59124 9.00562 0.161185
2315 3783 4.59149 9.00562 0.161183
2316 3784 4.59119 9.00562 0.161192
2317 3785 4.59094 9.00562 0.161227
2318 3786 4.59027 9.00562 0.161228
2319 3788 4.58951 9.00562 0.161265
2320 3788 4.58979 9.00562 0.161224
2321 3788 4.59023 9.00562 0.161236
2322 3789 4.58973 9.00562 0.161225
2323 3792 4.58902 9.00562 0.161231
2324 3793 4.58834 9.00562 0.161263
2325 3793 4.58853 9.00562 0.161265
2326 3793 4.58862 9.00562 0.161263
2327 3796 4.58686 9.00562 0.161278
2328 3797 4.58615 9.00562 0.161282
2329 3797 4.5862 9.00562 0.161266
2330 3797 4.5872 9.00562 0.161224
2331 3797 4.58827 9.00562 0.161222
2332 3799 4.5877 9.00562 0.161288
2333 3799 4.5881 9.00562 0.16129
2334 3801 4.58714 9.00562 0.161332
2335 3804 4.58466 9.00562 0.161361
2336 3806 4.58447 9.00562 0.161373
2337 3807 4.58397 9.00562 0.161366
2338 3812 4.5807 9.00562 0.161357
2339 3812 4.58092 9.00562 0.16137
2340 3813 4.58065 9.00562 0.161326
2341 3813 4.58106 9.00562 0.161308
2342 3813 4.58106 9.00562 0.161308
2343 3816 4.57958 9.00562 0.161281
2344 3817 4.57926 9.00562 0.161239
2345 3818 4.57888 9.00562 0.161233
2346 3818 4.57926 9.00562 0.161205
2347 3818 4.57949 9.00562 0.161209
2348 3818 4.57962 9.00562 0.161207
2349 3818 4.5805 9.00562 0.161226
2350 3819 4.58105 9.00562 0.161198
2351 3820 4.58081 9.00562 0.16118
2352 3820 4.58081 9.00562 0.16118
2353 3823 4.57952 9.00562 0.16119
2354 3823 4.58056 9.00562 0.161199
2355 3823 4.58073 9.00562 0.161227
2356 3823 4.58106 9.00562 0.161238
2357 3823 4.58213 9.00562 0.16124
2358 3823 4.58247 9.00562 0.161248
2359 3824 4.58199 9.00562 0.161245
2360 3824 4.58209 9.00562 0.161224
2361 3825 4.58196 9.00562 0.161259
2362 3825 4.58203 9.00562 0.161233
2363 3825 4.58203 9.00562 0.161222
2364 3827 4.58107 9.00562 0.161193
2365 3828 4.58071 9.00562 0.161189
2366 3829 4.58039 9.00562 0.161167
2367 3829 4.58086 9.00562 0.161171
2368 3829 4.58089 9.00562 0.161166
2369 3829 4.58095 9.00562 0.161149
2370 3830 4.58091 9.00562 0.161153
2371 3831 4.58036 9.00562 0.161148
2372 3831 4.58041 9.00562 0.16114
2373 3832 4.57994 9.00562 0.161135
2374 3832 4.58033 9.00562 0.161116
2375 3832 4.58041 9.00562 0.161116
2376 3833 4.58013 9.00562 0.16111
2377 3835 4.57913 9.00562 0.161115
2378 3835 4.57953 9.00562 0.161105
2379 3835 4.57968 9.00562 0.161095
2380 3836 4.57942 9.00562 0.1611
2381 3837 4.57902 9.00562 0.161087
2382 3842 4.57609 9.00562 0.16109
2383 3843 4.57561 9.00562 0.161102
2384 3844 4.57505 9.00562 0.161095
2385 3844 4.57526 9.00562 0.16109
2386 3844 4.5755 9.00562 0.161087
2387 3846 4.57456 9.00562 0.161097
2388 3846 4.57459 9.00562 0.161064
2389 3846 4.57459 9.00562 0.161057
2390 3848 4.57357 9.00562 0.161111
2391 3848 4.57372 9.00562 0.161076
2392 3848 4.57378 9.00562 0.161075
2393 3848 4.57397 9.00562 0.161065
2394 3848 4.57492 9.00562 0.161039
2395 3848 4.57526 9.00562 0.161038
2396 3850 4.57455 9.00562 0.161039
2397 3850 4.57488 9.00562 0.161073
2398 3851 4.57468 9.00562 0.161047
2399 3852 4.57429 9.00562 0.161065
2400 3852 4.57475 9.00562 0.161061
2401 3853 4.57438 9.00562 0.161049
2402 3854 4.57409 9.00562 0.16105
2403 3854 4.57427 9.00562 0.161069
2404 3854 4.57469 9.00562 0.161047
2405 3856 4.5734 9.00562 0.161045
2406 3856 4.57345 9.00562 0.161046
2407 3857 4.57289 9.00562 0.161043
2408 3858 4.5724 9.00562 0.161067
2409 3859 4.57304 9.00562 0.161097
2410 3859 4.57339 9.00562 0.161117
2411 3861 4.57251 9.00562 0.161126
2412 3862 4.57201 9.00562 0.161107
2413 3863 4.57216 9.00562 0.161108
2414 3863 4.57242 9.00562 0.161092
2415 3865 4.57176 9.00562 0.161084
2416 3866 4.57163 9.00562 0.161076
2417 3866 4.5722 9.00562 0.161066
2418 3867 4.57182 9.00562 0.161047
2419 3869 4.57091 9.00562 0.161074
2420 3869 4.57142 9.00562 0.161067
2421 3871 4.57009 9.00562 0.161058
2422 3871 4.57029 9.00562 0.161064
2423 3871 4.57064 9.00562 0.161044
2424 3872 4.57024 9.00562 0.161055
2425 3872 4.57044 9.00562 0.161065
2426 3872 4.571 9.00562 0.161041
2427 3872 4.5712 9.00562 0.161005
2428 3876 4.56946 9.00562 0.160987
2429 3878 4.56852 9.00562 0.160979
2430 3879 4.56805 9.00562 0.160947
2431 3882 4.56657 9.00562 0.160952
2432 3885 4.56502 9.00562 0.160968
2433 3885 4.5657 9.00562 0.160985
2434 3886 4.56589 9.00562 0.160966
2435 3886 4.56606 9.00562 0.160964
2436 3887 4.5658 9.00562 0.160972
2437 3891 4.56322 9.00562 0.160961
2438 3891 4.56331 9.00562 0.160962
2439 3891 4.56342 9.00562 0.160958
2440 3892 4.56289 9.00562 0.160966
2441 3892 4.56289 9.00562 0.160966
2442 3893 4.56253 9.00562 0.160953
2443 3894 4.56232 9.00562 0.160944
2444 3895 4.56189 9.00562 0.160956
2445 3897 4.56093 9.00562 0.16096
2446 3897 4.56097 9.00562 0.160962
2447 3897 4.56097 9.00562 0.160962
2448 3898 4.56083 9.00562 0.160943
2449 3898 4.56119 9.00562 0.160944
2450 3900 4.55997 9.00562 0.160903
2451 3901 4.55961 9.00562 0.160897
2452 3901 4.55961 9.00562 0.160897
2453 3901 4.56046 9.00562 0.160866
2454 3901 4.56053 9.00562 0.160858
2455 3902 4.56062 9.00562 0.160826
2456 3902 4.56092 9.00562 0.160852
