2054    0 0.6 0.2 0.4 0 0.8  4.30312 0.925 0.225 0.475 0.575 0.9 0.9 0.8 0.375 0.375 0.775 0.45 0.5 0.125 0.6 0 0.425 0.375 0.375 0.275 0.3 0.225 0.075 0.175 0.95 
2062    0 0.6 0.2 0.4 0.4 0.4  5.21569 0.925 0.225 0.475 0.575 0.525 0.9 0.8 0.375 0.8 1 0.45 0.45 0.125 0.6 0 0.425 0.375 0.375 0.275 0.3 0.225 0.075 0.55 0.95 
2066    0 0.6 0.2 0.4 0.6 0.2  4.83174 0.925 0.25 0.475 0.7 0.875 0.775 0.8 0.75 0.8 0.6 0.45 0.5 0.475 0.025 0 0.425 0.375 0.425 0.275 0.3 0.225 0.075 0.55 0.25 
2079    0 0.6 0.2 0.6 0 0.8  5.42856 0.925 0.475 0.4 0.35 0.5 0.775 0.8 0.75 0.975 0.175 0.225 0.5 0.125 0.6 0 0.425 0.375 0.975 0.275 0.3 0.975 0.075 0.55 0.25 
2083    0 0.6 0.2 0.6 0.2 0.6  4.52568 0.925 0.25 0.475 0.575 0.875 0.775 0.8 0.75 0.975 0.6 0.45 0.5 0.475 0.025 0 0.425 0.375 0.425 0.275 0.3 0.225 0.075 0.55 0.25 
2084    0 0.6 0.2 0.6 0.2 0.8  5.10152 0.9 0.15 0.65 0.625 0.95 0.025 0.375 0.975 0.575 0.625 0.225 0.9 0.225 0.4 0.425 0.15 1 0.1 0.75 0.825 0.8 0.1 0.475 0.2 
2095    0 0.6 0.2 0.6 0.8 0  5.4315 0.925 0.25 0.475 0.7 0.05 0.775 0.8 0.75 0.975 0.6 0.45 0.5 0.625 0.025 0 0.425 0.85 0.425 0.275 0.475 0.225 0.075 0.55 0.25 
2108    0 0.6 0.2 0.8 0.2 0.6  5.52851 0.9 0.15 0.65 0.45 0.95 0.025 0.375 0.175 0.625 0.625 0.075 1 0.25 0.4 0.425 0.775 1 0.1 0.75 0.825 0.8 0.1 0.475 0.2 
2154    0 0.6 0.4 0.2 0 0.8  3.05456 0.925 0.225 0.475 0.575 0.5 0.775 0.8 0.75 0.025 0.775 0.45 0.5 0.55 0.6 0 0.425 0.375 0.375 0.275 0.3 0.225 0.925 0.55 0.95 
2179    0 0.6 0.4 0.4 0 0.8  5.41436 0.925 0.25 0.475 0.7 0.05 0.775 0.8 0.75 0.975 0.6 0.975 0.5 0.625 0.025 0 0.425 0.2 0.425 0.275 0.475 0.225 0.075 0.55 0.25 
2183    0 0.6 0.4 0.4 0.2 0.6  5.56419 0.925 0.25 0.475 0.7 0.05 0.775 0.8 0.75 0.975 0.6 0.45 0.5 0.625 0.025 0 0.425 0.2 0.425 0.275 0.475 0.225 0.075 0.55 0.25 
2184    0 0.6 0.4 0.4 0.2 0.8  4.93084 0.925 0.25 0.475 0.7 0.05 0.775 0.95 0.75 0.975 0.8 0.5 0.5 0.1 0.025 0 0.425 0.2 0.425 0.275 0.3 0.225 0.075 0.55 0.25 
2187    0 0.6 0.4 0.4 0.4 0.4  4.50007 0.925 0.225 0.475 0.575 0.5 0.775 0.8 0.75 0.975 0.775 0.45 0.425 0.125 0.6 0 0.425 0.225 0.375 0.275 0.225 0.225 0.15 0.55 0.95 
2188    0 0.6 0.4 0.4 0.4 0.6  4.62695 0.925 0.225 0.475 0.575 0.5 0.9 0.8 0.375 0.8 0.775 0.45 0.15 0.125 0.6 0 0.425 0.375 0.375 0.275 0.3 0.225 0.075 0.55 0.95 
2192    0 0.6 0.4 0.4 0.6 0.4  4.84336 0.925 0.25 0.475 0.7 0.875 0.775 0.8 0.75 0.975 0.6 0.45 0.5 0.475 0.025 0 0.425 0.375 0.425 0.275 0.3 0.225 0.075 0.55 0.25 
2195    0 0.6 0.4 0.4 0.8 0  5.00941 0.925 0.25 0.4 0.7 0.5 0.775 0.8 0.75 0.975 0.6 0.45 0.5 0.475 0.025 0 0.425 0.375 0.425 0.275 0.3 0.225 0.075 0.55 0.25 
2204    0 0.6 0.4 0.6 0 0.8  4.40862 0.925 0.25 0.05 0.7 0.5 0.775 0.8 0.75 0.975 0.6 0.475 0.5 0.625 0.025 0 0.425 0.375 0.425 0.275 0.3 0.225 0.075 0.55 0.35 
2209    0 0.6 0.4 0.6 0.2 0.8  4.41554 0.925 0.25 0.05 0.7 0.5 0.775 0.8 0.675 0.975 0.6 0.475 0.5 0.625 0.025 0 0.425 0.375 0.425 0.275 0.3 0.225 0.975 0.55 0.25 
2216    0 0.6 0.4 0.6 0.6 0.2  4.82977 0.925 0.25 0.05 0.7 0.5 0.775 0.8 0.75 0.975 0.6 0.475 0.5 0.625 0.025 0 0.425 0.375 0.425 0.275 0.3 0.225 0.075 0.55 0.275 
2220    0 0.6 0.4 0.6 0.8 0  4.46278 0.925 0.25 0.05 0.7 0.5 0.775 0.8 0.75 0.975 0.6 0.475 0.5 0.625 0.025 0 0.425 0.375 0.425 0.275 0.3 0.225 0.025 0.55 0.25 
2679    0 0.8 0.2 0.4 0 0.8  4.4875 0.925 0.225 0.475 0.575 0.9 0.9 0.8 0.375 0.375 0.775 0.45 0.5 0.125 0.6 0 0.425 0.375 0.375 0.275 0.3 0.225 0.075 0.425 0.95 
2684    0 0.8 0.2 0.4 0.2 0.8  4.30449 0.925 0.475 0.125 0.025 0.85 0.775 0.825 0.75 0.975 0.45 0.45 0.5 0.125 0.775 0 0.425 0.375 0.425 0.275 0.3 0.225 0.075 0.55 0.25 
2704    0 0.8 0.2 0.6 0 0.8  3.31167 0.925 0.225 0.475 0.575 0.7 0.9 0.8 0.1 0.4 0.775 0.075 0.35 0.125 0.4 0 0.425 0.375 0.375 0.275 0.3 0.475 0.075 0.55 0.95 
2708    0 0.8 0.2 0.6 0.2 0.6  4.96324 0.925 0.475 0.95 0.025 0.85 0.775 0.825 0.75 0.975 0.6 0.45 0.5 0.125 0.375 0 0.425 0.375 0.425 0.275 0.3 0.225 0.075 0.55 0.25 
2709    0 0.8 0.2 0.6 0.2 0.8  4.28724 0.925 0.075 0.475 0.025 0.5 0.775 0.8 0.75 0.975 0.525 0.45 0.5 0.125 0.6 0 0.425 0.375 0.425 0.275 0.3 0.225 0.075 0.55 0.15 
2712    0 0.8 0.2 0.6 0.4 0.4  4.889 0.925 0.225 0.375 0.575 0.5 0.9 0.8 0.375 0.375 0.775 0.45 0.5 0.525 0.6 0 0.425 0.375 0.375 0.275 0.3 0.225 0.075 0.55 0.1 
2713    0 0.8 0.2 0.6 0.4 0.6  4.08872 0.925 0.225 0.475 0.575 0.85 0.9 0.8 0.9 0.975 1 0.6 0.35 0.625 0.6 0 0.425 0.375 1 0.275 0.3 0.225 0.075 0.55 0.95 
2729    0 0.8 0.2 0.8 0 0.8  4.20205 0.925 0.9 0.475 0.575 0.5 0.775 0.8 0.75 0.975 0.6 0.45 0.5 0.125 0.6 0 0.925 0.375 0.225 0.275 0.3 0.225 0.075 0.55 0.25 
2804    0 0.8 0.4 0.4 0 0.8  5.40098 0.925 0.25 0.475 0.7 0.5 0.775 0.8 0.75 0.975 0.6 0.45 0.5 0.625 0.025 0 0.425 0.375 0.425 0.275 0.3 0.225 0.075 0.55 0.25 
2808    0 0.8 0.4 0.4 0.2 0.6  5.45973 0.925 0.25 0.55 0.7 0.05 0.775 0.8 0.75 0.975 0.6 0.45 0.5 0.275 0.025 0 0.425 0.2 0.425 0.275 0.3 0.225 0.075 0.55 0.25 
2809    0 0.8 0.4 0.4 0.2 0.8  5.27754 0.925 0.25 0.475 0.7 0.05 0.775 0.95 0.75 0.05 0.8 0.5 0.5 0.1 0.025 0 0.425 0.2 0.425 0.275 0.3 0.225 0.075 0.55 0.25 
2811    0 0.8 0.4 0.4 0.4 0.2  5.50232 0.925 0.25 0.475 0.7 0.05 0.775 0.8 0.75 0.45 0.8 0.45 0.5 0.625 0.025 0 0.425 0.2 0.425 0.275 0.3 0.225 0.075 0.55 0.25 
2812    0 0.8 0.4 0.4 0.4 0.4  5.62914 0.925 0.25 0.475 0.7 0.05 0.775 0.8 0.75 0.975 0.8 0.5 0.5 0.1 0.025 0 0.425 0.2 0.425 0.275 0.3 0.225 0.075 0.55 0.25 
2813    0 0.8 0.4 0.4 0.4 0.6  4.98778 0.925 0.25 0.475 0.7 0.05 0.775 0.8 0.75 0.975 0.8 0.45 0.5 0.625 0.025 0 0.425 0.175 0.425 0.275 0.3 0.225 0.075 0.55 0.25 
2815    0 0.8 0.4 0.4 0.6 0  5.50301 0.925 0.25 0.475 0.7 0.05 0.775 0.8 0.75 0.975 0.6 0.45 0.5 0.35 0.025 0 0.425 0.2 0.425 0.275 0.3 0.225 0.075 0.55 0.25 
2820    0 0.8 0.4 0.4 0.8 0  6.02712 0.925 0.275 0.475 0.7 0.05 0.775 0.8 0.75 0.975 0.8 0.5 0.5 0.1 0.025 0 0.425 0.2 0.425 0.275 0.3 0.225 0.075 0.55 0.25 
2829    0 0.8 0.4 0.6 0 0.8  4.39916 0.925 0.25 0.05 0.7 0.5 0.775 0.8 0.25 0.975 0.6 0.475 0.5 0.625 0.025 0 0.425 0.375 0.425 0.275 0.3 0.225 0.975 0.55 0.25 
2833    0 0.8 0.4 0.6 0.2 0.6  4.97927 0.925 0.25 0.05 0.7 0.5 0.775 0.8 0.75 0.975 0.6 0.475 0.5 0.625 0.025 0 0.425 0.375 0.425 0.275 0.3 0.225 0.075 0.55 0.25 
2834    0 0.8 0.4 0.6 0.2 0.8  5.06511 0.925 0.25 0.4 0.7 0.5 0.775 0.8 0.75 0.85 0.6 0.45 0.5 0.475 0.025 0 0.425 0.375 0.425 0.55 0.3 0.225 0.075 0.55 0.25 
2837    0 0.8 0.4 0.6 0.4 0.4  5.5742 0.9 0.225 0.65 0.625 0.95 0.025 0.375 0.4 0.575 0.625 0.075 0.9 0.225 0.275 0.425 0.15 1 0.1 0.75 0.825 0.8 0.1 0.475 0.2 
2904    0 0.8 0.6 0.2 0 0.8  4.91663 0.925 0.2 0.4 0.825 0.4 0.775 0.975 0.775 0.975 0.75 0.45 0.5 0.625 0.025 0 0.425 0.375 0.425 0.275 0.35 0.225 0.075 0.55 0.25 
2937    0 0.8 0.6 0.4 0.4 0.4  4.91857 0.925 0.25 0.475 0.7 0.5 0.775 0.8 0.75 0.975 0.6 0.45 0.5 0.475 0.025 0 0.425 0.375 0.425 0.275 0.3 0.225 0.075 0.55 0.25 
3854    0.2 0.2 0 0.8 0 0.8  4.3894 0.925 0.225 0 0.575 0.5 0.775 0.8 0.75 0.975 0.775 0.45 0.575 0.55 0.6 0 0.425 0.375 0.3 0.275 0.3 0.225 0.075 0.55 0.525 
3929    0.2 0.2 0.2 0.4 0 0.8  5.01717 0.925 0.475 0.125 0.8 0.5 0.775 0.8 0.75 0.975 0.6 0.825 0.4 0.125 0.6 0 0.425 0.375 0.975 0.275 0.3 0.225 0.075 0.55 0.25 
3954    0.2 0.2 0.2 0.6 0 0.8  4.77069 0.9 0.15 0.625 0.15 0.7 0.025 0.375 0.4 0.625 0.625 0.925 0.2 0.925 0.575 0.425 0.15 1 0.1 0.475 0.825 0.4 0.1 0.35 0.2 
3958    0.2 0.2 0.2 0.6 0.2 0.6  4.8258 0.925 0.475 0.025 0.55 0.6 0.05 0.8 0.6 0.975 0.6 0.45 0.725 0.575 0.6 0.65 0.425 0.375 0.075 0.45 0.3 0.225 0.825 0.55 0.9 
3966    0.2 0.2 0.2 0.6 0.6 0.2  5.74518 0.9 0.15 0.65 0.625 0.95 0.025 0.375 0.175 0.625 0.625 0.075 0.2 0.25 0.4 0.425 0.775 1 0.1 0.75 0.825 0.8 0.1 0.475 0.2 
3970    0.2 0.2 0.2 0.6 0.8 0  5.79905 0.9 0.15 0.65 0.625 0.95 0.025 0.375 0.175 0.625 0.625 0.075 0.2 0.25 0.4 0.425 0.775 1 0.1 0.75 0.825 0.8 0.15 0.475 0.2 
4045    0.2 0.2 0.4 0.2 0.8 0  4.86757 0.925 0.475 0.225 0.8 0.5 0.775 0.925 0.75 0.925 0.475 0.975 0.5 0.125 0.6 0 0.425 0.025 0.975 0.275 0.3 0.225 0.525 0.55 0.25 
4057    0.2 0.2 0.4 0.4 0.2 0.4  5.00167 0.925 0.475 0.125 0.8 0.5 0.775 0.8 0.825 0.975 0.6 0.975 0.375 0.125 0.6 0 0.425 0.025 0.975 0.175 0.3 0.225 0.525 0.55 0.25 
4058    0.2 0.2 0.4 0.4 0.2 0.6  5.11437 0.925 0.475 0.4 0.8 0.5 0.7 0.8 0.75 0.975 0.7 0.8 0.5 0.125 0.6 0 0.425 0.375 0.975 0.275 0.3 0.225 0.075 0.55 0.25 
4062    0.2 0.2 0.4 0.4 0.4 0.4  4.68737 0.925 0.225 0 0.575 0.5 0.775 0.8 0.75 0.975 0.775 0.45 0.5 0.55 0.6 0 0.425 0.375 0.3 0.275 0.3 0.225 0.075 0.55 0.95 
4454    0.2 0.4 0 0.6 0 0.8  5.83063 0.95 0.15 0.6 0.625 0.95 0.025 0.375 0.4 0.925 0.325 0.25 0.5 0.25 0.575 0.425 0.9 0.325 0.1 0.05 0.825 0.775 0.475 0.675 0.2 
4458    0.2 0.4 0 0.6 0.2 0.6  5.10709 0.9 0.15 0.65 0.625 0.95 0.025 0.125 0.4 0.575 0.625 0.075 0.9 0.225 0.4 0.425 0.15 1 0.1 0.75 0.825 0.8 0.1 0.475 0.2 
4461    0.2 0.4 0 0.6 0.4 0.2  5.76745 0.9 0.15 0.65 0.625 0.95 0.025 0.375 0.175 0.625 0.625 0.075 0.7 0.25 0.4 0.425 0.775 1 0.1 0.75 0.825 0.8 0.1 0.475 0.2 
4470    0.2 0.4 0 0.6 0.8 0  5.19826 0.9 0.15 0.65 0.625 0.95 0.025 0.375 0.4 0.575 0.625 0.075 0.9 0.225 0.4 0.425 0.15 1 0.1 0.75 0.825 0.8 0.1 0.475 0.2 
4477    0.2 0.4 0 0.8 0 0.4  5.73063 0.9 0.15 0.65 0.625 0.95 0.025 0.375 0.925 0.75 0.7 0.25 0.75 0.225 0.575 0.425 0.175 1 0.05 0.05 0.825 0.8 0.1 0.675 0.2 
4478    0.2 0.4 0 0.8 0 0.6  5.31581 0.9 0.15 0.725 0.625 0.95 0.025 0.375 0.4 0.625 0.625 0.25 0.2 0.225 0.575 0.425 0.15 1 0.1 0.05 0.825 0.8 0.1 0.675 0.2 
4479    0.2 0.4 0 0.8 0 0.8  6.07865 1 0.075 0.65 0.55 0.675 0.225 0.375 0.55 0.925 0.775 0.25 0.725 0.525 0.575 0.425 0.2 0.325 0.125 0.05 0.825 0.775 0.25 0.675 0.2 
4482    0.2 0.4 0 0.8 0.2 0.4  5.71578 0.9 0.3 0.65 0.625 0.95 0.025 0.375 0.925 0.75 0.7 0.25 0.75 0.225 0.575 0.425 0.15 1 0.05 0.05 0.825 0.8 0.1 0.675 0.2 
4483    0.2 0.4 0 0.8 0.2 0.6  5.705 0.9 0.15 0.65 0.625 0.95 0.025 0.375 0.65 0.625 0.625 0.25 0.2 0.225 0.575 0.425 0.15 1 0.05 0.05 0.825 0.8 0.1 0.675 0.2 
4484    0.2 0.4 0 0.8 0.2 0.8  5.92784 0.95 0.15 0.6 0.625 0.95 0.025 0.375 0.4 0.925 0.325 0.675 0.5 0.25 0.575 0.425 0.9 0.325 0.1 0.05 0.825 0.775 0.475 0.675 0.2 
4486    0.2 0.4 0 0.8 0.4 0.2  5.35605 0.9 0.15 0.65 0.625 0.95 0.025 0.375 0.4 0.75 0.625 0.25 0.725 0.225 0.575 0.425 0.15 1 0.75 0.05 0.825 0.65 0.4 0.5 0.2 
4487    0.2 0.4 0 0.8 0.4 0.4  6.29361 0.975 0.15 0.025 0.625 0.95 0.25 0.7 0.4 0.625 0.625 0.25 0.2 0.925 0.575 0.425 0.15 1 0.1 0.1 0.5 0.8 0.05 0.675 0.2 
4488    0.2 0.4 0 0.8 0.4 0.6  6.03033 0.975 0.15 0.65 0.625 0.95 0.25 0.7 0.75 0.6 0.625 0.25 0.2 0.925 0.575 0.425 0.875 1 0.525 0.1 0.825 0.8 0.05 0.675 0.2 
4490    0.2 0.4 0 0.8 0.6 0  5.39945 0.875 0.15 0.65 0.625 0.95 0.025 0.375 0.175 0.625 0.625 0.075 1 0.225 0.4 0.425 0.775 1 0.1 0.75 0.825 0.8 0.1 0.475 0.2 
4491    0.2 0.4 0 0.8 0.6 0.2  5.87825 0.9 0.15 0.65 0.625 0.95 0.025 0.425 0.175 0.625 0.625 0.075 0.2 0.25 0.4 0.425 0.8 1 0.1 0.75 0.825 0.8 0.1 0.475 0.2 
4492    0.2 0.4 0 0.8 0.6 0.4  5.3467 0.9 0.15 0.65 0.45 0.95 0.025 0.375 0.4 0.625 0.625 0.7 0.975 0.225 0.575 0.425 0.15 1 0.6 0.05 0.825 0.8 0.1 0.675 0.2 
4495    0.2 0.4 0 0.8 0.8 0  5.4308 0.9 0.15 0.65 0.45 0.95 0.025 0.375 0.4 0.625 0.625 0.25 0.875 0.85 0.575 0.425 0.15 1 0.6 0.05 0.825 0.8 0.1 0.675 0.2 
4554    0.2 0.4 0.2 0.4 0 0.8  5.47794 0.925 0.475 0.475 0.575 0.5 0.775 0.8 0.75 0.975 0.65 0.45 0.825 0.125 0.6 0 0.425 0.375 0.225 0.275 0.325 0.225 0.075 0.875 0.25 
4558    0.2 0.4 0.2 0.4 0.2 0.6  4.63877 0.925 0.225 0.475 0.575 0.5 0.775 0.8 0.75 0.975 0.775 0.45 0.5 0.55 0.6 0 0.425 0.375 0.375 0.275 0.3 0.225 0.075 0.55 0.95 
4559    0.2 0.4 0.2 0.4 0.2 0.8  5.26416 0.925 0.475 0.475 0.575 0.5 0.775 0.8 0.75 0.7 0.6 0.45 0.5 0.125 0.6 0 0.425 0.375 0.325 0.275 0.3 0.175 0.075 0 0.25 
4562    0.2 0.4 0.2 0.4 0.4 0.4  6.04528 1 0.225 0.4 0.275 0.5 0.775 0.8 0.275 0.975 0.825 0.925 0.5 0.125 0.6 0 0.375 0.375 0.975 0.275 0.3 0.225 0.075 0.65 0.25 
4563    0.2 0.4 0.2 0.4 0.4 0.6  5.57519 0.925 0.475 0.475 0.575 0.85 0.5 0.8 0.75 0.975 0.6 0.45 0.5 0.125 0.6 0 0.425 0.325 0.225 0.275 0.3 0.225 0.25 0.55 0.825 
4566    0.2 0.4 0.2 0.4 0.6 0.2  5.8073 0.9 0.15 0.65 0.625 0.95 0.025 0.375 0.975 0.575 0.625 0.225 0.9 0.225 0.4 0.425 0.15 0.2 0.1 0.75 0.825 0.8 0.1 0.475 0.2 
4567    0.2 0.4 0.2 0.4 0.6 0.4  5.61989 0.975 0.475 0.475 0.575 0.5 0.775 0.8 0.75 0.975 0.45 0.45 0.675 0.125 0.025 0 0.425 0.375 0.225 0.275 0.325 0.225 0.075 0.875 0.25 
4570    0.2 0.4 0.2 0.4 0.8 0  6.16859 1 0.475 0.4 0.8 0.5 0.775 0.8 0.2 0.975 0.825 0.925 0.5 0.225 0.6 0 0.425 0.375 0.975 0.275 0.3 0.225 0.075 0.65 0.25 
4571    0.2 0.4 0.2 0.4 0.8 0.2  5.82525 0.975 0.475 0.475 0.575 0.5 0.775 0.8 0.75 0.975 0.525 0.45 0.5 0.125 0.025 0 0.425 0.375 0.225 0.275 0.325 0.225 0.075 0.875 0.25 
4578    0.2 0.4 0.2 0.6 0 0.6  5.4265 0.925 0.475 0.025 0.2 0.6 0.05 0.8 0.6 0.975 0.6 0.45 0.1 0.575 0.6 0 0.425 0.375 0.225 0.45 0.3 0.225 0.075 0.55 0.9 
4579    0.2 0.4 0.2 0.6 0 0.8  5.7814 0.925 0.475 0.4 0.8 0.5 0.525 0.8 0.2 0.375 0.6 0.475 0.5 0.575 0.6 0 0.425 0.375 0.975 0.275 0.3 0.225 0.075 0.55 0.25 
4582    0.2 0.4 0.2 0.6 0.2 0.4  5.31098 0.9 0.225 0.65 0.625 0.95 0.025 0.375 0.4 0.575 0.625 0.075 0.9 0.225 0.4 0.425 0.15 1 0.1 0.75 0.825 0.8 0.1 0.475 0.2 
4583    0.2 0.4 0.2 0.6 0.2 0.6  6.23378 1 0.275 0.475 0.575 0.5 0.775 0.8 0.75 0.7 0.6 0.925 0.5 0.15 0.6 0 0.425 0.175 0.9 0.275 0.3 0.225 0.075 0.55 0.95 
4584    0.2 0.4 0.2 0.6 0.2 0.8  6.075 0.925 0.475 0.4 0.8 0.5 0.525 0.8 0.75 0.375 0.6 0.35 0.5 0.125 0.6 0 0.425 0.375 0.975 0.275 0.3 0.225 0.075 0.55 0.25 
4586    0.2 0.4 0.2 0.6 0.4 0.2  5.52895 0.9 0.15 0.65 0.625 0.95 0.025 0.375 0.175 0.625 0.625 0.075 1 0.225 0.4 0.425 0.775 1 0.1 0.75 0.825 0.8 0.1 0.475 0.2 
4587    0.2 0.4 0.2 0.6 0.4 0.4  5.89175 0.95 0.475 0.475 0.65 0.5 1 0.8 0.75 0.45 0.6 0.45 0.475 0.125 0.6 0 0.425 0.375 0.225 0.925 0.3 0.225 0.075 0.075 0.25 
4588    0.2 0.4 0.2 0.6 0.4 0.6  5.5849 0.925 0.625 0.475 0.575 0.5 1 0.8 0.75 0.45 0.6 0.45 0.5 0.125 0.6 0 0.425 0.375 0.225 0.275 0.3 0.225 0.075 0.875 0.25 
4590    0.2 0.4 0.2 0.6 0.6 0  5.48773 0.9 0.15 0.65 0.625 0.95 0.025 0.375 0.175 0.625 0.625 0.075 1 0.25 0.4 0.425 0.775 1 0.1 0.75 0.825 0.8 0.1 0.475 0.2 
4591    0.2 0.4 0.2 0.6 0.6 0.2  6.47422 1 0.075 0.65 0.625 0.675 0.025 0.375 0.4 0.925 0.775 0.25 0.725 0.85 0.575 0.425 0.15 0.325 0.125 0.05 0.825 0.775 0.25 0.375 0.225 
4592    0.2 0.4 0.2 0.6 0.6 0.4  5.86494 0.925 0.225 0.475 0.575 0.5 0.775 0.8 0.75 0.7 0.775 0.925 0.5 0.15 0.6 0 0.425 0.175 0.9 0.275 0.3 0.225 0.075 0.55 0.95 
4595    0.2 0.4 0.2 0.6 0.8 0  5.77139 1 0.225 0.475 0.575 0.5 0.775 0.8 0.75 0.7 0.775 0.925 0.5 0.15 0.6 0 0.425 0.175 0.9 0.275 0.3 0.225 0.075 0.55 0.95 
4596    0.2 0.4 0.2 0.6 0.8 0.2  5.9021 0.9 0.15 0.65 0.625 0.95 0.025 0.375 0.4 0.575 0.625 0.075 0.55 0.225 0.4 0.425 0.7 1 0.1 0.75 0.825 0.8 0.1 0.475 0.2 
4603    0.2 0.4 0.2 0.8 0 0.6  5.43144 0.9 0.175 0.65 0.625 0.95 0.025 0.375 0.4 0.575 0.625 0.075 0.9 0.475 0.4 0.425 0.15 1 0.1 0.75 0.825 0.825 0.1 0.475 0.2 
4604    0.2 0.4 0.2 0.8 0 0.8  5.60587 0.9 0.15 0.65 0.575 0.95 0.025 0.375 0.925 0.75 0.7 0.25 0.75 0.225 0.575 0.425 0.15 1 0.05 0.05 0.825 0.8 0.375 0.675 0.2 
4608    0.2 0.4 0.2 0.8 0.2 0.6  5.79364 0.9 0.75 0.2 0.625 0.95 0.025 0.375 0.4 0.625 0.625 0.075 1 0.225 0.4 0.3 0.775 1 0.1 0.75 0.825 0.8 0.1 0.475 0.2 
4609    0.2 0.4 0.2 0.8 0.2 0.8  6.10637 1 0.8 0.65 0.625 0.95 0.025 0.375 0.4 0.925 0.625 0.25 0.725 0.65 0.575 0.425 0.175 0.325 0.1 0.05 0.825 0.775 0.1 0.675 0.2 
4611    0.2 0.4 0.2 0.8 0.4 0.2  4.96869 0.9 0.7 0.825 0.625 0.95 0.075 0.375 0.4 0.625 0.625 0.25 0.2 0.75 0.325 0.425 0.15 1 0.1 0.05 0.825 0.8 0.1 0.675 0.2 
4612    0.2 0.4 0.2 0.8 0.4 0.4  5.24946 0.9 0.15 0.9 0.625 0.7 0.025 0.375 0.4 0.75 0.95 0.575 0.275 0.225 0.575 0.425 0.15 1 0.05 0.05 0.825 0.8 0.1 0.675 0.2 
4613    0.2 0.4 0.2 0.8 0.4 0.6  5.48135 0.9 0.15 0.65 0.625 0.95 0.025 0.375 0.175 0.625 0.625 0.075 1 0.25 0.4 0.425 0.775 1 0.1 0.05 0.825 0.8 0.325 0.475 0.2 
4616    0.2 0.4 0.2 0.8 0.6 0.2  5.33056 0.9 0.15 0.65 0.625 0.95 0.025 0.375 0.175 0.625 0.625 0.075 1 0.25 0.4 0.425 0.775 1 0.1 0.05 0.825 0.8 0.1 0.475 0.2 
4620    0.2 0.4 0.2 0.8 0.8 0  6.50111 1 0.075 0.65 0.7 0.675 0.025 0.275 0.4 0.925 0.775 0.25 0.725 0.525 0.575 0.425 0.15 0.325 0.625 0.05 0.825 0.775 0.25 0.675 0.2 
4621    0.2 0.4 0.2 0.8 0.8 0.2  5.822 0.9 0.15 0.65 0.625 0.95 0.025 0.375 0.65 0.725 0.625 0.25 0.2 0.175 0.025 0.425 0.15 1 0.05 0.05 0.825 0.8 0.1 0.675 0.2 
4654    0.2 0.4 0.4 0.2 0 0.8  5.06742 0.925 0.475 0.4 0.8 0.5 0.775 0.8 0.75 0.125 0.6 0.8 0.5 0.125 0.6 0 0.425 0.375 0.975 0.275 0.3 0.225 0.075 0.55 0.25 
4658    0.2 0.4 0.4 0.2 0.2 0.6  4.78231 0.925 0.475 0.125 0.8 0.5 0.775 0.8 0.75 0.975 0.6 0.875 0.4 0.125 0.6 0 0.425 0.375 0.975 0.275 0.3 0.225 0.075 0.55 0.25 
4659    0.2 0.4 0.4 0.2 0.2 0.8  1.93497 0.925 0.225 0.475 0.575 0.7 0.9 0.8 0.1 0.4 0.775 0.075 0.35 0.125 0.4 0 0.425 0.375 0.375 0.275 0.3 0.225 0.075 0.55 0.95 
4666    0.2 0.4 0.4 0.2 0.6 0.2  5.3126 0.925 0.475 0.4 0.8 0.5 0.85 0.8 0.75 0.975 0.6 0.8 0.3 0.125 0.6 0 0.425 0.375 0.975 0.275 0.3 0.225 0.075 0.55 0.25 
4670    0.2 0.4 0.4 0.2 0.8 0  5.12262 0.925 0.475 0.4 0.8 0.5 0.775 0.8 0.75 0.325 0.55 0.8 0.5 0.125 0.6 0 0.425 0.375 0.975 0.275 0.3 0.225 0.075 0.55 0.25 
4679    0.2 0.4 0.4 0.4 0 0.8  5.66885 0.925 0.225 0.475 0.575 0.5 0.775 0.975 0.75 0.975 0.775 0.45 0.975 0.125 0.6 0 0.425 0.175 0.225 0.275 0.3 0.225 0.075 0.55 0.95 
4683    0.2 0.4 0.4 0.4 0.2 0.6  5.66383 0.925 0.6 0.425 0.575 0.5 0.775 0.8 0.125 0.975 0.6 0.45 0.5 0.125 0.725 0 0.425 0.375 1 0.275 0.375 0.225 0.2 0.55 0.25 
4684    0.2 0.4 0.4 0.4 0.2 0.8  6.28807 0.95 0.475 0.475 0.35 0.275 0.775 0.8 0.85 0.975 0.875 0.3 0.775 0.125 0.6 0 0.425 0.375 0.225 0.275 0.4 0.275 0.075 0.15 0.375 
4687    0.2 0.4 0.4 0.4 0.4 0.4  5.53778 0.925 0.475 0.4 0.8 0.5 0.775 0.8 0.75 0.3 0.6 0.35 0.5 0.125 0.6 0 0.425 0.375 0.975 0.275 0.3 0.225 0.075 0.8 0.25 
4688    0.2 0.4 0.4 0.4 0.4 0.6  4.81448 0.925 0.475 0.475 0.575 0.5 0.775 0.8 0.75 0.975 0.2 0.4 0.6 0.125 0.6 0 0.425 0.475 0.225 0.275 0.3 0.275 0.075 0.375 0.65 
4691    0.2 0.4 0.4 0.4 0.6 0.2  5.70399 1 0.275 0.475 0.575 0.5 0.775 0.8 0.75 0.7 0.6 0.1 0.5 0.15 0.6 0 0.425 0.175 0.9 0.275 0.3 0.225 0.075 0.55 0.95 
4692    0.2 0.4 0.4 0.4 0.6 0.4  5.19907 0.975 0.475 0.475 0.575 0.5 0.775 0.8 0.75 0.975 0.375 0.45 0.5 0.125 0.025 0 0.425 0.375 0.225 0.275 0.325 0.225 0.075 0.875 0.25 
4695    0.2 0.4 0.4 0.4 0.8 0  5.87913 1 0.225 0.4 0.8 0.5 0.775 0.8 0.2 0.975 0.825 0.925 0.5 0.125 0.6 0 0.375 0.375 0.975 0.275 0.3 0.225 0.075 0.65 0.25 
4696    0.2 0.4 0.4 0.4 0.8 0.2  6.64216 1 0.475 0.4 0.8 0.5 0.775 0.8 0.2 0.975 0.825 0.925 0.5 0.125 0.6 0 0.375 0.375 0.975 0.2 0.3 0.225 0.075 0.65 0.25 
4704    0.2 0.4 0.4 0.6 0 0.8  5.9236 0.925 0.475 0.4 0.8 0.5 0.525 0.8 0.2 0.375 0.35 0.475 0.5 0.125 0.6 0 0.425 0.375 0.975 0.275 0.3 0.225 0.075 0.55 0.25 
4707    0.2 0.4 0.4 0.6 0.2 0.4  5.16012 0.925 0.475 0.125 0.575 0.5 0.75 0.8 0.75 0.975 0.6 0.625 0.5 0.125 0.75 0 0.425 0.975 0.225 0.275 0.325 0.225 0.075 0.875 0.25 
4709    0.2 0.4 0.4 0.6 0.2 0.8  4.64155 0.925 0.475 0.475 0.7 0.5 0.775 0.8 0.75 0.975 0.6 0.45 0.5 0.125 0.6 0 0.425 0.85 0.225 0.3 0.3 0.225 0.075 0.875 0.25 
4712    0.2 0.4 0.4 0.6 0.4 0.4  4.51955 0.925 0.475 0.05 0.575 0.5 0.45 0.8 0.9 0.975 0.6 0.45 0.5 0.125 0.6 0 0.425 0.375 0.225 0.275 0.3 0.225 0.475 0.55 0.25 
4716    0.2 0.4 0.4 0.6 0.6 0.2  5.27872 0.925 0.225 0.475 0.575 0.5 0.9 0.8 0.9 0.975 0.675 0.6 0.35 0.625 0.6 0 0.425 0.375 1 0.275 0.3 1 0.075 0.55 0.95 
4720    0.2 0.4 0.4 0.6 0.8 0  5.91261 0.925 0.225 0.475 0.575 0.5 0.9 0.8 0.175 0.975 0.775 0.75 0.35 0.125 0.6 0 0.425 0.375 0.525 0.275 0.3 0.225 0.075 0.55 0.95 
4721    0.2 0.4 0.4 0.6 0.8 0.2  5.49662 0.925 0.475 0.45 0.575 0.5 0.775 0.8 0 0.7 0.6 0.45 0.25 0.125 0.6 0 0.425 0.375 0.325 0.275 0.3 0.175 0.075 0 0.25 
4754    0.2 0.4 0.6 0 0 0.8  2.27735 0.5 0.475 0.625 0.8 0.5 0.775 0.8 0.75 0.975 0.6 0.8 0.5 0.125 0.6 0 0.425 0.375 0.375 0.4 0.3 0.225 0.075 0.775 0.25 
4779    0.2 0.4 0.6 0.2 0 0.8  2.60492 0.575 0.1 0.475 0.575 0.5 0.9 0.8 0.375 0.375 0 0.45 0.5 0.125 0.6 0.975 0.425 0.5 0.375 0.275 0.3 0.225 0.075 0.55 0.95 
4784    0.2 0.4 0.6 0.2 0.2 0.8  3.0302 0.925 0.025 0.475 0.575 0.5 0.65 0.775 0.5 0.15 0.775 0.05 0.175 0.125 0.6 0 0.425 0.375 0.375 0.275 0.3 0.225 0.075 0.55 0.95 
4795    0.2 0.4 0.6 0.2 0.8 0  4.46402 0.925 0.475 0 0.8 0.5 0.775 0.8 0.75 0.975 0.6 0.925 0.5 0.125 0.075 0 0.425 0.375 0.975 0.275 0.05 0.225 0.075 0.8 0.25 
4804    0.2 0.4 0.6 0.4 0 0.8  4.44894 0.925 0.225 0.475 0.575 0.5 0.9 0.85 0.1 0.45 0.775 0.75 0.35 0.125 0.6 0 0.975 0.375 0.3 0.275 0.3 0.225 0.075 0.55 0.95 
5079    0.2 0.6 0 0.6 0 0.8  5.19362 0.9 0.15 0.65 0.675 0.95 0.025 0.075 0.175 0.625 0.625 0.075 1 0.25 0.4 0.425 0.775 1 0.1 0.05 0.825 0.8 0.325 0.475 0.2 
5084    0.2 0.6 0 0.6 0.2 0.8  5.12648 0.95 0.15 0.6 0.625 0.95 0.025 0.375 0.4 0.925 0.325 0.25 0.725 0.25 0.575 0.425 0.9 0.325 0.1 0.05 0.825 0.775 0.475 0.675 0.2 
5095    0.2 0.6 0 0.6 0.8 0  5.32564 0.9 0.15 0.65 0.725 0.95 0.025 0.375 0.5 0.625 0.95 0.275 0.2 0.225 0.575 0.425 0.525 1 0.1 0.475 0.825 0.8 0.4 0.675 0.2 
5104    0.2 0.6 0 0.8 0 0.8  6.23841 1 0.075 0.65 0.625 0.675 0.35 0.375 0.4 0.925 0.775 0.25 0.725 0.85 0.575 0.425 0.15 0.325 0.125 0.05 0.825 0.775 0.25 0.675 0.225 
5107    0.2 0.6 0 0.8 0.2 0.4  5.8461 0.9 0.15 0.65 0.625 0.95 0.025 0.25 0.175 0.625 0.625 0.075 1 0.25 0.4 0.425 0.775 1 0.1 0.05 0.825 0.8 0.325 0.475 0.2 
5108    0.2 0.6 0 0.8 0.2 0.6  5.52785 0.925 0.025 0.475 0.575 0.5 0.775 0.8 0.75 0.975 0.775 0.45 0.5 0.775 0.6 0.775 0.425 0.375 0.225 0.275 0.3 0.225 0.075 0.55 0.95 
5109    0.2 0.6 0 0.8 0.2 0.8  5.96698 0.95 0.15 0.6 0.625 0.95 0.025 0.375 0.5 0.925 0.325 0.25 0.5 0.65 0.575 0.425 0.9 0.325 0.1 0.05 0.825 0.775 0.475 0.675 0.2 
5112    0.2 0.6 0 0.8 0.4 0.4  5.52797 0.875 0.15 0.65 0.625 0.95 0.025 0.375 0.4 0.925 0.625 0.25 0.725 0.85 0.575 0.425 0.15 1 0.1 0.05 0.825 0.775 0.1 0.1 0.975 
5113    0.2 0.6 0 0.8 0.4 0.6  5.3061 0.9 0.15 0.65 0.625 0.95 0.025 0.375 0.4 0.925 0.625 0.25 0.95 0.85 0.575 0.425 0.15 1 0.1 0.05 0.65 0.775 0.1 0.425 0.2 
5116    0.2 0.6 0 0.8 0.6 0.2  5.05245 0.9 0.15 0.65 0.625 0.95 0.025 0.375 0.05 0.725 0.625 0.55 0.95 0.85 0.575 0.425 0.15 1 0.1 0.05 0.65 0.775 0.1 0.425 0.2 
5117    0.2 0.6 0 0.8 0.6 0.4  6.01275 0.9 0.15 0.65 0.625 0.95 0.025 0.125 0.4 0.75 0.95 0.25 0.75 0.225 0.9 0.425 0.15 1 0.05 0.05 0.825 0.8 0.1 0.625 0.2 
5121    0.2 0.6 0 0.8 0.8 0.2  5.11332 0.9 0.15 0.65 0.45 0.95 0.025 0.375 0.4 0.625 0.625 0.25 0.975 0.85 0.575 0.425 0.15 1 0.6 0.05 0.825 0.8 0.1 0.675 0.2 
5179    0.2 0.6 0.2 0.4 0 0.8  5.74183 0.925 0.475 0.475 0.65 0.5 1 0.8 0.75 0.45 0.6 0.45 0.475 0.125 0.6 0 0.425 0.375 0.225 0.275 0.3 0.225 0.075 0.875 0.25 
5183    0.2 0.6 0.2 0.4 0.2 0.6  5.83384 0.925 0.475 0.525 0.575 0.5 0.775 0.8 0.975 0.4 0.6 0.7 0.15 0.125 0.6 0 0.425 0.375 0.325 0.275 0.3 0.175 0.075 0 0.25 
5184    0.2 0.6 0.2 0.4 0.2 0.8  5.64883 0.925 0.475 0.475 0.575 0.55 1 0.8 0.75 0.45 0.6 0.45 0.5 0.125 0.6 0.025 0.425 0.375 0.225 0.275 0.3 0.225 0.075 0.875 0.25 
5187    0.2 0.6 0.2 0.4 0.4 0.4  4.78608 0.925 0.225 0.475 0.575 0.5 0.9 0.8 0.375 0.975 0.9 0.45 0.15 0.125 0.6 0 0.425 0.375 0.375 0.275 0.3 0.225 0.075 0.55 0.95 
5188    0.2 0.6 0.2 0.4 0.4 0.6  5.53436 1 0.225 0.475 0.575 0.5 0.775 0.8 0.75 0.7 0.775 0.925 0.5 0.15 0.6 0 0.425 0.175 0.9 0.275 0.3 0.225 0.075 0.525 0.95 
5192    0.2 0.6 0.2 0.4 0.6 0.4  5.49375 1 0.325 0.475 0.575 0.5 0.775 0.8 0.75 0.7 0.775 0.925 0.5 0.15 0.6 0 0.425 0.175 0.9 0.275 0.3 0.225 0.075 0.575 0.95 
5195    0.2 0.6 0.2 0.4 0.8 0  5.27473 0.9 0.15 0.65 0.725 0.95 0.025 0.375 0.4 0.625 0.975 0.275 0.225 0.225 0.575 0.375 0.625 1 0.1 0.475 0.85 0.8 0.4 0.675 0.2 
5196    0.2 0.6 0.2 0.4 0.8 0.2  5.14776 0.925 0.225 0.475 0.575 0.5 0.9 0.8 0.375 0.975 0.775 0.45 0.15 0.125 0.6 0 0.425 0.375 0.375 0.275 0.3 0.225 0.075 0.55 0.95 
5204    0.2 0.6 0.2 0.6 0 0.8  6.37548 0.925 0.475 0.475 0.65 0.5 1 0.8 0.75 0.45 0.6 0.45 0.5 0.125 0.6 0 0.425 0.375 0.225 0.275 0.3 0.225 0.075 0.875 0.25 
5207    0.2 0.6 0.2 0.6 0.2 0.4  5.71868 0.9 0.15 0.65 0.725 0.95 0.025 0.375 0.5 0.625 0.625 0.275 0.2 0.225 0.575 0.425 0.625 1 0.1 0.475 0.825 0.8 0.4 0.675 0.2 
5208    0.2 0.6 0.2 0.6 0.2 0.6  6.24785 0.925 0.15 0.625 0.625 0.95 0.025 0.35 0.4 0.625 0.625 0.075 1 0.9 0.4 0.425 0.775 1 0.1 0.75 0.825 0.8 0.35 0.475 0.2 
5209    0.2 0.6 0.2 0.6 0.2 0.8  6.06777 0.9 0.15 0.625 0.625 0.95 0.025 0.375 0.4 0.625 0.625 0.075 1 0.725 0.4 0.425 0.775 1 0.1 0.75 0.825 0.8 0.35 0.475 0.2 
5211    0.2 0.6 0.2 0.6 0.4 0.2  5.41137 0.9 0.15 0.65 0.625 0.95 0.025 0.375 0.4 0.625 0.625 0.075 1 0.225 0.4 0.425 0.775 1 0.1 0.75 0.825 0.8 0.1 0.325 0.2 
5212    0.2 0.6 0.2 0.6 0.4 0.4  5.78771 0.9 0.15 0.625 0.625 0.95 0.025 0.375 0.4 0.625 0.625 0.075 1 0.9 0.4 0.425 0.775 1 0.1 0.75 0.825 0.8 0.35 0.475 0.2 
5213    0.2 0.6 0.2 0.6 0.4 0.6  5.94688 0.925 0.475 0.275 0.8 0.325 0.45 0.825 0.75 0.85 0.6 0.8 0.5 0.5 0.6 0 0.475 0.9 0.975 0.275 0.3 0.225 0.075 0.55 0.25 
5215    0.2 0.6 0.2 0.6 0.6 0  5.09229 0.925 0.25 0.475 0.7 0.05 0.775 0.8 0.75 0.975 0.6 0.45 0.5 0.625 0.775 0 0.425 0.2 0.425 0.275 0.3 0.225 0.975 0.55 0.25 
5216    0.2 0.6 0.2 0.6 0.6 0.2  5.9941 0.9 0.15 0.65 0.625 0.025 0.025 0.125 0.4 0.75 0.775 0.25 0.75 0.225 0.9 0.425 0.15 1 0.05 0.05 0.825 0.8 0.1 0.625 0.2 
5217    0.2 0.6 0.2 0.6 0.6 0.4  5.57574 0.925 0.225 0.475 0.575 0.5 0.9 0.85 0.1 0.6 0.775 0.75 0.35 0.125 0.6 0 0.975 0.375 0.375 0.275 0.3 0.225 0.075 0.55 0.95 
5220    0.2 0.6 0.2 0.6 0.8 0  6.10381 0.925 0.475 0.475 0.575 0.5 0.775 0.8 0.425 0.55 0.6 0.7 0.15 0.125 0.6 0.65 0.425 0.375 0.375 0.275 0.3 0.175 0.075 0 0.25 
5221    0.2 0.6 0.2 0.6 0.8 0.2  5.99976 0.925 0.225 0.475 0.575 0.5 0.775 0.975 0.75 0.025 0.95 0.45 0.975 0.125 0.6 0 0.425 0.175 0.225 0.275 0.3 0.325 0.075 0.55 0.95 
5229    0.2 0.6 0.2 0.8 0 0.8  5.58091 0.9 0.475 0.65 0.625 0.95 0.025 0.375 0.925 0.75 0.95 0.25 0.75 0.225 0.575 0.425 0.15 1 0.05 0.05 0.825 0.8 0.1 0.675 0.2 
5232    0.2 0.6 0.2 0.8 0.2 0.4  5.75622 0.9 0.475 0.95 0.625 0.95 0.025 0.375 0.4 0.625 0.625 0.025 1 0.225 0.4 0.425 0.15 1 0.1 0.75 0.825 0.8 0.1 0.475 0.2 
5233    0.2 0.6 0.2 0.8 0.2 0.6  5.57313 0.925 0.225 0.475 0.575 0.9 0.9 0.8 0.375 0.375 0.775 0.45 0.5 0.125 0.6 0 0.425 0.375 0.175 0.275 0.3 0.225 0.075 0.425 0.95 
5234    0.2 0.6 0.2 0.8 0.2 0.8  5.99878 0.925 0.15 0.625 0.625 0.95 0.025 0.35 0.4 0.625 0.625 0.075 1 0.35 0.4 0.425 0.775 1 0.1 0.75 0.825 0.8 0.35 0.475 0.2 
5236    0.2 0.6 0.2 0.8 0.4 0.2  5.45737 0.9 0.15 0.65 0.625 0.95 0.025 0.375 0.15 0.625 0.625 0.075 1 0.25 0.4 0.425 0.775 1 0.1 0.05 0.825 0.8 0.1 0.475 0.2 
5237    0.2 0.6 0.2 0.8 0.4 0.4  5.42326 0.9 0.15 0.65 0.725 0.95 0.025 0.375 0.5 0.625 0.625 0.275 0.2 0.225 0.575 0.425 0.625 1 0.1 0.475 0.825 0.8 0.4 0.025 0.2 
5238    0.2 0.6 0.2 0.8 0.4 0.6  5.64147 0.9 0.75 0.2 0.625 0.95 0.025 0.375 0.175 0.625 0.625 0.075 1 0.225 1 0.3 0.775 1 0.1 0.75 0.825 0.8 0.1 0.475 0.2 
5241    0.2 0.6 0.2 0.8 0.6 0.2  5.66308 0.9 0.475 0.95 0.625 0.95 0.025 0.375 0.4 0.625 0.625 0.075 1 0.6 0.4 0.425 0.15 1 0.1 0.75 0.825 0.8 0.1 0.475 0.2 
5242    0.2 0.6 0.2 0.8 0.6 0.4  5.25895 0.9 0.15 0.65 0.625 0.875 0.025 0.375 0.05 0.725 0.625 0.55 0.95 0.85 0.575 0.425 0.15 1 0.1 0.05 0.65 0.775 0.1 0.425 0.2 
5245    0.2 0.6 0.2 0.8 0.8 0  6.17599 0.9 0.15 0.625 0.625 0.95 0.025 0.35 0.4 0.625 0.625 0.075 1 0.35 0.4 0.425 0.775 1 0.1 0.75 0.825 0.8 0.35 0.475 0.2 
5279    0.2 0.6 0.4 0.2 0 0.8  5.4295 0.925 0.475 0.425 0.575 0.5 0.775 0.8 0.75 0.975 0.6 0.45 0.5 0.125 0.725 0 0.425 0.375 1 0.275 0.3 0.225 0.2 0.55 0.25 
5304    0.2 0.6 0.4 0.4 0 0.8  6.37543 0.925 0.225 0.475 0.575 0.5 0.975 0.85 0.1 0.1 0.775 0.75 0.35 0.125 0.6 0 0.975 0.375 0.375 0.275 0.3 0.225 0.075 0.55 0.95 
5307    0.2 0.6 0.4 0.4 0.2 0.4  5.77653 0.925 0.225 0.475 1 0.5 0.9 0.8 0.375 0.975 0.925 0.45 0.15 0.125 0.6 0 0.425 0.375 0.375 0.275 0.3 0.225 0.075 0.55 0.95 
5308    0.2 0.6 0.4 0.4 0.2 0.6  6.25005 1 0.475 0.4 0.8 0.5 0.775 0.8 0.2 0.975 0.825 0.925 0.5 0.125 0.6 0 0.375 0.375 0.975 0.275 0.3 0.225 0.075 0.65 0.25 
5309    0.2 0.6 0.4 0.4 0.2 0.8  6.26973 1 0.475 0.475 0.5 0.225 0.775 0.8 0.05 0.975 0.6 0.45 0.1 0.125 0.175 0 0.425 0.375 0.225 0.275 0.325 0.225 0.075 0.875 0.25 
5312    0.2 0.6 0.4 0.4 0.4 0.4  6.31066 0.925 0.475 0.475 0.5 0.5 0.475 0.8 0.025 0.975 0.6 0.575 0.825 0.125 0.6 0 0.425 0.375 0.85 0.3 0.3 0.025 0.075 0.55 0.1 
5313    0.2 0.6 0.4 0.4 0.4 0.6  5.78031 0.925 0.225 0.475 0.575 0.5 0.775 0.8 0.75 0.975 0.775 0.45 0.5 0.125 0.6 0 0.425 0.175 0.225 0.275 0.3 0.225 0.075 0.55 0.95 
5315    0.2 0.6 0.4 0.4 0.6 0  5.36068 0.9 0.15 0.65 0.725 0.95 0.025 0.375 0.5 0.55 0.625 0.275 0.2 0.225 0.575 0.425 0.625 1 0.1 0.475 0.825 0.8 0.4 0.675 0.2 
5316    0.2 0.6 0.4 0.4 0.6 0.2  6.62862 0.925 0.225 0.475 0.575 0.5 0.9 0.85 0.1 0.15 0.775 0.75 0.35 0.125 0.6 0 0.975 0.375 0.375 0.275 0.3 0.225 0.075 0.55 0.95 
5317    0.2 0.6 0.4 0.4 0.6 0.4  5.86115 0.925 0.225 0.475 0.575 0.5 0.725 0.8 0.75 0.3 0.775 0.45 0.5 0.125 0.6 0 0.425 0.125 0.825 0.275 0.3 0.225 0.075 0.55 0.95 
5320    0.2 0.6 0.4 0.4 0.8 0  6.24627 0.925 0.225 0.475 0.575 0.5 0.9 0.8 0.375 0.975 0.775 0.775 0.35 0.025 0.6 0 0.425 0.375 0.375 0.275 0.3 1 0.075 0.55 0.95 
5321    0.2 0.6 0.4 0.4 0.8 0.2  5.86697 0.925 0.225 0.125 0.575 0.5 0.9 0.8 0.375 0.975 0.775 0.775 0.35 0.025 0.6 0 0.425 0.375 0.375 0.275 0.3 1 0.075 0.55 0.95 
5329    0.2 0.6 0.4 0.6 0 0.8  5.74959 0.925 0.475 0.4 0.8 0.5 0.525 0.8 0.2 0.375 0.6 0.475 0.5 0.125 0.6 0 0.425 0.375 0.975 0.275 0.3 0.225 0.075 0.55 0.25 
5333    0.2 0.6 0.4 0.6 0.2 0.6  5.52183 0.975 0.475 0.475 0.5 0.5 0.775 0.8 0 0.975 0.525 0.45 0.5 0.125 0.025 0 0.425 0.375 0.225 0.275 0.325 0.225 0.075 0.875 0.25 
5334    0.2 0.6 0.4 0.6 0.2 0.8  5.96813 0.925 0.475 0.225 0.8 0.5 0.775 0.8 0.85 0.225 0.6 0.975 0.85 0.575 0.025 0 0.425 0.025 0.975 0.275 0.3 0.225 0.525 0.55 0.25 
5337    0.2 0.6 0.4 0.6 0.4 0.4  5.84398 0.925 0.475 0.475 0.575 0.5 0.775 0.8 0.425 0.7 0.6 0.7 0.15 0.125 0.6 0 0.425 0.375 0.375 0.275 0.3 0.175 0.075 0 0.25 
5338    0.2 0.6 0.4 0.6 0.4 0.6  5.08282 0.925 0.25 0.475 0.7 0.05 0.575 0.175 0.75 0.325 0.95 0.45 0.5 0.625 0.025 0 0.425 0.9 0.425 0.275 0.3 0.225 0.075 0.55 0.25 
5341    0.2 0.6 0.4 0.6 0.6 0.2  6.22377 1 0.475 0.475 0.5 0.425 0.775 0.8 0.05 0.975 0.6 0.45 0.1 0.125 0.175 0 0.425 0.375 0.225 0.275 0.325 0.225 0.075 0.875 0.25 
5342    0.2 0.6 0.4 0.6 0.6 0.4  5.04661 0.925 0.25 0.475 0.7 0.5 0.775 0.8 0.75 0.975 0.6 0.45 0.5 0.625 0.025 0 0.425 0.375 0.425 0.075 0.3 0.225 0.075 0.55 0.25 
5345    0.2 0.6 0.4 0.6 0.8 0  6.00336 0.925 0.475 0.475 0.575 0.5 0.775 0.8 0.75 0.7 0.6 0.7 0.15 0.125 0.6 0 0.425 0.375 0.325 0.275 0.3 0.175 0.075 0 0.25 
5346    0.2 0.6 0.4 0.6 0.8 0.2  5.00094 0.925 0.25 0.475 0.7 0.5 0.775 0.8 0.75 0.975 0.6 0.05 0.5 0.625 0.025 0 0.425 0.375 0.425 0.075 0.3 0.225 0.075 0.55 0.25 
5404    0.2 0.6 0.6 0.2 0 0.8  5.05739 0.925 0.25 0.1 0.7 0.275 0.775 0.8 0.75 0.7 0.6 0.45 0.5 0.475 0.025 0 0.425 0.375 0.425 0.275 0.3 0.25 0.075 0.55 0.25 
5407    0.2 0.6 0.6 0.2 0.2 0.4  4.33226 0.9 0.15 0.65 0.725 0.95 0.025 0.375 0.5 0.625 0.95 0.275 0.2 0.225 0.575 0.35 0.525 1 0.1 0.475 0.825 0.8 0.4 0.675 0.2 
5408    0.2 0.6 0.6 0.2 0.2 0.6  5.03479 0.925 0.25 0.1 0.7 0.275 0.775 0.8 0.75 0.975 0.6 0.45 0.5 0.475 0.025 0 0.425 0.375 0.425 0.275 0.3 0.25 0.075 0.55 0.25 
5409    0.2 0.6 0.6 0.2 0.2 0.8  5.49932 0.925 0.25 0.475 0.7 0.05 0.775 0.8 0.75 0.325 0.95 0.45 0.5 0.625 0.025 0 0.425 0.9 0.425 0.275 0.3 0.225 0.075 0.55 0.25 
5411    0.2 0.6 0.6 0.2 0.4 0.2  4.97875 0.925 0.2 0.4 0.7 0.4 0.775 0.975 0.775 0.925 0.75 0.45 0.5 0.475 0.025 0 0.425 0.375 0.425 0.275 0.3 0.225 0.075 0.55 0.25 
5413    0.2 0.6 0.6 0.2 0.4 0.6  5.64765 0.925 0.25 0.475 0.7 0.05 0.775 0.8 0.75 0.325 0.6 0.45 0.5 0.625 0.025 0 0.425 0.9 0.425 0.275 0.3 0.225 0.075 0.55 0.25 
5416    0.2 0.6 0.6 0.2 0.6 0.2  5.10441 0.925 0.2 0.4 0.7 0.4 0.775 0.975 0.775 0.975 0.75 0.45 0.5 0.475 0.025 0 0.425 0.375 0.425 0.275 0.3 0.225 0.075 0.55 0.25 
5420    0.2 0.6 0.6 0.2 0.8 0  5.00964 0.925 0.2 0.4 0.825 0.4 0.775 0.975 0.775 0.975 0.75 0.45 0.5 0.2 0.025 0 0.425 0.375 0.425 0.275 0.35 0.225 0.075 0.55 0.25 
5429    0.2 0.6 0.6 0.4 0 0.8  5.2694 0.925 0.225 0.475 0.575 0.5 0.9 0.8 0.375 0.975 0.775 0.775 0.5 0.025 0.6 0 0.425 0.375 0.375 0.275 0.3 1 0.075 0.55 0.95 
5433    0.2 0.6 0.6 0.4 0.2 0.6  5.44327 0.925 0.475 0.475 0.8 0.9 0.775 0.8 0.025 0.975 0.6 0.75 0.5 0.125 0.6 0 0.425 0.375 0.225 0.15 0.3 0.225 0.075 0.55 0.1 
5438    0.2 0.6 0.6 0.4 0.4 0.6  4.83457 0.925 0.475 0.475 0.575 0.225 0.775 0.8 0.85 0.975 0.6 0.45 0.1 0.875 0.175 0 0.425 0.375 0.225 0.275 0.55 0.225 0.075 0.875 0.25 
5729    0.2 0.8 0 0.8 0 0.8  4.40334 0.925 0.475 0.475 0.025 0.85 0.775 0.825 0.75 0.975 0.6 0.45 0.5 0.125 0.375 0 0.425 0.375 0.425 0.275 0.3 0.225 0.075 0.55 0.25 
5809    0.2 0.8 0.2 0.4 0.2 0.8  4.34067 0.925 0.25 0.475 0.55 0.875 0.775 0.8 0.875 0.975 0.6 0.45 0.5 0.475 0.025 0 0.425 0.375 0.425 0.275 0.3 0.225 0.075 0.55 0.25 
5813    0.2 0.8 0.2 0.4 0.4 0.6  4.81246 0.925 0.875 0.475 0.025 0.5 0.775 0.8 0.075 0.975 0.6 0.45 0.5 0.125 0 0 0.425 0.375 0.425 0.275 0.3 0.225 0.075 0.55 0.25 
5829    0.2 0.8 0.2 0.6 0 0.8  5.81142 0.925 0.475 0.45 0.575 0.5 0.775 0.8 0.75 0.55 0.6 0.55 0.025 0.125 0.375 0 0.425 0.375 0.225 0.275 0.3 0.225 0.175 0.875 0.25 
5834    0.2 0.8 0.2 0.6 0.2 0.8  4.71848 0.925 0.25 0.475 0.55 0.875 0.775 0.8 0.75 0.975 0.6 0.45 0.5 0.475 0.025 0 0.425 0.375 0.425 0.275 0.3 0.225 0.075 0.55 0.25 
5854    0.2 0.8 0.2 0.8 0 0.8  4.04852 0.975 0.15 0.75 0.625 0.95 0.25 0.7 0.4 0.625 0.625 0.25 0.2 0.925 0.575 0.425 0.15 1 0.1 0.1 0.2 0.8 0.05 0.675 0.2 
5929    0.2 0.8 0.4 0.4 0 0.8  4.53278 0.925 0.225 0.475 0.575 0.525 0.9 0.8 0.375 0.8 0.775 0.45 0.45 0.125 0.6 0 0.425 0.375 0.375 0.275 0.3 0.225 0.075 0.55 0.95 
5933    0.2 0.8 0.4 0.4 0.2 0.6  4.69241 0.925 0.225 0.475 0.575 0.7 0.9 0.8 0.1 0.15 0.775 0.05 0.35 0.125 0.6 0 0.425 0.375 0.375 0.275 0.3 0.225 0.075 0.55 0.95 
5934    0.2 0.8 0.4 0.4 0.2 0.8  4.43183 0.925 0.225 0.475 0.025 0.5 0.775 0.8 0.75 0.975 0.6 0.45 0.5 0.125 0.6 0 0.425 0.375 0.425 0.275 0.3 0.225 0.075 0.55 0.25 
5941    0.2 0.8 0.4 0.4 0.6 0.2  4.82044 0.9 0.15 0.65 0.625 0.7 0.025 0.375 0.4 0.625 0.625 0.25 0.5 0.225 0.575 0.275 0.15 1 0.1 0.475 0.825 0.4 0.1 0.675 0.2 
5945    0.2 0.8 0.4 0.4 0.8 0  5.38407 0.925 0.25 0.4 0.7 0.5 0.775 0.8 0.75 0.975 0.6 0.9 0.325 0.475 0.025 0 0.425 0.375 0.425 0.475 0.3 0.225 0.075 0.55 0.25 
5954    0.2 0.8 0.4 0.6 0 0.8  5.92421 0.9 0.475 0.6 0.725 0.9 0.025 0.375 0.4 0.825 0 0.275 0.2 0.225 0.575 0.375 0.625 1 0.1 0.475 0.825 0.8 0.4 0.675 0.175 
5958    0.2 0.8 0.4 0.6 0.2 0.6  4.12162 0.925 0.475 0.475 0.025 0.5 0.775 0.8 0.75 0.15 0.6 0.45 0.5 0.125 0 0 0.425 0.375 0.425 0.275 0.3 0.225 0.075 0.55 0.25 
5959    0.2 0.8 0.4 0.6 0.2 0.8  4.3664 0.925 0.875 0.475 0.025 0.5 0.775 0.8 0.75 0.975 0.6 0.45 0.5 0.125 0 0 0.425 0.375 0.425 0.275 0.3 0.225 0.075 0.55 0.25 
5962    0.2 0.8 0.4 0.6 0.4 0.4  4.77135 0.925 0.25 0.4 0.7 0.5 0.775 0.8 0.75 0.975 0.6 0.45 0.325 0.475 0.025 0 0.425 0.375 0.425 0.275 0.3 0.225 0.075 0.55 0.25 
5971    0.2 0.8 0.4 0.6 0.8 0.2  6.11421 0.925 0.25 0.475 0.7 0.05 0.775 0.8 0.75 0.3 0.8 0.45 0.5 0.625 0.025 0 0.425 0.2 0.425 0.275 0.3 0.225 0.075 0.55 0.25 
6029    0.2 0.8 0.6 0.2 0 0.8  3.38074 0.925 0.225 0.475 0.575 0.5 0.9 0.8 0.375 0.375 0.775 0.45 0.5 0.125 0.6 0 0.425 0.375 0.375 0.275 0.3 0.225 0.075 0.55 0.95 
6034    0.2 0.8 0.6 0.2 0.2 0.8  2.66516 0.925 0.225 0.475 0.575 0.475 0.9 0.8 0.375 0.375 0.775 0.05 0.5 0.125 0.6 0 0.425 0.375 0.375 0.275 0.3 0.225 0.075 0.55 0.1 
6054    0.2 0.8 0.6 0.4 0 0.8  5.20153 0.925 0.25 0.475 0.7 0.05 0.775 0.8 0.75 0.975 0.8 0.45 0.5 0.625 0.025 0 0.425 0.2 0.425 0.275 0.3 0.225 0.075 0.55 0.25 
6057    0.2 0.8 0.6 0.4 0.2 0.4  4.21099 0.9 0.15 0.65 0.625 0.7 0.025 0.375 0.4 0.625 0.625 0.25 0.5 0.225 0.575 0.35 0.15 1 0.1 0.475 0.825 0.4 0.1 0.675 0.2 
6970    0.4 0.2 0 0.6 0.8 0  5.46611 0.9 0.15 0.65 0.625 0.95 0.025 0.375 0.175 0.625 0.625 0.075 0.375 0.25 0.4 0.425 0.775 1 0.1 0.75 0.825 0.8 0.1 0.475 0.2 
6977    0.4 0.2 0 0.8 0 0.4  5.0845 0.9 0.15 0.9 0.625 0.95 0.025 0.375 0.4 0.75 0.95 0.575 0.275 0.225 0.575 0.425 0.15 1 0.05 0.05 0.825 0.8 0.1 0.675 0.2 
6979    0.4 0.2 0 0.8 0 0.8  5.53073 0.9 0.15 0.65 0.625 0.95 0.025 0.375 0.4 0.625 0.8 0.275 0.3 0.025 0.6 0.425 0.625 1 0.1 0.05 0.825 0.8 0.4 0.675 0.2 
6982    0.4 0.2 0 0.8 0.2 0.4  5.53733 0.9 0.15 0.65 0.625 0.95 0.025 0.375 0.75 0.6 0.95 0.45 0.275 0.225 0.575 0.425 0.15 1 0.05 0.05 0.825 0.8 0.1 0.675 0.2 
6983    0.4 0.2 0 0.8 0.2 0.6  5.52118 0.9 0.1 0.825 0.625 0.95 0.275 0.375 0.4 0.625 1 0.25 0.2 0.575 0.775 0.425 0.15 0.375 0.175 0.825 0.825 0.875 0.225 0.675 0.2 
6984    0.4 0.2 0 0.8 0.2 0.8  5.51149 0.9 0.15 0.825 0.625 0.95 0.025 0.375 0.4 0.625 0.625 0.25 0.2 0.025 0.575 0.425 0.15 0.225 0.1 0.825 0.825 0.8 0.525 0.675 0.2 
6987    0.4 0.2 0 0.8 0.4 0.4  5.91018 0.975 0.15 0.65 0.625 0.95 0.25 0.7 0.4 0.625 0.625 0.25 0.2 0.925 0.575 0.425 0.15 1 0.1 0.1 0.825 0.8 0.05 0.675 0.2 
6990    0.4 0.2 0 0.8 0.6 0  5.57242 0.975 0.15 0.75 0.625 0.95 0.25 0.7 0.4 0.625 0.625 0.25 0.2 0.45 0.575 0.425 0.15 1 0.1 0.1 0.75 0.8 0.05 0.675 0.2 
6991    0.4 0.2 0 0.8 0.6 0.2  5.39285 0.9 0.15 0.65 0.625 0.95 0.25 0.7 0.4 0.625 0.625 0.25 0.2 0.925 0.575 0.425 0.15 1 0.1 0.1 0.825 0.8 0.05 0.675 0.2 
6992    0.4 0.2 0 0.8 0.6 0.4  5.36221 0.9 0.15 0.65 0.625 0.95 0.025 0.375 0.4 0.475 0.275 0.25 0.625 0.975 0.575 0.425 0.725 0.925 0.1 0.05 0.8 0.8 0.5 0.675 0.2 
6995    0.4 0.2 0 0.8 0.8 0  6.41601 1 0.075 0.65 0.625 0.675 0.15 0.375 0.4 0.925 0.775 0.25 0.45 0.175 0.575 0.425 0.75 0.325 0.125 0.05 0.825 0.775 0.25 0.675 0.2 
6996    0.4 0.2 0 0.8 0.8 0.2  5.46434 0.9 0.15 0.725 0.625 0.925 0.025 0.375 0.4 0.625 0.625 0.25 0.2 0.225 0.575 0.425 0.15 1 0.1 0.05 0.825 0.8 0.325 0.675 0.2 
7029    0.4 0.2 0.2 0.2 0 0.8  4.1217 0.925 0.475 0.475 0.575 0.5 0.775 0.875 0.75 0.975 0.2 0.45 0.5 0.125 0.6 0 0.425 0.475 0.225 0.275 0.3 0.275 0.075 0.95 0.65 
7054    0.4 0.2 0.2 0.4 0 0.8  5.40545 0.925 0.475 0.125 0.8 0.5 0.775 0.8 0.75 0.975 0.6 0.875 0.4 0.125 0.6 0 0.425 0.375 0.975 0.275 0.3 0.225 0.075 0.55 0.35 
7057    0.4 0.2 0.2 0.4 0.2 0.4  5.2099 0.925 0.475 0.475 0.575 0.5 0.775 0.8 0.6 0.975 0.025 0.375 0.5 0.55 0.6 0 0.425 0.375 0.15 1 0.325 0.225 0.075 0.875 1 
7058    0.4 0.2 0.2 0.4 0.2 0.6  5.804 1 0.475 0.4 0.8 0.5 0.45 0.8 1 0.975 0.6 0.8 0.5 0.5 0.6 0 0.425 0.375 0.975 0.275 0.3 0.225 0.075 0.55 0.25 
7059    0.4 0.2 0.2 0.4 0.2 0.8  4.5861 0.925 0.475 0.125 0.8 0.5 0.775 0.8 0.75 0.975 0.6 0.975 0.5 0.55 0.6 0 0.425 0.375 0.975 0.275 0.3 0.225 0.075 0.55 0.25 
7061    0.4 0.2 0.2 0.4 0.4 0.2  4.87785 0.925 0.475 0.125 0.8 0.5 0.775 0.8 0.75 0.975 0.6 0.825 0.55 0.125 0.6 0 0.425 0.375 0.975 0.275 0.3 0.225 0.075 0.55 0.25 
7062    0.4 0.2 0.2 0.4 0.4 0.4  5.30823 0.925 0.15 0.425 0.575 0.65 0.775 0.8 0.75 0.975 0.6 0.45 0.5 0 0.3 0 0.425 0.375 0.225 0.275 0.3 0.225 0.475 0.55 0.25 
7063    0.4 0.2 0.2 0.4 0.4 0.6  4.97501 0.925 0.475 0.125 0.45 0.5 0.775 0.8 0.75 0.975 0.6 0.825 0.4 0.125 0.6 0 0.425 0.375 0.975 0.275 0.3 0.225 0.075 0.375 0.25 
7066    0.4 0.2 0.2 0.4 0.6 0.2  5.71313 0.925 0.475 0.475 0.575 0.5 0.775 0.8 0.75 0.975 0.375 0.45 0.75 0.125 0.625 0 0.425 0.375 0.225 0.15 0.3 0.225 0.075 0.875 0.25 
7067    0.4 0.2 0.2 0.4 0.6 0.4  5.22669 0.925 0.575 0.2 0.775 0.5 0.775 0.8 0.75 0.975 0.6 0.45 0.5 0.25 0.6 0 0.425 0.375 0.225 0.275 0.3 0.225 0.3 0.175 0.525 
7070    0.4 0.2 0.2 0.4 0.8 0  5.34912 0.925 0.475 0.275 0.8 0.5 0.45 0.8 0.625 0.975 0.6 0.8 0.5 0.5 0.6 0 0.425 0.375 0.975 0.275 0.3 0.225 0.075 0.55 0.25 
7071    0.4 0.2 0.2 0.4 0.8 0.2  5.12218 0.925 0.475 0.125 0.8 0.5 0.775 0.8 0.75 0.975 0.6 0.975 0.5 0.125 0.6 0 0.425 0.025 0.975 0.3 0.3 0.225 0.525 0.55 0.25 
7078    0.4 0.2 0.2 0.6 0 0.6  5.57085 0.9 0.1 0.825 0.625 0.95 0.275 0.375 0.4 0.625 0.625 0.25 0.2 0.225 0.575 0.425 0.15 0.225 0.175 0.825 0.825 0.8 0.225 0.675 0.2 
7079    0.4 0.2 0.2 0.6 0 0.8  6.23912 1 0.425 0.4 0.8 0.5 0.45 0.8 0.75 0.975 0.6 0.8 0.4 0.5 0.6 0 0.425 0.375 0.85 0.275 0.3 0.175 0.075 0.55 0.25 
7082    0.4 0.2 0.2 0.6 0.2 0.4  5.6224 0.9 0.15 0.65 0.625 0.95 0.025 0.375 0.4 0.5 0.75 0.275 0.2 0.225 0.575 0.425 0.625 1 0.1 0 0.65 0.8 0.4 0.675 0.2 
7083    0.4 0.2 0.2 0.6 0.2 0.6  6.00566 0.9 0.15 0.65 0.625 0.95 0.025 0.375 0.4 0.5 0.65 0.775 0.2 0.225 0.575 0.425 0.55 1 0.1 0.05 0.65 0.8 0.4 0.675 0.2 
7084    0.4 0.2 0.2 0.6 0.2 0.8  5.68934 0.9 0.1 0.825 0.625 0.95 0.275 0.375 0.4 0.625 1 0.25 0.2 0.225 0.775 0.425 0.15 0.225 0.175 0.825 0.825 0.875 0.225 0.675 0.2 
7086    0.4 0.2 0.2 0.6 0.4 0.2  5.89872 0.9 0.15 0.65 0.625 0.95 0.025 0.375 0.4 0.5 0.625 0.275 0.2 0.225 0.575 0.425 0.625 1 0.1 0.05 0.65 0.8 0.4 0.675 0.2 
7087    0.4 0.2 0.2 0.6 0.4 0.4  5.36442 0.9 0.2 0.825 0.625 0.95 0.025 0.375 1 0.625 1 0.25 0.2 0.025 0.575 0.425 0.15 0.225 0.65 0.825 0.825 0.8 0.1 0.675 0.2 
7088    0.4 0.2 0.2 0.6 0.4 0.6  4.75182 0.925 0.475 0.125 0.675 0.5 0.775 0.8 0.75 0.975 0.1 0.975 0.5 0.75 0.6 0 0.425 0.025 0.975 0.275 0.3 0.125 0.525 0.55 0.25 
7090    0.4 0.2 0.2 0.6 0.6 0  5.59634 0.9 0.15 0.65 0.625 0.95 0.025 0.375 0.4 0.5 0.65 0.775 0.2 0.225 0.575 0.425 0.675 1 0.1 0.05 0.65 0.8 0.4 0.675 0.2 
7091    0.4 0.2 0.2 0.6 0.6 0.2  6.04247 1 0.025 0.175 0.8 0.525 0.45 0.8 0.75 0.975 0.6 0.8 0.225 0.5 0.6 0 0.425 0.375 0.975 0.275 0.3 0.225 0.075 0.55 0.25 
7092    0.4 0.2 0.2 0.6 0.6 0.4  5.29365 0.9 0.15 0.65 0.625 0.95 0.025 0.375 0.4 0.475 0.625 0.25 0.625 0.975 0.575 0.425 0.725 0.925 0.1 0.05 0.8 0.8 0.1 0.45 0.2 
7095    0.4 0.2 0.2 0.6 0.8 0  6.56755 1 0.475 0.4 0.8 0.5 0.45 0.8 0.4 0.975 0.6 0.8 0.5 0.55 0.6 0 0.425 0.375 0.975 0.275 0.3 0.225 0.075 0.55 0.25 
7096    0.4 0.2 0.2 0.6 0.8 0.2  5.67991 0.925 0.475 0.475 0.575 0.85 0.5 0.8 0.75 0.975 0.6 0.45 0.5 0.125 0.6 0 0.425 0.375 0.225 0.275 0.3 0.225 0.075 0.55 0.25 
7103    0.4 0.2 0.2 0.8 0 0.6  4.41986 0.925 0.225 0 0.575 0.5 0.775 0.8 0.75 0.975 0.775 0.45 0.5 0.55 0.6 0 0.425 0.375 0.3 0.275 0.3 0.225 0.075 0.55 0.525 
7104    0.4 0.2 0.2 0.8 0 0.8  6.02459 1 0.15 0.65 0.625 0.675 0.275 0.575 0.05 0.1 0.175 0.25 0.725 0.525 0.575 0.425 0.15 0.325 0.1 0.05 0.825 0.775 0.125 0.675 0.2 
7107    0.4 0.2 0.2 0.8 0.2 0.4  5.34265 0.9 0.15 0.65 0.625 0.95 0.025 0.375 0.4 0.55 0.525 0.275 0.3 0.225 0.6 0.425 0.625 1 0.1 0.05 0.825 0.9 0.4 0.675 0.2 
7108    0.4 0.2 0.2 0.8 0.2 0.6  5.41631 0.9 0.15 0.65 0.625 0.95 0.025 0.375 0.4 0.625 0.775 0.275 0.3 0.225 0.6 0.425 0.625 0.325 0.1 0.05 0.825 0.8 0.4 0.675 0.175 
7111    0.4 0.2 0.2 0.8 0.4 0.2  5.38602 0.9 0.15 0.65 0.625 0.95 0.025 0.375 0.4 0.75 0.625 0.7 0.15 0.225 0.575 0.425 0.15 0.325 0.75 0.05 0.825 0.65 0.4 0.675 0.2 
7112    0.4 0.2 0.2 0.8 0.4 0.4  5.54167 0.9 0.25 0.65 0.625 0.95 0.025 0.375 0.4 0.625 0.625 0.15 0.2 0.275 0.575 0.425 0.75 1 0.1 0.725 0.825 0.8 0.4 0.675 0.2 
7113    0.4 0.2 0.2 0.8 0.4 0.6  5.53893 0.9 0.15 0.65 0.625 0.95 0.025 0.35 0.4 0.75 0.625 0.425 0.1 0.225 0.575 0.4 0.15 1 0.75 0.05 0.825 0.65 0.4 0.675 0.2 
7116    0.4 0.2 0.2 0.8 0.6 0.2  5.65497 0.975 0.15 0.65 0.625 0.95 0.25 0.7 0.75 0.6 0.625 0.25 0.2 0.925 0.575 0.425 0.875 1 0.1 0.1 0.825 0.8 0.05 0.675 0.2 
7120    0.4 0.2 0.2 0.8 0.8 0  5.68586 0.975 0.15 0.65 0.625 0.95 0.25 0.725 0.4 0.625 0.625 0.25 0.2 0.925 0.575 0.425 0.15 1 0.1 0.1 0.825 0.6 0.05 0.675 0.2 
7121    0.4 0.2 0.2 0.8 0.8 0.2  4.70437 0.9 0.15 0.65 0.625 0.35 0.025 0.375 0.325 0.475 0.625 0.25 0.625 0.975 0.575 0.425 0.15 0.925 0.1 0.05 0.8 0.8 0.1 0.675 0.2 
7154    0.4 0.2 0.4 0.2 0 0.8  5.07502 0.925 0.475 0.475 0.575 0.5 0.775 0.8 0.75 0.975 0.2 0.45 0.5 0.125 0.6 0 0.425 0.475 0.225 0.275 0.3 0.275 0.075 0.95 0.7 
7157    0.4 0.2 0.4 0.2 0.2 0.4  4.84557 0.925 0.475 0.475 0.575 0.5 0.775 0.8 0.75 0.975 0.2 0.4 0.95 0.125 0.6 0 0.425 0.475 0.225 0.275 0.3 0.275 0.075 0.95 0.575 
7158    0.4 0.2 0.4 0.2 0.2 0.6  4.81086 0.925 0.475 0.475 0.575 0.5 0.85 0.8 0.775 0.975 0.2 0.45 0.5 0.125 0.6 0 0.425 0.475 0.225 0.275 0.3 0.275 0.075 0.95 0.65 
7159    0.4 0.2 0.4 0.2 0.2 0.8  5.08852 0.925 0.475 0.4 0.8 0.5 0.775 0.8 0.75 0.975 0.6 0.8 0.5 0.125 0.6 0 0.425 0.375 0.975 0.275 0.3 0.225 0.075 0.55 0.25 
7162    0.4 0.2 0.4 0.2 0.4 0.4  5.06386 0.925 0.475 0.475 0.575 0.5 0.775 0.8 0.75 0.975 0.2 0.4 0.5 0.125 0.6 0 0.425 0.475 0.225 0.275 0.3 0.275 0.075 0.95 0.65 
7163    0.4 0.2 0.4 0.2 0.4 0.6  5.26315 0.925 0.475 0.4 0.8 0.5 0.7 0.8 0.75 0.975 0.6 0.8 0.5 0.125 0.6 0 0.425 0.375 0.975 0.275 0.3 0.225 0.075 0.55 0.25 
7166    0.4 0.2 0.4 0.2 0.6 0.2  5.27379 0.925 0.475 0.475 0.575 0.5 0.775 0.8 0.75 0.975 0.2 0.4 0.95 0.275 0.6 0 0.425 0.475 0.225 0.275 0.3 0.275 0.075 0.95 0.65 
7170    0.4 0.2 0.4 0.2 0.8 0  5.10694 0.925 0.475 0.475 0.575 0.5 0.675 0.8 0.75 0.975 0.2 0.4 0.95 0.125 0.6 0 0.425 0.475 0.225 0.275 0.3 0.275 0.075 0.95 0.65 
7179    0.4 0.2 0.4 0.4 0 0.8  5.35914 0.925 0.475 0.4 0.8 0.5 0.775 0.8 0.75 0.375 0.6 0.8 0.5 0.125 0.6 0 0.425 0.375 0.975 0.275 0.3 0.225 0.075 0.55 0.25 
7182    0.4 0.2 0.4 0.4 0.2 0.4  5.47062 0.9 0.775 0.825 0.625 0.95 0.025 0.375 0.4 0.4 0.625 0.25 0.45 0.225 0.575 0.425 0.15 0.225 0.1 0.825 0.825 0.8 0.1 0.675 0.2 
7183    0.4 0.2 0.4 0.4 0.2 0.6  5.32265 0.925 0.475 0.4 0.75 0.5 0.7 0.8 0.75 0.975 0.6 0.8 0.5 0.125 0.6 0 0.425 0.375 0.975 0.225 0.3 0.225 0.075 0.55 0.25 
7184    0.4 0.2 0.4 0.4 0.2 0.8  4.81875 0.925 0.475 0.5 0.575 0.5 0.775 0.8 0.75 0.55 0.6 0.45 0.025 0.125 0.6 0 0.425 0.375 0.225 0.275 0.3 0.225 0.175 0.875 0.25 
7187    0.4 0.2 0.4 0.4 0.4 0.4  5.50955 0.925 0.475 0.275 0.8 0.325 0.45 0.825 0.75 0.85 0.6 0.8 0.5 0.5 0.6 0 0.475 0.3 0.975 0.275 0.3 0.225 0.075 0.55 0.25 
7191    0.4 0.2 0.4 0.4 0.6 0.2  5.49881 1 0.475 0.475 0.575 0.5 0.775 0.8 0.75 0.975 0.5 0.9 0.5 0.125 0.6 0 0.425 0.375 0.225 0.275 0.325 0.15 0.075 0.875 0.25 
7192    0.4 0.2 0.4 0.4 0.6 0.4  5.60727 0.925 0.475 0.125 0.8 0.5 0.775 0.8 0.75 0.975 0.1 0.975 0.5 0.125 0.6 0 0.475 0.025 0.975 0.275 0.3 0.125 0.525 0.55 0.25 
7195    0.4 0.2 0.4 0.4 0.8 0  5.72704 0.925 0.475 0.425 0.8 0.5 0.775 0.8 0.825 0.975 0.775 0.975 0.7 0.125 0.6 0 0.425 0.025 0.975 0.175 0.3 0.225 0.525 0.55 0.25 
7196    0.4 0.2 0.4 0.4 0.8 0.2  5.56755 0.925 0.475 0.45 0.575 0.5 0.775 0.8 0.75 0.55 0.6 0.45 0.025 0.125 0.6 0 0.425 0.375 0.225 0.275 0.3 0.225 0.175 0.875 0.25 
7204    0.4 0.2 0.4 0.6 0 0.8  5.36438 0.9 0.1 0.825 0.625 0.95 0.275 0.375 0.4 0.25 0.625 0.15 0.8 0.225 0.575 0.425 0.15 0.225 0.175 0.825 0.825 0.8 0.125 0.675 0.2 
7208    0.4 0.2 0.4 0.6 0.2 0.6  5.54098 0.9 0.825 0.875 0.625 0.95 0.025 0.375 0.4 0.8 0.625 0.25 0.2 0.225 0.575 0.425 0.15 0.225 0.1 0.825 0.825 0.8 0.1 0.675 0.2 
7212    0.4 0.2 0.4 0.6 0.4 0.4  5.15165 0.925 0.475 0.125 0.8 0.5 0.775 0.8 0.75 0.975 0.1 0.975 0.5 0.125 0.6 0 0.425 0.025 0.975 0.275 0.3 0.125 0.525 0.55 0.25 
7213    0.4 0.2 0.4 0.6 0.4 0.6  4.79484 0.925 0.4 0.125 0.8 0.5 0.775 0.8 0.75 0.975 0.1 0.975 0.5 0.125 0.6 0 0.425 0.025 0.975 0.275 0.3 0.125 0.525 0.55 0.25 
7216    0.4 0.2 0.4 0.6 0.6 0.2  5.62193 0.925 0.475 0.475 0.7 0.5 0.775 0.8 0.55 0.975 0 0 0.5 0.125 0.6 0 0.425 0.375 0.225 0.275 0.325 0.225 0.425 0.15 0.25 
7220    0.4 0.2 0.4 0.6 0.8 0  5.702 0.925 0.475 0.475 0.575 0.5 0.775 0.8 0.75 0.225 0.475 0.45 0.5 0.125 0.425 0 0.425 0.725 0.725 0.275 0.3 0.225 0.075 0.875 0.25 
7279    0.4 0.2 0.6 0.2 0 0.8  4.261 0.925 0.475 0.4 0.8 0.5 0.775 0.975 0.75 0.975 0.6 0.925 0.5 0.125 0.6 0 0.425 0.375 0.975 0.275 0.3 0.225 0.075 0.8 0.25 
7283    0.4 0.2 0.6 0.2 0.2 0.6  4.14113 0.925 0.8 0.4 0.8 0.5 0.775 0.8 0.75 0.975 0.6 0.8 0.5 0.125 0.6 0 0.425 0.375 0.975 0.225 0.3 0.225 0.075 0.55 0.25 
7284    0.4 0.2 0.6 0.2 0.2 0.8  4.64574 0.925 0.475 0.3 0.575 0.65 0.775 0.8 0.75 0.975 0.2 0.45 0.5 0.125 0.6 0 0.425 0.475 0.225 0.275 0.3 0.275 0.075 0.95 0.25 
7288    0.4 0.2 0.6 0.2 0.4 0.6  5.16025 0.925 0.475 0.3 0.8 0.5 0.775 0.775 0.75 0.975 0.6 0.975 0.5 0.125 0.6 0 0.425 0.375 0.975 0.275 0.3 0.225 0.075 0.55 0.25 
7295    0.4 0.2 0.6 0.2 0.8 0  5.14181 0.925 0.55 0.475 0.575 0.5 0.675 0.8 0.75 0.975 0.2 0.4 0.95 0.125 0.6 0 0.425 0.475 0.225 0.275 0.3 0.15 0.075 0.95 0.65 
7304    0.4 0.2 0.6 0.4 0 0.8  4.70951 0.925 0.475 0.3 0.575 0.65 0.775 0.8 0.75 0.975 0.2 0.45 0.5 0.125 0.6 0 0.975 0.475 0.225 0.275 0.3 0.275 0.075 0.95 0.25 
7308    0.4 0.2 0.6 0.4 0.2 0.6  4.31445 0.925 0.475 0.475 0.575 0.5 0.775 0.8 0.55 0.975 0.6 0.45 0.5 0.125 0.6 0 0.425 0.375 0.225 0.275 0.325 0.225 0.425 0.875 0.25 
7316    0.4 0.2 0.6 0.4 0.6 0.2  4.07754 0.925 0.475 0.3 0.575 0.5 0.775 0.8 0.75 0.975 0.2 0.45 0.5 0.125 0.6 0 0.425 0.475 0.225 0.275 0.3 0.275 0.075 0.95 0.25 
7579    0.4 0.4 0 0.6 0 0.8  4.9585 0.925 0.475 0.025 0.55 0.6 0.05 0.8 0.6 0.975 0.6 0.45 0.1 0.575 0.6 0 0.425 0.375 0.225 0.45 0.3 0.225 0.075 0.55 0.9 
7583    0.4 0.4 0 0.6 0.2 0.6  4.68083 0.925 0.475 0.025 0.55 0.6 0.05 0.8 0.6 0.975 0.6 0.45 0.1 0.725 0.6 0 0.425 0.375 0.225 0.45 0.3 0.225 0.075 0.55 0.9 
7584    0.4 0.4 0 0.6 0.2 0.8  4.92214 0.925 0.475 0.025 0.55 0.6 0.05 0.8 0.6 0.975 0.6 0.45 0.1 0.575 0.6 0.65 0.425 0.375 0.225 0.45 0.3 0.225 0.075 0.55 0.9 
7587    0.4 0.4 0 0.6 0.4 0.4  4.32326 0.925 0.475 0.025 0.575 0.5 0.775 0.8 0.75 0.975 0.6 0.65 0.3 0.575 0.6 0 0.425 0.375 0.225 0.925 0.3 0.225 0.075 0.55 0.25 
7588    0.4 0.4 0 0.6 0.4 0.6  4.97439 0.925 0.475 0.025 0.575 0.5 0.775 0.8 0.75 0.975 0.6 0.45 0.95 0.575 0.6 0 0.425 0.375 0.225 0.925 0.3 0.225 0.075 0.55 0.25 
7591    0.4 0.4 0 0.6 0.6 0.2  5.75921 0.975 0.15 0.65 0.625 0.95 0.25 0.725 0.4 0.625 0.625 0.25 0.2 0.925 0.575 0.425 0.15 1 0.1 0.1 0.825 0.6 0.05 0.675 0.475 
7592    0.4 0.4 0 0.6 0.6 0.4  5.87772 0.925 0.475 0.025 0.35 0.6 0.05 0.8 0.6 0.975 0.6 0.45 0.05 0.575 0.6 0 0.425 0.375 0.225 0.45 0.3 0.225 0.075 0.55 0.9 
7603    0.4 0.4 0 0.8 0 0.6  5.77606 0.9 0.15 0.65 0.625 0.95 0.025 0.375 0.4 0.75 0.95 0.45 0.075 0.225 0.575 0.425 0.15 1 0.05 0.05 0.825 0.8 0.1 0.675 0.2 
7604    0.4 0.4 0 0.8 0 0.8  6.12984 1 0.075 0.65 0.625 0.675 0.025 0.375 0.4 0.925 0.775 0.25 0.725 0.525 0.575 0.425 0.75 0.325 0.125 0.05 0.825 0.775 0.25 0.675 0.2 
7605    0.4 0.4 0 0.8 0.2 0  5.25295 0.9 0.15 0.875 0.625 0.95 0.025 0.375 0.4 0.625 0.35 0.25 0.2 0.225 0.575 0.425 0.15 1 0.1 0.05 0.825 0.8 0.1 0.675 0.2 
7606    0.4 0.4 0 0.8 0.2 0.2  5.71374 0.9 0.425 0.65 0.625 0.95 0.025 0.375 0.4 0.75 0.95 0.45 0.275 0.225 0.575 0.425 0.15 1 0.05 0.05 0.825 0.8 0.1 0.675 0.2 
7607    0.4 0.4 0 0.8 0.2 0.4  6.08873 0.9 0.15 0.65 0.725 0.95 0.025 0.375 0.4 0.625 0.975 0.275 0.2 0.225 0.575 0.375 0.625 1 0.1 0.825 0.825 0.8 0.4 0.675 0.2 
7608    0.4 0.4 0 0.8 0.2 0.6  5.92418 0.975 0.15 0.65 0.625 0.95 0.25 0.7 0.4 0.625 0.625 0.25 0.2 0.05 0.575 0.425 0.15 1 0.1 0.1 0.825 0.8 0.05 0.675 0.2 
7609    0.4 0.4 0 0.8 0.2 0.8  6.07615 1 0.15 0.65 0.625 0.95 0.025 0.375 0.4 0.75 0.625 0.825 0.725 0.225 0.575 0.425 0.15 1 0.75 0.225 0.825 0.65 0.4 0.675 0.2 
7611    0.4 0.4 0 0.8 0.4 0.2  5.88586 0.9 0.15 0.65 0.625 0.95 0.025 0.375 0.65 0.95 0.625 0.475 0 0.225 0.575 0.425 0.15 1 0.05 0.05 0.825 0.8 0.1 0.675 0.2 
7612    0.4 0.4 0 0.8 0.4 0.4  6.23027 1 0.35 0.65 0.625 0.95 0.025 0.375 0.4 0.925 0.625 0.25 0.725 0.65 0.575 0.425 0.15 0.325 0.1 0.05 0.825 0.775 0.1 0.675 0.2 
7613    0.4 0.4 0 0.8 0.4 0.6  5.947 1 0.075 0.65 0.625 0.675 0.025 0.375 0.4 0.925 0.775 0.25 0.875 0.525 0.575 0.425 0.15 0.325 0.125 0.05 0.825 0.775 0.25 0.675 0.2 
7615    0.4 0.4 0 0.8 0.6 0  5.56586 0.9 0.15 0.65 0.625 0.95 0.025 0.375 0.4 0.625 0.525 0.275 0.3 0.225 0.6 0.425 0.625 1 0.1 0.05 0.825 1 0.4 0.675 0.2 
7616    0.4 0.4 0 0.8 0.6 0.2  5.98149 0.925 0.475 0.475 0.575 0.85 0.5 0.8 0.75 0.975 0.6 0.45 0.5 0.125 0.6 0 0.425 0.325 0.225 0.275 0.45 0.225 0.25 0.55 0.25 
7617    0.4 0.4 0 0.8 0.6 0.4  6.44328 1 0.075 0.65 0.625 0.675 0.15 0.375 0.4 0.925 0.775 0.25 0.725 0.225 0.575 0.425 0.75 0.325 0.125 0.05 0.825 0.775 0.25 0.675 0.2 
7620    0.4 0.4 0 0.8 0.8 0  6.23458 1 0.15 0.65 0.625 0.675 0.675 0.375 0.4 0.925 0.25 0.25 0.725 0.525 0.575 0.425 0.15 0.325 0.1 0.05 0.825 0.775 0.25 0.675 0.2 
7621    0.4 0.4 0 0.8 0.8 0.2  5.72163 0.975 0.15 0.65 0.625 0.95 0.25 0.725 0.4 0.625 0.625 0.25 0.9 0.925 0.575 0.425 0.15 1 0.1 0.1 0.825 0.6 0.05 0.675 0.2 
7658    0.4 0.4 0.2 0.2 0.2 0.6  4.86832 0.925 0.475 0.025 0.55 0.6 0.05 0.8 0.6 0.975 0.325 0.45 0.1 0.575 0.6 0 0.425 0.375 0.225 0.45 0.3 0.225 0.025 0.55 0.9 
7670    0.4 0.4 0.2 0.2 0.8 0  4.11249 0.925 0.475 0.475 0.575 0.85 0.775 0.8 0.6 0.975 0.025 0.375 0.5 0.55 0.6 0 0.425 0.375 0.225 1 0.3 0.225 0.075 0.875 1 
7679    0.4 0.4 0.2 0.4 0 0.8  5.79408 0.925 0.225 0.475 0.575 0.5 0.9 0.8 0.375 0.975 0.775 0.75 0.35 0.125 0.6 0 0.425 0.375 0.525 0.275 0.3 0.225 0.075 0.55 0.95 
7683    0.4 0.4 0.2 0.4 0.2 0.6  5.9444 0.925 0.225 0.475 0.8 0.5 0.9 0.8 0.175 0.975 0.775 0.75 0.35 0.125 0.6 0 0.425 0.375 0.525 0.275 0.3 0.225 0.075 0.55 0.95 
7684    0.4 0.4 0.2 0.4 0.2 0.8  5.78164 0.9 0.15 0.65 0.625 0.7 0.95 0.375 0.4 0.625 0.625 0.25 0.975 0.225 0.575 0.425 0.15 1 0.1 0.475 0.8 0.4 0.15 0.675 0.2 
7687    0.4 0.4 0.2 0.4 0.4 0.4  5.38774 0.925 0.475 0.125 0.8 0.5 0.775 0.8 0.75 0.975 0.6 0.975 0.375 0.125 0.6 0 0.425 0.025 0.425 0.175 0.3 0.225 0.525 0.55 0.25 
7688    0.4 0.4 0.2 0.4 0.4 0.6  5.46049 0.925 0.475 0.45 0.575 0.5 0.775 0.8 0.75 0.55 0 0.45 0 0.125 0.6 0 0.425 0.375 0.225 0.275 0.3 0.225 0.175 0.575 0.25 
7690    0.4 0.4 0.2 0.4 0.6 0  5.13289 0.925 0.475 0.025 0.55 0.6 0.05 0.8 0.6 0.975 0.6 0.45 0.1 0.575 0.425 0 0.425 0.375 0.225 0.45 0.3 0.225 0.075 0.55 0.9 
7691    0.4 0.4 0.2 0.4 0.6 0.2  5.31269 0.975 0.475 0.475 0.575 0.5 0.775 0.8 0.75 0.975 0.375 0.45 0.5 0.125 0.025 0 0.425 0.375 0.225 0.275 0.325 0.4 0.075 0.875 0.25 
7692    0.4 0.4 0.2 0.4 0.6 0.4  5.50582 0.925 0.05 0.475 0.675 0.5 0.775 0.8 0.975 0.975 0.9 0.45 0.85 0.125 0.6 0 0.425 0.375 0.225 0.275 0.3 0.225 0.075 0.875 0.25 
7695    0.4 0.4 0.2 0.4 0.8 0  6.44733 1 0.75 0.4 0.8 0.5 0.45 0.8 0.75 0.975 0.6 0.8 0.5 0.5 0.6 0 0.425 0.375 0.975 0.275 0.3 0.225 0.075 0.55 0.25 
7696    0.4 0.4 0.2 0.4 0.8 0.2  5.95754 1 0.475 0.4 0.8 0.5 0.45 0.8 0.75 0.975 0.6 0.8 0.5 0.5 0.6 0 0.425 0.375 0.975 0.275 0.3 0.225 0.075 0.55 0.25 
7704    0.4 0.4 0.2 0.6 0 0.8  6.35643 0.975 0.475 0.475 0.575 0.5 0.775 0.8 0.75 0.975 0.6 0.45 0.5 0.125 0.025 0 0.425 0.375 0.1 0.275 0.325 0.35 0.075 0.875 0.25 
7707    0.4 0.4 0.2 0.6 0.2 0.4  5.83353 0.925 0.475 0.475 0.7 0.5 0.8 0.8 0.025 0.975 0.6 0.75 0.5 0.125 0.6 0 0.425 0.375 0.225 0.15 0.3 0.225 0.075 0.55 0.1 
7708    0.4 0.4 0.2 0.6 0.2 0.6  5.75296 0.925 0.475 0.475 0.575 0.5 0.775 0.8 0.75 0.975 0.6 0.45 0.5 0.125 0.625 0 0.425 0.375 0.825 0.275 0.3 0.375 0.075 0.875 0.25 
7709    0.4 0.4 0.2 0.6 0.2 0.8  6.54594 0.925 0.475 0.475 0.55 0.325 0.775 0.8 0.025 0.975 0.6 0.75 0.5 0.125 0.6 0 0.425 0.375 0.225 0.15 0.3 0.225 0.075 0.55 0.1 
7711    0.4 0.4 0.2 0.6 0.4 0.2  5.23636 0.925 0.475 0.125 0.8 0.5 0.775 0.8 0.75 0.975 0.1 0.55 0.5 0.125 0.6 0 0.425 0.575 0.975 0.275 0.3 0.125 0.525 0.55 0.25 
7712    0.4 0.4 0.2 0.6 0.4 0.4  6.15303 1 0.8 0.65 0.625 0.95 0.025 0.375 0.4 0.925 0.625 0.25 0.725 0.65 0.575 0.425 0.15 0.325 0.1 0.05 0.825 0.775 0.1 0.675 0.2 
7713    0.4 0.4 0.2 0.6 0.4 0.6  5.95293 0.975 0.475 0.475 0.575 0.5 0.775 0.8 0.75 0.975 0.6 0.45 0.5 0.125 0.025 0 0.425 0.375 0.225 0.275 0.325 0.225 0.075 0.875 0.25 
7715    0.4 0.4 0.2 0.6 0.6 0  4.03183 0.9 0.15 0.65 0.625 0.95 0.025 0.375 0.925 0 0.95 0.25 0.75 0.225 0.575 0.425 0.15 1 0.05 0.05 0.825 0.8 0.1 0.675 0.2 
7716    0.4 0.4 0.2 0.6 0.6 0.2  6.36459 1 0.075 0.65 0.625 0.675 0.025 0.275 0.4 0.925 0.775 0.25 0.725 0.525 0.575 0.425 0.15 0.325 0.625 0.05 0.825 0.775 0.25 0.675 0.2 
7717    0.4 0.4 0.2 0.6 0.6 0.4  6.00793 0.925 0.075 0.125 0.8 0.5 0.775 0.8 0.75 0.975 0.1 0.975 0.5 0.125 0.6 0 0.425 0.025 0.975 0.125 0.3 0.125 0.525 0.55 0.25 
7720    0.4 0.4 0.2 0.6 0.8 0  6.14987 1 0.475 0.175 0.8 0.525 0.45 0.8 0.75 0.975 0.75 0.8 0.225 0.5 0.6 0 0.425 0.375 0.975 0.275 0.3 0.225 0.075 0.55 0.25 
7721    0.4 0.4 0.2 0.6 0.8 0.2  5.98461 1 0.15 0.65 0.625 0.675 0.275 0.375 0.05 0.1 0.625 0.25 0.725 0.525 0.575 0.425 0.15 0.325 0.1 0.05 0.825 0.775 0.25 0.675 0.2 
7729    0.4 0.4 0.2 0.8 0 0.8  6.89309 1 0.075 0.65 0.625 0.675 0.225 0.375 0.4 0.925 0.775 0.25 0.725 0.525 0.575 0.425 0.75 0.325 0.125 0.05 0.825 0.775 0.25 0.675 0.2 
7733    0.4 0.4 0.2 0.8 0.2 0.6  5.82605 0.9 0.15 0.775 0.625 0.95 0.025 0.375 0.4 0.925 0.725 0 0.725 0.225 0.575 0.425 0.15 1 0.1 0.05 0.825 0.775 0.1 0.675 0.35 
7734    0.4 0.4 0.2 0.8 0.2 0.8  6.1361 1 0.075 0.65 0.625 0.675 0.225 0.375 0.55 0.925 0.775 0.25 0.725 0.525 0.575 0.425 0.2 0.325 0.125 0.05 0.825 0.775 0.25 0.675 0.2 
7736    0.4 0.4 0.2 0.8 0.4 0.2  4.94307 0.975 0.15 0.65 0.625 0.5 0.25 0.725 0.4 0 0.625 0.25 0.9 0.925 0.575 0.425 0.15 1 0.1 0.125 0.825 0.6 0.05 0.675 0.2 
7737    0.4 0.4 0.2 0.8 0.4 0.4  5.90312 1 0.575 0.65 0.625 0.675 0.025 0.375 0.05 0.85 0.625 0.25 0.725 0.525 0.575 0.3 0.15 0.325 0.1 0.05 0.825 0.775 0.25 0.675 0.2 
7738    0.4 0.4 0.2 0.8 0.4 0.6  5.91063 0.925 0.475 0.475 0.575 0.85 0.5 0.8 0.75 0.975 0.6 0.45 0.5 0.125 0.6 0 0.425 0.325 0.225 0.275 0.3 0.225 0.25 0.55 0.25 
7741    0.4 0.4 0.2 0.8 0.6 0.2  5.94732 0.9 0.85 0.65 0.625 0.95 0.025 0.375 0.175 0.625 0.625 0.075 0.375 0.25 0.4 0.425 0.775 1 0.1 0.75 0.825 0.8 0.1 0.475 0.2 
7742    0.4 0.4 0.2 0.8 0.6 0.4  6.20676 1 0.15 0.825 0.625 0.95 0.025 0.375 0.4 0.925 0.625 0.25 0.725 0.25 0.575 0.425 0.15 0.325 0.1 0.05 0.825 0.775 0.1 0.675 0.2 
7745    0.4 0.4 0.2 0.8 0.8 0  5.86769 0.9 0.15 0.65 0.625 0.95 0.025 0.375 0.4 0.75 0.625 0.25 0.725 0.225 0.575 0.425 0.15 1 0.75 0.05 0.575 0.65 0.4 0.5 0.2 
7746    0.4 0.4 0.2 0.8 0.8 0.2  5.40823 1 0.825 0.4 0.8 0.5 0.175 0.8 0.75 0.975 0.6 0.8 0.5 1 0.6 0 0.425 0.375 0.975 0.275 0.3 0.225 0.075 0.55 0.25 
7779    0.4 0.4 0.4 0.2 0 0.8  5.4068 0.925 0.475 0.4 0.8 0.5 0.775 0.8 0.75 0.975 0.6 0.8 0.5 0.125 0.6 0 0.425 0.375 0.975 0.225 0.3 0.225 0.075 0.55 0.25 
7783    0.4 0.4 0.4 0.2 0.2 0.6  4.92763 0.925 0.475 0.225 0.8 0.5 0.775 0.925 0.75 0.925 0.475 0.975 0.5 0.125 0.6 0 0.425 0.025 0.975 0.275 0.3 0.225 0.525 0.575 0.25 
7784    0.4 0.4 0.4 0.2 0.2 0.8  4.4509 0.925 0.8 0.4 0.8 0.5 0.85 0.8 0.75 0.975 0.65 0.8 0.5 0.125 0.6 0 0.425 0.375 0.975 0.275 0.3 0.225 0.075 0.55 0.25 
7785    0.4 0.4 0.4 0.2 0.4 0  4.72752 0.925 0.475 0.35 0.9 0.5 0.775 0.8 0.25 0.975 0.6 0.45 0.5 0.125 0.6 0.575 0.425 0.375 0.225 0.275 0.3 0.225 0.075 0.55 1 
7787    0.4 0.4 0.4 0.2 0.4 0.4  5.315 0.925 0.475 0.4 0.8 0.5 0.85 0.8 0.75 0.975 0.6 0.8 0.5 0.125 0.6 0 0.425 0.375 0.975 0.275 0.3 0.225 0.075 0.55 0.25 
7788    0.4 0.4 0.4 0.2 0.4 0.6  4.94307 0.925 0.475 0.4 0.8 0.5 0.775 0.8 0.75 0.975 0.6 0.925 0.5 0.125 0.6 0 0.425 0.375 0.975 0.275 0.3 0.225 0.075 0.65 0.25 
7790    0.4 0.4 0.4 0.2 0.6 0  5.01645 0.925 0.475 0.125 0.8 0.5 0.775 0.8 0.75 0.975 0.6 0.825 0.4 0.125 0.6 0 0.425 0.375 0.975 0.275 0.3 0.225 0.075 0.9 0.25 
7795    0.4 0.4 0.4 0.2 0.8 0  4.95883 0.925 0.475 0.4 0.8 0.5 0.775 0.8 0.75 0.375 0.525 0.8 0.5 0.125 0.6 0 0.425 0.375 0.975 0.275 0.225 0.225 0.075 0.55 0.25 
7803    0.4 0.4 0.4 0.4 0 0.6  5.69725 0.925 0.475 0.475 0.825 0.5 0.775 0.8 0.175 0.7 0.6 0.45 0.6 0.125 0.6 0 0.425 0.375 0.225 0.275 0.3 0.225 0.075 0.875 0.25 
7804    0.4 0.4 0.4 0.4 0 0.8  6.48343 0.95 0.475 0.4 0.8 0.5 0.775 0.8 0.75 0.375 0.6 0.8 0.5 0.125 0.675 0 0.425 0.375 0.975 0.675 0.3 0.225 0.075 0.55 0.25 
7807    0.4 0.4 0.4 0.4 0.2 0.4  6.02152 0.925 0.475 0.475 0.875 0.5 0.775 0.8 0.625 0.975 0.6 0.45 0.925 0.125 0.6 0 0.425 0.375 0.225 0.275 0.3 0.225 0.075 0.875 0.25 
7808    0.4 0.4 0.4 0.4 0.2 0.6  6.54348 0.925 0.225 0.475 0.575 0.175 0.9 0.8 0.375 0.375 0.775 0.45 0.5 0.125 0.6 0 0.425 0.375 0.175 0.275 0.3 0.225 0.075 0.425 0.95 
7809    0.4 0.4 0.4 0.4 0.2 0.8  5.94896 1 0.475 0.475 0.5 0.225 0.775 0.8 0.05 0.55 0.6 0.45 0.1 0.125 0.2 0 0.425 0.375 0.225 0.275 0.325 0.225 0.075 0.875 0.25 
7811    0.4 0.4 0.4 0.4 0.4 0.2  6.2541 0.9 0.15 0.65 0.625 0.775 0.025 0.375 0.4 0.55 0.55 0.275 0.3 0.225 0.175 0.425 0.625 1 0.1 0.05 0.825 0.9 0.4 0.675 0.2 
7812    0.4 0.4 0.4 0.4 0.4 0.4  6.65238 0.925 0.475 0.475 0.575 0.5 0.775 0.8 0.025 0.975 0.6 0.55 0.5 0.225 0.6 0 0.325 0.375 0.225 0.15 0.3 0.225 0.075 0.55 0.1 
7813    0.4 0.4 0.4 0.4 0.4 0.6  6.46725 1 0.825 0.4 0.8 0.5 0.45 0.8 0.75 0.975 0.6 0.8 0.5 0.5 0.6 0 0.425 0.375 0.975 0.275 0.3 0.225 0.075 0.55 0.25 
7815    0.4 0.4 0.4 0.4 0.6 0  5.48395 0.925 0.475 0.7 0.5 0.5 0.475 0.8 0.025 0.975 0.35 0.575 0.5 0.6 0.6 0 0.425 0.375 0.225 0.3 0.3 0.025 0.075 0.55 0.1 
7816    0.4 0.4 0.4 0.4 0.6 0.2  6.00635 0.975 0.475 0.475 0.5 0.5 0.775 0.975 0.75 0.975 0.525 0.45 0.5 0.125 0.025 0 0.425 0.375 0.225 0.275 0.325 0.075 0.075 0.875 0.25 
7817    0.4 0.4 0.4 0.4 0.6 0.4  5.95611 0.925 0.475 0.475 0.5 0.5 0.475 0.8 0.025 0.975 0.6 0.575 0.5 0.125 0.6 0 0.425 0.375 0.225 0.3 0.3 0.05 0.075 0.55 0.1 
7820    0.4 0.4 0.4 0.4 0.8 0  5.79448 0.925 0.475 0.475 0.575 0.225 0.775 0.8 0.85 0.975 0.6 0.45 0.5 0.125 0.175 0 0.425 0.375 0.225 0.275 0.325 0.225 0.075 0.875 0.25 
7821    0.4 0.4 0.4 0.4 0.8 0.2  6.13546 0.925 0.225 0.475 0.575 0.5 0.9 0.8 0.375 0.975 0.775 0.775 0.35 0.025 0.6 0 0.425 0.4 0.375 0.275 0.3 1 0.075 0.55 0.95 
7829    0.4 0.4 0.4 0.6 0 0.8  6.09535 0.925 0.475 0.475 0.5 0.5 0.475 0.8 0.025 0.975 0.6 0.575 0.5 0.95 0.6 0 0.425 0.375 0.225 0.3 0.3 0.05 0.075 0.55 0.1 
7833    0.4 0.4 0.4 0.6 0.2 0.6  5.75738 0.925 0.225 0.475 0.5 0.5 0.9 0.85 0.7 0.15 0.775 0.75 0.35 0.125 0.6 0 0.975 0.375 0.375 0.275 0.3 0.225 0.075 0.55 0.95 
7834    0.4 0.4 0.4 0.6 0.2 0.8  5.35506 0.925 0.475 0.475 0.575 0.5 0.775 0.8 0.75 0.975 0.65 0.45 0.5 0.125 0.6 0 0.425 0.375 0.225 0.275 0.325 0.225 0.075 0.875 0.25 
7837    0.4 0.4 0.4 0.6 0.4 0.4  5.85498 1 0.475 0.4 0.8 0.5 0.775 0.8 0.2 0.975 0.825 0.925 0.5 0.125 0.6 0 0.425 0.375 0.975 0.275 0.3 0.225 0.075 0.65 0.25 
7838    0.4 0.4 0.4 0.6 0.4 0.6  6.02234 1 0.475 0.475 0.5 0.225 0.775 0.8 0.85 0.975 0.6 0.45 0.1 0.125 0.175 0 0.425 0.375 0.225 0.275 0.325 0.225 0.075 0.875 0.25 
7841    0.4 0.4 0.4 0.6 0.6 0.2  5.4693 0.925 0.475 0.475 0.575 0.5 0.775 0.8 0.75 0.975 0.6 0.45 0.5 0.125 0.625 0 0.425 0.375 0.225 0.275 0.3 0.225 0.075 0.875 0.25 
7842    0.4 0.4 0.4 0.6 0.6 0.4  5.09665 0.925 0.9 0.475 0.575 0.5 0.775 0.8 0.75 0.975 0.6 0.45 0.5 0.125 0.6 0 0.425 0.375 0.225 0.275 0.3 0.225 0.075 0.55 0.25 
7845    0.4 0.4 0.4 0.6 0.8 0  6.2622 0.925 0.475 0.475 0.575 0.5 0.775 0.8 0.175 0.7 0.6 0.45 0.6 0.125 0.6 0 0.425 0.375 0.225 0.275 0.3 0.225 0.075 0.875 0.25 
7846    0.4 0.4 0.4 0.6 0.8 0.2  5.71331 0.925 0.275 0.475 0.575 0.5 0.375 0.8 0.25 0.975 0.6 0.45 0.5 0.125 0.6 0 0.425 0.375 0.225 0.275 0.275 0.225 0.075 0.55 0.25 
7904    0.4 0.4 0.6 0.2 0 0.8  5.14838 0.925 0.475 0.4 0.8 0.5 0.775 0.8 0.75 0.975 0.6 0.925 0.5 0.125 0.6 0 0.425 0.375 0.975 0.275 0.3 0.225 0.075 0.8 0.25 
7908    0.4 0.4 0.6 0.2 0.2 0.6  4.52403 0.925 0.475 0.4 0.8 0.525 0.775 0.975 0.75 0.975 0.6 0.925 0.5 0.125 0.6 0 0.425 0.375 0.975 0.275 0.3 0.225 0.075 0.8 0.25 
7909    0.4 0.4 0.6 0.2 0.2 0.8  4.94884 0.925 0.475 0.475 0.575 0.225 0.775 0.8 0.55 0.975 0.6 0.45 0.5 0.125 0.175 0 0.425 0.375 0.225 0.275 0.325 0.225 0.075 0.875 0.25 
7915    0.4 0.4 0.6 0.2 0.6 0  4.44715 0.85 0.475 0.475 0.575 0.5 0.775 0.8 0.75 0.975 0.5 0.9 0.5 0.125 0.6 0 0.425 0.375 0.225 0.275 0.325 0.15 0.075 0.875 0.25 
7916    0.4 0.4 0.6 0.2 0.6 0.2  5.72289 1 0.225 0.4 0.8 0.5 0.775 0.8 0.2 0.975 0.825 0.925 0.5 0.125 0.6 0 0.375 0.375 0.975 0.275 0.3 0.225 0.175 0.65 0.25 
7917    0.4 0.4 0.6 0.2 0.6 0.4  4.71354 0.925 0.475 0.4 0.8 0.5 0.775 0.975 0.75 0.975 0.6 0.625 0.5 0.125 0.6 0 0.425 0.375 0.975 0.275 0.3 0.225 0.075 0.8 0.275 
7920    0.4 0.4 0.6 0.2 0.8 0  5.56333 0.9 0.15 0.65 0.625 0.65 0.025 0.375 0.325 0.625 0.625 1 0.2 0 0.575 0.425 0.15 1 0.1 0.475 0.575 0.4 0.15 0.35 0.2 
7929    0.4 0.4 0.6 0.4 0 0.8  5.82676 0.925 0.475 0.475 0.5 0.5 0.475 0.8 0.025 0.975 0.6 0.575 0.825 0.125 0.6 0 0.425 0.375 0.85 0.3 0.3 0.025 0.075 0.55 0.55 
7933    0.4 0.4 0.6 0.4 0.2 0.6  4.11881 0.925 0.575 0.2 0.775 0.5 0.775 0.8 0.75 0.975 0.6 0.45 0.5 0.25 0.6 0 0.425 0.375 0.225 0.275 0.3 0.225 0.5 0.175 0.525 
7934    0.4 0.4 0.6 0.4 0.2 0.8  4.91881 0.925 0.475 0.475 0.375 0.225 0.775 0.8 0.85 0.7 0.6 0.45 0.5 0.125 0.175 0 0.425 0.375 0.225 0.275 0.375 0.225 0.075 0.875 0.35 
7936    0.4 0.4 0.6 0.4 0.4 0.2  4.84383 0.9 0.775 0.825 0.625 0.95 0.025 0.375 0.4 0.4 0.625 0.25 0.45 0.225 0.575 0.425 0.15 0.8 0.1 0.825 0.825 0.8 0.1 0.675 0.2 
7937    0.4 0.4 0.6 0.4 0.4 0.4  5.78375 0.925 0.475 0.475 0.45 0.225 0.775 0.8 0.85 0.975 0.6 0.45 0.1 0.125 0.175 0 0.425 0.375 0.225 0.125 0.325 0.225 0.075 0.875 0.25 
7942    0.4 0.4 0.6 0.4 0.6 0.4  4.19796 0.925 0.475 0.475 0.575 0.75 0.775 0.8 0.75 0.975 0.2 0.45 0.5 0.125 0.6 0 0.425 0.475 0.225 0.275 0.3 0 0.075 0.95 0.65 
7945    0.4 0.4 0.6 0.4 0.8 0  4.61756 0.925 0.475 0.3 0.8 0.5 0.35 0.775 0.75 0.975 0.6 0.975 0.5 0.125 0.6 0 0.425 0.375 0.975 0.275 0.3 0.225 0.075 0.55 0.25 
7946    0.4 0.4 0.6 0.4 0.8 0.2  5.36796 0.925 0.475 0.7 0.5 0.5 0.475 0.8 0.025 0.975 0.35 0.575 0.5 0.125 0.6 0 0.425 0.375 0.225 0.3 0.3 0.025 0.075 0.55 0.1 
8229    0.4 0.6 0 0.8 0 0.8  5.71945 1 0.15 0.65 0.625 0.95 0.025 0.375 0.4 0.925 0.95 0.25 0.725 0.25 0.575 0.425 0.15 0.325 0.1 0.05 0.825 0.775 0.1 0.675 0.2 
8233    0.4 0.6 0 0.8 0.2 0.6  6.50551 1 0.35 0.65 0.65 0.95 0.025 0.375 0.4 0.925 0.625 0.25 0.725 0.65 0.575 0.425 0.15 0.325 0.1 0.05 0.825 0.775 0.1 0.675 0.2 
8234    0.4 0.6 0 0.8 0.2 0.8  5.88544 0.95 0.15 0.65 0.625 0.95 0.025 0.375 0.4 0.925 0.625 0.25 0.925 0.25 0.575 0.425 0.15 0.325 0.1 0.05 0.825 0.775 0.1 0.2 0.2 
8237    0.4 0.6 0 0.8 0.4 0.4  5.45783 0.925 0.025 0.475 0.575 0.5 0.775 0.8 0.75 0.475 0.775 0.45 0.5 0.775 0.6 0.775 0.425 0.375 0.225 0.275 0.3 0.225 0.075 0.55 0.95 
8241    0.4 0.6 0 0.8 0.6 0.2  5.09758 0.925 0.475 0.475 0.575 0.85 0.775 0.8 0.75 0.975 0.6 0.45 0.5 0.125 0.6 0 0.55 0.375 0.225 0.275 0.3 0.225 0.075 0.55 0.25 
8245    0.4 0.6 0 0.8 0.8 0  5.42616 0.9 0.15 0.65 0.625 0.95 0.025 0.375 0.4 0.925 0.625 0.55 0.95 0.85 0.575 0.425 0.15 1 0.1 0.05 0.65 0.775 0.1 0.425 0.15 
8246    0.4 0.6 0 0.8 0.8 0.2  5.42123 0.9 0.15 0.65 0.625 0.95 0.025 0.375 0.4 0.625 0.8 0.25 0.725 0.85 0.575 0.425 0.15 1 0.1 0.05 0.65 0.775 0.1 0.425 0.2 
8304    0.4 0.6 0.2 0.4 0 0.8  5.164 0.925 0.475 0.475 0 0.5 0.775 0.8 0.6 0.975 0.6 0.45 0.5 0.125 0.6 0 0.425 0.375 0.225 0.275 0.3 0.225 0.075 0.55 0.25 
8309    0.4 0.6 0.2 0.4 0.2 0.8  5.47622 0.95 0.475 0.475 0.35 0.275 0.775 0.8 0.85 0.975 0.55 0.3 0.5 0.125 0.6 0 0.425 0.375 0.225 0.275 0.4 0.275 0.075 0.15 0.375 
8320    0.4 0.6 0.2 0.4 0.8 0  6.0995 1 0.475 0.4 0.85 0.5 0.775 0.8 0.2 0.975 0.825 0.925 0.925 0.125 0.6 0 0.425 0.375 0.975 0.275 0.3 0.225 0.075 0.65 0.25 
8329    0.4 0.6 0.2 0.6 0 0.8  5.95685 1 0.475 0.4 0.8 0.5 0.775 0.8 0.2 0.975 0.825 0.925 0.5 0.225 0.6 0 0.425 0.375 0.55 0.275 0.3 0.225 0.075 0.65 0.25 
8332    0.4 0.6 0.2 0.6 0.2 0.4  5.92574 0.925 0.475 0.475 0.575 0.5 0.775 0.8 0.75 0.975 0.65 0 0.8 0.125 0.6 0 0.425 0.375 0.225 0.275 0.325 0.225 0.95 0.875 0.25 
8333    0.4 0.6 0.2 0.6 0.2 0.6  5.71559 0.95 0.475 0.475 0.075 0.525 0.775 0.8 0.75 0.975 0.55 0.3 0.5 0.125 0.6 0 0.425 0.375 0.75 0.275 0.4 0.275 0.075 0.85 0.375 
8334    0.4 0.6 0.2 0.6 0.2 0.8  5.4516 0.925 0.475 0.475 0.575 0.5 0.775 0.8 0.025 0.975 0.6 0.75 0.5 0.125 0.6 0 0.425 0.375 0.225 0.15 0.3 0.225 0.075 0.55 0.1 
8337    0.4 0.6 0.2 0.6 0.4 0.4  5.78403 0.925 0.475 0.425 0.575 0.5 0.775 0.8 0.575 0.525 0.675 0.45 0.35 0.425 0.6 0 0.425 0.925 0.225 0.275 0.3 0.175 0.325 0.55 0.175 
8338    0.4 0.6 0.2 0.6 0.4 0.6  5.8779 0.9 0.15 0.65 0.625 0.675 0.025 0.375 0.4 0.925 0.625 0.25 0.725 0.85 0.575 0.425 0.625 1 0.1 0.05 0.65 0.775 0.275 0.5 0.2 
8341    0.4 0.6 0.2 0.6 0.6 0.2  5.78239 1 0.575 0.65 0.625 0.675 0.025 0.375 0.05 0.925 0.625 0.25 0.725 0.525 0.575 0.3 0.15 0.325 0.1 0.05 0.825 0.775 0.25 0.675 0.2 
8342    0.4 0.6 0.2 0.6 0.6 0.4  5.43488 0.925 0.425 0.425 0.575 0.5 0.775 0.8 0.575 0.525 0.675 0.45 0.35 0.125 0.6 0.025 0.425 0.925 0.225 0.275 0.3 0.225 0.325 0.55 0.175 
8345    0.4 0.6 0.2 0.6 0.8 0  5.90267 0.9 0.15 0.65 0.625 0.675 0.025 0.375 0.4 0.925 0.625 0.25 0.725 0.225 0.575 0.425 0.625 1 0.1 0.05 0.65 0.775 0.275 0.5 0.2 
8346    0.4 0.6 0.2 0.6 0.8 0.2  5.77066 1 0.225 0.475 0.575 0.5 0.775 0.8 0.75 0.975 0.775 0.925 0.5 0.15 0.6 0 0.425 0.175 0.9 0.275 0.3 0.225 0.075 0.525 0.95 
8353    0.4 0.6 0.2 0.8 0 0.6  5.95702 0.95 0.15 0.65 0.625 0.95 0.025 0.125 0.4 0.925 0.625 0.25 0.725 0.25 0.575 0.425 0.15 0.325 0.1 0.05 0.825 0.775 0.1 0.675 0.2 
8354    0.4 0.6 0.2 0.8 0 0.8  5.98189 1 0.075 0.65 0.625 0.475 0.025 0.375 0.4 0.925 0.775 0.25 0.725 0.85 0.575 0.425 0.15 0.325 0.125 0.05 0.825 0.775 0.225 0.675 0.225 
8358    0.4 0.6 0.2 0.8 0.2 0.6  5.19757 0.925 0.225 0.475 0.575 0.5 0.775 0.8 0.65 0.975 0.775 0.45 0.425 0.125 0.6 0.25 0.425 0.225 0.375 0.275 0.225 0.225 0.15 0.55 0.95 
8359    0.4 0.6 0.2 0.8 0.2 0.8  5.31455 0.925 0.475 0.475 0.575 0.3 0.775 0.8 0.75 0.975 0.55 0.45 0.5 0.125 0.6 0 0.425 0.375 0.225 0.275 0.3 0.325 0.075 0.55 0.25 
8363    0.4 0.6 0.2 0.8 0.4 0.6  5.78154 0.9 0.15 0.65 0.625 0.95 0.125 0.375 0.05 0.725 0.625 0.45 0.95 0.85 0.575 0.425 0.15 1 0.1 0.05 0.65 0.775 0.1 0.425 0.2 
8367    0.4 0.6 0.2 0.8 0.6 0.4  5.18096 0.9 0.15 0.65 0.625 0.7 0.025 0.375 0.85 0.625 0.625 0.375 0.525 0.225 0.575 0.425 0.15 1 0.1 0.475 0.825 0.4 0.1 0.675 0.2 
8370    0.4 0.6 0.2 0.8 0.8 0  5.82747 0.9 0.15 0.65 0.625 0.7 0.025 0.375 0.4 0.625 0.7 1 0.2 0.225 0.575 0.425 0.15 1 0.1 0.475 0.825 0.4 0.15 0.675 0.2 
8429    0.4 0.6 0.4 0.4 0 0.8  5.55191 0.925 0.275 0.475 0.7 0.05 0.9 0.8 0.75 0.975 0.075 0.5 0.5 0.1 0.025 0.075 0.425 0.2 0.425 0.275 0.3 0.225 0.075 0.55 0.25 
8433    0.4 0.6 0.4 0.4 0.2 0.6  6.21874 0.925 0.475 0.475 0.5 0.5 0.475 0.8 0.025 0.975 0.6 0.575 0.5 0.125 0.6 0 0.425 0.375 0.225 0.3 0.3 0.025 0.075 0.55 0.1 
8434    0.4 0.6 0.4 0.4 0.2 0.8  5.18125 0.925 0.475 0.475 0.45 0.225 0.775 0.8 0.85 0.975 0.6 0.45 0.1 0.125 0.175 0 0.425 0.375 0.225 0.275 0.325 0.225 0.075 0.875 0.25 
8437    0.4 0.6 0.4 0.4 0.4 0.4  5.10337 0.95 0.475 0.475 0.575 0.5 0.7 0.8 0.525 0.975 0.2 0.3 0.5 0.125 0.6 0 0.425 0.375 0.225 0.275 0.3 0.275 0.075 0.55 0.25 
8441    0.4 0.6 0.4 0.4 0.6 0.2  5.53767 0.925 0.225 0.475 0.575 0.5 0.9 0.85 0.1 0.6 0.775 0.75 0.35 0.125 0.6 0 0.975 0.375 0.3 0.275 0.3 0.225 0.075 0.55 0.95 
8442    0.4 0.6 0.4 0.4 0.6 0.4  5.19194 0.925 0.475 0.475 0.575 0.5 0.775 0.8 0.05 0.975 0.375 0.45 0.5 0.125 0.625 0 0.425 0.375 0.225 0.275 0.3 0.225 0.075 0.875 0.25 
8445    0.4 0.6 0.4 0.4 0.8 0  4.188 0.95 0.475 0.475 0.575 0.5 0.7 0.8 0.575 0.975 0.2 0.3 0.5 0.125 0.1 0 0.425 0.375 0.225 0.275 0.3 0.275 0.075 0.55 0.25 
8454    0.4 0.6 0.4 0.6 0 0.8  5.35082 0.95 0.475 0.475 0.65 0.5 1 0.8 0.75 0.45 0.6 0.45 0.475 0.125 0.6 0 0.425 0.925 0.225 0.925 0.3 0.225 0.075 0.075 0.25 
8458    0.4 0.6 0.4 0.6 0.2 0.6  4.03186 0.925 0.475 0.025 0.575 0.5 1 0.8 0.225 0.975 0.6 0.45 0.5 0.575 0.6 0 0.425 0.375 0.225 0.275 0.3 0.225 0.075 0.55 0.9 
8459    0.4 0.6 0.4 0.6 0.2 0.8  4.61015 1 0.475 0.65 0.5 0.225 0.775 0.8 0.05 0.55 0.6 0.45 0.1 0.125 0.2 0 0.425 0.375 0.225 0.275 0.325 0.225 0.075 0.875 0.25 
8466    0.4 0.6 0.4 0.6 0.6 0.2  5.18642 0.925 0.475 0.475 0.575 0.5 0.775 0.8 0.175 0.7 0.6 0.45 0.6 0.125 0.6 0 0.425 0.375 0.225 0.275 0.3 0.225 0.925 0.875 0.25 
8470    0.4 0.6 0.4 0.6 0.8 0  5.92592 0.9 0.15 0.65 0.625 0.025 0.025 0.125 0.4 0.75 0.95 0.25 0.75 0.225 0.9 0.425 0.15 1 0.05 0.05 0.825 0.8 0.1 0.625 0.2 
8471    0.4 0.6 0.4 0.6 0.8 0.2  5.3544 0.9 0.15 0.65 0.725 0.95 0.025 0.375 0.5 0.55 0.625 0.275 0.175 0.225 0.575 0.425 0.625 1 0.1 0.475 0.825 0.8 0.4 0.675 0.2 
8529    0.4 0.6 0.6 0.2 0 0.8  5.0366 0.925 1 0.475 0.575 0.925 0.775 0.8 0.75 0.975 0.6 0.45 0.5 0.125 0.6 0.825 0.425 0.375 0.225 0.275 0.3 0.225 0.7 0.15 0.25 
8534    0.4 0.6 0.6 0.2 0.2 0.8  4.75831 0.925 0.475 0.475 0.575 0.225 0.775 0.8 0.85 0.7 0.6 0.45 0.5 0.125 0.175 0 0.425 0.375 0.225 0.275 0.325 0.225 0.075 0.875 0.25 
8554    0.4 0.6 0.6 0.4 0 0.8  5.03327 0.925 0.475 0.3 0.575 0.65 0.775 0.8 0.75 0.975 0.2 0.45 0.5 0.125 0.95 0 0.425 0.475 0.225 0.175 0.3 0.275 0.075 0.95 0.25 
8566    0.4 0.6 0.6 0.4 0.6 0.2  3.26312 0.6 0.25 0.1 0.7 0.275 0.775 0.8 0.75 0.975 0.6 0.45 0.5 0.475 0.025 0 0.425 0.375 0.425 0.275 0.3 0.25 0.075 0.55 0 
9562    0.6 0 0.2 0.4 0.4 0.4  4.78907 0.9 0.15 0.65 0.625 0.95 0.025 0.375 0.4 0.475 0.625 0.25 0.5 0.55 0.675 0.425 0.15 0.9 0.1 0.05 0.8 0.95 0.1 0.675 0.2 
9586    0.6 0 0.2 0.6 0.4 0.2  4.97097 0.925 0.475 0.3 0.575 0.5 0.775 0.8 0.175 0.975 0.2 0.45 0.5 0.125 0.6 0 0.425 0.475 0.225 0.775 0.3 0.275 0.075 0.95 0.25 
9595    0.6 0 0.2 0.6 0.8 0  5.34381 0.9 0.15 0.65 0.625 0.8 0.025 0.375 0.4 0.55 0.525 0.275 0.3 0.225 0.6 0.425 0.625 1 0.1 0.05 0.825 0.9 0.4 0.675 0.2 
9620    0.6 0 0.2 0.8 0.8 0  5.39359 0.9 0.15 0.65 0.625 0.95 0.025 0.375 0.4 0.45 0.8 0.275 0.3 0.225 0.6 0.425 0.625 1 0.1 0.05 0.825 0.8 0.4 0.675 0.2 
9658    0.6 0 0.4 0.2 0.2 0.6  4.17136 0.925 0.475 0.475 0.575 0.5 0.775 0.8 0.75 0.975 0.2 0.4 0.5 0.125 0.6 0 0.425 0.475 0.25 0.275 0.3 0.275 0.075 0.95 0.65 
9662    0.6 0 0.4 0.2 0.4 0.4  5.17367 0.925 0.475 0.475 0.575 0.5 0.775 0.8 0.775 0.975 0.2 0.45 0.5 0.125 0.6 0 0.425 0.475 0.225 0.275 0.3 0.275 0.075 0.95 0.65 
9683    0.6 0 0.4 0.4 0.2 0.6  4.92039 0.925 0.475 0.125 0.8 0.5 0.55 0.8 0.825 0.975 0.6 0.425 0.375 0.125 0.6 0 0.425 0.025 0.975 0.175 0.3 0.225 0.525 0.45 0.25 
9691    0.6 0 0.4 0.4 0.6 0.2  4.93753 0.925 0.475 0.3 0.575 0.5 0.775 0.8 0.75 0.975 0.2 0.45 0.5 0.125 0.6 0 0.425 0.475 0.225 0.775 0.3 0.275 0.075 0.95 0.25 
9695    0.6 0 0.4 0.4 0.8 0  4.63771 0.9 0.1 0.825 0.85 0.95 0.275 0.375 0.4 0.625 0.625 0.45 0.2 0.225 0.575 0.425 0.15 0.225 0.175 0.825 0.825 0.8 0.175 0.625 0.2 
9716    0.6 0 0.4 0.6 0.6 0.2  5.19439 0.9 0.1 0.825 0.625 0.95 0.275 0.375 0.4 0.625 0.625 0.25 0.2 0.225 0.575 0.425 0.15 0.225 0.175 0.825 0.825 0.8 0.175 0.675 0.2 
9720    0.6 0 0.4 0.6 0.8 0  5.30248 0.9 0.1 0.825 0.625 0.95 0.275 0.375 0.4 0.625 0.6 0.25 0.2 0.225 0.575 0.425 0.15 0.225 0.175 0.825 0.825 0.8 0.175 0.675 0.2 
10083    0.6 0.2 0 0.6 0.2 0.6  4.24818 0.925 0.475 0.025 0.575 0.625 0.775 0.8 0.75 0.975 0.6 0.45 0.475 0.575 0.6 0 0.425 0.375 0.775 0.275 0.3 0.1 0.075 0.55 0.3 
10095    0.6 0.2 0 0.6 0.8 0  5.54093 0.925 0.475 0.025 0.55 0.5 0.25 0.025 0.6 0.975 0.6 0.45 0.1 0.575 0.6 0 0.425 0.375 0.225 0.275 0.3 0.225 0.075 0.725 0.9 
10096    0.6 0.2 0 0.6 0.8 0.2  5.03683 0.975 0.15 0.65 0.625 0.95 0.25 0.4 0.4 0.625 0.625 0.25 0.9 0.925 0.575 0.425 0.15 1 0.1 0.1 0.825 0.6 0.05 0.675 0.2 
10104    0.6 0.2 0 0.8 0 0.8  5.59359 0.9 0.25 0.65 0.625 0.95 0.025 0.375 0.4 0.625 0.625 0.15 0.2 0.275 0.575 0.425 0.625 1 0.1 0.675 0.825 0.8 0.4 0.675 0.2 
10107    0.6 0.2 0 0.8 0.2 0.4  5.60389 0.9 0.15 0.65 0.625 0.95 0.025 0.375 0.4 0.625 0.775 0.275 0.3 0.225 0.6 0.425 0.625 1 0.1 0.05 0.825 0.8 0.4 0.675 0.175 
10108    0.6 0.2 0 0.8 0.2 0.6  5.84929 0.9 0.15 0.65 0.625 0.95 0.025 0.375 0.4 0.625 0.05 0.275 0.3 0.025 0.6 0.425 0.625 1 0.1 0.05 0.825 0.8 0.4 0.675 0.2 
10111    0.6 0.2 0 0.8 0.4 0.2  5.91 0.9 0.15 0.65 0.625 0.95 0.025 0.375 0.4 0.625 0.625 0.15 0.2 0.225 0.575 0.425 0.625 1 0.1 0.675 0.825 0.8 0.4 0.675 0.2 
10112    0.6 0.2 0 0.8 0.4 0.4  5.01655 0.775 0.25 0.65 0.625 0.95 0.025 0.375 0.4 0.625 0.625 0.15 0.2 0.275 0.575 0.425 0.7 1 0.1 0.675 0.825 0.8 0.675 0.675 0.2 
10116    0.6 0.2 0 0.8 0.6 0.2  5.16586 0.9 0.15 0.65 0.625 0.95 0.025 0.375 0.4 0.75 0.625 0.25 0.1 0.225 0.575 0.425 0.15 1 0.75 0.05 0.825 0.5 0.4 0.675 0.2 
10117    0.6 0.2 0 0.8 0.6 0.4  4.64935 0.925 0.475 0.025 0.55 0.5 0.05 0.8 0.6 0.975 0.6 0.45 0.475 0.575 0.6 0 0.425 0.375 0.225 0.275 0.3 0.225 0.075 0.55 0.9 
10120    0.6 0.2 0 0.8 0.8 0  5.86754 1 0.15 0.65 0.625 0.95 0.025 0.375 0.4 0.75 0.625 0.825 0.725 0.225 0.575 0.425 0.15 1 0.75 0.05 0.825 0.65 0.4 0.675 0.2 
10121    0.6 0.2 0 0.8 0.8 0.2  5.45572 0.9 0.15 0.65 0.625 0.95 0.025 0.375 0.4 0.75 0.625 0.25 0.1 0.225 0.575 0.425 0.15 1 0.75 0.05 0.825 0.65 0.4 0.675 0.2 
10170    0.6 0.2 0.2 0.2 0.8 0  4.17903 0.925 0.475 0.3 0.575 0.5 0.775 0.8 0.75 0.975 0.2 0.45 0.5 0.125 0.6 0 0.425 0.475 0.925 0.775 0.3 0.275 0.075 0.95 0.25 
10179    0.6 0.2 0.2 0.4 0 0.8  5.23691 0.925 0.475 0.125 0.8 0.5 0.55 0.8 0.825 0.975 0.6 0.975 0.375 0.125 0.6 0 0.425 0.025 0.975 0.175 0.3 0.225 0.525 0.45 0.25 
10183    0.6 0.2 0.2 0.4 0.2 0.6  4.80291 0.925 0.475 0.225 0.575 0.5 0.775 0.8 0.75 0.7 0.025 0.375 0.5 0.55 0.7 0 0.425 0.375 0.225 0.275 0.3 0.225 0.075 0.875 1 
10184    0.6 0.2 0.2 0.4 0.2 0.8  3.97145 0.775 0.475 0.475 0.575 0.5 0.775 0.8 0.6 0.975 0.025 0.375 0.5 0.55 0.6 0 0.425 0.375 0.15 1 0.325 0.225 0.075 0.875 1 
10187    0.6 0.2 0.2 0.4 0.4 0.4  5.13316 0.925 0.475 0.475 0.575 0.5 0.775 0.8 0.55 0.975 0.2 0.375 0.5 0.55 0.6 0 0.425 0.375 0.225 1 0.325 0.225 0.075 0.875 0.65 
10188    0.6 0.2 0.2 0.4 0.4 0.6  5.03853 0.925 0.475 0.4 0.8 0.5 0.45 0.8 0.75 0.975 0.6 0.8 0.5 0.5 0.6 0 0.425 0.375 0.975 0.275 0.3 0.225 0.075 0.25 0.25 
10190    0.6 0.2 0.2 0.4 0.6 0  5.30994 0.925 0.475 0.125 0.8 0.5 0.775 0.8 0.75 0.975 0.6 0.825 0.4 0.125 0.6 0 0.425 0.375 0.975 0.275 0.3 0.225 0.075 0.375 0.25 
10191    0.6 0.2 0.2 0.4 0.6 0.2  5.66706 0.9 0.15 0.65 0.625 0.1 0.425 0.375 0.4 0.625 0.625 0.5 0.525 0.225 0.575 0.425 0.15 0.775 0.1 0.475 0.775 0.4 0.1 0.675 0.2 
10192    0.6 0.2 0.2 0.4 0.6 0.4  5.92035 1 0.425 0.4 0.8 0.5 0.45 0.8 0.75 0.975 0.6 0.8 0.5 0.5 0.6 0 0.425 0.375 0.975 0.275 0.3 0.225 0.075 0.55 0.25 
10195    0.6 0.2 0.2 0.4 0.8 0  4.85291 0.925 0.475 0.475 0.575 0.5 0.775 0.8 0.75 0.975 0.025 0.375 0.5 0.55 0.6 0 0.425 0.375 0.225 0.275 0.3 0.225 0.075 0.875 1 
10196    0.6 0.2 0.2 0.4 0.8 0.2  5.63616 0.925 0.475 0.475 0.875 0.5 0.775 0.8 0.625 0.975 0.6 0.45 0.925 0.125 0.6 0 0.425 0.375 0.225 0.9 0.3 0.225 0.075 0.875 0.25 
10203    0.6 0.2 0.2 0.6 0 0.6  5.52436 0.9 0.1 0.825 0.625 0.95 0.275 0.375 0.9 0.625 0.825 0.4 0.2 0.225 0.575 0.425 0.15 0.85 0.1 0.825 0.825 0.8 0.1 0.675 0.2 
10204    0.6 0.2 0.2 0.6 0 0.8  5.4871 0.9 0.1 0.825 0.625 0.95 0.275 0.375 0.9 0.625 0.825 0.4 0.2 0.225 0.575 0.425 0.15 0.225 0.1 0.825 0.825 0.8 0.1 0.675 0.2 
10207    0.6 0.2 0.2 0.6 0.2 0.4  5.05864 0.925 0.475 0.475 0.575 0.5 0.775 0.8 0.6 0.975 0.025 0.375 0.5 0.55 0.6 0 0.425 0.375 0.225 1 0.325 0.225 0.075 0.925 1 
10208    0.6 0.2 0.2 0.6 0.2 0.6  5.93266 0.9 0.1 0.825 0.725 0.95 0.275 0.375 0.4 0.625 0.825 0.4 0.2 0.225 0.825 0.425 0.15 0.225 0.1 0.825 0.825 0.8 0.1 0.675 0.2 
10209    0.6 0.2 0.2 0.6 0.2 0.8  5.80822 1 0.475 0.175 0.8 0.525 0.45 0.8 0.75 0.975 0.6 0.8 0.225 0.5 0.6 0 0.425 0.375 0.975 0.275 0.3 0.225 0.075 0.55 0.25 
10211    0.6 0.2 0.2 0.6 0.4 0.2  5.59142 0.9 0.1 0.825 0.725 0.95 0.275 0.375 0.4 0.625 0.825 0.4 0.2 0.225 0.9 0.425 0.15 0.225 0.1 0.825 0.825 0.8 0.1 0.675 0.2 
10212    0.6 0.2 0.2 0.6 0.4 0.4  5.62834 0.925 0.475 0.475 0.575 0.5 0.775 0.8 0.55 0.975 0.6 0.45 0.5 0.125 0.6 0 0.425 0.375 0.225 0.8 0.325 0.225 0.075 0.875 0.25 
10213    0.6 0.2 0.2 0.6 0.4 0.6  6.18499 0.925 0.475 0.475 0.575 0.5 0.775 0.8 0.025 0.975 0.6 0.55 0.5 0.125 0.6 0 0.425 0.375 0.225 0.15 0.3 0.225 0.075 0.55 0.1 
10215    0.6 0.2 0.2 0.6 0.6 0  4.97616 0.9 0.15 0.65 0.625 0.95 0.025 0.375 0.4 0.475 0.625 0.25 0.625 0.975 0.575 0.425 0.725 0.925 0.1 0.05 0.8 0.8 0.1 0.675 0.2 
10216    0.6 0.2 0.2 0.6 0.6 0.2  5.95503 0.9 0.1 0.825 0.725 0.95 0.275 0.375 0.4 0.625 0.825 0.4 0.2 0.325 0.825 0.425 0.15 0.225 0.1 0.825 0.825 0.8 0.1 0.675 0.2 
10217    0.6 0.2 0.2 0.6 0.6 0.4  5.81917 0.975 0.475 0.475 0.575 0.5 0.775 0.8 0.75 0.975 0.6 0.45 0.5 0.2 0.025 0 0.425 0.375 0.225 0.1 0.325 0.225 0.075 0.875 0.1 
10220    0.6 0.2 0.2 0.6 0.8 0  5.85498 0.925 0.475 0.425 0.575 0.5 0.775 0.8 0.75 0.975 0.6 0.45 0.5 0.125 0.3 0 0.425 0.375 0.225 0.275 0.3 0.225 0.475 0.55 0.25 
10221    0.6 0.2 0.2 0.6 0.8 0.2  5.71189 0.975 0.475 0.475 0.575 0.5 0.775 0.8 0.75 0.8 0.6 0.45 0.5 0.2 0.025 0 0.425 0.375 0.55 0.1 0.325 0.225 0.075 0.875 0.1 
10228    0.6 0.2 0.2 0.8 0 0.6  5.71873 0.9 0.15 0.65 0.625 0.95 0.025 0.375 0.4 0.625 0.225 0.275 0.2 0.225 0.575 0.425 0.625 1 0.1 0.05 0.825 0.8 0.4 0.675 0.2 
10229    0.6 0.2 0.2 0.8 0 0.8  5.66914 0.9 0.15 0.825 0.625 0.95 0.025 0.375 0.4 0.625 0.55 0.25 0.05 0.375 0.575 0.425 0.15 0.225 0.025 0.825 0.825 0.8 0.1 0.675 0.2 
10232    0.6 0.2 0.2 0.8 0.2 0.4  5.89592 0.9 0.15 0.65 0.625 0.95 0.025 0.375 0.4 0.625 0.8 0.275 0.3 0.225 0.6 0.425 0.625 1 0.1 0.05 0.825 0.8 0.4 0.675 0.2 
10233    0.6 0.2 0.2 0.8 0.2 0.6  5.81475 0.9 0.15 0.65 0.625 0.95 0.025 0.375 0.45 0.75 0.625 0.25 0.1 0.225 0.575 0.425 0.15 1 0.75 0.05 0.825 0.65 0.4 0.675 0.2 
10234    0.6 0.2 0.2 0.8 0.2 0.8  5.57435 0.9 0.1 0.75 0.625 0.95 0.275 0.375 0.4 0.625 0.625 0.45 0.2 0.225 0.575 0.425 0.15 0.225 0.175 0.825 0.825 0.8 0.175 0.625 0.2 
10236    0.6 0.2 0.2 0.8 0.4 0.2  5.62447 0.9 0.15 0.65 0.625 0.95 0.025 0.375 0.4 0.625 0.8 0.275 0.55 0.225 0.6 0.425 0.625 1 0.1 0.05 0.825 0.8 0.4 0.675 0.2 
10237    0.6 0.2 0.2 0.8 0.4 0.4  6.18683 0.9 0.15 0.65 0.625 0.95 0.025 0.375 0.4 0.625 0.8 0.275 0.3 0.025 0.6 0.425 0.625 1 0.1 0.05 0.825 0.825 0.4 0.675 0.2 
10238    0.6 0.2 0.2 0.8 0.4 0.6  5.46935 0.9 0.15 0.65 0.625 0.95 0.025 0.375 0.4 0.325 0.625 0.25 0.725 0.225 0.575 0.425 0.15 1 0.75 0.05 0.825 0.65 0.4 0.675 0.2 
10241    0.6 0.2 0.2 0.8 0.6 0.2  5.66817 0.9 0.15 0.65 0.625 0.95 0.025 0.375 0.4 0.5 0.625 0.275 0.2 0.225 0.575 0.425 0.625 1 0.1 0 0.65 0.8 0.4 0.675 0.2 
10245    0.6 0.2 0.2 0.8 0.8 0  6.33241 0.9 0.15 0.65 0.625 0.95 0.125 0.55 0.4 0.75 0.625 0.25 0.725 0.225 0.575 0.425 0.15 1 0.05 0.625 0.825 0.65 0.4 0.5 0.2 
10246    0.6 0.2 0.2 0.8 0.8 0.2  5.30847 0.9 0.15 0.65 0.625 0.95 0.025 0.375 0.4 0.625 0.225 0.275 0.2 0.225 0.575 0.425 0.625 0.225 0.1 0.05 0.825 0.8 0.4 0.675 0.2 
10279    0.6 0.2 0.4 0.2 0 0.8  5.17181 0.925 0.475 0.4 0.8 0.5 0.85 0.8 0.75 0.975 0.6 0.8 0.5 0.125 0.6 0 0.425 0.375 0.275 0.275 0.3 0.225 0.075 0.55 0.25 
10283    0.6 0.2 0.4 0.2 0.2 0.6  3.88093 0.925 0.475 0.475 0.575 0.5 0.775 0.8 0.75 0.7 0.325 0.425 0.5 0.125 0.5 0 0.425 0.375 0.225 0.275 0.3 0.225 0.075 0.875 0.25 
10284    0.6 0.2 0.4 0.2 0.2 0.8  4.88127 0.925 0.475 0.475 0.575 0.5 0.775 0.8 0.75 0.975 0.2 0.45 0.5 0.125 0.6 0 0.425 0.475 0.225 0.275 0.3 0.275 0.075 0.95 0.65 
10295    0.6 0.2 0.4 0.2 0.8 0  5.26253 0.925 0.475 0.3 0.8 0.5 0.775 0.775 0.75 0.975 0.6 0.975 0.5 0.125 0.6 0 0.425 0.375 0.95 0.275 0.3 0.225 0.075 0.55 0.25 
10303    0.6 0.2 0.4 0.4 0 0.6  5.11805 0.9 0.2 0.825 0.625 0.95 0.025 0.375 1 0.625 1 0.25 0.2 0.025 0.575 0.425 0.15 0.225 0.1 0.825 0.825 0.8 0.1 0.675 0.2 
10304    0.6 0.2 0.4 0.4 0 0.8  5.54981 1 0.425 0.4 0.8 0.5 0.45 0.8 0.75 0.975 0.6 0.8 0.5 0.5 0.6 0 0.425 0.375 0.85 0.275 0.3 0.225 0.075 0.55 0.25 
10307    0.6 0.2 0.4 0.4 0.2 0.4  5.16801 0.9 0.775 0.825 0.625 0.95 0.025 0.375 0.4 0.625 0.625 0.25 0.2 0.225 0.575 0.425 0.15 0.225 0.1 0.825 0.825 0.8 0.1 0.675 0.2 
10308    0.6 0.2 0.4 0.4 0.2 0.6  5.57574 0.9 0.775 0.825 0.625 0.95 0.025 0.375 0.35 0.625 0.625 0.25 0.2 0.225 0.575 0.425 0.15 0.225 0.1 0.825 0.825 0.8 0.1 0.675 0.2 
10309    0.6 0.2 0.4 0.4 0.2 0.8  6.09386 1 0.425 0.4 0.8 0.5 0.4 0.8 0.75 0.975 0.6 0.8 0.5 0.5 0.6 0 0.425 0.375 0.975 0.275 0.3 0.225 0.075 0.55 0.25 
10312    0.6 0.2 0.4 0.4 0.4 0.4  5.28632 0.9 0.15 0.875 0.625 0.95 0.025 0.375 0.4 0.8 0.625 0.25 0.2 0.225 0.575 0.425 0.15 0.225 0.1 0.825 0.825 0.8 0.1 0.675 0.2 
10313    0.6 0.2 0.4 0.4 0.4 0.6  4.79969 0.925 0.475 0.3 0.575 0.5 0.775 0.8 0.75 0.975 0.2 0.45 0.5 0.125 0.6 0 0.425 0.475 0.225 0.775 0.275 0.275 0.075 0.95 0.25 
10315    0.6 0.2 0.4 0.4 0.6 0  5.53459 0.9 0.8 0.825 0.625 0.95 0.025 0.375 0.4 0.7 0.075 0.2 0.2 0.025 0.575 0.425 0.15 0.225 0.1 0.825 0.825 0.8 0.1 0.675 0.2 
10316    0.6 0.2 0.4 0.4 0.6 0.2  5.51314 0.9 0.775 0.825 0.625 0.95 0.025 0.375 0.4 0.625 0.625 0.25 0.2 0.525 0.35 0.425 0.15 0.225 0.1 0.825 0.825 0.8 0.1 0.675 0.2 
10317    0.6 0.2 0.4 0.4 0.6 0.4  4.78615 0.925 0.025 0.425 0.575 0.5 0.775 0.4 0.75 0.05 0.375 0.45 0.5 0.7 0.6 0 0.425 0.375 0.225 0.75 0.3 0.225 0.475 0.2 0.325 
10320    0.6 0.2 0.4 0.4 0.8 0  6.063 0.925 0.475 0.475 0.7 0.5 0.775 0.8 0.025 0.975 0.6 0.75 0.5 0.125 0.6 0 0.425 0.375 0.225 0.15 0.3 0.225 0.075 0.55 0.1 
10321    0.6 0.2 0.4 0.4 0.8 0.2  5.53546 0.925 0.475 0.475 0.5 0.5 0.475 0.8 0.025 0.975 0.6 0.575 0.5 0.425 0.6 0 0.425 0.375 0.225 0.3 0.3 0.025 0.075 0.55 0.1 
10328    0.6 0.2 0.4 0.6 0 0.6  5.09283 0.9 0.1 0.825 0.625 0.95 0.275 0.375 0.525 0.625 0.625 0.45 0.2 0.225 0.475 0.425 0.15 0.225 0.175 0.825 0.825 0.8 0.175 0.675 0.2 
10329    0.6 0.2 0.4 0.6 0 0.8  5.84245 0.9 0.1 0.825 0.625 0.95 0.275 0.375 0.75 0.625 0.625 0.25 0.2 0.225 0.025 0.45 0.15 0.225 0.175 0.825 0.825 0.8 0.175 0.675 0.2 
10332    0.6 0.2 0.4 0.6 0.2 0.4  5.22529 0.9 0.225 0.825 0.625 0.95 0.275 0.375 0.4 0.625 0.625 0.25 0.2 0.225 0.575 0.425 0.15 0.225 0.175 0.825 0.825 0.8 0.175 0.675 0.2 
10333    0.6 0.2 0.4 0.6 0.2 0.6  5.45339 0.9 0.1 0.825 0.625 0.95 0.275 0.375 0.4 0.625 0.6 0.175 0.2 0.225 0.575 0.425 0.15 0.225 0.175 0.825 0.825 0.8 0.175 0.675 0.2 
10334    0.6 0.2 0.4 0.6 0.2 0.8  5.37317 0.9 0.15 0.825 0.625 0.95 0.025 0.375 0.4 0.625 0.625 0.25 0.2 0.025 0.375 0.425 0.15 0.225 0.1 0.825 0.825 0.8 0.1 0.675 0.2 
10336    0.6 0.2 0.4 0.6 0.4 0.2  5.29782 0.9 0.1 0.825 0.625 0.95 0.275 0.375 0.75 0.625 0.625 0.25 0.2 0.225 0.575 0.425 0.15 0.225 0.175 0.825 0.825 0.8 0.175 0.675 0.2 
10337    0.6 0.2 0.4 0.6 0.4 0.4  5.39463 0.9 0.15 0.825 0.625 0.95 0.025 0.2 0.4 0.625 0.55 0.25 0.2 0.225 0.575 0.425 0.15 0.225 0.1 0.825 0.825 0.8 0.1 0.675 0.2 
10338    0.6 0.2 0.4 0.6 0.4 0.6  5.03452 0.9 0.2 0.825 0.625 0.95 0.025 0.375 0.4 0.625 0.625 0.25 0.2 0.025 0.575 0.425 0.15 0.225 0.1 0.825 0.825 0.8 0.1 0.675 0.2 
10340    0.6 0.2 0.4 0.6 0.6 0  5.11867 0.925 0.475 0.425 0.575 0.5 0.775 0.8 0.575 0.975 0.675 0.45 0.35 0.125 0.6 0 0.425 0.375 0.225 0.275 0.3 0.225 0.475 0.55 0.25 
10341    0.6 0.2 0.4 0.6 0.6 0.2  5.62556 0.9 0.1 0.825 0.625 0.95 0.275 0.375 0.525 0.625 0.625 0.45 0.2 0.225 0.575 0.425 0.15 0.225 0.175 0.825 0.825 0.8 0.175 0.675 0.2 
10345    0.6 0.2 0.4 0.6 0.8 0  5.68047 0.925 0.475 0.475 0.575 0.5 0.775 0.8 0.025 0.975 0.6 0.55 0.5 0.225 0.6 0 0.425 0.375 0.225 0.15 0.3 0.225 0.075 0.55 0.1 
10346    0.6 0.2 0.4 0.6 0.8 0.2  4.77135 0.925 0.475 0.425 0.575 0.5 0.45 0.8 0.9 0.975 0.6 0.45 0.5 0.125 0.675 0 0.425 0.375 0.225 0.275 0.3 0.225 0.475 0.2 0.25 
10404    0.6 0.2 0.6 0.2 0 0.8  4.54826 0.925 0.475 0.3 0.575 0.8 0.75 0.8 0.75 0.25 0.2 0.45 0.5 0.125 0.6 0 0.425 0.475 0.225 0.275 0.3 0.275 0.075 0.95 0.25 
10408    0.6 0.2 0.6 0.2 0.2 0.6  4.6395 0.925 0.475 0.3 0.575 0.8 0.725 0.8 0.75 0.975 0.2 0.45 0.5 0.125 0.6 0 0.425 0.475 0.225 0.275 0.3 0.275 0.075 0.95 0.25 
10409    0.6 0.2 0.6 0.2 0.2 0.8  4.10339 0.925 0.575 0.2 0.775 0.5 0.675 0.8 0.75 0.975 0.6 0.45 0.5 0.25 0.6 0 0.425 0.375 0.225 0.275 0.3 0.225 0.5 0.175 0.525 
10429    0.6 0.2 0.6 0.4 0 0.8  4.60145 0.925 0.475 0.475 0.575 0.5 0.775 0.8 0.75 0.975 0.2 0.45 0.5 0.125 0.6 0 0.425 0.475 0.225 0.275 0.3 0.275 0.075 0.95 0.25 
10432    0.6 0.2 0.6 0.4 0.2 0.4  4.61408 0.925 0.475 0.475 0.575 0.5 0.775 0.8 0.75 0.975 0.05 0.45 0.5 0.125 0.6 0 0.425 0.475 0.225 0.275 0.3 0.275 0.075 0.95 0.25 
10433    0.6 0.2 0.6 0.4 0.2 0.6  4.63053 0.925 0.475 0.3 0.575 0.65 0.925 0.8 0.75 0.975 0.1 0.45 0.5 0.125 0.6 0 0.425 0.475 0.175 0.275 0.3 0.275 0.075 0.95 0.25 
10434    0.6 0.2 0.6 0.4 0.2 0.8  4.37646 0.925 0.475 0.475 0.575 0.5 0.775 0.8 0.75 0.975 0.05 0.325 0.5 0.125 0.6 0 0.425 0.475 0.225 0.275 0.3 0.275 0.075 0.95 0.25 
10437    0.6 0.2 0.6 0.4 0.4 0.4  4.42841 0.925 0.475 0.125 0.8 0.5 0.775 0.8 0.75 0.975 0.1 0.975 0.5 0.125 0.6 0 0.425 0.025 0.975 0.275 0.3 0.3 0.675 0.55 0.25 
10445    0.6 0.2 0.6 0.4 0.8 0  4.80282 0.9 0.15 0.65 0.625 0.95 0.025 0.375 0.4 0.475 0.625 0.25 0.625 0.975 0.575 0.425 0.725 0.875 0.1 0.05 0.8 0.8 0.1 0.675 0.2 
10733    0.6 0.4 0 0.8 0.2 0.6  5.56565 0.9 0.15 0.825 0.625 0.95 0.025 0.375 0.4 0.625 0.625 0.25 0.2 0.225 0.575 0.425 0.15 0.225 0.6 0.825 0.825 0.8 0.1 0.675 0.2 
10737    0.6 0.4 0 0.8 0.4 0.4  4.84483 0.925 0.475 0.025 0.55 0.5 0.25 0.8 0.6 0.975 0.6 0.45 0.1 0.575 0.6 0 0.425 0.375 0.225 0.275 0.3 0.225 0.075 0.725 0.95 
10738    0.6 0.4 0 0.8 0.4 0.6  5.20365 0.9 0.15 0.65 0.625 0.95 0.025 0.375 0.4 0.75 0.625 0.25 0.725 0.225 0.575 0.425 0.15 0.3 0.75 0.05 0.825 0.65 0.525 0.675 0.2 
10741    0.6 0.4 0 0.8 0.6 0.2  5.23134 0.9 0.15 0.65 0.625 0.95 0.025 0.375 0.4 0.75 0.625 0.7 0.725 0.15 0.575 0.425 0.15 0.325 0.75 0.05 0.825 0.65 0.4 0.675 0.2 
10742    0.6 0.4 0 0.8 0.6 0.4  4.82056 0.925 0.475 0.025 0.55 0.5 0.25 0.8 0.6 0.975 0.6 0.45 0.1 0.575 0.6 0 0.425 0.375 0.225 0.275 0.3 0.225 0.075 0.725 0.9 
10745    0.6 0.4 0 0.8 0.8 0  5.07218 0.9 0.15 0.65 0.625 0.95 0.025 0.375 0.925 0.625 0.8 0.225 0.725 0.85 0.575 0.425 0.15 1 0.1 0.05 0.025 0.775 0.1 0.425 0.2 
10746    0.6 0.4 0 0.8 0.8 0.2  5.0362 1 0.15 0.65 0.625 0.875 0.025 0.375 0.4 0.2 0.825 0.25 0.725 0.25 0.575 0.425 0.15 0.325 0.1 0.05 0.825 0.775 0.1 0.675 0.2 
10811    0.6 0.4 0.2 0.4 0.4 0.2  4.61078 0.925 0.475 0.475 0.575 0.5 0.775 0.8 0.95 0.975 0.2 0.45 0.5 0.125 0.6 0 0.425 0.375 0.85 0.275 0.3 0.275 0.075 0.55 0.375 
10813    0.6 0.4 0.2 0.4 0.4 0.6  5.01677 0.925 0.475 0.4 0.8 0.5 0.45 0.8 0.75 0.975 0.6 0.8 0.5 0.5 0.6 0.6 0.425 0.375 0.975 0.275 0.3 0.225 0.075 0.25 0.25 
10820    0.6 0.4 0.2 0.4 0.8 0  5.11458 0.925 0.475 0.425 0.575 0.5 0.775 0.8 0.75 0.975 0.6 0.45 0.5 0.125 0.5 0 0.425 0.375 0.225 0.275 0.3 0.225 0.475 0.55 0.25 
10829    0.6 0.4 0.2 0.6 0 0.8  5.24452 0.9 0.15 0.625 0.625 0.95 0.025 0.325 0.4 0.625 0.1 0.25 0.2 0.225 0.575 0.425 0.15 0.225 0.1 0.825 0.825 0.8 0.1 0.675 0.2 
10832    0.6 0.4 0.2 0.6 0.2 0.4  3.24594 0.55 0.475 0.475 0.575 0.5 0.775 0.8 0.6 0.975 0.025 0.375 0.5 0.55 0.6 0 0.425 0.375 0.225 1 0.325 0.225 0.075 0.925 1 
10833    0.6 0.4 0.2 0.6 0.2 0.6  4.25938 0.925 0.475 0.475 0.575 0.85 0.775 0.8 0.6 0.975 0.025 0.375 0.5 0.55 0.6 0 0.425 0.375 0.225 1 0.3 0.25 0.075 0.075 1 
10834    0.6 0.4 0.2 0.6 0.2 0.8  5.57289 0.925 0.475 0.475 0.575 0.5 0.775 0.8 0.625 0.975 0.6 0.45 0.5 0.125 0.6 0 0.425 0.375 0.775 0.3 0.3 0.225 0.075 0.875 0.25 
10837    0.6 0.4 0.2 0.6 0.4 0.4  4.9089 0.925 0.475 0.475 0.575 0.5 0.775 0.8 0.95 0.975 0.2 0.45 0.5 0.125 0.6 0 0.425 0.375 0.85 0.275 0.3 0.275 0.075 0.55 0.25 
10838    0.6 0.4 0.2 0.6 0.4 0.6  4.91151 0.925 0.475 0.475 0.575 0.5 0.775 0.8 0.75 0.975 0.6 0.45 0.5 0.125 0.6 0 0.425 0.375 0.225 0.275 0.3 0.425 0.375 0.55 0.25 
10841    0.6 0.4 0.2 0.6 0.6 0.2  4.82009 0.925 0.475 0.475 0.575 0.5 0.775 0.8 0.75 0.975 0.6 0.45 0.5 0.125 0.6 0 0.95 0.375 0.225 0.275 0.3 0.65 0.375 0.55 0.25 
10842    0.6 0.4 0.2 0.6 0.6 0.4  5.59158 0.925 0.75 0.425 0.575 0.5 0.775 0.8 0.575 0.525 0.675 0.45 0.35 0.125 0.6 0 0.425 0.925 0.225 0.275 0.3 0.225 0.475 0.55 0.25 
10845    0.6 0.4 0.2 0.6 0.8 0  5.48196 0.925 0.475 0.425 0.575 0.5 0.775 0.8 0.925 0.975 0.6 0.5 0.5 0.125 0.6 0 0.425 0.375 0.225 0.025 0.3 0.225 0.475 0.55 0.25 
10846    0.6 0.4 0.2 0.6 0.8 0.2  5.27636 0.9 0.325 0.65 0.625 0.95 0.025 0.375 0.25 0.925 0.725 0.9 0.725 0.825 0.575 0.425 0.15 1 0.1 0.05 0.825 0.775 0.575 0.675 0.35 
10854    0.6 0.4 0.2 0.8 0 0.8  5.75268 0.9 0.1 0.75 0.625 0.95 0.275 0.375 0.4 0.625 0.625 0.9 0.2 0.225 0.225 0.425 0.15 0.225 0.1 0.825 0.825 0.8 0.1 0.675 0.2 
10858    0.6 0.4 0.2 0.8 0.2 0.6  5.76308 0.9 0.15 0.65 0.625 0.95 0.025 0.375 0.4 0.625 0.225 0.275 0.2 0.225 0.575 0.425 0.625 1 0.1 0.8 0.825 0.8 0.4 0.675 0.2 
10859    0.6 0.4 0.2 0.8 0.2 0.8  5.35298 0.9 0.1 0.825 0.625 0.95 0.55 0.375 0.525 0.625 0.625 0.45 0.2 0.225 0.575 0.425 0.15 0.225 0.175 0.825 0.825 0.8 0.175 0.675 0.2 
10862    0.6 0.4 0.2 0.8 0.4 0.4  5.2617 0.9 0.15 0.65 0.625 0.95 0.025 0.375 0.625 0.75 0.625 0.25 0.725 0.225 0.575 0.425 0.15 0.3 0.75 0.05 0.825 0.65 0.525 0.675 0.2 
10863    0.6 0.4 0.2 0.8 0.4 0.6  4.9546 0.9 0.15 0.65 0.625 0.95 0.025 0.375 0.4 0.75 0.625 0.25 0.725 0.225 0.575 0.425 0.15 1 0.75 0.05 0.825 0.65 0.4 0.675 0.2 
10866    0.6 0.4 0.2 0.8 0.6 0.2  5.55477 0.9 0.15 0.65 0.625 0.95 0.025 0.375 0.4 0.925 0.725 0.9 0.725 0.825 0.575 0.425 0.15 1 0.1 0.05 0.825 0.775 0.575 0.675 0.35 
10867    0.6 0.4 0.2 0.8 0.6 0.4  5.97956 1 0.075 0.65 0.625 0.675 0.025 0.025 0.4 0.925 0.775 0.25 0.725 0.525 0.575 0.425 0.15 0.325 0.625 0.05 0.825 0.775 0.25 0.675 0.2 
10870    0.6 0.4 0.2 0.8 0.8 0  5.49639 0.9 0.15 0.65 0.625 0.95 0.025 0.375 0.45 0.75 0.625 0.25 0.1 0.225 0.575 0.425 0.15 1 0.725 0.05 0.825 0.65 0.4 0.675 0.2 
10908    0.6 0.4 0.4 0.2 0.2 0.6  5.39083 0.9 0.85 0.65 0.625 0.95 0.025 0.375 0.4 0.475 0.625 0.25 0.625 0.95 0.575 0.425 0.1 0.875 0.1 0.05 0.8 0.8 0.1 0.675 0.2 
10920    0.6 0.4 0.4 0.2 0.8 0  4.021 0.925 0.475 0.425 0.575 0.5 0.625 0.875 0.75 0.975 0.425 0.45 0.5 0.125 0.6 0 0.425 0.525 0.225 0.275 0.3 0.225 0.125 0.55 0.25 
10928    0.6 0.4 0.4 0.4 0 0.6  4.5383 0.775 0.475 0.475 0.575 0.5 0.775 0.8 0.75 0.55 0.6 0.45 0.025 0.125 0.6 0 0.425 0.375 0.225 0.275 0.3 0.225 0.175 0.875 0.25 
10929    0.6 0.4 0.4 0.4 0 0.8  4.33706 0.9 0.85 0.65 0.625 0.95 0.025 0.375 0.4 0.475 0.625 0.25 0.625 0.95 0.575 0.425 0.1 0.875 0.075 0.05 0.8 0.8 0.1 0.675 0.2 
10933    0.6 0.4 0.4 0.4 0.2 0.6  4.60908 0.825 0.15 0.65 0.625 0.95 0.025 0.375 0.4 0.925 0.625 0.25 0.425 0.15 0.575 0.425 0.15 0.25 0.1 0.05 0.825 0.775 0.1 0.675 0.2 
10934    0.6 0.4 0.4 0.4 0.2 0.8  4.81573 0.9 0.85 0.65 0.625 0.95 0.025 0.375 0.4 0.475 0.625 0.25 0.625 0.975 0.575 0.425 0.1 0.875 0.1 0.05 0.8 0.8 0.1 0.675 0.2 
10937    0.6 0.4 0.4 0.4 0.4 0.4  5.00958 0.925 0.475 0.475 0.575 0.5 0.775 0.8 0.75 0.975 0.6 0.45 0.5 0.125 0.6 0 0.425 0 0.225 0.275 0.3 0.225 0.075 0.55 0.25 
10938    0.6 0.4 0.4 0.4 0.4 0.6  4.44916 0.925 0.475 0.475 0.575 0.5 0.775 0.8 0.75 0.975 0.6 0.45 0.5 0.125 0.6 0.825 0.425 0.375 0.225 0.275 0.3 0.225 0.7 0.15 0.25 
10940    0.6 0.4 0.4 0.4 0.6 0  5.68873 0.9 0.15 0.825 0.625 0.95 0.025 0.375 0.4 0.7 0.625 0.2 0.2 0.025 0.95 0.425 0.15 0.225 0.1 0.825 0.825 0.8 0.1 0.675 0.2 
10941    0.6 0.4 0.4 0.4 0.6 0.2  4.92562 0.925 0.275 0.475 0.7 0.05 0.9 0.8 0.75 0.975 0.075 0.5 0.5 0.1 0.025 0 0.425 0.2 0.425 0.275 0.3 0.225 0.075 0.55 0.25 
10942    0.6 0.4 0.4 0.4 0.6 0.4  5.19925 0.925 0.475 0.475 0.575 0.5 0.775 0.8 0.75 0.225 0.6 0.45 0.5 0.125 0.425 0 0.425 0.725 0.225 0.275 0.3 0.225 0.075 0.875 0.25 
10945    0.6 0.4 0.4 0.4 0.8 0  5.28229 0.925 0.475 0.475 0.575 0.5 0.775 0.8 0.75 0.975 0.55 0.45 0.5 0.125 0.6 0 0.425 0.375 0.225 0.275 0.3 0.225 0.075 0.55 0.25 
10946    0.6 0.4 0.4 0.4 0.8 0.2  5.97763 1 0.75 0.4 0.8 0.5 0.45 0.8 0.75 0.975 0.6 0.8 0.35 0.5 0.6 0 0.425 0.375 0.975 0.075 0.3 0.225 0.075 0.55 0.25 
10954    0.6 0.4 0.4 0.6 0 0.8  4.63139 0.9 0.1 0.825 0.625 0.95 0.275 0.375 0.525 0.625 0.625 0.45 0.2 0.225 0.475 0.425 0.15 0.225 0.375 0.825 0.825 0.8 0.175 0.675 0.2 
10958    0.6 0.4 0.4 0.6 0.2 0.6  5.13165 0.9 0.15 0.625 0.625 0.95 0.025 0.375 0.4 0.625 0.625 0.25 0.2 0.225 0.575 0.425 0.15 0.225 0.1 0.575 0.825 0.8 0.1 0.675 0.5 
10959    0.6 0.4 0.4 0.6 0.2 0.8  5.33595 0.9 0.325 0.65 0.625 0.95 0.025 0.375 0.4 0.925 0.725 0.9 0.725 0.825 0.575 0.425 0.15 1 0.1 0.05 0.825 0.775 0.575 0.675 0.35 
10962    0.6 0.4 0.4 0.6 0.4 0.4  5.25534 0.925 0.475 0.475 0.575 0.5 0.775 0.8 0.6 0.975 0.025 0.375 0.5 0.55 0.6 0 0.425 0.375 0.225 0.45 0.3 0.225 0.075 0.875 1 
10963    0.6 0.4 0.4 0.6 0.4 0.6  5.6262 0.925 0.475 0.475 0.575 0.5 0.775 0.8 0.75 0.7 0.6 0.45 0.5 0.125 0.4 0 0.425 0.725 0.225 0.275 0.3 0.225 0.075 0.875 0.25 
10970    0.6 0.4 0.4 0.6 0.8 0  5.71973 0.925 0.475 0.475 0.575 0.5 0.775 0.95 0.25 0.975 0.6 0.75 0.5 0.125 0.6 0 0.425 0.375 0.225 0.15 0.3 0.225 0.075 0.55 0.225 
11029    0.6 0.4 0.6 0.2 0 0.8  5.67886 0.9 0.15 0.65 0.625 0.65 0.025 0.375 0.325 0.625 0.625 1 0.2 0 0.575 0.425 0.15 1 0 0.475 0.575 0.4 0.15 0.35 0.2 
11045    0.6 0.4 0.6 0.2 0.8 0  3.17497 0.925 0.475 0.425 0.575 0.5 0.775 0.875 0.75 0.975 0.425 0.45 0.5 0.125 0.6 0 0.425 0.525 0.225 0.275 0.3 0.225 0.075 0.55 0.25 
11046    0.6 0.4 0.6 0.2 0.8 0.2  5.26807 0.925 0.475 0.475 0.5 0.5 0.475 0.8 0.025 0.975 0.35 0.575 0.5 0.125 0.6 0 0.425 0.375 0.225 0.3 0.3 0.025 0.075 0.55 0.625 
11054    0.6 0.4 0.6 0.4 0 0.8  2.5326 0.925 0.475 0.125 0.8 0.5 0.775 0.8 0.75 0.975 0.6 0.825 0.4 0.125 0.6 0 0.425 0.375 0.975 0.275 0.3 0.225 0.4 0.975 0.25 
11059    0.6 0.4 0.6 0.4 0.2 0.8  3.63308 0.925 0.475 0.2 0.775 0.5 0.775 0.8 0.75 0.975 0.6 0.45 0.5 0.25 0.6 0 0.425 0.375 0.225 0.275 0.3 0.225 0.5 0.175 0.525 
11062    0.6 0.4 0.6 0.4 0.4 0.4  5.11345 0.925 0.475 0.475 0.5 0.5 0.475 0.8 0.025 0.975 0.35 0.575 0.5 0.125 0.6 0 0.425 0.375 0.225 0.3 0.3 0.025 0.075 0.55 0.1 
11070    0.6 0.4 0.6 0.4 0.8 0  3.93639 0.925 0.475 0.475 0.575 0.5 0.775 0.8 0.55 0.975 0 0 0.5 0.125 0.6 0 0.425 0.375 0.225 0.275 0.325 0.225 0.425 0.15 0.25 
12716    0.8 0 0.2 0.6 0.6 0.2  5.50233 0.9 0.1 0.825 0.625 0.95 0.275 0.375 0.4 0.625 0.625 0.45 0.2 0.225 0.575 0.425 0.15 0.225 0.175 0.825 0.825 0.8 0.175 0.625 0.2 
12720    0.8 0 0.2 0.6 0.8 0  4.86871 0.9 0.1 0.825 0.725 0.95 0.275 0.375 0.4 0.625 0.825 0.975 0.2 0.225 0.575 0.425 0.15 0.225 0.1 0.825 0.825 0.8 0.1 0.675 0.2 
12829    0.8 0 0.4 0.6 0 0.8  4.27616 0.925 0.475 0.475 0.575 0.25 0.775 0.8 0.75 0.975 0.025 0.375 0.5 0.55 0.6 0 0.425 0.375 0.225 0.275 0.3 0.225 0.075 0.875 1 
12845    0.8 0 0.4 0.6 0.8 0  5.26397 0.9 0.1 0.825 0.625 0.95 0.275 0.375 0.4 0.625 0.625 0.45 0.2 0.225 0.575 0.425 0.15 0.225 0.175 0.825 0.825 0.8 0.175 0.675 0.2 
13345    0.8 0.2 0.2 0.6 0.8 0  5.77995 0.9 0.15 0.65 0.625 0.95 0.025 0.375 0.4 1 0.65 0.775 0.2 0.225 0.575 0.425 0.55 1 0 0.05 0.65 0.8 0.4 0.675 0.2 
13445    0.8 0.2 0.4 0.4 0.8 0  5.98265 0.925 0.475 0.475 0.575 0.5 0.775 0.8 0.025 0.975 0.6 0.55 0.5 0.225 0.6 0 0.05 0.375 0.225 0.15 0.3 0.225 0.075 0.55 0.1 
13454    0.8 0.2 0.4 0.6 0 0.8  3.95017 0.925 0.475 0.475 0.575 0.25 0.775 0.8 0.75 0.975 0.025 0.375 0.5 0.4 0.6 0 0.425 0.375 0.225 0.275 0.3 0.225 0.075 0.875 1 
13470    0.8 0.2 0.4 0.6 0.8 0  5.84182 0.9 0.1 0.825 0.625 0.95 0.275 0.375 0.75 0.625 0.625 0.25 0.2 0.225 0.725 0.45 0.15 0.225 0.175 0.825 0.825 0.8 0.175 0.675 0.2 
13570    0.8 0.2 0.6 0.4 0.8 0  5.45017 0.9 0.775 0.825 0.625 0.95 0.025 0.375 0.4 0.625 0.625 0.25 0.2 0.225 0.35 0.425 0.15 0.225 0.1 0.825 0.825 0.8 0.1 0.675 0.2 
