43    0 0 0.2 0.6 0.6  -0.0255031 0.575 0.25 0.475 0.825 0.45 0.175 0.825 0 0.625 0.25 0.425 0.75 1 0 0.95 0 0.475 0.6 0.05 0 0.125 0.55 0.675 
44    0 0 0.2 0.6 0.8  -0.0233221 0.575 0.25 0.475 0.825 0.45 0.175 0.825 0 0.625 0.25 0.425 0.75 1 0 0.95 0 0.475 0.6 0.05 0 0.125 0.55 0.875 
289    0 0.4 0.2 0.4 0.8  -0.0242023 0.15 0.25 0.375 0.05 0.45 0.175 0.825 0 0.625 0.55 0.775 0.95 1 0 0.4 0.55 0.475 0.6 0.075 0.425 0.225 0.475 0.75 
304    0 0.4 0.4 0 0.8  -0.00572235 0.575 0.25 0.375 0.05 0.5 0.175 0.725 0 0.625 0.55 0.425 0.95 1 0.225 0.4 0.55 0.925 0.6 0.075 0.425 0.325 0.075 0.75 
314    0 0.4 0.4 0.4 0.8  -0.00789385 0.575 0.25 0.375 0.05 0.45 0.175 0.825 0 0.625 0.325 0.425 0.95 1 0 0.4 0.55 0.475 0.6 0.075 0.425 0.475 0.475 0.95 
319    0 0.4 0.4 0.6 0.8  -0.00594593 0.475 0.25 0.375 0.05 0.45 0.3 0.825 0 0.625 0.55 0.425 0.95 1 0 0.4 0.55 0.475 0.6 0.075 0.4 0.45 0.525 0.95 
324    0 0.4 0.4 0.8 0.8  -0.00439275 0.575 0.25 0.375 0.05 0.45 0.175 0.725 0 0.625 0.55 0.425 0.95 1 0.05 0.4 0.55 0.925 0.6 0.075 0.425 0.325 0.725 0.75 
328    0 0.4 0.6 0 0.6  -0.0132069 0.575 0.025 0.375 0.05 0.225 0.45 0.05 0.375 0.175 0.25 0.875 0.75 1 0 0.425 0.55 0.475 0.6 0.075 0.4 0.675 0.075 0.675 
329    0 0.4 0.6 0 0.8  -0.0137554 0.575 0.025 0.375 0.05 0.225 1 0.05 0.375 0.175 0.25 0.875 0.75 1 0 0.375 0.55 0.475 0.6 0.075 0.425 0.675 0.075 1 
333    0 0.4 0.6 0.2 0.6  -0.0089924 0.575 0.5 0.375 0.05 0.05 0.175 0 0.075 0.625 0.25 0.425 0.75 1 0.2 0.4 0.55 0.475 0.6 0.05 0.475 0.55 0.175 0.675 
334    0 0.4 0.6 0.2 0.8  -0.00659176 0.575 0.025 0.375 0.05 0.225 0.45 0.05 0.375 0.175 0.25 0.875 0.75 1 0 0.425 0.55 0.475 0.6 0.075 0.4 0.675 0.175 1 
338    0 0.4 0.6 0.4 0.6  -0.00779326 0.575 0.5 0.375 0.05 0.05 0.175 0 0 0.625 0.25 0.425 0.75 1 0.2 0.4 0.55 0.475 0.6 0.05 0.475 0.55 0.3 0.675 
339    0 0.4 0.6 0.4 0.8  -0.0100871 0.575 0.25 0.375 0.05 0.45 0.175 0.825 0 0.625 0.55 0.425 0.95 1 0 0.4 0.55 0.475 0.6 0 0.425 0.5 0.475 0.95 
349    0 0.4 0.6 0.8 0.8  -0.0138771 0.575 0.25 0.375 0.05 0.45 0.175 0.725 0 0.625 0.55 0.425 0.95 1 0.05 0.4 0.55 0.925 0.6 0.075 0.425 0.5 0.725 0.75 
353    0 0.4 0.8 0 0.6  -0.0136085 0.575 0.025 0.375 0.05 0.225 0.45 0.05 0.375 0.175 0.25 0.875 0.75 1 0 0.425 0.55 0.475 0.6 0.075 0.4 0.75 0.075 0.675 
354    0 0.4 0.8 0 0.8  -0.020636 0.575 0.025 0.375 0.05 0.225 0.45 0.05 0.375 0.175 0.25 0.875 0.75 1 0 0.425 0.55 0.475 0.6 0.075 0.4 0.75 0.075 1 
363    0 0.4 0.8 0.4 0.6  -0.01283 0.575 0.65 0.375 0.05 0.45 0.175 0 0 0.625 0.25 0.425 0.75 1 0.2 0.4 0.55 0.475 0.6 0 0.475 0.925 0.3 0.675 
364    0 0.4 0.8 0.4 0.8  -0.0275454 0.575 0.65 0.375 0.05 0.45 0.175 0 0 0.625 0.25 0.425 0.75 1 0.2 0.6 0.55 0.475 0.6 0 0.475 0.925 0.3 0.95 
368    0 0.4 0.8 0.6 0.6  -0.0079244 0.575 0.25 0.625 0.275 0.45 0.175 0.825 0 0.625 0.55 0.075 0.75 1 0 0.75 0.55 0.475 0.6 0.075 0.325 0.975 0.55 0.675 
374    0 0.4 0.8 0.8 0.8  -0.0139634 0.575 0.25 0.375 0.05 0.45 0.175 0.725 0 0.625 0.55 0.425 0.775 1 0.05 0.4 0.55 0.925 0.6 0.075 0.425 0.95 0.725 0.75 
389    0 0.6 0 0.4 0.8  -0.0286863 0.575 0.25 0.375 0.05 0.45 0.175 0.825 0 0.625 0.55 0.425 0.95 1 0 0.4 0.55 0.525 0.6 0.05 0.5 0.05 0.475 0.975 
394    0 0.6 0 0.6 0.8  -0.0261403 0.575 0.25 0.375 0.05 0.45 0.175 0.825 0 0.625 0.55 0.425 0.55 1 0 0.4 0.55 0.525 0.6 0.075 0.525 0.05 0.5 0.95 
409    0 0.6 0.2 0.2 0.8  -0.0208886 0.575 0.25 0.35 0.15 0.4 0.9 0.65 0 0.625 0.25 0.425 0.75 1 0 0.4 0.55 0.475 0.6 0.025 0.675 0.15 0.275 0.8 
413    0 0.6 0.2 0.4 0.6  -0.0174284 0.575 0.5 0.375 0.05 0.45 0.175 0 0 0.625 0.25 0.425 0.75 1 0 0.4 0.55 0.475 0.6 0.025 0.6 0.15 0.3 0.675 
414    0 0.6 0.2 0.4 0.8  -0.0258009 0.475 0.5 0.375 0.05 0.45 0.775 0 0 0.2 0.25 0.425 0.75 1 0 0.4 0.55 0.475 0.6 0 0.525 0.2 0.3 0.75 
418    0 0.6 0.2 0.6 0.6  -0.0223352 0.575 0.25 0.375 0.05 0.525 0.175 0.825 0 0.625 0.25 0.425 0.75 1 0 0.4 0.55 0.475 0.6 0.075 0.5 0.2 0.55 0.675 
419    0 0.6 0.2 0.6 0.8  -0.0221062 0.425 0.25 0.375 0.05 0.45 0.175 0.825 0 0.625 0.25 0.725 0.75 1 0 0.4 0.55 0.475 0.6 0 0.525 0.25 0.55 0.95 
429    0 0.6 0.4 0 0.8  -4.01239e-05 0.575 0.025 0.375 0.05 0.225 1 0.05 0.375 0.175 0.25 0.875 0.75 1 0 0.375 0.55 0.475 0.6 0.075 0.5 0.475 0.075 1 
434    0 0.6 0.4 0.2 0.8  -0.00318854 0.575 0.025 0.375 0.05 0.225 1 0.05 0.075 0.175 0.25 0.875 0.75 1 0 0.375 0.55 0.475 0.6 0.075 0.5 0.475 0.275 1 
438    0 0.6 0.4 0.4 0.6  -0.00727553 0.575 0.5 0.375 0.05 0.45 0.175 0 0 0.625 0.25 0.425 0.75 1 0 0.4 0.55 0.475 0.6 0.025 0.6 0.475 0.3 0.675 
439    0 0.6 0.4 0.4 0.8  -0.00727553 0.575 0.5 0.375 0.05 0.45 0.175 0 0 0.625 0.25 0.425 0.75 1 0 0.4 0.55 0.475 0.6 0.025 0.6 0.475 0.3 0.75 
443    0 0.6 0.4 0.6 0.6  -0.00295671 0.575 0.95 0.375 0.05 0.45 0.175 0.825 0 0.625 0.25 0.425 0.75 1 0 0.4 0.55 0.475 0.6 0 0.5 0.475 0.55 0.675 
444    0 0.6 0.4 0.6 0.8  -0.0143868 0.475 0.25 0.375 0.05 0.45 0.175 0.825 0 0.625 0.55 0.425 0.95 1 0 0.4 0.55 0.475 0.6 0.075 0.5 0.45 0.525 0.95 
446    0 0.6 0.4 0.8 0.2  -0.0225425 0.55 0.25 0.45 0.575 0.45 0.25 0.825 0 0.625 0.25 0.425 0.025 1 0 0.4 0.55 0 0.85 0.075 0.6 0.45 1 0.275 
448    0 0.6 0.4 0.8 0.6  -0.0225425 0.55 0.25 0.45 0.575 0.45 0.25 0.825 0 0.625 0.25 0.425 0.025 1 0 0.4 0.55 0 0.85 0.075 0.6 0.45 1 0.6 
449    0 0.6 0.4 0.8 0.8  -0.0158241 0.475 0.5 0.1 0.05 0.45 0.175 0 0 0.175 0.475 0.425 0.75 1 0 0.4 0.55 0.475 0.6 0.025 0.6 0.3 0.75 0.775 
453    0 0.6 0.6 0 0.6  -0.0211302 0.25 0.025 0.375 0.05 0.225 0.45 0.05 0.375 0.175 0.25 0.875 0.75 1 0 0.425 0.55 0.475 0.6 0.075 0.55 0.675 0 0.675 
454    0 0.6 0.6 0 0.8  -0.00246608 0.575 0.025 0.375 0.05 0.225 1 0.05 0.375 0.175 0.25 0.875 0.75 1 0 0.375 0.55 0.475 0.6 0.075 0.5 0.675 0.075 1 
457    0 0.6 0.6 0.2 0.4  -0.00344323 0.55 0.25 0.45 0.575 0.45 0.25 0.825 0 0.625 0.025 0.425 0.025 1 0 0.4 0.55 0 0.85 0.075 0.6 0.575 0.2 0.45 
458    0 0.6 0.6 0.2 0.6  -0.00344323 0.55 0.25 0.45 0.575 0.45 0.25 0.825 0 0.625 0.025 0.425 0.025 1 0 0.4 0.55 0 0.85 0.075 0.6 0.575 0.2 0.525 
459    0 0.6 0.6 0.2 0.8  -0.000576553 0.575 0.25 0.35 0.15 0.4 0.9 0.65 0 0.625 0.25 0.425 0.75 1 0 0.4 0.55 0.475 0.6 0.025 0.675 0.525 0.275 0.8 
463    0 0.6 0.6 0.4 0.6  -0.00569533 0.575 0.5 0.375 0.05 0.45 0.175 0 0 0.625 0.25 0.425 0.75 1 0 0.4 0.55 0.475 0.6 0.025 0.6 0.575 0.3 0.675 
464    0 0.6 0.6 0.4 0.8  -0.0175685 0.575 0.25 0.375 0.05 0.3 0.175 0.825 0 0.625 0.55 0.425 0.95 1 0 0.4 0.55 0.475 0.6 0.05 0.525 0.5 0.475 0.95 
468    0 0.6 0.6 0.6 0.6  -0.0126474 0.575 0.25 0.375 0.05 0.525 0.175 0.825 0 0.625 0.25 0.425 0.75 1 0 0.4 0.55 0.475 0.6 0.075 0.5 0.575 0.55 0.675 
469    0 0.6 0.6 0.6 0.8  -0.0183062 0.575 0.25 0.375 0.05 0.3 0.175 0.825 0 0.625 0.225 0.7 0.95 1 0 0.4 0.55 0.475 0.6 0.05 0.525 0.5 0.5 0.95 
473    0 0.6 0.6 0.8 0.6  -0.00343374 0.55 0.25 0.45 0.575 0.45 0.25 0.825 0 0.625 0.025 0.425 0.025 1 0 0.4 0.55 0 0.85 0.075 0.6 0.575 1 0.525 
474    0 0.6 0.6 0.8 0.8  -0.00932037 0.575 0.25 0.375 0.05 0.225 0.175 0.825 0 0.625 0.55 0.025 0.95 1 0 0.4 0.55 0.2 0.3 0.075 0.6 0.5 0.875 0.95 
478    0 0.6 0.8 0 0.6  -0.0129058 0.575 0.025 0.375 0.05 0.225 0.45 0.05 0.375 0.175 0.25 0.875 0.75 1 0 0.425 0.55 0.475 0.6 0.075 0.55 0.925 0.075 0.675 
479    0 0.6 0.8 0 0.8  -0.00202648 0.575 0.025 0.375 0.05 0.225 1 0.05 0.375 0.175 0.25 0.875 0.75 1 0 0.375 0.55 0.475 0.6 0.075 0.5 0.725 0.075 1 
482    0 0.6 0.8 0.2 0.4  -0.00697104 0.55 0.075 0.45 0.575 0.45 0.25 0.825 0 0.625 0.025 0.425 0.025 1 0 0.4 0.55 0 0.85 0.075 0.6 0.75 0.2 0.3 
483    0 0.6 0.8 0.2 0.6  -0.00998576 0.55 0.25 0.45 0.575 0.45 0.25 0.825 0 0.625 0.025 0.425 0.025 1 0 0.4 0.55 0 0.85 0.075 0.6 0.75 0.2 0.525 
484    0 0.6 0.8 0.2 0.8  0.00267783 0.575 0.25 0.375 0.05 0.3 0.175 0.825 0 0.625 0.55 0.425 0.95 1 0 0.4 0.55 0.475 0.6 0.05 0.525 0.8 0.225 0.95 
488    0 0.6 0.8 0.4 0.6  -0.00538994 0.575 0.5 0.375 0.8 0.45 0.175 0 0 0.625 0.25 0.425 0.75 1 0 0.4 0.55 0.475 0.6 0.025 0.6 0.775 0.3 0.675 
489    0 0.6 0.8 0.4 0.8  -0.0104956 0.575 0.25 0.375 0.05 0.3 0.175 0.825 0 0.625 0.55 0.425 0.95 1 0 0.4 0.55 0.475 0.6 0.05 0.525 0.8 0.475 0.975 
491    0 0.6 0.8 0.6 0.2  -0.0155684 0.575 0.25 0.375 0.7 0.45 0.175 0.825 0 0.625 0.55 0.075 0.75 1 0 0.4 0.55 0.475 0.8 0.075 0.5 0.975 0.55 0.275 
493    0 0.6 0.8 0.6 0.6  -0.0203934 0.575 0.25 0.375 0.05 0.45 0.175 0.825 0 0.625 0.55 0.075 0.75 1 0 0.4 0.55 0.475 0.6 0.075 0.5 0.975 0.55 0.675 
494    0 0.6 0.8 0.6 0.8  -0.00242533 0.575 0.25 0.375 0.05 0.75 1 0.825 0.45 0.525 0 0.625 0.75 1 0 1 0.55 0.475 0.6 0.075 0.5 1 0.525 1 
497    0 0.6 0.8 0.8 0.4  -0.00278872 0.55 0.25 0.45 0.575 0.45 0.25 0.6 0 0.625 0.25 0.625 0.025 1 0 0.4 0.55 0 0.85 0.075 0.6 0.725 1 0.475 
498    0 0.6 0.8 0.8 0.6  -0.00136379 0.55 0.25 0.45 0.575 0.225 0.25 0.825 0 0.625 0.025 0.425 0.025 1 0 0.4 0.55 0 0.85 0.075 0.575 0.75 0.925 0.525 
513    0 0.8 0 0.4 0.6  -0.00108376 0.425 0.25 0.375 0.05 0.45 0.175 0.825 0 0.55 0.25 0.425 0 1 0 0.4 0.55 0.475 0.6 0.025 0.7 0.05 0.3 0.575 
518    0 0.8 0 0.6 0.6  -0.0235584 0.575 0.25 0.375 0.05 0.45 0.175 0.825 0 0.625 0.25 0.425 0.75 1 0 0.4 0.55 0.475 0.6 0 0.7 0.075 0.55 0.675 
519    0 0.8 0 0.6 0.8  -0.0184482 0.5 0.25 0.375 0.05 0.45 0.175 0.85 0 0.875 0.25 0.425 0.75 1 0 0.3 0.55 0.475 0.6 0.025 0.75 0.025 0.55 0.95 
538    0 0.8 0.2 0.4 0.6  -0.0152955 0.575 0.5 0.375 0.05 0.45 0.175 0 0 0.625 0.275 0.425 0.75 1 0 0.4 0.55 0.475 0.6 0.025 0.725 0.15 0.3 0.675 
539    0 0.8 0.2 0.4 0.8  -0.0236966 0.575 0.5 0.375 0.05 0.45 0.175 0 0 0.625 0.275 0.425 0.75 1 0 0.4 0.55 0.475 0.6 0.025 0.725 0.15 0.3 0.875 
543    0 0.8 0.2 0.6 0.6  -0.0257777 0.425 0.25 0.375 0.05 0.45 0.175 0.825 0 0.55 0.25 0.425 0 1 0 0.4 0.55 0.475 0.6 0.025 0.7 0.225 0.55 0.575 
544    0 0.8 0.2 0.6 0.8  0.0109689 0.425 0.25 0.375 0.05 0.45 0.175 0.825 0 0.625 0.25 0.425 0.75 1 0 0.4 0.55 0.475 0.6 0 0.7 0.25 0.55 0.95 
563    0 0.8 0.4 0.4 0.6  0.000101828 0.575 0.25 0.375 0.05 0.275 0.175 0.825 0 0.625 0.25 0.875 0.75 1 0 0.4 0.55 0.475 0.6 0 0.7 0.45 0.325 0.675 
564    0 0.8 0.4 0.4 0.8  0.000101828 0.575 0.25 0.375 0.05 0.275 0.175 0.825 0 0.625 0.25 0.875 0.75 1 0 0.4 0.55 0.475 0.6 0 0.7 0.45 0.325 0.725 
568    0 0.8 0.4 0.6 0.6  -0.00476237 0.575 0.25 0.375 0.05 0.45 0.175 0.825 0 0.625 0.25 0.425 0.75 1 0 0.4 0.55 0.475 0.6 0 0.7 0.45 0.55 0.675 
569    0 0.8 0.4 0.6 0.8  -0.00179725 0.425 0.25 0.375 0.05 0.45 0.175 0.825 0 0.625 0.25 0.425 0.75 1 0 0.4 0.55 0.475 0.65 0.025 0.7 0.475 0.55 0.95 
577    0 0.8 0.6 0 0.4  -0.00847229 0.55 0.25 0.45 0.575 0.45 0.25 0.825 0 0.625 0.575 0.625 0.025 1 0 0.4 0.75 0 0.85 0 0.725 0.5 0.025 0.475 
579    0 0.8 0.6 0 0.8  -0.0332237 0.575 0.025 0.375 0.85 0.225 1 0.05 0.375 0.175 0.25 0.875 0.75 1 0 0.375 0.55 0.475 0.6 0.075 0.95 0.675 0.075 1 
582    0 0.8 0.6 0.2 0.4  -0.00473999 0.55 0.25 0.45 0.575 0.45 0.25 0.825 0 0.625 0.575 0.625 0.025 1 0 0.4 0.75 0 0.85 0 0.725 0.5 0.125 0.475 
588    0 0.8 0.6 0.4 0.6  0.00147223 0.425 0.25 0.375 0.05 0.45 0.175 0.825 0 0.55 0.25 0.425 0 1 0 0.4 0.55 0.475 0.6 0.025 0.7 0.525 0.3 0.575 
589    0 0.8 0.6 0.4 0.8  -0.0084029 0.425 0.25 0.375 0.05 0.45 0.175 0.825 0 0.325 0.25 0.425 0.75 1 0 0.4 0.55 0.475 0.6 0.025 0.7 0.525 0.325 0.95 
593    0 0.8 0.6 0.6 0.6  -0.00801027 0.425 0.25 0.375 0.05 0.45 0.175 0.825 0 0.55 0.25 0.425 0 1 0 0.4 0.55 0.475 0.6 0.025 0.7 0.525 0.55 0.575 
594    0 0.8 0.6 0.6 0.8  -0.00801027 0.425 0.25 0.375 0.05 0.45 0.175 0.825 0 0.55 0.25 0.425 0.75 1 0 0.4 0.55 0.475 0.6 0.025 0.7 0.525 0.55 0.95 
597    0 0.8 0.6 0.8 0.4  -0.00874317 0.55 0.25 0.45 0.575 0.45 0.25 0.825 0 0.625 0.575 0.625 0.025 1 0 0.4 0.75 0 0.85 0 0.725 0.5 1 0.475 
614    0 0.8 0.8 0.4 0.8  -0.0256076 0.425 0.875 0.375 0.05 0.45 0.325 0.825 0 0.325 0.25 0.425 0.75 1 0 0.4 0.55 0.475 0.6 0.025 0.7 0.9 0.325 0.725 
618    0 0.8 0.8 0.6 0.6  -0.00469084 0.575 0.25 0.375 0.05 0.45 0.175 0.825 0 0.625 0.25 0.425 0.75 1 0 0.4 0.35 0.475 0.6 0 0.7 0.75 0.55 0.675 
619    0 0.8 0.8 0.6 0.8  -0.0049863 0.5 0.25 0.375 0.25 0.45 0.175 0.85 0 0.875 0.25 0.425 0.75 1 0 0.3 0.55 0.475 0.6 0.025 0.75 0.975 0.55 0.95 
629    0.2 0 0 0 0.8  0.181089 0.575 0.25 0.375 0.05 0.775 1 0.95 0.375 0.175 0.25 0.425 0.75 1 0 1 0.55 0.925 0.6 0.2 0.025 0.05 0.025 1 
634    0.2 0 0 0.2 0.8  0.00400366 0.2 0.25 0.375 0.05 0.45 1 0.825 0.375 0.775 0.85 0.65 0.475 1 0 0.875 0.55 0.475 0.6 0.225 0.025 0.025 0.225 0.975 
639    0.2 0 0 0.4 0.8  0.0395759 0.575 0.25 0.375 0.05 0.075 1 0.825 0.375 0.175 0.25 0.425 0.75 1 0 1 0.55 0.925 0.6 0.2 0.025 0.025 0.3 1 
644    0.2 0 0 0.6 0.8  0.0377152 0.575 0.25 0.375 0.05 0.475 0.875 0.825 0.375 0.175 0.25 0.425 0.75 1 0 1 0.55 0.925 0.6 0.2 0.05 0.075 0.525 1 
649    0.2 0 0 0.8 0.8  0.0406669 0.575 0.25 0.375 0.05 0.675 1 0.65 0.375 0.175 0.25 0.425 0.75 1 0 1 0.55 0.475 0.6 0.2 0 0 0.975 1 
654    0.2 0 0.2 0 0.8  0.0396781 0.575 0.25 0.375 0.05 0.075 1 0.825 0.375 0.175 0.25 0.425 0.75 1 0 1 0.425 0.925 0.6 0.2 0.025 0.25 0 1 
659    0.2 0 0.2 0.2 0.8  0.0404877 0.575 0.25 0.375 0.05 0.075 1 0.825 0.375 0.8 0.25 0.425 0.75 1 0 1 0.425 0.925 0.6 0.2 0.025 0.25 0.225 1 
664    0.2 0 0.2 0.4 0.8  0.0358175 0.575 0.25 0.375 0.05 0.075 1 0.825 0.375 0.175 0.25 0.425 0.75 1 0 1 0.55 0.925 0.6 0.2 0.025 0.175 0.3 1 
667    0.2 0 0.2 0.6 0.4  -0.0120999 0.575 0.25 0.475 0.825 0.45 0.175 0.15 0 0.225 0.25 0.175 0.75 1 0 0.95 0 0.475 0.85 0.2 0.075 0.275 0.55 0.475 
668    0.2 0 0.2 0.6 0.6  0.018793 0.575 0.25 0.475 1 0.45 0.175 0.825 0 0.225 0.25 0.425 0.75 1 0 0.95 0 0.475 0.6 0.2 0.025 0.1 0.55 0.675 
669    0.2 0 0.2 0.6 0.8  0.0382035 0.575 0.25 0.375 0.05 0.075 1 0.825 0.375 0.175 0.9 0.425 0.75 1 0 1 0.55 0.775 0.6 0.2 0 0.1 0.5 1 
674    0.2 0 0.2 0.8 0.8  0.0316906 0.575 0.25 0.375 0.05 0.675 1 0.65 0.375 0.65 0.25 0.425 0.75 1 0 1 0.55 0.475 0.6 0.2 0 0.25 0.975 1 
699    0.2 0 0.4 0.8 0.8  0.0355559 0.025 0.25 0.25 0.05 0.45 0.675 0.825 0.375 0.175 0.25 0.425 0.775 1 0 1 0.55 0.475 0.6 0.2 0.075 0.3 0.75 1 
729    0.2 0 0.8 0 0.8  0.0410234 0.575 0.25 0.375 0.05 0.075 1 0.825 0.375 0.175 0.25 0.425 0.75 1 0 1 0.55 0.925 0.6 0.2 0.025 1 0 1 
734    0.2 0 0.8 0.2 0.8  0.04297 0.575 0.25 0.375 0.05 0.075 0.875 0.825 0.375 0.175 0.15 0.425 0.75 1 0 1 0.55 0.925 0.6 0.2 0.075 1 0.225 0.95 
739    0.2 0 0.8 0.4 0.8  0.039555 0.575 0.25 0.375 0.05 0.075 1 0.825 0.375 0.175 0.25 0.425 0.75 1 0 1 0.55 0.925 0.6 0.2 0.025 1 0.3 1 
743    0.2 0 0.8 0.6 0.6  -0.0111838 0.575 0.25 0.475 0.825 0.45 0.175 0.825 0 0.225 0.25 0.425 0.75 1 0 0.95 0 0.475 0.6 0.2 0.075 1 0.55 0.675 
744    0.2 0 0.8 0.6 0.8  -0.0111838 0.575 0.25 0.475 0.825 0.45 0.175 0.825 0 0.225 0.25 0.425 0.75 1 0 0.95 0 0.475 0.6 0.2 0.075 1 0.55 0.7 
749    0.2 0 0.8 0.8 0.8  0.0410234 0.575 0.25 0.375 0.05 0.075 1 0.825 0.375 0.175 0.25 0.425 0.75 1 0 1 0.55 0.925 0.6 0.2 0.025 1 1 1 
754    0.2 0.2 0 0 0.8  0.0398344 0.575 0.25 0.375 0.05 0.075 0.875 0.825 0.375 0.175 0.25 0.425 0.75 1 0 1 0.55 0.925 0.6 0.2 0.2 0 0 1 
759    0.2 0.2 0 0.2 0.8  -0.000793543 0.2 0.25 0.375 0.05 0.45 1 0.825 0.375 0.775 0.25 0.65 0.475 1 0 0.875 0.55 0.475 0.6 0.225 0.275 0.025 0.225 0.975 
764    0.2 0.2 0 0.4 0.8  0.0395405 0.575 0.25 0.375 0.05 0.475 0.875 0.825 0.375 0.175 0.25 0.425 0.75 1 0 1 0.55 0.925 0.6 0.2 0.2 0 0.45 1 
769    0.2 0.2 0 0.6 0.8  0.0402755 0.575 0.25 0.375 0.05 0.475 0.875 0.825 0.375 0.175 0.25 0.425 0.75 1 0 1 0.55 0.925 0.6 0.2 0.2 0.075 0.525 1 
774    0.2 0.2 0 0.8 0.8  0.288263 0.575 0.25 0.25 0.3 0.45 1 0.825 0.375 0.275 0.25 0.475 0.75 1 0 0.875 0.55 0.475 0.6 0.2 0.25 0.05 0.8 0.9 
779    0.2 0.2 0.2 0 0.8  0.0434888 0.575 0.25 0.375 0.05 0.075 1 0.825 0.375 0.175 0.25 0.425 0.75 1 0 1 0.425 0.925 0.6 0.2 0.225 0.25 0 1 
784    0.2 0.2 0.2 0.2 0.8  0.0302346 0.575 0.25 0.375 0.05 0.075 0.35 0.075 0.375 0.175 0.25 0.525 0.75 1 0 1 0.55 0.925 0.6 0.2 0.275 0.25 0.225 1 
789    0.2 0.2 0.2 0.4 0.8  0.0323841 0.575 0.25 0.375 0.05 0.475 0.875 0.825 0.375 0.175 0.25 0.425 0.75 1 0 1 0.55 0.925 0.6 0.2 0.2 0.225 0.45 1 
793    0.2 0.2 0.2 0.6 0.6  -0.0342175 0.575 0.25 0.475 0.825 0.45 0.175 0.825 0 0.225 0.25 0.425 0.75 1 0 0.95 0 0.475 0.6 0.2 0.15 0.125 0.55 0.675 
794    0.2 0.2 0.2 0.6 0.8  0.0365438 0.575 0.25 0.375 0.05 0.075 1 0.825 0.375 0.175 0.9 0.425 0.75 1 0 1 0.55 0.775 0.6 0.2 0.175 0.1 0.5 1 
799    0.2 0.2 0.2 0.8 0.8  0.034002 0.575 0.25 0.375 0.05 0.45 1 0.825 0.375 0.175 0.25 0.425 0.775 1 0 1 0.55 0.475 0.6 0.2 0.225 0.225 0.75 1 
804    0.2 0.2 0.4 0 0.8  0.0371786 0.575 0.25 0.375 0.05 0.075 1 0.825 0.375 0.175 0.25 0.425 0.75 1 0 1 0.425 0.925 0.6 0.2 0.225 0.425 0 1 
814    0.2 0.2 0.4 0.4 0.8  -0.00621385 0.575 0.125 0.375 0.05 0.625 1 0.825 0.325 0.175 0.25 0.425 0.85 1 0 0.725 0.55 0.475 0.6 0.2 0.275 0.35 0.45 1 
839    0.2 0.2 0.6 0.4 0.8  -0.00696162 0.575 0.125 0.375 0.05 0.625 1 0.825 0.375 0.175 0.25 0.425 0.85 1 0 0.725 0.55 0.475 0.6 0.2 0.275 0.55 0.45 1 
854    0.2 0.2 0.8 0 0.8  0.0398344 0.575 0.25 0.375 0.05 0.075 0.875 0.825 0.375 0.175 0.25 0.425 0.75 1 0 1 0.55 0.925 0.6 0.2 0.2 1 0 1 
859    0.2 0.2 0.8 0.2 0.8  0.0389961 0.575 0.25 0.375 0.05 0.075 0.625 0.825 0.375 0.175 0.25 0.875 0.75 1 0 1 0.55 0.925 0.6 0.2 0.25 1 0.225 1 
864    0.2 0.2 0.8 0.4 0.8  -0.00658765 0.575 0.125 0.375 0.05 0.625 1 0.825 0.375 0.175 0.25 0.425 0.85 1 0 0.725 0.55 0.475 0.6 0.2 0.275 0.75 0.45 1 
868    0.2 0.2 0.8 0.6 0.6  -0.00757999 0.575 0.25 0.475 0.825 0.45 0.175 0.825 0 0.225 0.25 0.425 0.75 1 0 0.95 0 0.475 0.6 0.2 0.1 1 0.55 0.675 
869    0.2 0.2 0.8 0.6 0.8  -0.00757999 0.575 0.25 0.475 0.825 0.45 0.175 0.825 0 0.225 0.25 0.425 0.75 1 0 0.95 0 0.475 0.6 0.2 0.1 1 0.55 0.925 
874    0.2 0.2 0.8 0.8 0.8  0.0390527 0.575 0.25 0.375 0.05 0.45 1 0.825 0.375 0.175 0.25 0.625 0.75 1 0 1 0.55 0.475 0.6 0.2 0.25 1 0.975 1 
879    0.2 0.4 0 0 0.8  0.0399365 0.575 0.25 0.375 0.05 0.075 0.875 0.825 0.375 0.025 0.25 0.425 0.75 1 0 1 0.55 0.925 0.6 0.2 0.3 0.075 0 1 
884    0.2 0.4 0 0.2 0.8  -0.000793543 0.2 0.25 0.375 0.05 0.45 1 0.825 0.375 0.775 0.25 0.65 0.475 1 0 0.875 0.55 0.475 0.6 0.225 0.475 0.025 0.225 0.975 
888    0.2 0.4 0 0.4 0.6  -0.0225874 0.575 0.25 0.375 0.05 0.45 0.175 0.825 0.6 0.625 0.25 0.425 0.6 1 0 0.4 0.55 0.5 0.6 0.2 0.3 0.075 0.3 0.675 
889    0.2 0.4 0 0.4 0.8  0.0419563 0.575 0.25 0.375 0.05 0.075 1 0.95 0.375 0.175 0.25 0.425 0.75 1 0 1 0.55 0.925 0.6 0.2 0.425 0.05 0.3 1 
892    0.2 0.4 0 0.6 0.4  -0.0330034 0.575 0.35 0.375 0.05 0.45 0.175 0.825 0.575 0.625 0.25 0.425 0.75 1 0 0.4 0.55 0.475 0.775 0.2 0.475 0 0.575 0.425 
893    0.2 0.4 0 0.6 0.6  -0.0204597 0.575 0.25 0.375 0.05 0.45 0.175 0.825 0.6 0.625 0.25 0.425 0.6 1 0 0.4 0.55 0.5 0.6 0.2 0.3 0.075 0.525 0.675 
894    0.2 0.4 0 0.6 0.8  0.0385873 0.575 0.25 0.425 0.05 0.45 1 0.825 0.375 0.625 0.25 0.425 0.75 1 0 0.875 0.55 0.475 0.6 0.2 0.3 0.075 0.675 0.9 
899    0.2 0.4 0 0.8 0.8  0.288263 0.575 0.25 0.25 0.3 0.45 1 0.825 0.375 0.275 0.25 0.475 0.75 1 0 0.875 0.55 0.475 0.6 0.2 0.3 0.05 0.8 0.9 
904    0.2 0.4 0.2 0 0.8  0.017235 0.575 0.25 0.375 0.05 0.825 0.875 0.825 0.375 0.175 0.25 0.425 0.75 1 0 1 0.55 0.925 0.6 0.2 0.475 0.2 0 1 
909    0.2 0.4 0.2 0.2 0.8  0.0335309 0.575 0.25 0.375 0.05 0.075 0.625 0.075 0.375 0.175 0.25 0.875 0.75 1 0 1 0.55 0.925 0.6 0.2 0.45 0.25 0.225 1 
913    0.2 0.4 0.2 0.4 0.6  -0.0145346 0.575 0.25 0.375 0.05 0.45 0.175 0.425 0.6 0.625 0.25 0.425 0.6 1 0 0.4 0.55 0.5 0.6 0.2 0.3 0.2 0.3 0.675 
914    0.2 0.4 0.2 0.4 0.8  0.0362555 0.575 0.25 0.925 0.05 0.225 1 0.825 0.375 0.05 0.25 0.575 0.75 1 0 1 0.55 0.875 0.6 0.2 0.45 0.175 0.425 1 
919    0.2 0.4 0.2 0.6 0.8  0.0402453 0.575 0.25 0.375 0.225 0.075 1 0.825 0.375 0.175 0.9 0.425 0.75 1 0 1 0.55 0.775 0.6 0.2 0.4 0.1 0.5 1 
924    0.2 0.4 0.2 0.8 0.8  0.0301538 0.025 0.25 0.375 0.05 0.45 0.675 0.825 0.375 0.175 0.25 0.425 0.775 1 0 1 0.55 0.475 0.6 0.2 0.475 0.225 0.75 1 
929    0.2 0.4 0.4 0 0.8  0.00319647 0.575 0.25 0.375 0.05 0.225 1 0.825 0.375 0.175 0.25 0.875 0.75 1 0 0.375 0.55 0.475 0.6 0.225 0.475 0.425 0.075 1 
934    0.2 0.4 0.4 0.2 0.8  -0.00986292 0.575 0.25 0.375 0.05 0.225 1 0.125 0.375 0.175 0.25 0.7 0.75 1 0 0.375 0.55 0.475 0.6 0.225 0.475 0.425 0.15 1 
938    0.2 0.4 0.4 0.4 0.6  -0.000298875 0.575 0.25 0.375 0.05 0.45 0.175 0.85 0.6 0.625 0.25 0.425 0.75 1 0 0.4 0.55 0.475 0.6 0.2 0.4 0.375 0.3 0.675 
939    0.2 0.4 0.4 0.4 0.8  -0.00560808 0.575 0.25 0.375 0.05 0.55 0.175 0.825 0 0.625 0.55 0.425 0.85 1 0 0.4 0.55 0.475 0.6 0.225 0.425 0.475 0.475 0.95 
943    0.2 0.4 0.4 0.6 0.6  -0.0245482 0.575 0.25 0.375 0.75 0.45 0.175 0.825 0 0.625 0.575 0.425 0.75 1 0 0.4 0.55 0.475 0.6 0.275 0.3 0.475 0.5 0.675 
944    0.2 0.4 0.4 0.6 0.8  -0.0133377 0.575 0.25 0.375 0.05 0.45 0.175 0.825 0 0.625 0.55 0.425 0.95 1 0 0.4 0.55 0.475 0.6 0.2 0.45 0.45 0.525 0.95 
948    0.2 0.4 0.4 0.8 0.6  -0.0113144 0.55 0.25 0.45 0.625 0.45 0.25 0.875 0 0.675 0.25 0.425 0.025 1 0 0.4 0.8 0.775 0.85 0.2 0.4 0.45 1 0.55 
949    0.2 0.4 0.4 0.8 0.8  0.0355559 0.025 0.25 0.25 0.05 0.45 0.675 0.825 0.375 0.175 0.25 0.425 0.775 1 0 1 0.55 0.475 0.6 0.2 0.35 0.3 0.75 1 
954    0.2 0.4 0.6 0 0.8  -0.0137546 0.575 0.025 0.375 0.05 0.225 0.45 0.05 0.375 0.175 0.25 0.875 0.75 1 0 0.425 0.55 0.475 0.6 0.15 0.4 0.675 0.075 1 
959    0.2 0.4 0.6 0.2 0.8  -0.00219951 0.725 0.25 0.375 0.05 0.225 1 0.125 0.375 0.175 0.25 0.7 0.75 1 0 0.375 0.55 0.475 0.6 0.225 0.475 0.5 0.15 1 
963    0.2 0.4 0.6 0.4 0.6  0.000292683 0.575 0.65 0.375 0.05 0.2 0.175 0 0 0.625 0.25 0.425 0.75 1 0.2 0.4 0.7 0.475 0.6 0.15 0.475 0.55 0.3 0.675 
964    0.2 0.4 0.6 0.4 0.8  -0.0137326 0.575 0.25 0.375 0.05 0.175 0.175 0.825 0 0.625 0.55 0.425 0.95 1 0 0.4 0.55 0.475 0.6 0.225 0.425 0.5 0.475 0.75 
968    0.2 0.4 0.6 0.6 0.6  -0.0152609 0.575 0.25 0.375 0.05 0.45 0.175 0.825 0.35 0.625 0.25 0.425 0.75 1 0 0.4 0.55 0.475 0.6 0.2 0.4 0.55 0.525 0.675 
969    0.2 0.4 0.6 0.6 0.8  -0.0154746 0.575 0.25 0.375 0.05 0.45 0.175 0.825 0 0.625 0.55 0.425 0.95 1 0 0.4 0.55 0.475 0.6 0.2 0.45 0.575 0.525 0.95 
972    0.2 0.4 0.6 0.8 0.4  -0.0100516 0.55 0.25 0.45 0.625 0.45 0.25 0.875 0 0.675 0.25 0.425 0.025 1 0 0.4 0.8 0.775 0.85 0.2 0.4 0.575 1 0.3 
973    0.2 0.4 0.6 0.8 0.6  -0.0118696 0.55 0.25 0.45 0.625 0.45 0.25 0.875 0 0.275 0.25 0.425 0.025 1 0 0.4 0.8 0.775 0.85 0.2 0.4 0.525 1 0.55 
974    0.2 0.4 0.6 0.8 0.8  -0.00802758 0.575 0.25 0.375 0.05 0.325 0.175 0.725 0 0.625 0.55 0.425 0.95 1 0.05 0.4 0.55 0.925 0.6 0.2 0.425 0.5 0.725 0.75 
979    0.2 0.4 0.8 0 0.8  0.0398344 0.575 0.25 0.375 0.05 0.075 0.875 0.825 0.375 0.175 0.25 0.425 0.75 1 0 1 0.55 0.925 0.6 0.2 0.475 1 0 1 
984    0.2 0.4 0.8 0.2 0.8  0.0389961 0.575 0.25 0.375 0.05 0.075 0.625 0.825 0.375 0.175 0.25 0.875 0.75 1 0 1 0.55 0.925 0.6 0.2 0.475 1 0.225 1 
988    0.2 0.4 0.8 0.4 0.6  -0.0111606 0.575 0.65 0.375 0.05 0.45 0.175 0 0 0.625 0.25 0.425 0.75 1 0.2 0.45 0.55 0.475 0.75 0.225 0.3 0.725 0.3 0.675 
989    0.2 0.4 0.8 0.4 0.8  -0.00664897 0.575 0.25 0.375 0.05 0.45 0.175 0.825 0 0.625 0.55 0.425 0.95 1 0 0.4 0.55 0.475 0.6 0.225 0.425 0.775 0.475 0.95 
993    0.2 0.4 0.8 0.6 0.6  -0.00887629 0.575 0.25 0.375 0.75 0.45 0.175 0.825 0 0.925 0.575 0.425 0.75 1 0 0.4 0.55 0.475 0.6 0.275 0.3 0.75 0.5 0.675 
998    0.2 0.4 0.8 0.8 0.6  -0.0114329 0.55 0.25 0.45 0.625 0.45 0.25 0.875 0 0.675 0.25 0.425 0.025 1 0 0.4 0.8 0.775 0.85 0.2 0.4 0.75 1 0.55 
999    0.2 0.4 0.8 0.8 0.8  0.0406233 0.575 0.25 0.375 0.05 0.075 0.625 0.825 0.375 0.175 0.25 0.875 0.75 1 0 1 0.55 0.925 0.6 0.2 0.45 1 1 1 
1004    0.2 0.6 0 0 0.8  0.039777 0.575 0.25 0.375 0.05 0.075 0.875 0.825 0.375 0.175 0.25 0.425 0.75 1 0 1 0.55 0.925 0.6 0.2 0.5 0.025 0 1 
1009    0.2 0.6 0 0.2 0.8  0.0434017 0.575 0.25 0.425 0.05 0.45 1 0.825 0.375 0.625 0.25 0.425 0.8 1 0 0.875 0.55 0.975 0.6 0.2 0.5 0.075 0.25 0.9 
1013    0.2 0.6 0 0.4 0.6  -0.0163541 0.575 0.25 0.375 0.05 0.45 0.175 0.825 0.575 0.625 0.25 0.425 0.75 1 0 0.4 0.55 0.475 0.6 0.2 0.6 0 0.3 0.675 
1014    0.2 0.6 0 0.4 0.8  0.0408282 0.575 0.25 0.925 0.05 0.225 1 0.825 0.375 0.05 0.25 0.575 0.75 1 0 1 0.55 0.875 0.6 0.2 0.6 0 0.425 1 
1017    0.2 0.6 0 0.6 0.4  -0.0257651 0.575 0.25 0.375 0.05 0.45 0.175 0.825 0.575 0.625 0.25 0.425 0.75 1 0 0.4 0.55 0.475 0.775 0.2 0.6 0 0.575 0.425 
1018    0.2 0.6 0 0.6 0.6  -0.0241418 0.575 0.25 0.375 0.05 0.45 0.175 0.825 0 0.625 0.25 0.425 0.75 1 0 0.4 0.55 0.475 0.6 0.2 0.5 0.075 0.55 0.675 
1019    0.2 0.6 0 0.6 0.8  0.0401157 0.575 0.25 0.1 0.05 0.45 1 0.825 0.375 0.175 0.325 0.425 0.75 1 0 0.575 0.55 0.925 0.6 0.2 0.65 0.05 0.5 1 
1022    0.2 0.6 0 0.8 0.4  -0.0260045 0.575 0.25 0.375 0.05 0.35 0.175 0.825 0.575 0.625 0.25 0.425 0.75 1 0 0.4 0.55 0.475 0.775 0.2 0.6 0 0.725 0.3 
1023    0.2 0.6 0 0.8 0.6  -0.0256858 0.575 0.25 0.375 0.05 0.85 0.175 0.825 0.575 0.625 0.25 0.425 0.75 1 0 0.4 0.55 0.475 0.775 0.2 0.6 0 0.925 0.5 
1024    0.2 0.6 0 0.8 0.8  0.288263 0.575 0.25 0.25 0.3 0.45 1 0.825 0.375 0.275 0.25 0.475 0.75 1 0 0.875 0.55 0.475 0.6 0.2 0.525 0.05 0.8 0.9 
1029    0.2 0.6 0.2 0 0.8  0.0377113 0.575 0.25 0.375 0.05 0.075 0.875 0.825 0.375 0.175 0.25 0.425 0.75 1 0 1 0.55 0.925 0.6 0.2 0.5 0.2 0 1 
1034    0.2 0.6 0.2 0.2 0.8  0.0345212 0.575 0.25 0.375 0.05 0.075 0.875 0.825 0.375 0.175 0.15 0.425 0.75 1 0 1 0.55 0.925 0.6 0.2 0.5 0.2 0.225 1 
1038    0.2 0.6 0.2 0.4 0.6  -0.0229471 0.575 0.25 0.375 0.05 0.45 0.175 0.825 0 0 0.25 0.425 0.75 1 0 0.4 0.375 0.475 0.6 0.275 0.525 0.2 0.3 0.675 
1039    0.2 0.6 0.2 0.4 0.8  0.0384389 0.575 0.25 0.375 0.05 0.075 1 0.825 0.375 0.175 0.25 0.425 0.75 1 0 1 0.55 0.925 0.6 0.2 0.5 0.175 0.3 1 
1043    0.2 0.6 0.2 0.6 0.6  -0.0235841 0.575 0.25 0.375 0.05 0.45 0.175 0.825 0 0.625 0.25 0.425 0.75 1 0 0.4 0.55 0.475 0.6 0.2 0.5 0.125 0.55 0.675 
1044    0.2 0.6 0.2 0.6 0.8  -0.024978 0.575 0.25 0.375 0.05 0.45 0.175 0.825 0 0.625 0.25 0.425 0.75 1 0 0.4 0.55 0.475 0.6 0.2 0.525 0.25 0.55 0.95 
1048    0.2 0.6 0.2 0.8 0.6  -0.0275702 0.575 0.25 0.375 0.05 0.45 0.175 0.825 0.35 0.625 0.25 0.425 0.75 1 0 0.4 0.55 0.475 0.6 0.225 0.675 0.2 0.95 0.675 
1049    0.2 0.6 0.2 0.8 0.8  0.0347823 0.575 0.25 0.375 0.05 0.45 1 0.975 0.375 0.2 0.7 0.45 0.75 1 0 0.875 0.55 0.475 0.6 0.2 0.5 0.225 0.8 1 
1054    0.2 0.6 0.4 0 0.8  -0.000379127 0.575 0.25 0.375 0.05 0.225 1 0.825 0.375 0.175 0.25 0.875 0.75 1 0 0.375 0.55 0.475 0.6 0.2 0.5 0.425 0.025 1 
1057    0.2 0.6 0.4 0.2 0.4  0.238411 0.55 0.25 0.55 0.575 0.2 0.25 0.45 0 0.625 0.25 0.425 0.025 1 0 0.4 0.55 0 0.85 0.2 0.6 0.475 0.25 0.3 
1058    0.2 0.6 0.4 0.2 0.6  -0.0235154 0.55 0.25 0.375 0.575 0.45 0.25 0.825 0 0.625 0.25 0.425 0.025 1 0 0.4 0.55 0 0.85 0.2 0.6 0.425 0.175 0.575 
1059    0.2 0.6 0.4 0.2 0.8  -0.00747908 0.575 0.25 0.375 0.05 0.225 1 0.825 0.375 0.175 0.25 0.875 0.75 1 0 0.375 0.55 0.475 0.6 0.2 0.5 0.425 0.25 1 
1063    0.2 0.6 0.4 0.4 0.6  0.375695 0.575 0.25 0.425 0.05 0.45 0.475 0.825 0 0.625 0.25 0.425 0.75 1 0 0.4 0.55 0.475 0.6 0.2 0.6 0.425 0.3 0.675 
1064    0.2 0.6 0.4 0.4 0.8  0.00235288 0.575 0.625 0.375 0.05 0.45 0.175 0 0 0.625 0.825 0.425 0.75 1 0 0.45 0.55 0.475 0.6 0.275 0.6 0.475 0.3 0.8 
1068    0.2 0.6 0.4 0.6 0.6  -0.0254567 0.575 0.25 0.375 0.75 0.45 0.175 0.825 0 0.625 0.25 0.425 0.75 1 0 0.4 0.55 0.475 0.6 0.275 0.675 0.475 0.5 0.675 
1069    0.2 0.6 0.4 0.6 0.8  -0.0133344 0.575 0.25 0.375 0.05 0.45 0.175 0.825 0 0.625 0.55 0.425 0.95 1 0 0.4 0.55 0.475 0.6 0.2 0.5 0.45 0.5 0.95 
1071    0.2 0.6 0.4 0.8 0.2  -0.0235582 0.55 0.25 0.45 0.575 0.45 0.25 0.825 0 0.625 0.25 0.425 0.025 1 0 0.4 0.55 0 0.85 0.2 0.6 0.45 1 0.25 
1072    0.2 0.6 0.4 0.8 0.4  -0.0295032 0.55 0.25 0.45 0.575 0.45 0.25 0.825 0 0.625 0.25 0.425 0.025 1 0 0.4 0.55 0 0.85 0.2 0.6 0.45 1 0.3 
1073    0.2 0.6 0.4 0.8 0.6  -0.0225708 0.55 0.25 0.45 0.575 0.45 0.25 0.825 0 0.625 0.125 0.425 0.025 1 0 0.4 0.55 0 0.85 0.2 0.575 0.45 1 0.55 
1074    0.2 0.6 0.4 0.8 0.8  -0.00997565 0.575 0.25 0.375 0.05 0.45 0.175 0.825 0.35 0.625 0.25 0.425 0.75 1 0 0.4 0.55 0.475 0.6 0.2 0.6 0.3 0.95 0.9 
1079    0.2 0.6 0.6 0 0.8  0.00106137 0.575 0.25 0.375 0.05 0.225 1 0.05 0.375 0.175 0.25 0.875 0.75 1 0 0.375 0.55 0.475 0.6 0.2 0.5 0.675 0.075 1 
1081    0.2 0.6 0.6 0.2 0.2  -0.0124447 0.55 0.25 0.1 0.575 0.45 0.25 0.825 0 0.625 0.25 0.425 0.025 1 0 0.4 0.55 0.925 0.85 0.2 0.6 0.55 0.2 0.275 
1082    0.2 0.6 0.6 0.2 0.4  -0.026666 0.55 0.25 0.55 0.575 0.75 0.25 0.825 0 0.625 0.25 0.425 0.025 1 0 0.4 0.55 0 0.85 0.2 0.6 0.55 0.25 0.3 
1084    0.2 0.6 0.6 0.2 0.8  -0.0121457 0.575 0.25 0.35 0.15 0.4 0.9 0.825 0 0.625 0.25 0.425 0.75 1 0 0.4 0.55 0.475 0.6 0.2 0.5 0.525 0.275 0.975 
1086    0.2 0.6 0.6 0.4 0.2  -0.0125275 0.55 0.25 0.1 0.575 0.45 0.25 0.825 0 0.625 0.25 0.425 0.025 1 0 0.4 0.55 0.925 0.85 0.2 0.6 0.55 0.45 0.275 
1088    0.2 0.6 0.6 0.4 0.6  -0.0149157 0.575 0.25 0.375 0.05 0.45 0.175 0.825 0 0 0.25 0.425 0.75 1 0 0.4 0.625 0.475 0.6 0.275 0.525 0.525 0.3 0.675 
1089    0.2 0.6 0.6 0.4 0.8  -0.0149157 0.575 0.25 0.375 0.05 0.45 0.175 0.825 0 0 0.25 0.425 0.75 1 0 0.4 0.625 0.475 0.6 0.275 0.525 0.525 0.3 0.75 
1093    0.2 0.6 0.6 0.6 0.6  0.00533054 0.575 0.25 0.375 0.75 0.45 0.175 0.825 0 0.625 0.25 0.425 0.75 1 0 0.4 0.55 0.475 0.6 0.275 0.675 0.525 0.5 0.675 
1094    0.2 0.6 0.6 0.6 0.8  -0.0130713 0.575 0.25 0.375 0.05 0.225 1 0.05 0.375 0.325 0.25 0.875 0.75 1 0 0.375 0.55 0.475 0.6 0.2 0.5 0.55 0.5 1 
1096    0.2 0.6 0.6 0.8 0.2  -0.0257024 0.55 0.25 0.45 0.575 0.45 0.25 0.825 0 0.625 0.25 0.425 0.025 1 0 0.4 0.55 0 0.85 0.2 0.6 0.5 1 0.275 
1102    0.2 0.6 0.8 0 0.4  -0.011911 0.55 0.25 0.375 0.575 0.45 0.25 0.15 0 0.625 0.675 0.425 0.025 1 0 0.4 0.55 0 0.85 0.225 0.6 0.95 0.025 0.45 
1103    0.2 0.6 0.8 0 0.6  -0.013479 0.55 0.25 0.375 0.625 0.45 0.25 0.15 0.125 0.625 0.675 0.425 0.95 1 0 0.4 0.55 0 0.85 0.225 0.65 0.975 0.025 0.575 
1104    0.2 0.6 0.8 0 0.8  0.0398344 0.575 0.25 0.375 0.05 0.075 0.875 0.825 0.375 0.175 0.25 0.425 0.75 1 0 1 0.55 0.925 0.6 0.2 0.5 1 0 1 
1106    0.2 0.6 0.8 0.2 0.2  -0.00655486 0.55 0.25 0.45 0.825 0.45 0.25 0.825 0 0.625 1 0.425 0.025 1 0 0.4 0.55 0 0.85 0.2 0.6 0.725 0.15 0.275 
1107    0.2 0.6 0.8 0.2 0.4  0.0131472 0.55 0.25 0.45 0.575 0.45 0.25 0.825 0 0.625 0.25 0.625 0.025 1 0 0.4 0.55 0 0.85 0.2 0.55 0.725 0.2 0.475 
1108    0.2 0.6 0.8 0.2 0.6  -0.00689748 0.55 0.25 0.45 0.575 0.45 0.45 0.825 0 0.25 0.25 0.425 0.7 1 0 0.4 0.55 0 0.85 0.2 0.6 0.725 0.2 0.5 
1109    0.2 0.6 0.8 0.2 0.8  0.0403039 0.575 0.25 0.375 0.05 0.075 0.875 0.825 0.375 0.175 0.15 0.425 0.75 1 0 1 0.55 0.925 0.6 0.2 0.5 1 0.225 1 
1113    0.2 0.6 0.8 0.4 0.6  -0.0104616 0.575 0.65 0.375 0.05 0.45 0.175 0 0 0.625 0.25 0.425 0.75 1 0.2 0.4 0.55 0.475 0.75 0.225 0.525 0.725 0.3 0.675 
1114    0.2 0.6 0.8 0.4 0.8  0.0397001 0.575 0.25 0.375 0.05 0.25 0.875 0.825 0.375 0.175 0.25 0.425 0.75 1 0 1 0.55 0.925 0.6 0.2 0.5 1 0.475 1 
1118    0.2 0.6 0.8 0.6 0.6  -0.00815487 0.575 0.25 0.375 0.05 0.45 0.175 0.825 0 0.1 0.25 0.425 0.75 1 0 0.4 0.55 0.475 0.6 0.2 0.5 0.75 0.55 0.675 
1119    0.2 0.6 0.8 0.6 0.8  0.0401273 0.575 0.25 0.375 0.05 0.075 0.875 0.25 0.375 0.175 0.25 0.425 0.75 1 0 1 0.55 0.575 0.6 0.2 0.5 1 0.575 1 
1121    0.2 0.6 0.8 0.8 0.2  -0.00873306 0.55 0.25 0.45 0.575 0.45 0.25 0.375 0 0.625 0.25 0.425 0.025 1 0 0.4 0.55 0.05 0.85 0.25 0.5 0.725 1 0.275 
1122    0.2 0.6 0.8 0.8 0.4  -0.0106446 0.55 0.25 0.45 0.575 0.45 0.25 0.825 0 0.625 0.25 0.625 0.025 1 0 0.4 0.55 0 0.85 0.2 0.6 0.725 1 0.475 
1123    0.2 0.6 0.8 0.8 0.6  -0.0105251 0.55 0.25 0.45 0.575 0.45 0.45 0.825 0 0.625 0.25 0.425 0.7 1 0 0.4 0.55 0 0.85 0.2 0.6 0.725 1 0.5 
1124    0.2 0.6 0.8 0.8 0.8  0.0390527 0.575 0.25 0.375 0.05 0.45 1 0.825 0.375 0.175 0.25 0.625 0.75 1 0 1 0.55 0.475 0.6 0.2 0.5 1 0.975 1 
1129    0.2 0.8 0 0 0.8  0.0390264 0.575 0.25 0.375 0.05 0.075 0.875 0.825 0.375 0.175 0.25 0.35 0.75 1 0 1 0.55 0.925 0.6 0.2 0.95 0.075 0 1 
1134    0.2 0.8 0 0.2 0.8  -0.0274805 0.575 0.25 0.375 0.05 0.45 1 0.825 0.375 0.175 0.325 0.425 0.75 1 0 0.2 0.55 0.925 0.6 0.2 0.95 0 0.175 1 
1138    0.2 0.8 0 0.4 0.6  -0.0241265 0.575 0.25 0.875 0.05 0.45 0.175 0.825 0.575 0.625 0.25 0.425 0.75 1 0 0.4 0.55 0.475 0.6 0.2 0.75 0 0.3 0.675 
1139    0.2 0.8 0 0.4 0.8  0.184569 0.575 0.25 0.375 0.2 0.45 0.175 0.825 0 0.45 0.25 0.425 0.75 1 0 0.4 0.55 0.475 0.6 0.2 0.9 0.075 0.3 0.975 
1143    0.2 0.8 0 0.6 0.6  0.00131386 0.575 0.25 0.375 0.05 0.45 0.175 0.825 0 0.625 0.25 0.425 0.75 1 0 0.4 0.55 0.475 0.6 0.225 0.7 0.075 0.55 0.675 
1144    0.2 0.8 0 0.6 0.8  0.0401157 0.575 0.25 0.375 0.05 0.45 1 0.825 0.375 0.175 0.325 0.425 0.75 1 0 0.475 0.55 0.925 0.6 0.2 0.775 0.05 0.5 1 
1149    0.2 0.8 0 0.8 0.8  0.0392586 0.575 0.25 0.375 0.05 0.45 0.95 0.825 0.375 0.775 0.25 0.425 0.75 1 0 1 0.55 0.475 0.6 0.2 1 0 0.75 1 
1154    0.2 0.8 0.2 0 0.8  0.0352912 0.575 0.25 0.2 0.05 0.075 0.875 0.825 0.375 0.175 0.25 0.425 0.75 1 0 1 0.55 0.925 0.6 0.2 1 0.225 0 1 
1159    0.2 0.8 0.2 0.2 0.8  0.0407511 0.575 0.25 0.375 0.05 0.075 0.95 0.825 0.375 0.175 0.325 0.425 0.75 1 0 0.375 0.55 0.925 0.6 0.2 0.725 0.25 0.25 1 
1163    0.2 0.8 0.2 0.4 0.6  -0.0246613 0.575 0.25 0.875 0.05 0.45 0.175 0.825 0.575 0.625 0.25 0.425 0.75 1 0 0.4 0.55 0.475 0.6 0.2 0.75 0.25 0.3 0.675 
1164    0.2 0.8 0.2 0.4 0.8  0.0491859 0.575 0.25 0.375 0.05 0.45 1 0.825 0.375 0.175 0.325 0.425 0.75 1 0 0.475 0.55 0.925 0.6 0.2 0.775 0.25 0.325 1 
1167    0.2 0.8 0.2 0.6 0.4  0.00433415 0.575 0.25 0.475 0.825 0.45 0.175 0.15 0 0.225 0.25 0.175 0.75 1 0 0.95 0 0.475 0.85 0.2 0.925 0.275 0.55 0.475 
1168    0.2 0.8 0.2 0.6 0.6  -0.00386721 0.575 0.875 0.475 0.825 0.375 0.65 0.825 0 0.625 0.25 0.425 0.75 1 0 0.4 0.675 0.475 0.6 0.25 0.725 0.15 0.5 0.675 
1169    0.2 0.8 0.2 0.6 0.8  0.0332655 0.575 0.25 0.375 0.05 0.45 1 0.825 0.375 0.175 0.325 0.425 0.75 1 0 0.475 0.55 0.925 0.6 0.2 0.775 0.25 0.5 1 
1173    0.2 0.8 0.2 0.8 0.6  -0.0265905 0.575 0.25 0.1 0.05 0.45 0.175 0.75 0 0.625 0.25 0.45 0.75 1 0 0.4 0.55 0.475 0.6 0.2 0.7 0.275 0.95 0.675 
1174    0.2 0.8 0.2 0.8 0.8  0.219585 0.575 0.25 0.375 0.05 0.45 1 0.2 0.375 1 0.25 0.425 0.75 1 0 0.4 0.55 0.475 0.225 0.2 0.75 0.225 0.9 0.9 
1184    0.2 0.8 0.4 0.2 0.8  -0.00693257 0.575 1 0.375 0.05 0.45 1 0.75 0.375 0.625 0.25 1 0.725 1 0.15 0.95 0.55 0.475 0.6 0.275 0.725 0.475 0.225 0.975 
1188    0.2 0.8 0.4 0.4 0.6  -0.0132233 0.575 0.25 0.875 0.05 0.45 0.175 0.825 0.575 0.625 0.25 0.425 0.75 1 0 0.4 0.55 0.475 0.6 0.2 0.75 0.425 0.3 0.675 
1189    0.2 0.8 0.4 0.4 0.8  -0.0299135 0.1 0.625 0.375 0.05 0.45 0.175 0 0 0.625 0.825 0.425 0.75 1 0 0.45 0.55 0.475 0.6 0.275 0.7 0.475 0.3 1 
1193    0.2 0.8 0.4 0.6 0.6  -0.0116311 0.575 0.25 0.375 0.05 0.45 0.175 0.825 0 0.625 0.25 0.425 0.75 1 0 0.4 0.55 0.475 0.6 0.225 0.7 0.45 0.55 0.675 
1194    0.2 0.8 0.4 0.6 0.8  -0.0105032 0.575 0.25 0.375 0.05 0.45 0.8 0.825 0 0.625 0.25 0.425 0.75 1 0 0.4 0.55 0.475 0.6 0.225 0.7 0.45 0.55 0.75 
1196    0.2 0.8 0.4 0.8 0.2  -0.0292576 0.55 0.25 0.45 0.575 0.45 0.25 0.825 0 0.625 0.25 0.425 0.025 1 0 0.575 0.55 0 0.85 0.2 1 0.45 1 0.275 
1197    0.2 0.8 0.4 0.8 0.4  0.032725 0.55 0.25 0.45 0.575 0.625 0.25 0.825 0 0.625 0.25 0.425 0.025 1 0 0.4 0.725 0 0.85 0.2 1 0.45 1 0.3 
1198    0.2 0.8 0.4 0.8 0.6  0.0144101 0.55 0.25 0.45 0.625 0.45 0.25 0.825 0 0.675 0.25 0.425 0.025 1 0 0.4 0.55 0 0.85 0.275 1 0.45 1 0.55 
1199    0.2 0.8 0.4 0.8 0.8  -0.029818 0.025 0.25 0.25 0.05 0.45 0.675 0.825 0.375 0.175 0.25 0.425 0.775 1 0 1 0.55 0.475 0.6 0.2 0.8 0.3 0.75 1 
1202    0.2 0.8 0.6 0 0.4  -0.0118525 0.55 0.25 0.45 0.575 0.45 0.25 0.825 0 0.625 0.575 0.625 0.025 1 0 0.4 0.75 0 0.85 0.2 0.725 0.5 0.025 0.475 
1213    0.2 0.8 0.6 0.4 0.6  0.259748 0.575 0.25 0.875 0.05 0.45 0.325 0.825 0.575 0.625 0.25 0.425 0.825 1 0 0.4 0.55 0.475 0.6 0.2 0.75 0.675 0.3 0.675 
1214    0.2 0.8 0.6 0.4 0.8  -0.00669069 0.575 0.25 0.375 0.05 0.45 0.175 0.825 0 0.625 0.25 0.425 0.95 1 0 0.4 0.55 0.475 0.6 0.2 0.7 0.5 0.475 0.75 
1222    0.2 0.8 0.6 0.8 0.4  -0.00729126 0.55 0.25 0.45 0.575 0.45 0.25 0.825 0 0.625 0.575 0.625 0.025 1 0 0.4 0.75 0 0.85 0.2 0.725 0.5 1 0.475 
1223    0.2 0.8 0.6 0.8 0.6  -0.0275844 0.55 0.25 0.45 0.625 0.45 0.25 0.825 0 0.675 0.25 0.425 0.025 1 0 0.4 0.55 0 0.85 0.2 1 0.525 1 0.55 
1227    0.2 0.8 0.8 0 0.4  0.0175434 0.55 0.25 0.375 0.625 0.45 0.25 0.15 0.125 0.625 0.675 0.425 0.55 1 0 0.4 0.55 0 0.85 0.225 0.775 0.95 0.025 0.425 
1228    0.2 0.8 0.8 0 0.6  0.0175434 0.55 0.25 0.375 0.625 0.45 0.25 0.15 0.125 0.625 0.675 0.425 0.55 1 0 0.4 0.55 0 0.85 0.225 0.775 0.975 0.025 0.575 
1229    0.2 0.8 0.8 0 0.8  0.0407988 0.575 0.25 0.375 0.05 0.075 0.875 0.825 0.375 0.175 0.25 0.425 0.75 1 0 1 0.55 0.925 0.6 0.2 1 1 0 1 
1231    0.2 0.8 0.8 0.2 0.2  -0.00673121 0.55 0.25 0.7 0.825 0.625 0.25 0.825 0 0.625 1 0.425 0.025 1 0 0.4 0.55 0 0.85 0.2 0.7 0.725 0.15 0.275 
1232    0.2 0.8 0.8 0.2 0.4  -0.00673121 0.55 0.25 0.7 0.825 0.625 0.25 0.825 0 0.625 1 0.425 0.025 1 0 0.4 0.55 0 0.85 0.2 0.7 0.725 0.15 0.4 
1234    0.2 0.8 0.8 0.2 0.8  0.0411841 0.575 0.25 0.375 0.05 0.075 0.95 0.825 0.375 0.175 0.325 0.425 0.75 1 0 0.525 0.55 0.925 0.6 0.2 0.725 1 0.25 1 
1238    0.2 0.8 0.8 0.4 0.6  -0.00741287 0.575 0.25 0.875 0.05 0.45 0.325 0.825 0.575 0.625 0.25 0.425 0.75 1 0 0.4 0.55 0.475 0.6 0.2 0.75 0.75 0.3 0.675 
1239    0.2 0.8 0.8 0.4 0.8  0.0407854 0.575 0.25 0.375 0.05 0.075 1 0.5 0.375 0.175 0.25 0.425 0.75 1 0 1 0.55 0.925 0.6 0.2 1 1 0.3 1 
1243    0.2 0.8 0.8 0.6 0.6  0.233613 0.575 0.25 0.375 0.05 0.45 0.175 0.825 0.725 0.625 0.675 0.425 0.75 1 0 0.4 0.55 0.475 0.6 0.2 0.7 1 0.55 0.6 
1244    0.2 0.8 0.8 0.6 0.8  0.233613 0.575 0.25 0.375 0.05 0.45 0.175 0.825 0.725 0.625 0.675 0.425 0.75 1 0 0.4 0.55 0.475 0.6 0.2 0.7 1 0.55 0.775 
1247    0.2 0.8 0.8 0.8 0.4  -0.0191627 0.55 0.25 0.45 0.575 0.45 0.25 0.825 0 0.625 0.25 0.625 0.025 1 0 0.4 0.55 0 0.85 0.2 0.75 0.725 1 0.475 
1248    0.2 0.8 0.8 0.8 0.6  -0.00771368 0.55 0.725 0.45 0.575 0.45 0.25 0.825 0 0.625 0.25 0.625 0.025 1 0 0.4 0.75 0 0.85 0.2 0.725 0.725 1 0.575 
1249    0.2 0.8 0.8 0.8 0.8  0.0407988 0.575 0.25 0.375 0.05 0.075 1 0.825 0.375 0.175 0.25 0.425 0.75 1 0 1 0.55 0.925 0.6 0.2 1 1 1 1 
1514    0.4 0.4 0 0.4 0.8  -0.00204545 0.5 0.625 0.375 0.325 0.45 0.9 0.825 0.125 0.575 0.875 0.425 0.75 1 0 0.575 0.975 0.475 0.6 0.325 0.45 0 0.3 1 
1534    0.4 0.4 0.2 0.2 0.8  -0.0111569 0.575 0.65 0.375 0.05 0.1 0.175 0.65 0 0.625 0.25 0.425 0.75 1 0.2 0.4 0.7 0.475 0.6 0.3 0.425 0.225 0.15 0.7 
1539    0.4 0.4 0.2 0.4 0.8  -0.00546057 0.575 0.65 0.375 0.05 0.1 0.175 0.65 0 0.625 0.25 0.425 0.75 1 0.2 0.4 0.7 0.475 0.6 0.3 0.425 0.225 0.3 0.7 
1558    0.4 0.4 0.4 0.2 0.6  -0.00201898 0.575 0.4 0.375 0.05 0.45 0.175 0 0 0.625 0.35 0.525 0.75 1 0.2 0.4 0.7 0.475 0.6 0.3 0.425 0.4 0.275 0.675 
1559    0.4 0.4 0.4 0.2 0.8  0.003507 0.575 0.4 0.375 0.05 0.45 0.175 0 0 0.625 0.35 0.525 0.75 1 0.2 0.4 0.7 0.475 0.6 0.3 0.425 0.4 0.275 0.825 
1563    0.4 0.4 0.4 0.4 0.6  -0.0101038 0.575 0.65 0.375 0.05 0.45 0.175 0 0 0.625 0.25 0.425 0.75 1 0.2 0.4 0.7 0.475 0.6 0.3 0.425 0.4 0.3 0.675 
1564    0.4 0.4 0.4 0.4 0.8  -0.0123773 0.575 0.5 0.375 0.05 0.025 0.725 0 0 0.625 0.25 0.425 0.75 1 0 0.4 0.65 0.475 0.6 0.3 0.475 0.475 0.3 0.75 
1568    0.4 0.4 0.4 0.6 0.6  -0.0234661 0.575 0.25 0.375 0.75 0.45 0.175 0.825 0 0.625 0.575 0.425 0.05 1 0 0.4 0.55 0.475 0.6 0.3 0.3 0.475 0.5 0.675 
1569    0.4 0.4 0.4 0.6 0.8  -0.00989226 0.575 0.65 0.375 0.05 0.45 0.175 0.65 0 0.625 0.25 0.425 0.75 1 0.2 0.4 0.7 0.475 0.6 0.3 0.425 0.4 0.5 0.875 
1588    0.4 0.4 0.6 0.4 0.6  -0.0113217 0.575 0.65 0.375 0.05 0.45 0.175 0 0 0.625 0.25 0.425 0.75 1 0.2 0.4 0.55 0.475 0.6 0.3 0.475 0.55 0.3 0.675 
1589    0.4 0.4 0.6 0.4 0.8  -0.00436488 0.575 0.65 0.375 0.05 0.45 0.175 0 0 0.625 0.7 0.425 0.75 1 0.2 0.4 0.55 0.475 0.6 0.3 0.475 0.55 0.3 0.775 
1594    0.4 0.4 0.6 0.6 0.8  -0.00826168 0.575 0.65 0.375 0.05 0.45 0.175 0.65 0 0.625 0.25 0.425 0.75 1 0.2 0.4 0.7 0.475 0.475 0.3 0.425 0.625 0.5 0.875 
1607    0.4 0.4 0.8 0.2 0.4  -0.00634256 0.55 0.75 0.375 0.575 0.45 0.475 0.4 0.75 0.625 0.675 0.425 0.025 1 0 0.4 0.55 0 0.85 0.475 0.425 0.95 0.175 0.45 
1608    0.4 0.4 0.8 0.2 0.6  -0.0238842 0.55 0.75 0.375 0.575 0.45 0.475 0.275 0 0.625 0.675 0.425 0.025 1 0 0.4 0.225 0 0.85 0.475 0.425 0.95 0.175 0.525 
1609    0.4 0.4 0.8 0.2 0.8  -0.00147245 0.575 0.625 0.375 0.05 0.2 0.175 0.65 0 0.625 0.325 0.425 0.75 1 0 0.45 0.55 0.475 0.6 0.3 0.425 0.975 0.125 0.8 
1613    0.4 0.4 0.8 0.4 0.6  -0.0122309 0.575 0.65 0.375 0.05 0.45 0.175 0 0 0.625 0.25 0.425 0.75 1 0.2 0.4 0.55 0.475 0.6 0.3 0.475 0.775 0.3 0.675 
1614    0.4 0.4 0.8 0.4 0.8  -0.00296507 0.575 0.65 0.375 0.05 0.45 0.175 0 0 0.625 0.7 0.425 0.75 1 0.2 0.4 0.55 0.475 0.6 0.3 0.475 0.875 0.3 0.775 
1623    0.4 0.4 0.8 0.8 0.6  -0.00288271 0.575 0.65 0.375 0.05 0.45 0.175 0 0.925 0.625 0.25 0.425 0.75 1 0.2 0.4 0.55 0.475 0.6 0.3 0.475 0.925 0.825 0.675 
1638    0.4 0.6 0 0.4 0.6  -0.0291639 0.575 0.65 0.375 0.05 0.45 0.175 0 0 0.625 0.25 0.425 0.75 1 0.2 0.4 0.55 0.475 0.6 0.3 0.525 0 0.3 0.675 
1639    0.4 0.6 0 0.4 0.8  -0.0227833 0.575 0.5 0.375 0.05 0.45 0.175 0 0.975 0.625 0.25 0.425 0.75 1 0 0.4 0.65 0.475 0.6 0.3 0.6 0.05 0.3 0.75 
1663    0.4 0.6 0.2 0.4 0.6  -0.0245157 0.575 0.5 0.375 0.05 0.45 0.175 0 0 0.625 0.25 0.425 0.75 1 0 0.45 0.55 0.475 0.6 0.3 0.6 0.2 0.3 0.675 
1664    0.4 0.6 0.2 0.4 0.8  -0.0181129 0.475 0.5 0.375 0.05 0.45 0.175 0 0 0.2 0.25 0.425 0.75 1 0 0.4 0.55 0.475 0.6 0.3 0.525 0.2 0.3 0.775 
1674    0.4 0.6 0.2 0.8 0.8  -0.0328479 0.475 0.5 0.1 0.05 0.45 0.175 0 0 0.2 0.25 0.425 0.75 1 0 0.4 0.55 0.475 0.525 0.3 0.6 0.2 0.75 0.75 
1683    0.4 0.6 0.4 0.2 0.6  -0.0200084 0.55 0.75 0.375 0.575 0.45 0.25 0.15 0 0.625 0.675 0.425 0.025 1 0 0.4 0.55 0 0.85 0.325 0.6 0.475 0.175 0.5 
1684    0.4 0.6 0.4 0.2 0.8  0.000570213 0.575 0.625 0.375 0.05 0.2 0.175 0 0 0.625 0.5 0.425 0.9 1 0 0.45 0.55 0.475 0.6 0.3 0.6 0.475 0.275 0.8 
1688    0.4 0.6 0.4 0.4 0.6  -0.00613556 0.575 0.5 0.375 0.05 0.45 0.175 0 0 0.625 0.25 0.425 0.75 1 0 0.4 0.55 0.475 0.6 0.3 0.6 0.475 0.3 0.675 
1689    0.4 0.6 0.4 0.4 0.8  -0.012035 0.575 0.5 0.375 0.05 0.45 0.175 0 0 0.625 0.25 0.425 0.75 1 0 0.4 0.65 0.475 0.6 0.3 0.6 0.475 0.3 0.75 
1699    0.4 0.6 0.4 0.8 0.8  -0.0298663 0.475 0.5 0.1 0.05 0.45 0.175 0 0 0.2 0.475 0.425 0.75 1 0 0.4 0.55 0.475 0.6 0.3 0.6 0.3 0.75 0.775 
1704    0.4 0.6 0.6 0 0.8  -0.0104781 0.575 0.5 0.375 0.575 0.225 1 0.05 0.375 0.325 0.25 0.875 0.75 1 0 0.375 0.55 0.475 0.6 0.325 0.5 0.675 0.075 1 
1707    0.4 0.6 0.6 0.2 0.4  0.0177563 0.55 0.25 0.375 0.575 0.45 0.25 0.825 0 0.625 0.025 0.425 0.025 1 0 0.4 0.55 0.075 0.85 0.475 0.6 0.575 0.15 0.425 
1708    0.4 0.6 0.6 0.2 0.6  0.0177563 0.55 0.25 0.375 0.575 0.45 0.25 0.825 0 0.625 0.025 0.425 0.025 1 0 0.4 0.55 0.075 0.85 0.475 0.6 0.575 0.15 0.525 
1713    0.4 0.6 0.6 0.4 0.6  -0.0127928 0.575 0.65 0.375 0.05 0.45 0.175 0 0 0.625 0.25 0.425 0.75 1 0.2 0.4 0.55 0.475 0.6 0.3 0.525 0.5 0.3 0.675 
1714    0.4 0.6 0.6 0.4 0.8  -0.0113709 0.575 0.65 0.375 0.05 0.45 0.175 0 0 0.625 0.25 0.425 0.75 1 0.2 0.4 0.65 0.475 0.6 0.3 0.525 0.55 0.3 0.95 
1719    0.4 0.6 0.6 0.6 0.8  -0.0233503 0.575 0.25 0.375 0.05 0.75 1 0.825 0.45 0.525 0.825 0.625 0.75 1 0 1 0.55 0.475 0.6 0.3 0.5 0.5 0.525 1 
1732    0.4 0.6 0.8 0.2 0.4  -0.00422757 0.55 0.75 0.375 0.575 0.45 0.475 0.4 0 0.625 0.675 0.425 0.025 1 0 0.4 0.55 0 0.85 0.475 0.6 0.95 0.175 0.45 
1733    0.4 0.6 0.8 0.2 0.6  -0.00244464 0.55 0.75 0.375 0.575 0.45 0.475 0.275 0 0.625 0.675 0.425 0.025 1 0 0.4 0.55 0 0.85 0.475 0.6 0.95 0.175 0.525 
1734    0.4 0.6 0.8 0.2 0.8  0.00218447 0.575 0.625 0.375 0.05 0.2 0.175 0 0 0.625 0.325 0.425 0.75 1 0 0.45 0.55 0.475 0.6 0.3 0.6 0.7 0.125 0.8 
1737    0.4 0.6 0.8 0.4 0.4  -0.00931714 0.55 0.25 0.375 0.575 0.45 0.25 0.825 0 0.625 0.025 0.975 0.025 1 0 0.4 0.15 0.075 0.85 0.475 0.65 0.95 0.3 0.4 
1738    0.4 0.6 0.8 0.4 0.6  -0.0156186 0.575 0.65 0.375 0.05 0.45 0.175 0 0 0.625 0.25 0.425 0.75 1 0.2 0.4 0.55 0.475 0.6 0.3 0.525 0.725 0.3 0.675 
1739    0.4 0.6 0.8 0.4 0.8  -0.0107733 0.575 0.5 0.375 0.05 0.45 0.175 0 0 0.625 0.25 0.425 0.75 1 0 0.4 0.55 0.475 0.6 0.3 0.6 0.75 0.3 0.725 
1744    0.4 0.6 0.8 0.6 0.8  -0.0221886 0.575 0.25 0.375 0.05 0.75 1 0.825 0.45 0.525 0 0.625 0.75 1 0 1 0.55 0.475 0.6 0.3 0.5 1 0.525 1 
1748    0.4 0.6 0.8 0.8 0.6  0.288138 0.55 0.75 0.375 0.6 0.45 0.475 0.275 0 0.625 0.675 0.425 0.025 1 0 0.4 0.7 0 0.85 0.475 0.6 0.95 1 0.525 
1788    0.4 0.8 0.2 0.4 0.6  -0.0171652 0.575 0.5 0.375 0.05 0.45 0.175 0 0 0.625 0.25 0.425 0.6 1 0 0.45 0.55 0.475 0.6 0.3 0.975 0.2 0.3 0.675 
1789    0.4 0.8 0.2 0.4 0.8  -0.0250159 0.475 0.5 0.375 0.05 0.45 0.375 0 0 0.2 0.25 0.425 0.75 1 0 0.4 0.55 0.475 0.6 0.3 0.975 0.2 0.3 0.775 
1797    0.4 0.8 0.2 0.8 0.4  -0.0233189 0.55 0.325 0.45 0.575 0.625 0.25 0.825 0 0.625 0.25 0.425 0.025 1 0 0.4 0.725 0 0.85 0.3 1 0.15 1 0.3 
1798    0.4 0.8 0.2 0.8 0.6  -0.0160024 0.575 0.5 0.375 0.05 0.45 0.175 0 0 0.625 0.25 0.925 0.6 1 0 0.45 0.55 0.475 0.6 0.3 0.975 0.2 0.775 0.675 
1799    0.4 0.8 0.2 0.8 0.8  0.035701 0.475 0.375 0.375 0.05 0.45 0.375 0 0 0.2 0.25 0.425 0.75 1 0 0.4 0.55 0.475 0.6 0.3 0.725 0.2 0.975 0.775 
1813    0.4 0.8 0.4 0.4 0.6  -0.0033511 0.575 0.5 0.375 0.05 0.45 0.175 0 0 0.625 0.25 0.425 0.75 1 0 0.4 0.55 0.475 0.6 0.3 0.7 0.475 0.3 0.675 
1814    0.4 0.8 0.4 0.4 0.8  -0.034999 0.1 0.625 0.375 0.05 0.45 0.175 0 0 0.625 0.725 0.425 0.725 1 0 0.45 0.55 0.475 0.6 0.35 0.7 0.475 0.3 1 
1822    0.4 0.8 0.4 0.8 0.4  0.0396692 0.55 0.325 0.45 0.575 0.625 0.25 0.825 0 0.625 0.25 0.425 0.025 1 0 0.4 0.725 0 0.85 0.3 1 0.45 1 0.3 
1838    0.4 0.8 0.6 0.4 0.6  -0.0142468 0.575 0.65 0.375 0.05 0.45 0.175 0 0 0.625 0.25 0.425 0.75 1 0.2 0.4 0.7 0.475 0.6 0.3 0.725 0.55 0.3 0.675 
1857    0.4 0.8 0.8 0.2 0.4  -0.00272114 0.55 0.25 0.375 0.575 0.45 0.25 0.825 0 0.625 0.025 0.975 0.025 1 0 0.275 0.15 0.075 0.85 0.475 0.725 0.775 0.2 0.45 
1858    0.4 0.8 0.8 0.2 0.6  -0.00183546 0.55 0.25 0.375 0.575 0.45 0.25 0.825 0 0.625 0.025 0.975 0.025 1 0 0.4 0.15 0.075 0.85 0.475 0.725 0.775 0.2 0.55 
1862    0.4 0.8 0.8 0.4 0.4  -0.00371734 0.55 0.25 0.375 0.575 0.45 0.25 0.825 0 0.625 0.025 0.975 0.025 1 0 0.4 0.15 0.075 0.85 0.475 0.725 0.95 0.3 0.4 
1863    0.4 0.8 0.8 0.4 0.6  -0.0132937 0.575 0.65 0.375 0.2 0.45 0.175 0 0 0.625 0.25 0.425 0.75 1 0.2 0.4 0.7 0.475 0.6 0.3 0.725 0.7 0.3 0.675 
1909    0.6 0 0.2 0.2 0.8  -0.0320016 0.575 1 0.175 0.05 0.45 1 0.75 0.375 0.425 0.25 0.9 0.725 1 0 0.875 0.55 0.475 0.6 0.55 0 0.25 0.225 0.975 
1959    0.6 0 0.6 0.2 0.8  -0.00364044 0.575 1 0.375 0.05 0.45 0.825 0.75 0.375 0.625 0.25 0.9 0.725 1 0 0.875 0.55 0.475 0.6 0.675 0 0.525 0.225 0.975 
2034    0.6 0.2 0.2 0.2 0.8  -0.0294024 0.575 1 0.175 0.05 0.45 1 0.75 0.375 0.425 0.25 0.9 0.725 1 0 0.875 0.55 0.475 0.6 0.55 0.2 0.25 0.225 0.975 
2139    0.6 0.4 0 0.4 0.8  0.0124231 0.5 0.625 0.375 0.325 0.45 0.9 0.825 0.125 0.575 0.875 0.425 0.75 1 0 0.4 0.975 0.475 0.6 0.55 0.45 0 0.3 1 
2159    0.6 0.4 0.2 0.2 0.8  -0.0294024 0.575 1 0.175 0.05 0.45 1 0.75 0.375 0.425 0.25 0.9 0.725 1 0 0.875 0.55 0.475 0.6 0.55 0.475 0.25 0.225 0.975 
2164    0.6 0.4 0.2 0.4 0.8  -0.00771628 0.5 0.625 0.375 0.325 0.45 0.9 0.825 0.125 0.575 0.875 0.425 0.75 1 0 0.4 0.975 0.475 0.6 0.55 0.45 0.25 0.3 1 
2214    0.6 0.4 0.6 0.4 0.8  -0.0157575 0.5 0.625 0.375 0.325 0.45 0.9 0.825 0.125 0.575 0.875 0.425 0.75 1 0 0.4 0.975 0.475 0.6 0.55 0.45 0.525 0.3 1 
2233    0.6 0.4 0.8 0.2 0.6  -0.0261391 0.55 0.75 0.375 0.575 0.45 0.475 0.275 0 0.625 0.675 0.425 0.75 1 0 0.4 0.225 0 0.85 0.5 0.425 0.95 0.175 0.525 
2238    0.6 0.4 0.8 0.4 0.6  -0.0164408 0.575 0.925 0.375 0.05 0.45 0.175 0 0 0.625 0.25 0.425 0.75 1 0.2 0.4 0.55 0.475 0.6 0.6 0.475 0.775 0.3 0.675 
2264    0.6 0.6 0 0.4 0.8  -0.00713318 0.5 0.625 0.375 0.325 0.45 0.9 0.825 0.125 0.625 0.875 0.425 0.75 1 0 0.4 0.975 0.475 0.6 0.55 0.5 0 0.3 1 
2289    0.6 0.6 0.2 0.4 0.8  -0.00576542 0.5 0.625 0.375 0.325 0.45 0.9 0.825 0.125 0.625 0.875 0.425 0.75 1 0 0.4 0.975 0.475 0.6 0.55 0.5 0.275 0.3 1 
2294    0.6 0.6 0.2 0.6 0.8  -0.0223967 0.575 1 0.375 0.05 0.45 1 0.55 0.375 0.625 0.25 1 0.725 1 0 0.95 0.625 0.475 0.6 0.525 0.6 0.1 0.5 0.975 
2308    0.6 0.6 0.4 0.2 0.6  -0.0243847 0.55 0.75 0.375 0.575 0.45 0.25 0.15 0 0.625 0.675 0.425 0.025 1 0 0.4 0.55 0 0.85 0.5 0.6 0.325 0.175 0.5 
2309    0.6 0.6 0.4 0.2 0.8  0.00362776 0.125 0.625 0.375 0.05 0.2 0.575 0 0 0.625 0.325 0.425 0.075 1 0 0.45 0.55 0.475 0.6 0.5 0.6 0.475 0.125 0.75 
2314    0.6 0.6 0.4 0.4 0.8  -0.0137835 0.5 0.625 0.375 0.325 0.45 0.9 0.825 0.125 0.625 0.875 0.425 0.75 1 0 0.4 0.975 0.475 0.6 0.55 0.5 0.45 0.3 1 
2319    0.6 0.6 0.4 0.6 0.8  -0.0108647 0.575 1 0.375 0.05 0.45 1 0.55 0.375 0.625 0.25 1 0.725 1 0 0.95 0.55 0.475 0.6 0.525 0.6 0.45 0.5 0.975 
2344    0.6 0.6 0.6 0.6 0.8  -0.01119 0.575 1 0.375 0.05 0.45 1 0.55 0.375 0.625 0.25 1 0.725 1 0 0.95 0.55 0.475 0.6 0.525 0.6 0.55 0.5 0.975 
2358    0.6 0.6 0.8 0.2 0.6  -0.0239163 0.55 0.75 0.375 0.575 0.45 0.475 0.275 0 0.625 0.65 0.425 0.75 1 0 0.4 0.225 0 0.85 0.5 0.525 0.95 0.175 0.525 
2359    0.6 0.6 0.8 0.2 0.8  0.00194822 0.125 0.625 0.375 0.05 0.2 0.175 0 0 0.625 0.325 0.425 0.75 1 0 0.45 0.55 0.475 0.6 0.5 0.6 0.7 0.125 0.8 
2364    0.6 0.6 0.8 0.4 0.8  -0.00517849 0.5 0.625 0.375 0.325 0.45 0.9 0 0.125 0.625 0.875 0.425 0.75 1 0 0.4 0.975 0.475 0.6 0.55 0.5 0.9 0.3 1 
2369    0.6 0.6 0.8 0.6 0.8  -0.00403659 0.575 1 0.375 0.05 0.45 1 0.55 0.375 0.625 0.25 1 0.725 1 0 0.95 0.55 0.475 0.6 0.525 0.6 0.775 0.5 0.975 
2389    0.6 0.8 0 0.4 0.8  -0.0216651 0.575 1 0.375 0.05 0.45 1 0.425 0.375 0.625 0.25 0.625 0.725 1 0 0.95 0.55 0.475 0.6 0.525 0.725 0.025 0.35 1 
2409    0.6 0.8 0.2 0.2 0.8  -0.00236642 0.575 1 0.5 0.05 0.45 1 0.125 0.375 0.625 0.25 0.9 0.725 1 0 0.95 0.55 0.475 0.6 0.525 0.725 0.25 0.225 0.925 
2434    0.6 0.8 0.4 0.2 0.8  0.0110456 0.575 1 0.375 0.05 0.45 1 0.75 0.375 0.625 0.25 1 0.725 1 0.15 0.95 0.55 0.475 0.6 0.525 0.725 0.475 0.225 0.975 
2459    0.6 0.8 0.6 0.2 0.8  -0.00156695 0.575 1 0.375 0.05 0.45 0.825 0.75 0.375 0.625 0.25 0.9 0.725 1 0 0.875 0.55 0.475 0.6 0.675 0.95 0.525 0.225 0.975 
2464    0.6 0.8 0.6 0.4 0.8  0.000756562 0.575 1 0.375 0.05 0.45 1 0.55 0.375 0.625 0.25 1 0.725 1 0 0.95 0.55 0.475 0.6 0.525 0.725 0.55 0.35 0.975 
2469    0.6 0.8 0.6 0.6 0.8  -0.00118745 0.575 1 0.375 0.05 0.45 1 0.55 0.375 0.625 0.25 1 0.725 1 0 0.95 0.55 0.475 0.6 0.525 0.725 0.55 0.5 0.975 
2474    0.6 0.8 0.6 0.8 0.8  0.00271021 0.575 1 0.375 0.05 0.45 0.825 0.4 0.375 0.625 0.25 0.9 0.725 1 0 0.875 0.55 0.375 0.6 0.675 0.95 0.525 0.7 0.975 
2484    0.6 0.8 0.8 0.2 0.8  -0.00165683 0.575 1 0.375 0.05 0.45 0.825 0.75 0.375 0.625 0.25 0.9 0.725 1 0 0.875 0.55 0.475 0.6 0.675 0.95 0.975 0.225 0.975 
2489    0.6 0.8 0.8 0.4 0.8  -0.000404435 0.575 1 0.375 0.05 0.45 1 0.875 0.375 0.625 0.25 1 0.725 1 0 0.95 0.55 0.475 0.6 0.525 0.725 0.775 0.35 0.975 
2509    0.8 0 0 0.2 0.8  0.00538127 0.575 1 0.375 0.05 0.45 1 0.75 0.375 0.625 0.25 0.9 0.725 1 0 0.875 0.55 0.475 0.6 0.8 0.05 0.05 0.25 0.9 
2519    0.8 0 0 0.6 0.8  0.008964 0.575 1 0.375 0.05 0.45 1 0.75 0.375 0.625 0.25 0.9 0.725 1 0 0.875 0.55 0.475 0.6 0.8 0 0.05 0.675 0.9 
2534    0.8 0 0.2 0.2 0.8  -0.0245212 0.575 1 0.375 0.05 0.45 1 0.75 0.375 0.625 0.25 0.9 0.725 1 0 0.875 0.55 0.475 0.6 0.75 0 0.25 0.225 0.975 
2544    0.8 0 0.2 0.6 0.8  0.0100032 0.575 1 0.375 0.05 0.45 1 0.75 0.375 0.625 0.25 0.9 0.725 1 0 0.875 0.55 0.475 0.6 0.8 0 0.25 0.675 0.9 
2549    0.8 0 0.2 0.8 0.8  -0.0238909 0.575 1 0.375 0.05 0.45 1 0.75 0.975 0.475 0.25 0.9 0.725 1 0 0.875 0.55 0.475 0.6 0.8 0 0.25 1 0.9 
2559    0.8 0 0.4 0.2 0.8  -0.00481986 0.575 1 0.375 0.05 0.45 1 0.075 0.375 0.625 0.25 0.9 0.725 1 0 0.875 0.55 0.475 0.6 0.8 0 0.35 0.175 0.9 
2569    0.8 0 0.4 0.6 0.8  -0.00539885 0.575 1 0.375 0.05 0.45 1 0.075 0.375 0.625 0.25 0.9 0.725 1 0 0.875 0.55 0.475 0.6 0.8 0 0.35 0.675 0.9 
2609    0.8 0 0.8 0.2 0.8  -0.00522658 0.575 1 0.375 0.05 0.45 1 0.75 0.375 0.625 0.25 0.9 0.725 1 0 0.875 0.55 0.475 0.575 0.75 0 0.85 0.225 0.975 
2614    0.8 0 0.8 0.4 0.8  -0.00785374 0.575 1 0.875 0.05 0.45 1 0.75 0.375 0.625 0.25 0.9 0.725 1 0 0.875 0.55 0.475 0.6 0.75 0 0.775 0.475 0.975 
2619    0.8 0 0.8 0.6 0.8  0.0021151 0.575 1 0.375 0.05 0.45 1 0.75 0.375 0.625 0.25 0.9 0.725 1 0 0.875 0.55 0.475 0.6 0.8 0 1 0.675 0.9 
2644    0.8 0.2 0 0.6 0.8  -0.0286251 0.575 1 0.4 0.05 0.45 1 0.75 0.375 0.625 0.25 0.9 0.725 1 0 0.875 0.55 0.475 0.6 0.8 0.15 0.05 0.675 0.9 
2739    0.8 0.2 0.8 0.4 0.8  -0.00388426 0.575 1 0.875 0.05 0.45 1 0.75 0.375 0.625 0.25 0.9 0.725 1 0 0.875 0.55 0.475 0.6 0.75 0.2 0.775 0.475 0.975 
2832    0.8 0.4 0.6 0.2 0.4  -0.0271291 0.55 0.25 0.375 0.575 0.45 0.25 0.825 0 0.625 0.1 0.975 0.025 1 0 0.4 0.55 0.075 0.85 1 0.375 0.5 0.2 0.4 
2857    0.8 0.4 0.8 0.2 0.4  -0.0202381 0.55 0.25 0.375 0.575 0.45 0.25 0.825 0 0.625 0.1 0.975 0.025 1 0 0.4 0.55 0.075 0.85 1 0.375 0.775 0.2 0.4 
2864    0.8 0.4 0.8 0.4 0.8  -0.00881593 0.575 0.925 0.375 0.05 0.45 0.175 0.825 0 0.625 1 0.425 0.7 1 0 0.4 0.55 0.475 0.6 0.725 0.425 0.775 0.475 0.95 
2873    0.8 0.4 0.8 0.8 0.6  -0.0101044 0.575 0.925 0.375 0.05 0.45 0.175 0.825 0 0.625 1 0.425 0.7 1 0 0.4 0.55 0.2 0.6 0.725 0.425 0.775 0.925 0.675 
2874    0.8 0.4 0.8 0.8 0.8  -0.00889173 0.575 0.925 0.45 0.05 0.45 0.175 0.825 0 0.625 1 0.425 0.7 1 0 0.4 0.55 0.2 0.6 0.725 0.425 0.775 0.925 0.75 
2909    0.8 0.6 0.2 0.2 0.8  -0.00396696 0.575 1 0.375 0.05 0.45 1 0.75 0.375 0.625 0.25 0.9 0.725 1 0 0.875 0.55 0.475 0.6 0.75 0.525 0.25 0.225 0.975 
2931    0.8 0.6 0.4 0.2 0.2  -0.0235571 0.55 0.25 0.375 0.575 0.45 0.25 0.825 0 0.625 0.25 0.425 0.725 1 0 0.4 0.55 0.075 0.85 0.825 0.6 0.425 0.1 0.225 
2932    0.8 0.6 0.4 0.2 0.4  0.25149 0.775 0.25 0.375 0.575 0.45 0.25 0.25 0 0.625 0.25 0.425 0.025 1 0.275 0.4 0.55 0.075 0.85 0.825 0.6 0.45 0.1 0.3 
2933    0.8 0.6 0.4 0.2 0.6  -0.0250797 0.55 0.25 0.375 0.575 0.45 0.25 0.825 0 0.625 0.25 0.425 0.725 1 0 0.4 0.55 0.075 0.85 0.825 0.6 0.425 0.1 0.55 
2953    0.8 0.6 0.6 0 0.6  0.00143041 0.55 0.25 0.375 0.575 0.45 0.25 0.825 0 0.625 0.025 0.425 0.025 1 0 0.4 0.55 0.075 0.85 1 0.6 0.575 0.025 0.525 
2957    0.8 0.6 0.6 0.2 0.4  -0.0265271 0.55 0.25 0.55 0.575 0.75 0.25 0.825 0 0.625 0.25 0.425 0.025 1 0 0.4 0.55 0.05 0.85 1 0.6 0.55 0.25 0.3 
2958    0.8 0.6 0.6 0.2 0.6  -0.0040897 0.55 0.25 0.375 0.575 0.45 0.25 0.825 0 0.625 0.025 0.425 0.025 1 0 0.4 0.55 0.075 0.85 1 0.6 0.575 0.15 0.525 
2963    0.8 0.6 0.6 0.4 0.6  -0.00845074 0.55 0.25 0.375 0.575 0.45 0.25 0.825 0 0.625 0.025 0.425 0.025 1 0 0.4 0.55 0.075 0.85 1 0.6 0.575 0.35 0.525 
2981    0.8 0.6 0.8 0.2 0.2  -0.0108676 0.55 0 0.375 0.575 0.75 0.25 0.825 0 0.1 0.1 0.425 0.025 1 0 0.4 0.55 0.075 0.85 0.825 0.6 0.8 0.1 0.275 
2982    0.8 0.6 0.8 0.2 0.4  -0.0132364 0.55 0.25 0.55 0.575 0.75 0.25 0.825 0 0.625 0.25 0.425 0.025 1 0 0.4 0.55 0.05 0.85 1 0.6 0.95 0.25 0.3 
2983    0.8 0.6 0.8 0.2 0.6  -0.00762893 0.55 0 0.375 0.575 0.75 0.25 0.825 0 0.1 0.1 0.425 0.025 1 0 0.4 0.55 0.075 0.85 0.825 0.6 0.8 0.1 0.55 
2987    0.8 0.6 0.8 0.4 0.4  -0.00433119 0.55 0 0.375 0.575 0.75 0.25 0.825 0 0.1 0.525 0.425 0.025 1 0 0.4 0.3 0.075 0.85 0.85 0.6 1 0.4 0.425 
2988    0.8 0.6 0.8 0.4 0.6  -0.00755608 0.55 0 0.375 0.575 0.75 0.25 0.825 0 0.1 0.525 0.425 0.025 1 0 0.4 0.55 0.075 0.85 0.85 0.6 1 0.4 0.55 
2993    0.8 0.6 0.8 0.6 0.6  -0.00831245 0.55 0 0.375 0.575 0.75 0.25 0.825 0 0.1 0.525 0.425 0.025 1 0 0.4 0.55 0.075 0.85 0.775 0.6 1 0.525 0.55 
3009    0.8 0.8 0 0.2 0.8  -0.00947163 0.575 1 0.375 0.05 0.45 1 0.75 0.375 0.625 0.25 0.9 0.725 1 0 0.875 0.55 0.475 0.6 0.8 0.85 0.05 0.25 0.9 
3019    0.8 0.8 0 0.6 0.8  -0.0194795 0.575 1 0.375 0.05 0.45 1 0.75 0.375 0.625 0.25 0.9 0.725 1 0 0.875 0.55 0.475 0.6 0.8 0.85 0.05 0.675 0.9 
3034    0.8 0.8 0.2 0.2 0.8  -0.0241831 0.575 1 0.375 0.05 0.45 1 0.75 0.375 0.625 0.25 0.9 0.725 1 0 0.875 0.55 0.475 0.6 0.75 0.8 0.25 0.225 0.975 
3044    0.8 0.8 0.2 0.6 0.8  0.0129622 0.575 1 0.375 0.05 0.45 1 0.75 0.375 0.625 0.25 0.9 0.575 1 0 0.875 0.55 0.475 0.6 0.775 1 0.25 0.675 0.9 
3078    0.8 0.8 0.6 0 0.6  -0.0261368 0.55 0.25 0.375 0.575 0.45 0.25 0.825 0 0.625 0.025 0.425 0.025 1 0 0.4 0.55 0.075 0.85 1 0.7 0.575 0.025 0.525 
3082    0.8 0.8 0.6 0.2 0.4  -0.025812 0.55 0.25 0.55 0.575 0.75 0.25 0.825 0 0.625 0.25 0.425 0.025 1 0 0.4 0.55 0.05 0.85 1 0.725 0.55 0.25 0.3 
3084    0.8 0.8 0.6 0.2 0.8  -0.00328529 0.575 1 0.375 0.4 0.45 1 0 0.375 0.625 0.25 0.75 0.725 1 0.15 0.95 0.55 0.475 0.6 0.775 0.825 0.55 0.225 0.975 
3089    0.8 0.8 0.6 0.4 0.8  -0.00847807 0.575 1 0.375 0.4 0.45 1 0.55 0.375 0.625 0.7 0.75 0.725 1 0 0.95 0.55 0.475 0.6 0.775 0.825 0.55 0.45 0.975 
3094    0.8 0.8 0.6 0.6 0.8  -0.00992484 0.575 1 0.375 0.4 0.45 1 0.55 0.375 0.625 0.25 0.75 0.725 1 0 0.95 0.55 0.475 0.6 0.775 0.825 0.55 0.5 0.975 
3107    0.8 0.8 0.8 0.2 0.4  0.0128883 0.55 0.25 0.375 0.575 0.45 0.25 0.825 0 0.625 0.025 0.975 0.025 1 0 0.4 0.55 0.075 0.85 1 0.725 0.775 0.2 0.4 
