43    0 0 0.2 0.6 0.6  -0.0278813 0.575 0.25 0.475 0.825 0.45 0.175 0.825 0 0.225 0.25 0.425 0.75 1 0 0.95 0 0.475 0.6 0.05 0.075 0.125 0.55 0.675 
289    0 0.4 0.2 0.4 0.8  -0.0231229 0.575 0.25 0.375 0.05 0.45 0.175 0.825 0 0.625 0.55 0.425 0.95 1 0 0.4 0.55 0.475 0.6 0.075 0.425 0.275 0.475 0.95 
339    0 0.4 0.6 0.4 0.8  -0.00802783 0.575 0.25 0.375 0.05 0.45 0.175 0.825 0 0.625 0.55 0.425 0.95 1 0 0.4 0.55 0.475 0.6 0.075 0.425 0.5 0.475 0.95 
349    0 0.4 0.6 0.8 0.8  -0.00831894 0.575 0.25 0.375 0.05 0.45 0.175 0.725 0 0.625 0.55 0.425 0.95 1 0 0.4 0.55 0.2 0.6 0.075 0.425 0.5 0.775 0.95 
364    0 0.4 0.8 0.4 0.8  -0.00723173 0.575 0.25 0.375 0.05 0.45 0.175 0.825 0 0.625 0.55 0.425 0.95 1 0 0.4 0.55 0.475 0.6 0.075 0.425 0.75 0.475 0.95 
389    0 0.6 0 0.4 0.8  -0.0178767 0.575 0.25 0.375 0.05 0.45 0.175 0.825 0 0.625 0.55 0.425 0.95 1 0 0.4 0.55 0.525 0.6 0.075 0.5 0.05 0.475 0.975 
414    0 0.6 0.2 0.4 0.8  -0.0258009 0.475 0.5 0.375 0.05 0.45 0.775 0 0 0.2 0.25 0.425 0.75 1 0 0.4 0.55 0.475 0.6 0 0.525 0.2 0.3 0.775 
438    0 0.6 0.4 0.4 0.6  -0.00727553 0.575 0.5 0.375 0.05 0.45 0.175 0 0 0.625 0.25 0.425 0.75 1 0 0.4 0.55 0.475 0.6 0.025 0.6 0.475 0.3 0.675 
439    0 0.6 0.4 0.4 0.8  0.0021044 0.575 0.625 0.375 0.05 0.45 0.175 0.525 0 0.625 0.825 0.425 0.75 1 0 0.45 0.55 0.475 0.6 0.025 0.6 0.475 0.3 0.8 
449    0 0.6 0.4 0.8 0.8  -0.0180401 0.575 0.25 0.375 0.05 0.225 0.175 0.825 0 0.625 0.55 0.025 0.95 1 0 0.4 0.55 0.2 0.3 0.025 0.6 0.375 0.875 0.95 
454    0 0.6 0.6 0 0.8  -0.00246608 0.575 0.025 0.375 0.05 0.225 1 0.05 0.375 0.175 0.25 0.875 0.75 1 0 0.375 0.55 0.475 0.6 0.075 0.5 0.675 0.075 1 
459    0 0.6 0.6 0.2 0.8  -0.000173061 0.575 0.25 0.35 0.15 0.4 0.9 0.65 0 0.625 0.25 0.425 0.75 1 0 0.4 0.55 0.475 0.6 0.025 0.6 0.525 0.275 0.8 
463    0 0.6 0.6 0.4 0.6  -0.00569533 0.575 0.5 0.375 0.05 0.45 0.175 0 0 0.625 0.25 0.425 0.75 1 0 0.4 0.55 0.475 0.6 0.025 0.6 0.575 0.3 0.675 
464    0 0.6 0.6 0.4 0.8  -0.0175685 0.575 0.25 0.375 0.05 0.3 0.175 0.825 0 0.625 0.55 0.425 0.95 1 0 0.4 0.55 0.475 0.6 0.05 0.525 0.5 0.475 0.95 
469    0 0.6 0.6 0.6 0.8  -0.00765495 0.425 0.25 0.375 0.05 0.45 0.175 0.825 0 0.55 0.25 0.425 0.75 1 0 0.4 0.55 0.475 0.6 0.025 0.6 0.525 0.55 0.95 
474    0 0.6 0.6 0.8 0.8  -0.00932037 0.575 0.25 0.375 0.05 0.225 0.175 0.825 0 0.625 0.55 0.025 0.95 1 0 0.4 0.55 0.2 0.3 0.075 0.6 0.5 0.875 0.95 
479    0 0.6 0.8 0 0.8  -0.00202648 0.575 0.025 0.375 0.05 0.225 1 0.05 0.375 0.175 0.25 0.875 0.75 1 0 0.375 0.55 0.475 0.6 0.075 0.5 0.725 0.075 1 
483    0 0.6 0.8 0.2 0.6  -0.00998576 0.55 0.25 0.45 0.575 0.45 0.25 0.825 0 0.625 0.025 0.425 0.025 1 0 0.4 0.55 0 0.85 0.075 0.6 0.75 0.2 0.525 
489    0 0.6 0.8 0.4 0.8  -0.0282546 0.575 0.25 0.375 0.05 0.45 0.175 0.825 0 0.625 0.55 0.425 0.95 1 0 0.4 0.55 0.525 0.6 0.075 0.525 1 0.475 0.95 
494    0 0.6 0.8 0.6 0.8  -0.0278801 0.575 0.25 0.375 0.05 0.45 0.175 0.825 0 0.625 0.55 0.425 0.55 1 0 0.4 0.55 0.525 0.6 0.075 0.525 1 0.5 0.95 
498    0 0.6 0.8 0.8 0.6  -0.00106532 0.55 0.25 0.45 0.575 0.225 0.25 0.825 0 0.625 0.025 0.425 0.025 1 0 0.4 0.55 0 0.85 0.075 0.6 0.75 0.925 0.525 
518    0 0.8 0 0.6 0.6  -0.0235584 0.575 0.25 0.375 0.05 0.45 0.175 0.825 0 0.625 0.25 0.425 0.75 1 0 0.4 0.55 0.475 0.6 0 0.7 0.075 0.55 0.675 
543    0 0.8 0.2 0.6 0.6  -0.0161365 0.575 0.25 0.475 0.825 0.45 0.175 0.825 0 0.625 0.25 0.425 0.75 1 0 0.4 0 0.475 0.6 0 0.725 0.125 0.55 0.675 
544    0 0.8 0.2 0.6 0.8  0.0116271 0.425 0.25 0.375 0.05 0.45 0.175 0.825 0 0.625 0.25 0.425 0.75 1 0 0.4 0.55 0.475 0.6 0.025 0.7 0.25 0.55 0.95 
568    0 0.8 0.4 0.6 0.6  -0.00476237 0.575 0.25 0.375 0.05 0.45 0.175 0.825 0 0.625 0.25 0.425 0.75 1 0 0.4 0.55 0.475 0.6 0 0.7 0.45 0.55 0.675 
569    0 0.8 0.4 0.6 0.8  -0.00179725 0.425 0.25 0.375 0.05 0.45 0.175 0.825 0 0.625 0.25 0.425 0.75 1 0 0.4 0.55 0.475 0.65 0.025 0.7 0.475 0.55 0.95 
594    0 0.8 0.6 0.6 0.8  -0.00801027 0.425 0.25 0.375 0.05 0.45 0.175 0.825 0 0.55 0.25 0.425 0.75 1 0 0.4 0.55 0.475 0.6 0.025 0.7 0.525 0.55 0.95 
629    0.2 0 0 0 0.8  0.039844 0.575 0.25 0.375 0.05 0.075 0.875 0.825 0.375 0.175 0.25 0.425 0.75 1 0 1 0.55 0.925 0.6 0.2 0.025 0.075 0 1 
639    0.2 0 0 0.4 0.8  0.0392735 0.575 0.25 0.375 0.05 0.075 1 0.95 0.375 0.175 0.25 0.425 0.75 1 0 1 0.55 0.925 0.6 0.2 0.025 0.05 0.3 1 
644    0.2 0 0 0.6 0.8  0.0383619 0.575 0.25 0.15 0.05 0.45 1 0.825 0.375 0.625 0.25 0.425 0.75 1 0 0.875 0.55 0.475 0.6 0.2 0 0.075 0.675 0.95 
649    0.2 0 0 0.8 0.8  0.0406669 0.575 0.25 0.375 0.05 0.675 1 0.65 0.375 0.175 0.25 0.425 0.75 1 0 1 0.55 0.475 0.6 0.2 0 0 0.975 1 
654    0.2 0 0.2 0 0.8  0.0396781 0.575 0.25 0.375 0.05 0.075 1 0.825 0.375 0.175 0.25 0.425 0.75 1 0 1 0.425 0.925 0.6 0.2 0.025 0.25 0 1 
659    0.2 0 0.2 0.2 0.8  0.0353173 0.575 0.25 0.375 0.05 0.075 1 0.825 0.375 0.2 0.25 0.425 0.75 1 0 1 0.55 0.925 0.6 0.2 0.025 0.175 0.275 1 
664    0.2 0 0.2 0.4 0.8  0.0358175 0.575 0.25 0.375 0.05 0.075 1 0.825 0.375 0.175 0.25 0.425 0.75 1 0 1 0.55 0.925 0.6 0.2 0.025 0.175 0.3 1 
668    0.2 0 0.2 0.6 0.6  -0.00208508 0.575 0.25 0.475 0.825 0.45 0.175 0.825 0 0.225 0.25 0.425 0.75 1 0 0.95 0 0.475 0.6 0.2 0.075 0.125 0.55 0.675 
669    0.2 0 0.2 0.6 0.8  0.0371523 0.575 0.25 0.375 0.05 0.075 1 0.825 0.375 0.175 0.9 0.425 0.75 1 0 1 0.55 0.775 0.6 0.2 0.025 0.1 0.5 1 
674    0.2 0 0.2 0.8 0.8  0.0321519 0.025 0.25 0.375 0.05 0.45 0.675 0.825 0.375 0.175 0.25 0.425 0.775 1 0 1 0.55 0.475 0.6 0.2 0.075 0.225 0.75 1 
729    0.2 0 0.8 0 0.8  0.0410234 0.575 0.25 0.375 0.05 0.075 1 0.825 0.375 0.175 0.25 0.425 0.75 1 0 1 0.55 0.925 0.6 0.2 0.025 1 0 1 
734    0.2 0 0.8 0.2 0.8  0.0392894 0.575 0.25 0.375 0.05 0.075 1 0.825 0.375 0.175 0.25 0.425 0.75 1 0 1 0.55 0.925 0.6 0.2 0.025 1 0.2 1 
739    0.2 0 0.8 0.4 0.8  0.039555 0.575 0.25 0.375 0.05 0.075 1 0.825 0.375 0.175 0.25 0.425 0.75 1 0 1 0.55 0.925 0.6 0.2 0.025 1 0.3 1 
743    0.2 0 0.8 0.6 0.6  -0.0111838 0.575 0.25 0.475 0.825 0.45 0.175 0.825 0 0.225 0.25 0.425 0.75 1 0 0.95 0 0.475 0.6 0.2 0.075 1 0.55 0.675 
749    0.2 0 0.8 0.8 0.8  0.0414262 0.575 0.25 0.375 0.05 0.075 1 0.825 0.375 0.175 0.25 0.425 0.75 1 0 1 0.55 0.925 0.6 0.2 0.025 1 0.975 1 
754    0.2 0.2 0 0 0.8  0.0399365 0.575 0.25 0.375 0.05 0.075 0.875 0.825 0.375 0.175 0.25 0.425 0.75 1 0 1 0.55 0.925 0.6 0.2 0.2 0.075 0 1 
759    0.2 0.2 0 0.2 0.8  0.0406 0.575 0.25 0.375 0.05 0.075 0.875 0.825 0.375 0.175 0.25 0.425 0.75 1 0 1 0.55 0.925 0.6 0.2 0.2 0.075 0.15 1 
769    0.2 0.2 0 0.6 0.8  0.0385873 0.575 0.25 0.15 0.05 0.45 1 0.825 0.375 0.625 0.25 0.425 0.75 1 0 0.875 0.55 0.475 0.6 0.2 0.2 0.075 0.675 0.9 
774    0.2 0.2 0 0.8 0.8  0.288263 0.575 0.25 0.25 0.3 0.45 1 0.825 0.375 0.275 0.25 0.475 0.75 1 0 0.875 0.55 0.475 0.6 0.2 0.25 0.05 0.8 0.9 
779    0.2 0.2 0.2 0 0.8  0.0375065 0.575 0.25 0.375 0.05 0.075 1 0.825 0.375 0.175 0.25 0.425 0.75 1 0 1 0.55 0.925 0.6 0.2 0.15 0.1 0 1 
784    0.2 0.2 0.2 0.2 0.8  0.0375499 0.575 0.25 0.375 0.05 0.075 1 0.825 0.375 0.175 0.25 0.425 0.75 1 0 1 0.55 0.925 0.6 0.2 0.125 0.1 0.275 1 
789    0.2 0.2 0.2 0.4 0.8  0.044302 0.575 0.25 0.925 0.05 0.225 1 0.825 0.375 0.175 0.25 0.575 0.75 1 0 1 0.55 0.875 0.6 0.2 0.275 0.1 0.425 1 
794    0.2 0.2 0.2 0.6 0.8  0.0365438 0.575 0.25 0.375 0.05 0.075 1 0.825 0.375 0.175 0.9 0.425 0.75 1 0 1 0.55 0.775 0.6 0.2 0.175 0.1 0.5 1 
799    0.2 0.2 0.2 0.8 0.8  0.034002 0.575 0.25 0.375 0.05 0.45 1 0.825 0.375 0.175 0.25 0.425 0.775 1 0 1 0.55 0.475 0.6 0.2 0.225 0.225 0.75 1 
839    0.2 0.2 0.6 0.4 0.8  -0.00696162 0.575 0.125 0.375 0.05 0.625 1 0.825 0.375 0.175 0.25 0.425 0.85 1 0 0.725 0.55 0.475 0.6 0.2 0.275 0.55 0.45 1 
854    0.2 0.2 0.8 0 0.8  0.0398344 0.575 0.25 0.375 0.05 0.075 0.875 0.825 0.375 0.175 0.25 0.425 0.75 1 0 1 0.55 0.925 0.6 0.2 0.2 1 0 1 
864    0.2 0.2 0.8 0.4 0.8  0.0392499 0.575 0.25 0.375 0.05 0.075 1 0.825 0.375 0.175 0.25 0.425 0.825 1 0 1 0.55 0.925 0.6 0.2 0.125 1 0.3 1 
874    0.2 0.2 0.8 0.8 0.8  0.0390527 0.575 0.25 0.375 0.05 0.45 1 0.825 0.375 0.175 0.25 0.625 0.75 1 0 1 0.55 0.475 0.6 0.2 0.25 1 0.975 1 
879    0.2 0.4 0 0 0.8  0.0399365 0.575 0.25 0.375 0.05 0.075 0.875 0.825 0.375 0.025 0.25 0.425 0.75 1 0 1 0.55 0.925 0.6 0.2 0.3 0.075 0 1 
884    0.2 0.4 0 0.2 0.8  -0.000793543 0.2 0.25 0.375 0.05 0.45 1 0.825 0.375 0.775 0.25 0.65 0.475 1 0 0.875 0.55 0.475 0.6 0.225 0.475 0.025 0.225 0.975 
888    0.2 0.4 0 0.4 0.6  -0.0225874 0.575 0.25 0.375 0.05 0.45 0.175 0.825 0.6 0.625 0.25 0.425 0.6 1 0 0.4 0.55 0.5 0.6 0.2 0.3 0.075 0.3 0.675 
889    0.2 0.4 0 0.4 0.8  -0.0225874 0.575 0.25 0.375 0.05 0.45 0.175 0.825 0.6 0.625 0.25 0.425 0.6 1 0 0.4 0.55 0.5 0.6 0.2 0.3 0.075 0.3 0.875 
899    0.2 0.4 0 0.8 0.8  0.288263 0.575 0.25 0.25 0.3 0.45 1 0.825 0.375 0.275 0.25 0.475 0.75 1 0 0.875 0.55 0.475 0.6 0.2 0.3 0.05 0.8 0.9 
904    0.2 0.4 0.2 0 0.8  0.0377113 0.575 0.25 0.375 0.05 0.075 0.875 0.825 0.375 0.175 0.25 0.425 0.75 1 0 1 0.55 0.925 0.6 0.2 0.3 0.2 0 1 
909    0.2 0.4 0.2 0.2 0.8  0.0335309 0.575 0.25 0.375 0.05 0.075 0.625 0.075 0.375 0.175 0.25 0.875 0.75 1 0 1 0.55 0.925 0.6 0.2 0.45 0.25 0.225 1 
913    0.2 0.4 0.2 0.4 0.6  -0.0222901 0.575 0.25 0.375 0.05 0.45 0.175 0.825 0.6 0.625 0.25 0.425 0.75 1 0 0.4 0.55 0.475 0.6 0.2 0.4 0.1 0.3 0.675 
914    0.2 0.4 0.2 0.4 0.8  0.0425964 0.575 0.25 0.925 0.05 0.225 1 0.825 0.375 0.175 0.25 0.575 0.75 1 0 1 0.55 0.875 0.6 0.2 0.4 0.1 0.425 1 
919    0.2 0.4 0.2 0.6 0.8  0.0402453 0.575 0.25 0.375 0.225 0.075 1 0.825 0.375 0.175 0.9 0.425 0.75 1 0 1 0.55 0.775 0.6 0.2 0.4 0.1 0.5 1 
924    0.2 0.4 0.2 0.8 0.8  0.0301538 0.025 0.25 0.375 0.05 0.45 0.675 0.825 0.375 0.175 0.25 0.425 0.775 1 0 1 0.55 0.475 0.6 0.2 0.475 0.225 0.75 1 
929    0.2 0.4 0.4 0 0.8  -0.00534685 0.575 0.25 0.375 0.05 0.225 1 0.825 0.375 0.175 0.25 0.875 0.75 1 0 0.375 0.55 0.475 0.6 0.2 0.475 0.425 0.075 1 
938    0.2 0.4 0.4 0.4 0.6  -0.000298875 0.575 0.25 0.375 0.05 0.45 0.175 0.85 0.6 0.625 0.25 0.425 0.75 1 0 0.4 0.55 0.475 0.6 0.2 0.4 0.375 0.3 0.675 
939    0.2 0.4 0.4 0.4 0.8  -0.0152416 0.575 0.25 0.375 0.05 0.45 0.175 0.825 0 0.625 0.55 0.425 0.95 1 0 0.4 0.55 0.475 0.6 0.2 0.45 0.45 0.375 0.95 
944    0.2 0.4 0.4 0.6 0.8  -0.0133377 0.575 0.25 0.375 0.05 0.45 0.175 0.825 0 0.625 0.55 0.425 0.95 1 0 0.4 0.55 0.475 0.6 0.2 0.45 0.45 0.525 0.95 
963    0.2 0.4 0.6 0.4 0.6  0.000292683 0.575 0.65 0.375 0.05 0.2 0.175 0 0 0.625 0.25 0.425 0.75 1 0.2 0.4 0.7 0.475 0.6 0.15 0.475 0.55 0.3 0.675 
964    0.2 0.4 0.6 0.4 0.8  -0.0128939 0.575 0.25 0.375 0.05 0.45 0.175 0.825 0 0.625 0.55 0.425 0.95 1 0 0.4 0.55 0.475 0.6 0.2 0.425 0.5 0.475 0.95 
968    0.2 0.4 0.6 0.6 0.6  -0.0152609 0.575 0.25 0.375 0.05 0.45 0.175 0.825 0.35 0.625 0.25 0.425 0.75 1 0 0.4 0.55 0.475 0.6 0.2 0.4 0.55 0.525 0.675 
969    0.2 0.4 0.6 0.6 0.8  -0.0112053 0.575 0.25 0.375 0.05 0.45 0.175 0.825 0.4 0.625 0.25 0.425 0.75 1 0 0.4 0.55 0.475 0.6 0.2 0.4 0.55 0.525 0.775 
974    0.2 0.4 0.6 0.8 0.8  -0.00786114 0.575 0.25 0.375 0.05 0.45 0.175 0.825 0 0.625 0.55 0.425 0.95 1 0 0.4 0.55 0.2 0.6 0.2 0.425 0.5 0.875 0.95 
984    0.2 0.4 0.8 0.2 0.8  0.0389961 0.575 0.25 0.375 0.05 0.075 0.625 0.825 0.375 0.175 0.25 0.875 0.75 1 0 1 0.55 0.925 0.6 0.2 0.45 1 0.225 1 
989    0.2 0.4 0.8 0.4 0.8  -0.00986262 0.575 0.25 0.375 0.05 0.45 0.175 0.825 0 0.625 0.55 0.425 0.95 1 0 0.4 0.55 0.475 0.6 0.2 0.425 0.775 0.475 0.95 
999    0.2 0.4 0.8 0.8 0.8  0.0406233 0.575 0.25 0.375 0.05 0.075 0.625 0.825 0.375 0.175 0.25 0.875 0.75 1 0 1 0.55 0.925 0.6 0.2 0.45 1 1 1 
1009    0.2 0.6 0 0.2 0.8  -0.0206277 0.575 0.25 0.375 0.05 0.225 1 0.825 0.375 0.175 0.25 0.875 0.75 1 0 0.375 0.55 0.475 0.6 0.2 0.5 0 0.125 1 
1013    0.2 0.6 0 0.4 0.6  -0.0163541 0.575 0.25 0.375 0.05 0.45 0.175 0.825 0.575 0.625 0.25 0.425 0.75 1 0 0.4 0.55 0.475 0.6 0.2 0.6 0 0.3 0.675 
1014    0.2 0.6 0 0.4 0.8  0.0408282 0.575 0.25 0.925 0.05 0.225 1 0.825 0.375 0.05 0.25 0.575 0.75 1 0 1 0.55 0.875 0.6 0.2 0.6 0 0.425 1 
1018    0.2 0.6 0 0.6 0.6  -0.0241418 0.575 0.25 0.375 0.05 0.45 0.175 0.825 0 0.625 0.25 0.425 0.75 1 0 0.4 0.55 0.475 0.6 0.2 0.5 0.075 0.55 0.675 
1019    0.2 0.6 0 0.6 0.8  0.0385873 0.575 0.25 0.425 0.05 0.45 1 0.825 0.375 0.625 0.25 0.425 0.75 1 0 0.875 0.55 0.475 0.6 0.2 0.5 0.075 0.675 0.9 
1022    0.2 0.6 0 0.8 0.4  -0.0256858 0.575 0.25 0.375 0.05 0.35 0.175 0.825 0.575 0.625 0.25 0.425 0.75 1 0 0.4 0.55 0.475 0.775 0.2 0.6 0 0.925 0.325 
1023    0.2 0.6 0 0.8 0.6  -0.0256858 0.575 0.25 0.375 0.05 0.45 0.175 0.825 0.575 0.625 0.25 0.425 0.75 1 0 0.4 0.55 0.475 0.775 0.2 0.6 0 0.925 0.675 
1024    0.2 0.6 0 0.8 0.8  0.288263 0.575 0.25 0.25 0.3 0.45 1 0.825 0.375 0.275 0.25 0.475 0.75 1 0 0.875 0.55 0.475 0.6 0.2 0.55 0.05 0.8 0.9 
1029    0.2 0.6 0.2 0 0.8  0.0377113 0.575 0.25 0.375 0.05 0.075 0.875 0.825 0.375 0.175 0.25 0.425 0.75 1 0 1 0.55 0.925 0.6 0.2 0.5 0.2 0 1 
1034    0.2 0.6 0.2 0.2 0.8  -0.0031381 0.575 0.25 0.375 0.05 0.45 1 0.825 0.45 0.175 0.25 0.625 0.75 1 0 1 0.55 0.475 0.6 0.2 0.5 0.1 0.25 1 
1038    0.2 0.6 0.2 0.4 0.6  -0.0219421 0.575 0.25 0.375 0.05 0.45 0.175 0.825 0.575 0.625 0.25 0.425 0.75 1 0 0.4 0.325 0.475 0.6 0.2 0.6 0.15 0.3 0.675 
1039    0.2 0.6 0.2 0.4 0.8  0.0372315 0.575 0.25 0.925 0.05 0.225 1 0.825 0.375 0.175 0.25 0.575 0.75 1 0 1 0.55 0.875 0.6 0.2 0.6 0.1 0.425 1 
1043    0.2 0.6 0.2 0.6 0.6  -0.0235841 0.575 0.25 0.375 0.05 0.45 0.175 0.825 0 0.625 0.25 0.425 0.75 1 0 0.4 0.55 0.475 0.6 0.2 0.5 0.125 0.55 0.675 
1044    0.2 0.6 0.2 0.6 0.8  -0.0234246 0.575 0.25 0.375 0.05 0.75 1 0.825 0.45 0.175 0.25 0.625 0.75 1 0 1 0.55 0.475 0.6 0.2 0.5 0.1 0.525 1 
1048    0.2 0.6 0.2 0.8 0.6  -0.0274259 0.575 0.25 0.375 0.05 0.45 0.175 0.825 0.35 0.625 0.25 0.425 0.75 1 0 0.4 0.55 0.475 0.6 0.225 0.6 0.2 0.95 0.675 
1049    0.2 0.6 0.2 0.8 0.8  0.0347823 0.575 0.25 0.375 0.05 0.45 1 0.975 0.375 0.2 0.7 0.45 0.75 1 0 0.875 0.55 0.475 0.6 0.2 0.5 0.225 0.8 1 
1054    0.2 0.6 0.4 0 0.8  -0.0069832 0.575 0.25 0.375 0.05 0.225 1 0.825 0.375 0.175 0.25 0.875 0.75 1 0 0.375 0.55 0.475 0.6 0.2 0.5 0.425 0.075 1 
1057    0.2 0.6 0.4 0.2 0.4  -0.0235154 0.55 0.25 0.375 0.575 0.45 0.25 0.825 0 0.625 0.25 0.425 0.025 1 0 0.4 0.55 0 0.85 0.2 0.6 0.425 0.175 0.3 
1058    0.2 0.6 0.4 0.2 0.6  -0.0235154 0.55 0.25 0.375 0.575 0.45 0.25 0.825 0 0.625 0.25 0.425 0.025 1 0 0.4 0.55 0 0.85 0.2 0.6 0.425 0.175 0.575 
1059    0.2 0.6 0.4 0.2 0.8  -0.00710473 0.575 0.25 0.375 0.05 0.225 1 0.825 0.325 0.175 0.25 0.875 0.75 1 0 0.375 0.55 0.475 0.6 0.2 0.5 0.425 0.175 1 
1063    0.2 0.6 0.4 0.4 0.6  0.375695 0.575 0.25 0.425 0.05 0.45 0.475 0.825 0 0.625 0.25 0.425 0.75 1 0 0.4 0.55 0.475 0.6 0.2 0.6 0.425 0.3 0.675 
1064    0.2 0.6 0.4 0.4 0.8  0.00235288 0.575 0.625 0.375 0.05 0.45 0.175 0 0 0.625 0.825 0.425 0.75 1 0 0.45 0.55 0.475 0.6 0.275 0.6 0.475 0.3 0.8 
1068    0.2 0.6 0.4 0.6 0.6  -0.0254567 0.575 0.25 0.375 0.75 0.45 0.175 0.825 0 0.625 0.25 0.425 0.75 1 0 0.4 0.55 0.475 0.6 0.275 0.675 0.475 0.5 0.675 
1069    0.2 0.6 0.4 0.6 0.8  -0.0152302 0.575 0.25 0.375 0.05 0.45 0.175 0.825 0 0.625 0.55 0.425 0.95 1 0 0.4 0.55 0.475 0.6 0.2 0.5 0.45 0.525 0.95 
1071    0.2 0.6 0.4 0.8 0.2  -0.0295032 0.55 0.25 0.45 0.575 0.45 0.25 0.825 0 0.625 0.25 0.425 0.025 1 0 0.4 0.55 0 0.85 0.2 0.6 0.45 1 0.275 
1072    0.2 0.6 0.4 0.8 0.4  -0.0295032 0.55 0.25 0.45 0.575 0.45 0.25 0.825 0 0.625 0.25 0.425 0.025 1 0 0.4 0.55 0 0.85 0.2 0.6 0.45 1 0.3 
1073    0.2 0.6 0.4 0.8 0.6  -0.0295032 0.55 0.25 0.45 0.575 0.45 0.25 0.825 0 0.625 0.25 0.425 0.025 1 0 0.4 0.55 0 0.85 0.2 0.6 0.45 1 0.55 
1074    0.2 0.6 0.4 0.8 0.8  -0.00997565 0.575 0.25 0.375 0.05 0.45 0.175 0.825 0.35 0.625 0.25 0.425 0.75 1 0 0.4 0.55 0.475 0.6 0.2 0.6 0.3 0.95 0.9 
1079    0.2 0.6 0.6 0 0.8  0.00106137 0.575 0.25 0.375 0.05 0.225 1 0.05 0.375 0.175 0.25 0.875 0.75 1 0 0.375 0.55 0.475 0.6 0.2 0.5 0.675 0.075 1 
1082    0.2 0.6 0.6 0.2 0.4  -0.026666 0.55 0.25 0.55 0.575 0.75 0.25 0.825 0 0.625 0.25 0.425 0.025 1 0 0.4 0.55 0 0.85 0.2 0.6 0.55 0.25 0.3 
1084    0.2 0.6 0.6 0.2 0.8  -0.0121457 0.575 0.25 0.35 0.15 0.4 0.9 0.825 0 0.625 0.25 0.425 0.75 1 0 0.4 0.55 0.475 0.6 0.2 0.5 0.525 0.275 0.975 
1088    0.2 0.6 0.6 0.4 0.6  -0.0149157 0.575 0.25 0.375 0.05 0.45 0.175 0.825 0 0 0.25 0.425 0.75 1 0 0.4 0.625 0.475 0.6 0.275 0.525 0.525 0.3 0.675 
1089    0.2 0.6 0.6 0.4 0.8  -0.0149157 0.575 0.25 0.375 0.05 0.45 0.175 0.825 0 0 0.25 0.425 0.75 1 0 0.4 0.625 0.475 0.6 0.275 0.525 0.525 0.3 0.75 
1093    0.2 0.6 0.6 0.6 0.6  0.00533054 0.575 0.25 0.375 0.75 0.45 0.175 0.825 0 0.625 0.25 0.425 0.75 1 0 0.4 0.55 0.475 0.6 0.275 0.675 0.525 0.5 0.675 
1094    0.2 0.6 0.6 0.6 0.8  -0.0130713 0.575 0.25 0.375 0.05 0.225 1 0.05 0.375 0.325 0.25 0.875 0.75 1 0 0.375 0.55 0.475 0.6 0.2 0.5 0.55 0.5 1 
1096    0.2 0.6 0.6 0.8 0.2  -0.0132025 0.55 0.25 0.1 0.575 0.45 0.25 0.825 0 0.625 0.25 0.425 0.025 1 0 0.4 0.55 0 0.85 0.2 0.6 0.65 1 0.275 
1103    0.2 0.6 0.8 0 0.6  -0.011911 0.55 0.25 0.375 0.575 0.45 0.25 0.15 0 0.625 0.675 0.425 0.025 1 0 0.4 0.55 0 0.85 0.225 0.6 0.95 0.025 0.6 
1104    0.2 0.6 0.8 0 0.8  0.0398344 0.575 0.25 0.375 0.05 0.075 0.875 0.825 0.375 0.175 0.25 0.425 0.75 1 0 1 0.55 0.925 0.6 0.2 0.5 1 0 1 
1106    0.2 0.6 0.8 0.2 0.2  -0.00655486 0.55 0.25 0.45 0.825 0.45 0.25 0.825 0 0.625 1 0.425 0.025 1 0 0.4 0.55 0 0.85 0.2 0.6 0.725 0.15 0.275 
1107    0.2 0.6 0.8 0.2 0.4  -0.00835432 0.55 0.25 0.375 0.575 0.45 0.25 0.825 0 0.625 0.25 0.425 0.175 1 0 0.4 0.55 0 0.85 0.2 0.6 0.75 0.175 0.3 
1108    0.2 0.6 0.8 0.2 0.6  -0.00700278 0.55 0.25 0.45 0.575 0.45 0.25 0.825 0 0.625 0.25 0.425 0.025 1 0 0.4 0.55 0 0.85 0.2 0.6 0.8 0.2 0.525 
1109    0.2 0.6 0.8 0.2 0.8  0.0403039 0.575 0.25 0.375 0.05 0.075 0.875 0.825 0.375 0.175 0.15 0.425 0.75 1 0 1 0.55 0.925 0.6 0.2 0.5 1 0.225 1 
1113    0.2 0.6 0.8 0.4 0.6  -0.0105778 0.575 0.25 0.1 0.05 0.45 0.175 0.75 0 0.625 0.25 0.425 0.75 1 0 0.4 0.55 0.475 0.6 0.2 0.5 0.775 0.3 0.675 
1114    0.2 0.6 0.8 0.4 0.8  -0.00626688 0.575 0.25 0.375 0.05 0.45 0.175 0.825 0 0.2 0.25 0.475 0.75 1 0 0.4 0.35 0.475 0.6 0.275 0.5 1 0.3 0.75 
1118    0.2 0.6 0.8 0.6 0.6  -0.00815487 0.575 0.25 0.375 0.05 0.45 0.175 0.825 0 0.1 0.25 0.425 0.75 1 0 0.4 0.55 0.475 0.6 0.2 0.5 0.75 0.55 0.675 
1119    0.2 0.6 0.8 0.6 0.8  -0.0246664 0.575 0.25 0.375 0.05 0.75 1 0.825 0.45 0.175 0.25 0.625 0.75 1 0 1 0.55 0.475 0.6 0.2 0.5 1 0.525 1 
1121    0.2 0.6 0.8 0.8 0.2  -0.0105251 0.55 0.25 0.45 0.575 0.45 0.25 0.825 0 0.625 0.25 0.425 0.025 1 0 0.4 0.55 0 0.85 0.2 0.6 0.725 1 0.275 
1122    0.2 0.6 0.8 0.8 0.4  -0.0121481 0.55 0.25 0.45 0.575 0.45 0.25 0.825 0 0.625 0.25 0.425 0.025 1 0 0.4 0.55 0 0.85 0.2 0.6 0.8 1 0.3 
1123    0.2 0.6 0.8 0.8 0.6  -0.0105251 0.55 0.25 0.45 0.575 0.45 0.45 0.825 0 0.625 0.25 0.425 0.7 1 0 0.4 0.55 0 0.85 0.2 0.6 0.725 1 0.525 
1124    0.2 0.6 0.8 0.8 0.8  0.0390527 0.575 0.25 0.375 0.05 0.45 1 0.825 0.375 0.175 0.25 0.625 0.75 1 0 1 0.55 0.475 0.6 0.2 0.5 1 0.975 1 
1129    0.2 0.8 0 0 0.8  0.0390264 0.575 0.25 0.375 0.05 0.075 0.875 0.825 0.375 0.175 0.25 0.35 0.75 1 0 1 0.55 0.925 0.6 0.2 0.95 0.075 0 1 
1134    0.2 0.8 0 0.2 0.8  -0.0304375 0.575 0.25 0.375 0.05 0.45 1 0.825 0.375 0.175 0.325 0.425 0.75 1 0 0.2 0.55 0.925 0.6 0.2 0.95 0.05 0.175 1 
1138    0.2 0.8 0 0.4 0.6  -0.0241265 0.575 0.25 0.875 0.05 0.45 0.175 0.825 0.575 0.625 0.25 0.425 0.75 1 0 0.4 0.55 0.475 0.6 0.2 0.75 0 0.3 0.675 
1139    0.2 0.8 0 0.4 0.8  0.184569 0.575 0.25 0.375 0.2 0.45 0.175 0.825 0 0.45 0.25 0.425 0.75 1 0 0.4 0.55 0.475 0.6 0.2 0.9 0.075 0.3 0.975 
1143    0.2 0.8 0 0.6 0.6  0.00131386 0.575 0.25 0.375 0.05 0.45 0.175 0.825 0 0.625 0.25 0.425 0.75 1 0 0.4 0.55 0.475 0.6 0.225 0.7 0.075 0.55 0.675 
1144    0.2 0.8 0 0.6 0.8  -0.0266412 0.575 0.25 0.375 0.05 0.45 1 0.825 0.375 0.175 0.325 0.425 0.75 1 0 0.2 0.55 0.925 0.6 0.2 0.775 0.05 0.5 1 
1149    0.2 0.8 0 0.8 0.8  0.0392586 0.575 0.25 0.375 0.05 0.45 0.95 0.825 0.375 0.775 0.25 0.425 0.75 1 0 1 0.55 0.475 0.6 0.2 1 0 0.75 1 
1154    0.2 0.8 0.2 0 0.8  0.0352912 0.575 0.25 0.2 0.05 0.075 0.875 0.825 0.375 0.175 0.25 0.425 0.75 1 0 1 0.55 0.925 0.6 0.2 1 0.225 0 1 
1159    0.2 0.8 0.2 0.2 0.8  0.0395765 0.35 0.25 0.2 0.1 0.075 0.875 0.825 0.375 0.125 0.25 0.425 0.75 1 0 1 0.55 0.925 0.6 0.2 1 0.225 0.15 1 
1163    0.2 0.8 0.2 0.4 0.6  -0.0232343 0.575 0.25 0.1 0.05 0.45 0.175 0.75 0 0.625 0.25 0.45 0.75 1 0 0.4 0.55 0.475 0.6 0.2 0.7 0.275 0.3 0.675 
1164    0.2 0.8 0.2 0.4 0.8  -0.0257311 0.575 0.125 0.375 0.05 0.625 1 0.25 0.375 0.175 0.25 0.425 0.75 1 0 1 0.55 0.475 0.6 0.225 0.975 0.175 0.45 1 
1168    0.2 0.8 0.2 0.6 0.6  0.00749238 0.575 0.25 0.475 0.825 0.45 0.175 0.825 0 0.625 0.25 0.425 0.75 1 0 0.4 0 0.475 0.6 0.2 0.725 0.125 0.55 0.675 
1169    0.2 0.8 0.2 0.6 0.8  0.00787968 0.575 0.25 0.375 0.05 0.45 0.175 0.825 0 0.625 0.25 0.425 0.75 1 0 0.4 0.55 0.475 0.6 0.2 0.7 0.25 0.55 0.95 
1174    0.2 0.8 0.2 0.8 0.8  0.219585 0.575 0.25 0.375 0.05 0.45 1 0.2 0.375 1 0.25 0.425 0.75 1 0 0.4 0.55 0.475 0.225 0.2 0.75 0.225 0.9 0.9 
1184    0.2 0.8 0.4 0.2 0.8  -0.0203122 0.575 0.25 0.375 0.05 0.45 1 0.825 0.375 0.175 0.325 0.425 0.75 1 0 0.2 0.55 0.925 0.6 0.2 0.95 0.375 0.175 1 
1188    0.2 0.8 0.4 0.4 0.6  -0.0199373 0.575 0.25 0.425 0.05 0.45 0.475 0.825 0 0.625 0.25 0.425 0.75 1 0 0.4 0.55 0.475 0.6 0.2 0.725 0.425 0.3 0.675 
1197    0.2 0.8 0.4 0.8 0.4  -0.0221634 0.55 0.25 0.45 0.575 0.625 0.25 0.825 0 0.625 0.25 0.425 0.025 1 0 0.4 0.55 0 0.85 0.2 1 0.45 1 0.3 
1213    0.2 0.8 0.6 0.4 0.6  -0.0158043 0.575 0.65 0.375 0.05 0.45 0.175 0 0 0.625 0.25 0.425 0.75 1 0.2 0.4 0.7 0.475 0.6 0.15 0.725 0.55 0.3 0.675 
1214    0.2 0.8 0.6 0.4 0.8  -0.00669069 0.575 0.25 0.375 0.05 0.45 0.175 0.825 0 0.625 0.25 0.425 0.95 1 0 0.4 0.55 0.475 0.6 0.2 0.7 0.5 0.475 0.75 
1228    0.2 0.8 0.8 0 0.6  0.0175434 0.55 0.25 0.375 0.575 0.45 0.25 0.15 0.125 0.625 0.675 0.425 0.025 1 0 0.4 0.55 0 0.85 0.225 0.775 0.95 0.025 0.6 
1229    0.2 0.8 0.8 0 0.8  0.0407988 0.575 0.25 0.375 0.05 0.075 0.875 0.825 0.375 0.175 0.25 0.425 0.75 1 0 1 0.55 0.925 0.6 0.2 1 1 0 1 
1234    0.2 0.8 0.8 0.2 0.8  0.0411841 0.575 0.25 0.375 0.05 0.075 0.95 0.825 0.375 0.175 0.325 0.425 0.75 1 0 0.525 0.55 0.925 0.6 0.2 0.725 1 0.25 1 
1238    0.2 0.8 0.8 0.4 0.6  -0.00834974 0.575 0.25 0.875 0.05 0.45 0.325 0.825 0.575 0.625 0.25 0.425 0.75 1 0 0.4 0.55 0.475 0.6 0.2 0.75 0.775 0.3 0.675 
1239    0.2 0.8 0.8 0.4 0.8  -0.00461501 0.575 0.25 0.375 0.05 0.45 0.175 0.125 0 0.8 0.25 0.425 0.95 1 0 0.4 0.55 0.475 0.6 0.2 0.725 0.7 0.475 1 
1243    0.2 0.8 0.8 0.6 0.6  -0.0131605 0.575 0.25 0.375 0.05 0.45 0.175 0.825 0 0.625 0.25 0.425 0.75 1 0 0.4 0.55 0.475 0.6 0.2 0.7 0.725 0.55 0.675 
1244    0.2 0.8 0.8 0.6 0.8  0.233613 0.575 0.25 0.375 0.05 0.45 0.175 0.825 0.725 0.625 0.675 0.425 0.75 1 0 0.4 0.55 0.475 0.6 0.2 0.7 1 0.55 0.95 
1247    0.2 0.8 0.8 0.8 0.4  -0.012486 0.55 0.25 0.45 0.575 0.45 0.25 0.825 0 0.625 0.25 0.425 0.025 1 0 0.4 0.9 0 0.85 0.2 0.75 0.875 1 0.3 
1249    0.2 0.8 0.8 0.8 0.8  0.0407298 0.575 0.25 0.375 0.05 0.075 1 0.825 0.375 0.175 0.25 0.425 0.75 1 0 1 0.55 0.925 0.6 0.2 0.95 1 0.975 1 
1588    0.4 0.4 0.6 0.4 0.6  -0.0113217 0.575 0.65 0.375 0.05 0.45 0.175 0 0 0.625 0.25 0.425 0.75 1 0.2 0.4 0.55 0.475 0.6 0.3 0.475 0.55 0.3 0.675 
1638    0.4 0.6 0 0.4 0.6  -0.0291639 0.575 0.65 0.375 0.05 0.45 0.175 0 0 0.625 0.25 0.425 0.75 1 0.2 0.4 0.55 0.475 0.6 0.3 0.525 0 0.3 0.675 
1639    0.4 0.6 0 0.4 0.8  -0.00850451 0.575 0.625 0.375 0.05 0.45 0.175 0 0 0.625 0.825 0.425 0.75 1 0 0.425 0.55 0.475 0.6 0.3 0.6 0.025 0.3 0.8 
1663    0.4 0.6 0.2 0.4 0.6  -0.0245157 0.575 0.5 0.375 0.05 0.45 0.175 0 0 0.625 0.25 0.425 0.75 1 0 0.45 0.55 0.475 0.6 0.3 0.6 0.2 0.3 0.675 
1664    0.4 0.6 0.2 0.4 0.8  -0.0181129 0.475 0.5 0.375 0.05 0.45 0.175 0 0 0.2 0.25 0.425 0.75 1 0 0.4 0.55 0.475 0.6 0.3 0.525 0.2 0.3 0.775 
1674    0.4 0.6 0.2 0.8 0.8  -0.0328479 0.475 0.5 0.1 0.05 0.45 0.175 0 0 0.2 0.25 0.425 0.75 1 0 0.4 0.55 0.475 0.6 0.3 0.6 0.2 0.75 0.775 
1684    0.4 0.6 0.4 0.2 0.8  0.00191818 0.575 0.625 0.375 0.05 0.2 0.175 0 0 0.625 0.325 0.425 0.75 1 0 0.45 0.55 0.475 0.6 0.3 0.6 0.475 0.125 0.8 
1688    0.4 0.6 0.4 0.4 0.6  -0.00613556 0.575 0.5 0.375 0.05 0.45 0.175 0 0 0.625 0.25 0.425 0.75 1 0 0.4 0.55 0.475 0.6 0.3 0.6 0.475 0.3 0.675 
1689    0.4 0.6 0.4 0.4 0.8  -0.012035 0.575 0.5 0.375 0.05 0.45 0.175 0 0 0.625 0.25 0.425 0.75 1 0 0.4 0.65 0.475 0.6 0.3 0.6 0.475 0.3 0.75 
1699    0.4 0.6 0.4 0.8 0.8  -0.0298663 0.475 0.5 0.1 0.05 0.45 0.175 0 0 0.2 0.475 0.425 0.75 1 0 0.4 0.55 0.475 0.6 0.3 0.6 0.3 0.75 0.775 
1713    0.4 0.6 0.6 0.4 0.6  -0.010645 0.575 0.65 0.375 0.05 0.45 0.175 0 0 0.625 0.25 0.425 0.75 1 0.2 0.4 0.55 0.475 0.6 0.3 0.525 0.55 0.3 0.675 
1714    0.4 0.6 0.6 0.4 0.8  0.00257086 0.575 0.625 0.375 0.05 0.45 0.175 0 0 0.625 0 0.425 0.75 1 0 0.45 0.55 0.475 0.6 0.3 0.6 0.525 0.3 0.8 
1719    0.4 0.6 0.6 0.6 0.8  -0.00191059 0.575 0.625 0.375 0.05 0.45 0.175 0 0 0.625 0.825 0.425 0.75 1 0 0.425 0.55 0.475 0.6 0.3 0.6 0.5 0.525 0.8 
1734    0.4 0.6 0.8 0.2 0.8  0.00218447 0.575 0.625 0.375 0.05 0.2 0.175 0 0 0.625 0.325 0.425 0.75 1 0 0.45 0.55 0.475 0.6 0.3 0.6 0.7 0.125 0.8 
1738    0.4 0.6 0.8 0.4 0.6  -0.0156186 0.575 0.65 0.375 0.05 0.45 0.175 0 0 0.625 0.25 0.425 0.75 1 0.2 0.4 0.55 0.475 0.6 0.3 0.525 0.725 0.3 0.675 
1739    0.4 0.6 0.8 0.4 0.8  -0.0107733 0.575 0.5 0.375 0.05 0.45 0.175 0 0 0.625 0.25 0.425 0.75 1 0 0.4 0.55 0.475 0.6 0.3 0.6 0.75 0.3 0.725 
1744    0.4 0.6 0.8 0.6 0.8  -0.000505939 0.25 0.9 0.375 0.05 0.45 0.175 0 0 0.625 0.825 0.425 0.75 1 0 0.425 0.55 0.475 0.6 0.3 0.6 0.9 0.525 0.8 
1788    0.4 0.8 0.2 0.4 0.6  -0.0171652 0.575 0.5 0.375 0.05 0.45 0.175 0 0 0.625 0.25 0.425 0.6 1 0 0.45 0.55 0.475 0.6 0.3 0.975 0.2 0.3 0.675 
1789    0.4 0.8 0.2 0.4 0.8  -0.0250159 0.475 0.5 0.375 0.05 0.45 0.375 0 0 0.2 0.25 0.425 0.75 1 0 0.4 0.55 0.475 0.6 0.3 0.975 0.2 0.3 0.775 
1813    0.4 0.8 0.4 0.4 0.6  -0.0112213 0.575 0.65 0.375 0.05 0.45 0.175 0 0 0.625 0.25 0.425 0.75 1 0.2 0.4 0.7 0.475 0.6 0.3 0.725 0.4 0.3 0.675 
1838    0.4 0.8 0.6 0.4 0.6  -0.0142468 0.575 0.65 0.375 0.05 0.45 0.175 0 0 0.625 0.25 0.425 0.75 1 0.2 0.4 0.7 0.475 0.6 0.3 0.725 0.55 0.3 0.675 
1863    0.4 0.8 0.8 0.4 0.6  -0.0132937 0.575 0.65 0.375 0.2 0.45 0.175 0 0 0.625 0.25 0.425 0.75 1 0.2 0.4 0.7 0.475 0.6 0.3 0.725 0.7 0.3 0.675 
1909    0.6 0 0.2 0.2 0.8  -0.0238933 0.575 1 0.375 0.05 0.45 0.825 0.75 0.375 0.625 0.25 0.9 0.725 1 0 0.875 0.55 0.475 0.6 0.675 0 0.25 0.225 0.975 
2034    0.6 0.2 0.2 0.2 0.8  -0.00215697 0.575 1 0.375 0.05 0.45 1 0.125 0.375 0.625 0.25 0.9 0.725 1 0 0.95 0.55 0.475 0.6 0.525 0.15 0.25 0.225 0.9 
2164    0.6 0.4 0.2 0.4 0.8  -0.00800649 0.5 0.625 0.275 0.575 0.45 0.9 0.825 0.125 0.625 0.25 0.425 0.75 1 0 0.4 0.975 0.475 0.75 0.55 0.375 0.275 0.3 0.8 
2264    0.6 0.6 0 0.4 0.8  -0.000199986 0.5 0.625 0.375 0.325 0.45 0.9 0.825 0.125 0.075 0.25 0.425 0.75 1 0 0.4 0.975 0.475 0.6 0.55 0.6 0.075 0.3 0.8 
2289    0.6 0.6 0.2 0.4 0.8  -0.0126418 0.5 0.625 0.275 0.575 0.45 0.9 0.825 0.125 0.625 0.25 0.425 0.75 1 0 0.4 0.975 0.475 0.6 0.55 0.6 0.275 0.3 0.8 
2314    0.6 0.6 0.4 0.4 0.8  0.0188608 0.5 0.625 0.375 0.325 0.45 0.9 0.825 0.125 0.625 0.875 0.425 0.75 1 0 0.4 0.975 0.475 0.6 0.55 0.6 0.45 0.3 1 
2344    0.6 0.6 0.6 0.6 0.8  -0.00529953 0.575 0.85 0.375 0.575 0.45 0.175 0.825 0 0.625 0.25 0.9 0.75 1 0 0.4 0.55 0.475 0.6 0.525 0.6 0.65 0.575 0.75 
2358    0.6 0.6 0.8 0.2 0.6  0.000285913 0.55 0.75 0.375 0.575 0.45 0.25 0.15 0 0.625 0.675 0.425 0.025 1 0 0.4 0.55 0 0.85 0.5 0.6 0.95 0.175 0.525 
2409    0.6 0.8 0.2 0.2 0.8  0.0137987 0.575 1 0.375 0.05 0.45 1 0.75 0.375 0.625 0.25 0.9 0.725 1 0 0.95 0.55 0.475 0.6 0.525 0.725 0.25 0.225 0.9 
2459    0.6 0.8 0.6 0.2 0.8  0.00240702 0.575 1 0.375 0.05 0.45 1 0.75 0.375 0.625 0.25 1 0.725 1 0 0.95 0.55 0.475 0.6 0.525 0.725 0.55 0.225 0.9 
2464    0.6 0.8 0.6 0.4 0.8  -0.00127461 0.575 1 0.375 0.05 0.45 1 0.75 0.375 0.625 0.25 1 0.725 1 0 0.95 0.55 0.475 0.6 0.525 0.725 0.55 0.35 0.9 
2534    0.8 0 0.2 0.2 0.8  -0.0245212 0.575 1 0.375 0.05 0.45 1 0.75 0.375 0.625 0.25 0.9 0.725 1 0 0.875 0.55 0.475 0.6 0.75 0 0.25 0.225 0.975 
2544    0.8 0 0.2 0.6 0.8  0.0100032 0.575 1 0.375 0.05 0.45 1 0.75 0.375 0.625 0.25 0.9 0.725 1 0 0.875 0.55 0.475 0.6 0.8 0 0.25 0.675 0.9 
2549    0.8 0 0.2 0.8 0.8  -0.0238909 0.575 1 0.375 0.05 0.45 1 0.75 0.975 0.475 0.25 0.9 0.725 1 0 0.875 0.55 0.475 0.6 0.8 0 0.25 1 0.9 
2614    0.8 0 0.8 0.4 0.8  -0.00785374 0.575 1 0.875 0.05 0.45 1 0.75 0.375 0.625 0.25 0.9 0.725 1 0 0.875 0.55 0.475 0.6 0.75 0 0.775 0.475 0.975 
2864    0.8 0.4 0.8 0.4 0.8  -0.00881593 0.575 0.925 0.375 0.05 0.45 0.175 0.825 0 0.625 1 0.425 0.7 1 0 0.4 0.55 0.475 0.6 0.725 0.425 0.775 0.475 0.95 
2909    0.8 0.6 0.2 0.2 0.8  -0.0246992 0.575 1 0.375 0.05 0.45 1 0.75 0.375 0.625 0.25 0.9 0.725 1 0 0.875 0.55 0.475 0.6 0.8 0.65 0.25 0.225 0.9 
2932    0.8 0.6 0.4 0.2 0.4  -0.0251968 0.55 0.25 0.375 0.575 0.45 0.25 0.25 0 0.625 0.25 0.425 0.025 1 0 0.4 0.55 0.075 0.85 0.825 0.6 0.45 0.1 0.3 
2933    0.8 0.6 0.4 0.2 0.6  -0.0250797 0.55 0.25 0.375 0.575 0.45 0.25 0.825 0 0.625 0.25 0.425 0.025 1 0 0.4 0.55 0.075 0.85 0.825 0.6 0.425 0.1 0.6 
2957    0.8 0.6 0.6 0.2 0.4  -0.00439155 0.55 0.25 0.375 0.575 0.45 0.25 0.825 0 0.625 0.025 0.975 0.025 1 0 0.4 0.55 0.075 0.85 1 0.6 0.575 0.2 0.4 
2958    0.8 0.6 0.6 0.2 0.6  -0.00158513 0.55 0.25 0.375 0.575 0.45 0.25 0.825 0 0.625 0.025 0.425 0.025 1 0 0.4 0.55 0.075 0.85 1 0.6 0.575 0.1 0.525 
2982    0.8 0.6 0.8 0.2 0.4  -0.000426735 0.55 0.625 0.375 0.575 0.75 0.25 0.825 0 0.1 0.25 0.425 0.025 1 0 0.4 0.55 0.075 0.85 0.825 0.6 0.8 0.1 0.3 
2983    0.8 0.6 0.8 0.2 0.6  -0.00762893 0.55 0 0.375 0.575 0.75 0.25 0.825 0 0.1 0.1 0.425 0.025 1 0 0.4 0.55 0.075 0.85 0.825 0.6 0.8 0.1 0.55 
2993    0.8 0.6 0.8 0.6 0.6  -0.00577866 0.55 0 0.375 0.575 0.75 0.25 0.825 0 0.1 0.525 0.425 0.025 1 0 0.4 0.55 0.075 0.85 0.825 0.6 1 0.525 0.55 
3034    0.8 0.8 0.2 0.2 0.8  -0.0244041 0.575 1 0.375 0.05 0.45 1 0.75 0.375 0.45 0.25 0.9 0.725 1 0 0.875 0.55 0.475 0.6 0.75 1 0.25 0.225 0.9 
