0 4 0.0187 0.0401948 0.163376
1 7 0.0182949 0.0405175 0.168659
2 9 0.050978 0.219585 0.158443
3 9 0.050978 0.219585 0.155275
4 10 0.0513168 0.219585 0.138252
5 12 0.0509315 0.219585 0.132866
6 15 0.0409401 0.219585 0.133153
7 15 0.0408211 0.219585 0.129579
8 22 0.024703 0.219585 0.127255
9 27 0.0156392 0.219585 0.129299
10 31 0.0114706 0.219585 0.131822
11 34 0.0145107 0.219585 0.135871
12 34 0.014738 0.219585 0.133534
13 35 0.0136798 0.219585 0.132528
14 40 0.017762 0.264763 0.133434
15 40 0.0194474 0.264763 0.132947
16 41 0.0175163 0.264763 0.131534
17 47 0.0154658 0.264763 0.129854
18 52 0.0126865 0.264763 0.127172
19 57 0.0116984 0.264763 0.126224
20 62 0.010528 0.264763 0.129064
21 69 0.00842287 0.264763 0.129746
22 72 0.0087541 0.264763 0.129017
23 74 0.012701 0.288263 0.127161
24 80 0.0109025 0.288263 0.127892
25 81 0.0140789 0.288263 0.128854
26 84 0.0142922 0.288263 0.127602
27 87 0.0147909 0.375695 0.126377
28 92 0.0152483 0.375695 0.12633
29 101 0.0139522 0.375695 0.125987
30 103 0.0132238 0.375695 0.125323
31 107 0.0127582 0.375695 0.124847
32 112 0.0117447 0.375695 0.1245
33 114 0.0118952 0.375695 0.124433
34 116 0.0116527 0.375695 0.124375
35 120 0.0105668 0.375695 0.124354
36 122 0.0102885 0.375695 0.122845
37 124 0.0102396 0.375695 0.122634
38 129 0.0099889 0.375695 0.122675
39 132 0.0115439 0.375695 0.122233
40 133 0.0119975 0.375695 0.121148
41 138 0.0124828 0.375695 0.122146
42 141 0.0125951 0.375695 0.121388
43 144 0.0124874 0.375695 0.121119
44 148 0.0120055 0.375695 0.121263
45 151 0.0116172 0.375695 0.120863
46 156 0.0111667 0.375695 0.120535
47 161 0.0106299 0.375695 0.121038
48 165 0.0103051 0.375695 0.121659
49 170 0.00955258 0.375695 0.121825
50 176 0.00868586 0.375695 0.122265
51 178 0.00838821 0.375695 0.121836
52 181 0.00896355 0.375695 0.121709
53 182 0.00892369 0.375695 0.120887
54 189 0.01024 0.375695 0.120932
55 190 0.0101518 0.375695 0.120669
56 198 0.00985481 0.375695 0.119652
57 203 0.00937942 0.375695 0.120069
58 209 0.00939369 0.375695 0.120384
59 212 0.0094521 0.375695 0.120168
60 217 0.0104677 0.375695 0.119797
61 218 0.0102207 0.375695 0.118696
62 227 0.00970779 0.375695 0.118981
63 232 0.00955142 0.375695 0.118894
64 240 0.00845933 0.375695 0.118341
65 242 0.00846638 0.375695 0.117857
66 246 0.00838616 0.375695 0.118279
67 250 0.00798246 0.375695 0.118363
68 254 0.00865284 0.375695 0.118402
69 255 0.00841615 0.375695 0.117007
70 260 0.00790933 0.375695 0.116649
71 263 0.00769922 0.375695 0.116398
72 265 0.00755139 0.375695 0.115592
73 266 0.00742202 0.375695 0.114972
74 268 0.00745334 0.375695 0.114985
75 268 0.00745621 0.375695 0.114498
76 272 0.00713362 0.375695 0.114611
77 274 0.00716551 0.375695 0.114471
78 277 0.00703678 0.375695 0.114272
79 281 0.00679843 0.375695 0.114487
80 284 0.00678289 0.375695 0.11427
81 288 0.00649071 0.375695 0.114563
82 291 0.00657147 0.375695 0.114578
83 296 0.00614327 0.375695 0.114634
84 299 0.00604512 0.375695 0.114351
85 306 0.00598196 0.375695 0.114709
86 311 0.00631947 0.375695 0.114361
87 315 0.00609871 0.375695 0.113883
88 318 0.0060352 0.375695 0.113791
89 323 0.00575128 0.375695 0.113682
90 327 0.00556974 0.375695 0.113891
91 330 0.00645772 0.375695 0.113965
92 331 0.00643514 0.375695 0.113171
93 333 0.00636099 0.375695 0.112566
94 336 0.00616702 0.375695 0.112304
95 339 0.00596298 0.375695 0.11233
96 345 0.00584437 0.375695 0.112596
97 348 0.00548073 0.375695 0.112263
98 351 0.00523966 0.375695 0.112082
99 356 0.00516911 0.375695 0.112452
100 357 0.00584019 0.375695 0.112357
101 366 0.00626843 0.375695 0.113137
102 367 0.00640315 0.375695 0.112947
103 372 0.0063448 0.375695 0.112774
104 373 0.00633572 0.375695 0.112671
105 375 0.00628864 0.375695 0.112635
106 379 0.00612828 0.375695 0.112711
107 382 0.00619177 0.375695 0.112616
108 383 0.00605713 0.375695 0.112204
109 385 0.0060137 0.375695 0.112174
110 387 0.00593213 0.375695 0.112242
111 389 0.00582228 0.375695 0.112282
112 390 0.0064185 0.375695 0.112066
113 393 0.00617702 0.375695 0.112205
114 395 0.00675011 0.375695 0.112159
115 395 0.00670742 0.375695 0.112072
116 397 0.00659604 0.375695 0.112152
117 399 0.00673748 0.375695 0.111925
118 402 0.00653072 0.375695 0.111682
119 404 0.00642854 0.375695 0.111463
120 407 0.00625466 0.375695 0.111611
121 410 0.00619526 0.375695 0.111545
122 413 0.00602316 0.375695 0.111509
123 417 0.00579508 0.375695 0.111387
124 422 0.00560105 0.375695 0.111078
125 424 0.00540773 0.375695 0.11106
126 427 0.00521883 0.375695 0.111224
127 430 0.00496641 0.375695 0.111214
128 434 0.00479766 0.375695 0.111311
129 441 0.00455575 0.375695 0.111695
130 449 0.00416446 0.375695 0.111658
131 451 0.00406854 0.375695 0.111623
132 455 0.00380523 0.375695 0.111648
133 461 0.00352485 0.375695 0.111682
134 465 0.00332505 0.375695 0.111515
135 468 0.00325029 0.375695 0.111622
136 473 0.00300565 0.375695 0.111644
137 474 0.00297382 0.375695 0.111481
138 476 0.00285132 0.375695 0.111418
139 479 0.00268167 0.375695 0.111353
140 481 0.00251309 0.375695 0.111194
141 485 0.00252332 0.375695 0.111325
142 487 0.00236921 0.375695 0.111109
143 493 0.0022691 0.375695 0.111524
144 495 0.00216833 0.375695 0.111361
145 496 0.00211927 0.375695 0.11136
146 500 0.00199801 0.375695 0.11121
147 503 0.00179603 0.375695 0.111072
148 510 0.00151481 0.375695 0.111179
149 514 0.00157553 0.375695 0.111085
150 517 0.00145696 0.375695 0.110799
151 523 0.00146866 0.375695 0.110829
152 525 0.00156012 0.375695 0.110833
153 529 0.00153366 0.375695 0.110882
154 532 0.00139703 0.375695 0.110941
155 535 0.00166527 0.375695 0.110719
156 537 0.00154823 0.375695 0.110794
157 539 0.00142828 0.375695 0.110849
158 540 0.00143743 0.375695 0.110772
159 542 0.00137341 0.375695 0.110896
160 546 0.00129664 0.375695 0.11093
161 551 0.00114582 0.375695 0.110848
162 554 0.000948575 0.375695 0.110319
163 557 0.000908572 0.375695 0.110333
164 563 0.000795321 0.375695 0.11026
165 567 0.000799539 0.375695 0.110211
166 570 0.000599154 0.375695 0.109959
167 572 0.000609471 0.375695 0.110081
168 573 0.000618286 0.375695 0.110053
169 575 0.000550288 0.375695 0.109848
170 577 0.000451289 0.375695 0.109808
171 578 0.00037803 0.375695 0.109643
172 581 0.000282903 0.375695 0.109521
173 582 0.000300256 0.375695 0.10918
174 586 0.000179309 0.375695 0.109409
175 590 0.000109851 0.375695 0.109438
176 593 5.57199e-05 0.375695 0.109389
177 596 -7.9417e-05 0.375695 0.109256
178 597 -0.000228607 0.375695 0.109162
179 602 -0.000200313 0.375695 0.109051
180 606 -0.000188514 0.375695 0.109048
181 610 -0.000314755 0.375695 0.109046
182 610 -0.000333484 0.375695 0.108803
183 615 -0.000524258 0.375695 0.108669
184 616 -0.000516111 0.375695 0.108667
185 616 -0.000473276 0.375695 0.108345
186 618 -0.000552626 0.375695 0.108253
187 621 -0.000528913 0.375695 0.108212
188 626 -0.000613915 0.375695 0.108286
189 627 -0.000642792 0.375695 0.108336
190 628 -0.000731375 0.375695 0.108014
191 633 -0.000811201 0.375695 0.107862
192 636 -0.000900464 0.375695 0.107639
193 642 -0.000918385 0.375695 0.107536
194 646 -0.00102653 0.375695 0.107423
195 650 -0.00105546 0.375695 0.107374
196 654 -0.00109455 0.375695 0.10717
197 660 -0.00117771 0.375695 0.107153
198 663 -0.00119007 0.375695 0.107239
199 666 -0.00122923 0.375695 0.107287
200 667 -0.0012143 0.375695 0.107345
201 672 -0.00130802 0.375695 0.107381
202 679 -0.00138803 0.375695 0.107193
203 684 -0.00154192 0.375695 0.107228
204 688 -0.00113377 0.375695 0.107351
205 688 -0.00110618 0.375695 0.107052
206 690 -0.00105761 0.375695 0.107041
207 692 -0.000745142 0.375695 0.10697
208 695 -0.000657644 0.375695 0.106927
209 699 -0.000787495 0.375695 0.10705
210 700 -0.000760167 0.375695 0.106924
211 705 -0.000717441 0.375695 0.107114
212 707 -0.000676174 0.375695 0.107194
213 709 -0.000715003 0.375695 0.107241
214 711 -0.000779108 0.375695 0.107108
215 715 -0.000881785 0.375695 0.106978
216 722 -0.0010752 0.375695 0.106968
217 725 -0.00103964 0.375695 0.107056
218 728 -0.00109509 0.375695 0.107064
219 731 -0.00111244 0.375695 0.107063
220 733 -0.00112779 0.375695 0.10692
221 735 -0.000668883 0.375695 0.106882
222 737 -0.000734096 0.375695 0.106818
223 738 -0.000750812 0.375695 0.106828
224 744 -0.000944097 0.375695 0.106947
225 748 -0.00092478 0.375695 0.107203
226 751 -0.0010031 0.375695 0.107248
227 752 -0.0010534 0.375695 0.106995
228 752 -0.0010575 0.375695 0.106972
229 752 -0.00102551 0.375695 0.106806
230 755 -0.000911436 0.375695 0.10657
231 756 -0.000950237 0.375695 0.106493
232 757 -0.000964784 0.375695 0.106286
233 759 -0.000981285 0.375695 0.106209
234 762 -0.00108308 0.375695 0.106079
235 764 -0.00110045 0.375695 0.106023
236 766 -0.00104368 0.375695 0.106007
237 768 -0.00112839 0.375695 0.105751
238 773 -0.00122044 0.375695 0.105767
239 777 -0.00128917 0.375695 0.105605
240 777 -0.0012796 0.375695 0.105523
241 779 -0.00133573 0.375695 0.105591
242 781 -0.00137417 0.375695 0.105407
243 781 -0.00132069 0.375695 0.105354
244 781 -0.00123967 0.375695 0.105331
245 781 -0.00125381 0.375695 0.105115
246 782 -0.00127606 0.375695 0.105046
247 787 -0.00137589 0.375695 0.10509
248 792 -0.00137126 0.375695 0.104992
249 796 -0.00139385 0.375695 0.104999
250 798 -0.00147074 0.375695 0.104909
251 801 -0.00157221 0.375695 0.104774
252 804 -0.00166535 0.375695 0.104687
253 808 -0.00154146 0.375695 0.104707
254 809 -0.00148413 0.375695 0.104842
255 809 -0.00148356 0.375695 0.104547
256 811 -0.00141281 0.375695 0.104394
257 811 -0.00134317 0.375695 0.104378
258 813 -0.00118563 0.375695 0.104265
259 815 -0.00094889 0.375695 0.10415
260 818 -0.00103008 0.375695 0.104197
261 820 -0.00110075 0.375695 0.10413
262 822 -0.000864339 0.375695 0.104002
263 825 -0.000926995 0.375695 0.104205
264 828 -0.000962732 0.375695 0.104369
265 830 -0.000986877 0.375695 0.104305
266 832 -0.00104061 0.375695 0.104164
267 836 -0.00114616 0.375695 0.104161
268 838 -0.00117561 0.375695 0.104156
269 838 -0.00117415 0.375695 0.104053
270 839 -0.00120639 0.375695 0.104139
271 841 -0.00109246 0.375695 0.104159
272 843 -0.00114395 0.375695 0.104107
273 846 -0.00117133 0.375695 0.10415
274 853 -0.000719023 0.375695 0.104377
275 855 -0.000756066 0.375695 0.104303
276 858 -0.000772325 0.375695 0.104204
277 863 -0.000555524 0.375695 0.104278
278 866 -0.000628556 0.375695 0.104309
279 870 -0.000503308 0.375695 0.104407
280 874 -0.000535727 0.375695 0.104451
281 876 -0.000443912 0.375695 0.104473
282 881 -0.000538644 0.375695 0.104527
283 887 -0.000476976 0.375695 0.104644
284 888 -0.000530468 0.375695 0.104402
285 890 -0.000567813 0.375695 0.104485
286 894 -0.000631816 0.375695 0.104438
287 898 -0.000539836 0.375695 0.104518
288 900 -0.000416744 0.375695 0.104627
289 900 -0.00042002 0.375695 0.104563
290 901 -0.000408255 0.375695 0.104482
291 906 -0.000507451 0.375695 0.104533
292 909 -0.000549886 0.375695 0.104432
293 913 -0.000546189 0.375695 0.104514
294 914 -0.000579556 0.375695 0.104495
295 917 -0.000624107 0.375695 0.10429
296 919 -0.000392525 0.375695 0.104197
297 920 -0.000413538 0.375695 0.104045
298 920 -0.000462158 0.375695 0.104025
299 922 -0.00045613 0.375695 0.10404
300 925 -0.000344881 0.375695 0.104105
301 926 1.23237e-05 0.375695 0.104174
302 932 0.000155318 0.375695 0.104033
303 935 8.1557e-05 0.375695 0.104086
304 935 5.67983e-05 0.375695 0.103951
305 936 6.82842e-05 0.375695 0.103881
306 938 5.72987e-05 0.375695 0.103857
307 940 7.32501e-05 0.375695 0.103795
308 941 8.45863e-05 0.375695 0.103718
309 944 4.52327e-05 0.375695 0.103763
310 948 -5.07303e-05 0.375695 0.103767
311 948 -4.01653e-05 0.375695 0.103697
312 950 -1.93311e-05 0.375695 0.10376
313 951 3.5917e-05 0.375695 0.103584
314 953 6.93011e-05 0.375695 0.103535
315 954 3.29139e-05 0.375695 0.103422
316 958 0.000149685 0.375695 0.10342
317 960 0.000294496 0.375695 0.103164
318 961 0.000290383 0.375695 0.10318
319 966 0.000276101 0.375695 0.103289
320 970 0.000294837 0.375695 0.10326
321 972 0.000264671 0.375695 0.103352
322 973 0.000262503 0.375695 0.103364
323 977 0.000287266 0.375695 0.10333
324 981 0.000245566 0.375695 0.10361
325 985 0.000353547 0.375695 0.103594
326 989 0.000286478 0.375695 0.103571
327 991 0.000262096 0.375695 0.103531
328 991 0.000224056 0.375695 0.103487
329 992 0.000249369 0.375695 0.103402
330 996 0.000251989 0.375695 0.103475
331 999 0.000219745 0.375695 0.103523
332 999 0.000218983 0.375695 0.10351
333 1002 0.000476539 0.375695 0.103476
334 1003 0.000465788 0.375695 0.10338
335 1008 0.000501411 0.375695 0.103508
336 1008 0.000495484 0.375695 0.10343
337 1009 0.000515183 0.375695 0.103408
338 1012 0.000503974 0.375695 0.103495
339 1015 0.000473588 0.375695 0.103541
340 1017 0.000426922 0.375695 0.103501
341 1019 0.000332041 0.375695 0.10335
342 1022 0.000292817 0.375695 0.10329
343 1025 0.000272975 0.375695 0.103354
344 1026 0.000306668 0.375695 0.103327
345 1028 0.000322406 0.375695 0.103282
346 1030 0.00035754 0.375695 0.103201
347 1038 0.000223247 0.375695 0.103157
348 1043 0.000181828 0.375695 0.103006
349 1043 0.000227829 0.375695 0.10286
350 1044 0.000533488 0.375695 0.102808
351 1050 0.000439185 0.375695 0.102782
352 1055 0.000348845 0.375695 0.102864
353 1057 0.000314416 0.375695 0.102883
354 1061 0.000274901 0.375695 0.102781
355 1067 0.000176394 0.375695 0.102857
356 1067 0.000175458 0.375695 0.102749
357 1069 0.000147855 0.375695 0.102716
358 1072 0.000373822 0.375695 0.102642
359 1075 0.000319287 0.375695 0.102673
360 1078 0.000245731 0.375695 0.102746
361 1079 0.000246617 0.375695 0.10267
362 1082 0.000319717 0.375695 0.102535
363 1082 0.000283919 0.375695 0.102521
364 1085 0.000302974 0.375695 0.102571
365 1087 0.000278987 0.375695 0.102463
366 1088 0.000440902 0.375695 0.102453
367 1090 0.000424021 0.375695 0.102363
368 1093 0.000348563 0.375695 0.102264
369 1094 0.0003426 0.375695 0.102241
370 1100 0.000296451 0.375695 0.102244
371 1104 0.000255175 0.375695 0.102234
372 1105 0.000244362 0.375695 0.102196
373 1106 0.000249909 0.375695 0.10223
374 1108 0.00022151 0.375695 0.102259
375 1111 0.000278147 0.375695 0.102283
376 1113 0.00032965 0.375695 0.102209
377 1113 0.000404804 0.375695 0.102191
378 1117 0.000613571 0.375695 0.102166
379 1123 0.000589547 0.375695 0.102154
380 1125 0.000764711 0.375695 0.102121
381 1125 0.000863133 0.375695 0.102111
382 1128 0.000798007 0.375695 0.102057
383 1128 0.000776935 0.375695 0.102005
384 1129 0.00076433 0.375695 0.101941
385 1129 0.000751346 0.375695 0.101836
386 1130 0.00074835 0.375695 0.101864
387 1132 0.000767933 0.375695 0.101735
388 1134 0.000761786 0.375695 0.101668
389 1137 0.000965496 0.375695 0.101729
390 1141 0.00102654 0.375695 0.101686
391 1145 0.00104985 0.375695 0.101633
392 1147 0.00100186 0.375695 0.101482
393 1150 0.00107533 0.375695 0.101497
394 1155 0.00103563 0.375695 0.101376
395 1157 0.00109357 0.375695 0.101453
396 1157 0.00115194 0.375695 0.101383
397 1160 0.00107606 0.375695 0.101416
398 1163 0.00108067 0.375695 0.101364
399 1167 0.00110614 0.375695 0.101344
400 1167 0.00111228 0.375695 0.101117
401 1169 0.00131722 0.375695 0.101138
402 1171 0.00131701 0.375695 0.101024
403 1173 0.00133793 0.375695 0.10095
404 1174 0.00128457 0.375695 0.100884
405 1176 0.00128714 0.375695 0.100877
406 1176 0.00133137 0.375695 0.100783
407 1178 0.00137403 0.375695 0.100643
408 1181 0.00128583 0.375695 0.100575
409 1181 0.00128091 0.375695 0.100567
410 1189 0.00138908 0.375695 0.100572
411 1192 0.00133792 0.375695 0.100564
412 1195 0.00152076 0.375695 0.100683
413 1198 0.00156691 0.375695 0.100726
414 1201 0.00162879 0.375695 0.100802
415 1202 0.00161647 0.375695 0.100729
416 1206 0.00157469 0.375695 0.100756
417 1211 0.0014677 0.375695 0.10073
418 1214 0.00143888 0.375695 0.100731
419 1218 0.00138529 0.375695 0.100749
420 1221 0.00157981 0.375695 0.100938
421 1224 0.0016198 0.375695 0.100885
422 1226 0.00159792 0.375695 0.100796
423 1227 0.00159244 0.375695 0.100739
424 1229 0.0015534 0.375695 0.100656
425 1231 0.00172295 0.375695 0.10075
426 1232 0.00173554 0.375695 0.10068
427 1235 0.00167114 0.375695 0.10058
428 1235 0.00166368 0.375695 0.100573
429 1240 0.00166694 0.375695 0.100585
430 1242 0.00173183 0.375695 0.100596
431 1242 0.00174263 0.375695 0.100419
432 1242 0.00174456 0.375695 0.100399
433 1244 0.00179089 0.375695 0.10043
434 1245 0.00182277 0.375695 0.100459
435 1250 0.00174938 0.375695 0.100366
436 1255 0.00166672 0.375695 0.100361
437 1256 0.00172341 0.375695 0.100367
438 1259 0.00173015 0.375695 0.100325
439 1265 0.00170488 0.375695 0.100313
440 1268 0.0017012 0.375695 0.10023
441 1269 0.00179002 0.375695 0.10026
442 1271 0.00180771 0.375695 0.100174
443 1272 0.00181631 0.375695 0.100189
444 1276 0.00178485 0.375695 0.100289
445 1282 0.00169002 0.375695 0.100329
446 1286 0.00168507 0.375695 0.100302
447 1288 0.00180897 0.375695 0.100398
