5822    0.2 0.8 0.2 0.4 0.8 0.4  1.35448 0.675 0.825 0.9 0 0.8 0 0.225 0.25 0.35 0.725 0.125 0.85 0.95 0.5 0.625 0.375 0.125 0.75 0.35 0.075 0.225 0.825 0.55 
7320    0.4 0.2 0.6 0.4 0.8 0  2.18682 1 0.575 0.9 1 0.8 0.4 0.325 0.1 0.525 0 0.275 0.85 0.95 0.5 0.625 0.375 0.1 0.75 0.85 0.275 0.425 0.825 0.975 
7666    0.4 0.4 0.2 0.2 0.6 0.2  2.21683 1 0.525 0.9 0.625 0.8 0.4 0.225 0.175 0.95 0.725 0.275 0.85 0.95 0.65 0.625 0 0.1 0.1 0.85 0.275 0.85 0.825 0.975 
7692    0.4 0.4 0.2 0.4 0.6 0.4  1.9403 1 0.575 0.9 1 0.8 0.4 0.25 0.125 0.55 0.9 0.075 0.85 0.95 0.325 0.625 0 0.1 0.75 0.85 0.275 0.85 0.825 0.975 
7716    0.4 0.4 0.2 0.6 0.6 0.2  2.03478 0.6 0.575 0.85 0.6 0.8 0.125 0.325 0.325 0.25 0.725 0.275 0.9 0.8 0 0.8 0.2 0.1 0.75 0.625 0.275 0.375 0.825 0.975 
7791    0.4 0.4 0.4 0.2 0.6 0.2  2.04331 1 0.9 0.9 0.65 0.8 0.4 0.225 0.625 0.35 0.725 0.275 0.85 0.95 0.325 0.625 0.175 0.1 0.75 0.85 0.275 0.85 0.825 0.975 
7792    0.4 0.4 0.4 0.2 0.6 0.4  1.96287 1 0.575 0.9 0.125 0.7 0.4 0.325 0 0.35 0.725 0.7 0.85 0.95 0.5 0.625 0.375 0.775 0.75 0.275 0.25 0.225 0.825 0.975 
7796    0.4 0.4 0.4 0.2 0.8 0.2  2.18823 1 0.575 0.9 0.45 0.8 0.4 0.325 0 0.35 0.725 0.275 0.6 0.95 0.5 0.625 0.375 0.1 0.75 0.275 0.275 0.225 0.825 0.975 
7815    0.4 0.4 0.4 0.4 0.6 0  2.42595 1 0.575 0.9 1 0.8 0.4 0.7 0.125 0.525 0 0.275 0.85 0.8 0.5 0.625 0.375 0.1 0.75 0.85 0.275 0.225 0.825 0.975 
7816    0.4 0.4 0.4 0.4 0.6 0.2  2.54458 1 0.525 0.95 0.625 0.8 0.45 0.225 0.175 0.95 0.725 0.275 0.85 0.95 0.65 0.625 0 0.1 0.1 0.85 0.275 0.85 0.825 0.975 
7817    0.4 0.4 0.4 0.4 0.6 0.4  2.24809 1 0.575 0.9 0.8 0.8 0.4 0.225 0.125 0.725 0.725 0.275 0.85 0.95 0.325 0.625 0 0.1 0.75 0.85 0.275 0.85 0.825 0.975 
7841    0.4 0.4 0.4 0.6 0.6 0.2  2.03902 0.625 0.575 0.9 0.95 0.8 0.125 0.8 0.425 0.35 0 0.275 0.85 0.45 0 0.625 0.375 0.1 0.75 0.1 0.3 1 0.325 0.975 
7847    0.4 0.4 0.4 0.6 0.8 0.4  2.30678 0.625 0.575 0.9 0.95 0.8 0.125 0.325 0.325 0.35 0.85 0.275 0.975 0.45 0 0.625 0.375 0.1 0.75 0.625 0.3 1 0.825 0.975 
7915    0.4 0.4 0.6 0.2 0.6 0  2.07607 1 0.575 0.9 1 0.8 0.4 0.175 0.125 0.35 0.35 0.275 0.85 0.95 0.5 0.625 0.925 0.1 0.75 0.35 0.275 0.225 0.825 0.975 
7916    0.4 0.4 0.6 0.2 0.6 0.2  1.97239 1 0.575 0.9 0.45 0.8 0.4 0.325 0 0.325 0.725 0.7 0.9 0.95 0.5 0.625 0.375 0.775 0.75 0.275 0.275 0.225 0.825 0.975 
7920    0.4 0.4 0.6 0.2 0.8 0  1.79408 1 0.575 0.9 0.45 0.8 0.4 0.325 0 0.35 0.725 0.275 0.85 0.475 0.5 0.625 0.375 0.1 0.75 0.275 0.275 0.225 0.825 0.975 
7921    0.4 0.4 0.6 0.2 0.8 0.2  2.03011 1 0.575 0.9 0.45 0.8 0.4 0.325 0 0.35 0.725 0.275 0.85 0.95 0.5 0.625 0.375 0.1 0.75 0.275 0.275 0.225 0.825 0.975 
8188    0.4 0.6 0 0.4 0.4 0.6  2.1409 1 0.9 0.9 1 0.8 0.4 0.225 0.625 0.575 0.875 0.925 0.85 0.95 0.325 0.625 0.475 0.1 0.75 0.85 0.275 0.85 0.825 0.975 
8292    0.4 0.6 0.2 0.2 0.6 0.4  2.36569 1 0.9 0.9 1 0.8 0.4 0.025 0.625 0.35 0.725 0.725 0.85 0.95 0.325 0.625 0.175 0.1 0.75 0.3 0.275 0.85 0.825 0.975 
8293    0.4 0.6 0.2 0.2 0.6 0.6  2.13825 1 0.575 0.9 1 0.8 0.4 0.225 0.125 0.725 0.725 0.275 0.85 0.95 0.325 0.625 0 0.1 0.75 0.325 0.275 0.85 0.825 0.975 
8312    0.4 0.6 0.2 0.4 0.4 0.4  2.2598 1 0.575 0.9 0.8 0.8 0.4 0.225 0.125 0.725 0.725 0.275 0.85 0.95 0.325 0.625 0 0.1 0.75 0.85 0.275 0.275 0.825 0.975 
8313    0.4 0.6 0.2 0.4 0.4 0.6  2.56415 1 0.575 0.9 0.8 0.8 0.4 0.225 0.125 0.725 0.725 0.85 0.85 0.95 0.325 0.625 0 0.1 0.75 0.85 0.275 0.85 0.825 0.975 
8316    0.4 0.6 0.2 0.4 0.6 0.2  2.04197 1 0.9 0.9 0.375 0.8 0.275 0.225 0.625 0.575 0.1 0.275 0.85 0.95 0.325 0.625 0.475 0.1 0.75 0.85 0.275 0.85 0.825 0.975 
8318    0.4 0.6 0.2 0.4 0.6 0.6  2.55301 1 0.9 0.9 0.825 0.875 0.4 0.225 0.625 0.75 0.1 0.275 0.2 0.95 0.325 0.625 0 0.1 0.75 0.85 0.725 0.85 0.825 0.975 
8321    0.4 0.6 0.2 0.4 0.8 0.2  2.24737 0.625 0.575 0.9 0.95 0.8 0.125 0.325 0.325 0.35 0.025 0.275 0.975 0.45 0 0.625 0.375 0.1 0.75 0.725 0.3 1 0.825 0.975 
8415    0.4 0.6 0.4 0.2 0.6 0  2.26213 1 0.725 0.9 1 0.8 0.4 0.675 0.125 0.35 0.725 0.275 0.85 0.95 0.5 0.625 0.925 0.1 0.75 0.35 0.275 0.725 0.825 0.975 
8416    0.4 0.6 0.4 0.2 0.6 0.2  1.98832 1 0.9 0.9 0.625 0.8 0.4 0.225 0.125 0.35 0.725 0.275 0.85 0.95 0.325 0.625 0 0.1 0.75 0.85 0.275 0.85 0.825 0.975 
8417    0.4 0.6 0.4 0.2 0.6 0.4  2.17004 1 0.9 0.9 1 0.85 0.4 0.025 0.625 0.35 0.725 0.725 0.85 0.95 0.325 0.625 0.175 0.1 0.75 0.3 0.275 0.85 0.825 0.975 
8420    0.4 0.6 0.4 0.2 0.8 0  2.1916 1 0.575 0.9 1 0.8 0.4 0.325 0.125 0.35 0.725 0.275 0.85 0.95 0.5 0.625 0.375 0.1 0.75 0.275 0.275 0.225 0.825 0.975 
8421    0.4 0.6 0.4 0.2 0.8 0.2  2.03786 1 0.9 0.9 0.375 0.8 0.275 0.225 0.625 0.75 0.725 0.275 0.85 0.95 0.325 0.625 0.475 0.1 0.75 0.85 0.275 0.85 0.825 0.975 
8438    0.4 0.6 0.4 0.4 0.4 0.6  2.38073 1 0.9 0.9 1 0.8 0.4 0.225 0.625 0.75 0.725 0.275 0.2 0.95 0.325 0.625 0 0.1 0.75 0.85 0.725 0.85 0.825 0.975 
8440    0.4 0.6 0.4 0.4 0.6 0  2.23331 1 0.575 0.9 1 0.8 0.4 0.325 0.025 0.65 0 0.25 0.85 0.95 0.5 0.625 0.25 0.1 0.75 0.85 0.275 0.225 0.825 0.975 
8441    0.4 0.6 0.4 0.4 0.6 0.2  2.71188 1 0.9 0.9 0.375 0.8 0.4 0.225 0.625 0.575 0.1 0.275 0.85 0.95 0.325 0.625 0.475 0.1 0.75 0.85 0.275 0.85 0.825 0.975 
8442    0.4 0.6 0.4 0.4 0.6 0.4  2.122 1 0.575 0.9 0.775 0.8 0.4 0.225 0.125 0.725 0.725 0.275 0.85 0.95 0.325 0.625 0 0.1 0.75 0.325 0.275 0.85 0.825 0.975 
8443    0.4 0.6 0.4 0.4 0.6 0.6  2.5046 1 0.9 0.9 0.825 0.875 0.4 0.225 0.625 0.75 0.725 0.275 0.2 0.95 0.325 0.625 0 0.1 0.75 0.85 0.725 0.85 0.825 0.975 
8445    0.4 0.6 0.4 0.4 0.8 0  1.63934 1 0.575 0.9 1 0.8 0.15 0.2 0.125 0.35 0.3 0.275 0.85 0.95 0.5 0.3 0.375 0.1 0.75 0.275 0.625 0.225 0.825 0.975 
8446    0.4 0.6 0.4 0.4 0.8 0.2  2.27812 1 0.9 0.9 0.425 0.8 0.4 0.4 0.625 0.575 0.1 0.275 0.85 0.95 0.325 0.425 0.475 0.1 0.75 0.85 0.275 0.85 0.825 0.975 
8470    0.4 0.6 0.4 0.6 0.8 0  1.98 1 0.575 0.9 1 0.925 0.15 0.325 0.125 0.35 0.8 0.275 0.85 0.95 0.5 0.3 0.375 0.1 0.75 0.275 0.625 0.225 0.825 0.975 
8471    0.4 0.6 0.4 0.6 0.8 0.2  2.21578 1 0.575 0.9 1 0.8 0.025 0.325 0.125 0.35 0.375 0.275 0.85 0.95 0.5 0.3 0.375 0.1 0.75 0.275 0.625 0.225 0.825 0.975 
8542    0.4 0.6 0.6 0.2 0.6 0.4  2.0255 1 0.9 0.9 1 0.8 0.35 0.225 0.625 0.35 0.725 0.275 0.6 0.45 0.325 0.625 0.175 0.1 0.75 0.85 0.275 0.85 0.825 0.975 
8545    0.4 0.6 0.6 0.2 0.8 0  1.94464 1 0.575 1 1 0.8 0.4 0.325 0.125 0.35 0.725 0.275 0.85 0.95 0.5 0.625 0.375 0.1 0.75 0.275 0.275 0.225 0.825 0.975 
8547    0.4 0.6 0.6 0.2 0.8 0.4  2.01801 1 0.9 0.9 1 0.8 0.4 0.225 0.625 0.35 0.725 0.275 0.6 0.95 0.325 0.625 0.175 0.1 0.75 0.85 0.275 0.85 0.825 0.975 
8565    0.4 0.6 0.6 0.4 0.6 0  2.12036 1 0.575 0.9 1 0.8 0.4 0.325 0.125 0.525 0 0.275 0.85 0.95 0.5 0.625 0.375 0.1 0.75 0.85 0.275 0.225 0.825 0.975 
8566    0.4 0.6 0.6 0.4 0.6 0.2  2.21687 1 0.9 0.9 0.475 0.8 0.4 0.225 0.625 0.7 0.725 0.275 0.85 0.95 0.325 0.625 0 0.1 0.75 0.85 0.275 0.85 0.825 0.975 
8567    0.4 0.6 0.6 0.4 0.6 0.4  2.39115 1 0.9 0.9 1 0.8 0.4 0.225 0.625 0.35 0.725 0.725 0.85 0.95 0.325 0.625 0.175 0.1 0.75 0.85 0.275 0.85 0.825 0.975 
8570    0.4 0.6 0.6 0.4 0.8 0  1.58834 1 0.575 0.9 1 0.8 0.15 0.325 0.125 0.35 0.3 0.275 0.85 0.95 0.5 0.3 0.375 0.1 0.75 0.275 0.625 0.225 0.825 0.975 
8571    0.4 0.6 0.6 0.4 0.8 0.2  1.79957 1 0.575 0.9 1 0.8 0.15 0.325 0.125 0.35 0.8 0.275 0.85 0.95 0.5 0.3 0.375 0.1 0.75 0.275 0.625 0.225 0.825 0.975 
8818    0.4 0.8 0 0.4 0.6 0.6  1.96616 0.425 0.9 0.9 1 0.8 0.4 0.225 0.4 0.35 0.725 0.275 0.85 0.95 0.325 0.625 0 0.1 0.75 0.85 0.275 0.275 0.825 0.975 
8922    0.4 0.8 0.2 0.2 0.8 0.4  2.18506 0.9 0.9 0.9 1 0.875 0.4 0.225 0.4 0.35 0.725 0.175 0.85 0.95 0.325 0.625 0 0.1 0.75 0.85 0.275 0.85 0.825 0.975 
8923    0.4 0.8 0.2 0.2 0.8 0.6  2.01228 1 0.9 0.9 1 0.8 0.4 0.225 0.4 0.35 0.725 0.275 0.85 0.95 0.325 0.625 0 0.1 0.75 0.85 0.275 0.85 0.825 0.975 
8943    0.4 0.8 0.2 0.4 0.6 0.6  2.14316 1 0.8 0.9 1 0.8 0.4 0.225 0.125 0.725 0.725 0.275 0.85 0.95 0.325 0.625 0 0.1 0.75 0.325 0.275 0.85 0.825 0.975 
8946    0.4 0.8 0.2 0.4 0.8 0.2  1.99704 1 0.9 0.9 0.375 0.8 0.275 0.225 0.625 0.575 0.1 0.275 0.85 0.95 0.325 0.425 0.475 0.1 0.75 0.85 0.275 0.85 0.825 0.975 
8947    0.4 0.8 0.2 0.4 0.8 0.4  1.78587 0.9 0.9 0.9 1 0.8 0.4 0.225 0.4 0.35 0.725 0.175 0.85 0.95 0.325 0.625 0 0.1 0.75 0.85 0.275 0.85 0.825 0.975 
9041    0.4 0.8 0.4 0.2 0.6 0.2  1.98279 1 0.725 0.9 0 0.8 0.4 0.675 0.125 0.35 0.725 0.275 0.85 0.95 0.5 0.625 0.925 0.1 0.75 0.35 0.275 0.35 0.825 0.975 
9042    0.4 0.8 0.4 0.2 0.6 0.4  2.10007 1 0.9 0.9 1 0.85 0.4 0.025 0.35 0.35 0.725 0.725 0.85 0.95 0.325 0.625 0.175 0.1 0.75 0.3 0.275 0.85 0.825 0.975 
9045    0.4 0.8 0.4 0.2 0.8 0  2.08115 1 0.8 0.9 1 0.8 0.4 0.6 0.125 0.35 0.725 0.275 0.85 0.95 0.5 0.625 0.375 0.1 0.75 0.85 0.275 0.225 0.825 0.975 
9066    0.4 0.8 0.4 0.4 0.6 0.2  2.02223 1 0.8 0.9 1 0.8 0.4 0.6 0.125 0.35 0.45 0.275 0.85 0.95 0.5 0.625 0.375 0.1 0.75 0.85 0.275 0.225 0.825 0.975 
9068    0.4 0.8 0.4 0.4 0.6 0.6  1.70979 1 0.9 0.9 1 0.8 0.4 0.225 0.4 0.35 0.725 0.275 0.85 0.95 0.325 0.8 0 0.1 0.75 0.85 0.275 0.85 0.825 0.975 
9070    0.4 0.8 0.4 0.4 0.8 0  1.86361 1 0.825 0.9 1 0.8 0.4 0.325 0.125 0.35 0.725 0.275 0.85 0.95 0.5 0.275 0.375 0.1 0.75 0.35 0.275 0.225 0.825 0.55 
9071    0.4 0.8 0.4 0.4 0.8 0.2  1.57867 1 0.9 0.9 0.625 0.8 0.4 0.225 0.125 0.45 0.725 0.275 0.85 0.95 0.325 0.625 0 0.1 0.75 0.85 0.275 0.85 0.825 0.975 
9072    0.4 0.8 0.4 0.4 0.8 0.4  1.73404 1 1 0.9 0.725 0.8 0.4 0.15 0.125 0.35 0.9 0.275 0.85 0.95 0.325 0.625 0 0.5 0.75 0.55 0.775 0.275 0.2 0.975 
9316    0.4 0.8 0.8 0.4 0.6 0.2  2.53331 1 1 0.9 0.75 0.8 0.4 0.225 0.125 0.35 0.9 0.275 0.85 0.65 0.325 0.625 0 0.5 0.75 0.2 0.775 0.275 0.2 0.975 
9691    0.6 0 0.4 0.4 0.6 0.2  2.21365 0.8 0.575 0.9 0.95 0.8 0.125 0.525 0.45 0.35 0 0.275 0.875 0.45 0.625 0.625 0.375 0.1 0.25 0.625 0.3 1 0.825 0.95 
9722    0.6 0 0.4 0.6 0.8 0.4  2.04868 0.8 0.575 0.825 0.95 0.8 0.125 0 0.85 0.2 0 0.275 0.95 0.45 0.45 0.625 0.375 0.1 0.75 0.625 0.3 0.05 0.825 0.975 
9816    0.6 0 0.6 0.4 0.6 0.2  2.16274 1 0.9 0.9 0.55 0.8 0.4 0.225 0.625 0.35 0.725 0.275 0.6 0.45 0.875 0.625 0.175 0.1 0.75 0.85 0.275 0.85 0.825 0.975 
9841    0.6 0 0.6 0.6 0.6 0.2  2.25332 0.8 0.575 0.9 0.95 0.8 0.125 0.525 0.45 0.35 0 0.275 0.95 0.45 0.625 0.625 0.375 0.1 0.75 0.625 0.3 1 0.825 0.975 
9846    0.6 0 0.6 0.6 0.8 0.2  1.95866 0.8 0.575 0.825 0.95 0.8 0.125 0.325 0.85 0.35 0 0.275 0.95 0.45 0.45 0.625 0.375 0.1 0.75 0.625 0.3 1 0.825 0.975 
10167    0.6 0.2 0.2 0.2 0.6 0.4  2.51293 0.6 0.5 0.9 0.95 0.8 0.8 0.325 0.95 0.35 0.725 0.275 0.85 0.45 0 0.8 0.6 0.1 0.75 0.625 0.275 0.375 0.825 0.175 
10171    0.6 0.2 0.2 0.2 0.8 0.2  2.06178 0.625 0.575 0.9 0.85 0.8 0.125 0.325 0.9 0.35 0.35 0.275 0.45 0.95 0 0.625 0.375 0.1 0.75 0.625 0.275 1 0.825 0.975 
10172    0.6 0.2 0.2 0.2 0.8 0.4  2.16692 0.6 0.6 0.9 0.95 0.8 0.125 0.325 0.6 0.175 0.725 0.275 0.45 0.45 0 0.8 0.6 0.1 0.75 0.625 0.275 0.375 0.825 0.975 
10191    0.6 0.2 0.2 0.4 0.6 0.2  2.38401 0.8 0.575 0.9 0.95 0.8 0.375 0.975 0.15 0.35 0.975 0.275 0.95 0.45 0.475 0.625 0.225 0.1 0.75 0.075 0.3 1 0.825 0.975 
10192    0.6 0.2 0.2 0.4 0.6 0.4  2.33339 0.6 0.425 0.9 0.95 0.8 0.125 0.325 0.95 0.35 0.725 0.275 0.45 0.45 0 0.8 0.6 0.1 0.75 0.625 0.275 0.375 0.825 0.975 
10197    0.6 0.2 0.2 0.4 0.8 0.4  2.18325 0.6 0.5 0.9 0.95 0.8 0.125 0.325 0.95 0.35 0.725 0.275 0.45 0.45 0 0.8 0.6 0.1 0.75 0.625 0.275 0.375 0.825 0.975 
10213    0.6 0.2 0.2 0.6 0.4 0.6  2.08869 0.8 0.575 0.9 0.95 0.8 0.125 0.325 0.425 0.35 0 0.275 0.95 0.45 0.375 0.625 0.15 0.1 0.75 0.625 0.3 0.975 0.825 0.975 
10217    0.6 0.2 0.2 0.6 0.6 0.4  2.20146 0.6 0.575 0.85 0.95 0.8 0.125 0.325 0.6 0.25 0.725 0.275 0.9 0.45 0 0.8 0.6 0.1 0.75 0.625 0.275 0.375 0.825 0.975 
10288    0.6 0.2 0.4 0.2 0.4 0.6  2.48602 1 0.525 0.9 0.625 0.8 0.4 0.95 0.875 0.35 0.075 0.75 0.85 0.95 0.65 0.125 0 0.1 0.75 0.85 0.275 0.85 0.825 1 
10291    0.6 0.2 0.4 0.2 0.6 0.2  2.13995 0.8 0.575 0.9 0.95 0.8 0.125 0.975 0.6 0.35 0.375 0.275 0.125 0.45 0 0.625 0.375 0.1 0.75 0.05 0.3 1 0.825 0.975 
10292    0.6 0.2 0.4 0.2 0.6 0.4  2.33749 1 0.525 0.9 0.625 0.8 0.4 0.225 0.875 0.35 0.725 0.75 0.85 0.95 0.65 0.625 0 0.1 0.75 0.85 0.275 0.85 0.825 1 
10293    0.6 0.2 0.4 0.2 0.6 0.6  2.03737 1 0.575 0.9 1 0.8 0.4 0.225 0.125 0.35 0.275 0.275 0.85 0.95 0.375 0.625 0 0.1 0.75 0.85 0.275 0.875 0.825 0.975 
10296    0.6 0.2 0.4 0.2 0.8 0.2  2.65875 0.9 0.575 0.9 0.45 0.8 0.4 0.325 0.975 0.4 0.725 0.175 0.85 0.95 0.5 0.625 0.375 0.775 0.75 0.275 0.275 0.225 0.825 0.975 
10297    0.6 0.2 0.4 0.2 0.8 0.4  2.08067 1 0.075 0.9 1 0.8 0.4 0.95 0.625 0.35 0.725 0.275 0.85 0.95 0.275 0.625 0 0.1 0.925 0.85 0.275 0.55 0.825 0.975 
10311    0.6 0.2 0.4 0.4 0.4 0.2  2.3052 1 0.9 0.9 0.55 0.8 0.4 0.675 0.625 0.35 0.725 0.275 0.6 0.45 0.875 0.625 0.175 0.1 0.75 0.85 0.275 0.85 0.825 0.975 
10312    0.6 0.2 0.4 0.4 0.4 0.4  2.62595 1 0.575 0.9 0.125 0.7 0.475 0.325 0.775 0.35 0.725 0.7 0.875 0.95 0.775 0.625 0.375 0.775 0.75 0.9 0.25 0.225 0.3 0.975 
10316    0.6 0.2 0.4 0.4 0.6 0.2  2.38911 1 0.225 0.9 1 0.8 0.4 0.225 0.125 0.725 0.725 0.275 0.85 0.95 0.325 0.625 0.1 0.1 0.75 0.85 0.275 0.85 0.825 0.975 
10317    0.6 0.2 0.4 0.4 0.6 0.4  2.68159 1 0.2 0.9 0.525 0.8 0.4 0.625 0.125 0.35 0.275 0.275 0.85 0.95 0.675 0.625 0 0.1 0.75 0.85 0.275 0.875 0.825 0.975 
10321    0.6 0.2 0.4 0.4 0.8 0.2  2.45812 0.625 0.575 0.9 0.95 0.8 0.125 0.325 0.9 0.35 0.35 0.275 0.45 0.95 0 0.625 0.375 0.1 0.75 0.625 0.275 1 0.825 0.975 
10322    0.6 0.2 0.4 0.4 0.8 0.4  2.0694 0.8 0.575 0.9 0.95 0.8 0.125 0.975 0.15 0.35 0.975 0.275 0.95 0.45 0.475 0.625 0.225 0.5 0.75 0.625 0.3 1 0.825 0.975 
10336    0.6 0.2 0.4 0.6 0.4 0.2  2.0579 1 0.575 0.425 0 0.8 0 0.325 0.45 0.325 0.725 0.55 0.9 0.95 0.05 0.625 0.375 0.775 0.75 0.275 0.275 0.625 0.825 0.975 
10341    0.6 0.2 0.4 0.6 0.6 0.2  2.30158 0.6 0.575 0.9 0.95 0.8 0.125 0.325 0.6 0.35 0.725 0.275 0.775 0.45 0 0.975 0.675 0.1 0.25 0.625 0.275 1 0.825 0.975 
10342    0.6 0.2 0.4 0.6 0.6 0.4  2.27405 0.8 0.575 0.9 0.95 0.8 0.125 0.975 0.15 0.35 0.975 0.275 0.95 0.45 0.475 0.625 0.225 0.1 0.75 0.625 0.3 1 0.825 0.975 
10346    0.6 0.2 0.4 0.6 0.8 0.2  2.40787 0.8 0.575 0.9 0.95 0.8 0.125 0.325 0.15 0.45 0 0.275 0.95 0.45 0.725 0.625 0.875 0.1 0.75 0.625 0.3 1 0.825 0.975 
10416    0.6 0.2 0.6 0.2 0.6 0.2  2.55802 1 0.9 0.9 1 0.8 0.35 0.225 0.625 0.35 0.725 0.275 0.85 0.95 0.525 0.625 0.85 0.1 0.925 0.2 0.275 0.85 0.825 0.975 
10417    0.6 0.2 0.6 0.2 0.6 0.4  1.98922 1 0.575 0.9 0.125 0.7 0.225 0.325 0.775 0.35 0.725 0.7 0.45 0.95 0.5 0.625 0.375 0.775 0.75 0.275 0.25 0.225 0.825 0.975 
10421    0.6 0.2 0.6 0.2 0.8 0.2  2.88683 0.9 0.575 0.9 0.45 0.8 0.4 0.325 0.975 0.4 0.725 0.175 0.85 0.95 0.5 0.625 0.375 0.775 0.75 0.275 0.275 0.225 0.8 0.975 
10437    0.6 0.2 0.6 0.4 0.4 0.4  2.33971 1 0.9 0.9 1 0.8 0.4 0.225 0.625 0.675 0.725 0.275 0.85 0.95 0.525 0.625 0 0.1 0.925 0.85 0.275 0.85 0.825 0.975 
10440    0.6 0.2 0.6 0.4 0.6 0  2.61094 1 0.575 1 1 0.8 0.125 0.2 0.125 0.35 0.725 0.275 0.85 0.95 0.225 0.625 0.375 0.1 0.725 0.525 0.275 0.225 0.825 0.975 
10441    0.6 0.2 0.6 0.4 0.6 0.2  2.76376 1 0.525 0.9 0.625 0.8 0.4 0.225 0.875 0.35 0.725 0.275 0.85 0.95 0.65 0.625 0 0.1 0.75 0.85 0.275 0.85 0.825 0.975 
10442    0.6 0.2 0.6 0.4 0.6 0.4  2.15799 1 0.575 0.9 0.125 0.7 0.225 0.325 0.775 0.35 0.725 0.7 0.85 0.95 0.5 0.625 0.375 0.775 0.75 0.275 0.25 0.225 0.825 0.975 
10446    0.6 0.2 0.6 0.4 0.8 0.2  2.24871 0.8 0.575 0.9 0.95 0.8 0.125 0.325 0.15 0.35 0 0.275 0.95 0.45 0.725 0.125 0.875 0.1 0.75 0.625 0.3 1 0.825 0.975 
10447    0.6 0.2 0.6 0.4 0.8 0.4  1.48441 1 0.825 0.9 0.275 0.8 0 0.225 0.875 0.35 0.725 0.325 0.85 0.95 0.5 0.625 0.425 0.275 0.75 0.45 0.275 0.225 0.825 0.4 
10466    0.6 0.2 0.6 0.6 0.6 0.2  2.21843 0.8 0.575 0.825 0.95 0.8 0.125 0.325 0.85 0.2 0 0.275 0.95 0.45 0.45 0.625 0.375 0.1 0.75 0.625 0.3 1 0.825 0.975 
10471    0.6 0.2 0.6 0.6 0.8 0.2  2.28073 0.8 0.575 0.9 0.95 0.8 0.125 0.325 0.425 0.35 0 0.275 0.95 0.45 0.375 0.625 0.375 0.1 0.75 0.625 0.3 1 0.825 0.975 
10787    0.6 0.4 0.2 0.2 0.4 0.4  2.00093 0.625 0.75 0.9 0.95 0.8 0.125 0.325 0.6 0.35 0.95 0.6 0.45 0.95 0 0.625 0 0.625 0.75 0.625 0.275 1 0.825 0.95 
10788    0.6 0.4 0.2 0.2 0.4 0.6  2.3249 1 0.575 0.9 1 0.8 0.4 0.35 0.125 0.35 0.725 0.075 0.85 0.95 0.5 0.625 0 0.1 0.75 0.35 0.275 0.225 0.825 0.975 
10791    0.6 0.4 0.2 0.2 0.6 0.2  3.27629 0.625 0.575 0.9 0.95 0.8 0.4 0.325 0.6 0.35 0.725 0.275 0.45 0.45 1 0.625 0.375 0.1 0.75 0.625 0.275 1 0.825 0.975 
10792    0.6 0.4 0.2 0.2 0.6 0.4  2.41938 0.625 0.75 0.9 0.95 0.8 0.125 0.325 0.6 0.35 0.95 0.275 0.45 0.95 0 0.625 0 0.1 0.75 0.625 0.275 1 0.825 0.95 
10796    0.6 0.4 0.2 0.2 0.8 0.2  2.24838 0.625 0.575 0.9 0.95 0.8 0.125 0.325 0.6 0.35 0.025 0.275 0.45 0.45 0 0.625 0.375 0.1 0.75 0.625 0.3 1 0.825 0.975 
10797    0.6 0.4 0.2 0.2 0.8 0.4  2.28886 0.625 0.575 0.9 0.95 0.8 0.125 0.325 0.325 0.35 0.725 0.25 0.45 0.45 0 0.625 0.25 0.1 0.75 0.625 0.275 1 0.825 0.975 
10812    0.6 0.4 0.2 0.4 0.4 0.4  2.17161 1 0.575 0.9 1 0.8 0.4 0.325 0.125 0.35 0.725 0.275 0.85 0.95 0.5 0.625 0 0.1 0.75 0.925 0.275 0.225 0.325 0.975 
10816    0.6 0.4 0.2 0.4 0.6 0.2  3.09441 0.625 0.575 0.9 0.95 0.8 0.4 0.325 0.6 0.35 0.725 0.275 0.45 0.95 0.5 0.625 0.375 0.1 0.75 0.625 0.275 1 0.825 0.975 
10817    0.6 0.4 0.2 0.4 0.6 0.4  2.55572 0.625 0.75 0.9 0.95 0.8 0.125 0.325 0.6 0.35 0.95 0.275 0.45 0.95 0 0.625 0 0.625 0.75 0.625 0.275 1 0.825 0.95 
10818    0.6 0.4 0.2 0.4 0.6 0.6  2.13167 0.625 0.825 0.9 0.95 0.8 0.125 0.325 0.475 0.025 0.8 0.25 1 0.475 0.675 0.975 0.6 0.1 0.75 0.625 0.275 0.85 0.825 0.975 
10821    0.6 0.4 0.2 0.4 0.8 0.2  2.59088 0.675 0.575 0.9 0.95 0.875 0.125 0.325 0.6 0.35 0.725 0.275 0.45 0.95 0 0.625 0.375 0.1 0.75 0.625 0.775 1 0.825 0.975 
10822    0.6 0.4 0.2 0.4 0.8 0.4  2.26831 0.6 0.575 0.85 0.95 0.8 0.3 0.325 0.6 0.25 0.725 0.275 0.9 0.45 0 0.8 0.6 0.1 0.75 0.625 0.275 0.375 0.825 0.975 
10823    0.6 0.4 0.2 0.4 0.8 0.6  1.94355 0.625 0.575 0.9 0.95 0.875 0.125 0.325 0.6 0.35 0.725 0.275 0.45 0.95 0 0.625 0.325 0.1 0.75 0.625 0.275 1 0.825 0.975 
10837    0.6 0.4 0.2 0.6 0.4 0.4  1.96175 1 0.825 0.9 0 0.8 0 0.225 0.875 0.35 0.725 0.275 0.85 0.95 0.5 0.625 0.425 0.275 0.75 0.35 0.275 0.225 0.825 0.4 
10841    0.6 0.4 0.2 0.6 0.6 0.2  2.55176 0.625 1 0.9 0.95 0.8 0.125 0.325 0.6 0.35 0 0.275 0.85 0.45 0 0.625 0.375 0.1 0.75 0.675 0.3 1 0.825 0.975 
10842    0.6 0.4 0.2 0.6 0.6 0.4  2.3354 0.625 0.575 0.9 0.95 0.8 0.125 0.325 0.6 0.225 0 0.275 0.95 0.45 0 0.625 0.575 0.1 0.75 0.625 0.3 1 0.825 0.975 
10843    0.6 0.4 0.2 0.6 0.6 0.6  2.19504 0.6 0.75 0.85 0.95 0.8 0.125 0.325 0.6 0.25 0.725 0.275 0.9 0.45 0 0.8 0.6 0.1 0.75 0.625 0.275 0.375 0.825 0.975 
10846    0.6 0.4 0.2 0.6 0.8 0.2  2.50621 0.625 0.775 0.9 0.95 0.8 0.125 0.325 0.625 0.125 0 0.275 0.85 0.45 0 0.625 0.375 0.1 0.75 0.625 0.3 1 0.825 0.975 
10847    0.6 0.4 0.2 0.6 0.8 0.4  2.38387 0.625 0.575 0.85 0.95 0.8 0.125 0.35 0.4 0.35 0 0.275 0.85 0.45 0 0.625 0.375 0.1 0.75 0.625 0.3 0.55 0.825 0.975 
10915    0.6 0.4 0.4 0.2 0.6 0  3.01778 0.625 0.575 0.9 0.95 0.8 0.4 0.325 0.65 0.35 0.725 0.275 0.45 0.95 0.5 0.625 0.375 0.1 0.25 0.625 0.275 0.075 0.825 0.975 
10916    0.6 0.4 0.4 0.2 0.6 0.2  2.71632 0.625 0.575 0.9 0.05 0.8 0.4 0.325 0.6 0.35 0.725 0.275 0.45 0.95 0 0.625 0.375 0.1 0.75 0.625 0.275 1 0.825 0.975 
10917    0.6 0.4 0.4 0.2 0.6 0.4  1.98023 1 0.675 0.9 1 0.8 0.4 0.225 0.625 0.35 0.725 0.725 0.3 0.95 0.325 0.625 0.175 0.1 0.75 0.85 0.275 0.85 0.825 0.525 
10918    0.6 0.4 0.4 0.2 0.6 0.6  2.17211 1 0.575 0.9 1 0.8 0.4 0.9 0.45 0.35 0.725 0.275 0.85 0.1 0.5 0.625 0.5 0.6 0.75 0.35 0.275 0.225 0.825 0.975 
10920    0.6 0.4 0.4 0.2 0.8 0  2.10172 1 0.575 0.9 1 0.8 0.4 0.525 0.125 0.35 0.725 0.275 0.85 0.95 0.5 0.625 0.375 0.1 0.75 0.35 0.275 0.9 0.825 0.975 
10921    0.6 0.4 0.4 0.2 0.8 0.2  2.5732 1 0.575 0.9 0.95 0.8 0.4 0.325 0.65 0.35 0.725 0.275 0.45 0.45 0.5 0.625 0.875 0.1 0.75 0.625 0.275 0.075 0.825 0.975 
10922    0.6 0.4 0.4 0.2 0.8 0.4  2.25776 1 0.9 0.9 0.825 0.875 0.4 0.225 0.625 0.15 0.725 0.275 0.2 0.95 0.325 0.625 0 0.1 0.75 0.85 0.725 0.85 0.825 0.975 
10936    0.6 0.4 0.4 0.4 0.4 0.2  2.58229 1 0.525 0.9 0.625 0.8 0.4 0.225 0.05 0.35 0.725 0.75 0.825 0.95 0.65 0.625 0 0.1 0.075 0.85 0.275 0.85 0.825 1 
10937    0.6 0.4 0.4 0.4 0.4 0.4  2.30011 1 0.95 0.9 0.875 0.8 0.4 0.25 0.175 0.35 0.775 1 0.85 0.95 0.3 0.625 0.15 0.1 0.75 0.125 0.275 1 0.825 0.975 
10938    0.6 0.4 0.4 0.4 0.4 0.6  2.35834 1 0.575 0.9 1 0.8 0.4 0.325 0.125 0.35 0.725 0.275 0.4 0.95 0.5 0.625 0 0.1 0.75 0.35 0.275 0.225 0.825 0.975 
10940    0.6 0.4 0.4 0.4 0.6 0  3.12942 0.625 0.575 0.9 0.95 0.8 0.4 0.325 0.65 0.35 0.725 0.275 0.45 0.95 0.5 0.625 0.375 0.1 0.75 0.625 0.275 0.075 0.825 0.975 
10941    0.6 0.4 0.4 0.4 0.6 0.2  3.10694 0.625 0.575 0.9 0.95 0.8 0.4 0.325 0.6 0.35 0.725 0.275 0.45 0.95 0 0.625 0.375 0.1 0.75 0.625 0.275 1 0.825 0.975 
10942    0.6 0.4 0.4 0.4 0.6 0.4  2.67801 1 0.575 0.9 0.8 0.8 0.4 0.225 0.55 0.725 0.725 0.275 0.85 0.95 0.325 0.625 0 0.1 0.75 0.85 0.275 0.85 0.825 0.975 
10943    0.6 0.4 0.4 0.4 0.6 0.6  2.48288 1 0.575 0.9 1 0.8 0.4 0.35 0.125 0.025 0 0.775 0.85 0.95 0.5 0.625 0 0.1 0.75 0.35 0.275 0.225 0.825 0.975 
10945    0.6 0.4 0.4 0.4 0.8 0  2.37072 1 0.575 0.9 1 0.8 0.4 0.525 0.125 0.35 0.725 0.275 0.85 0.95 0.5 0.625 0.375 0.1 0.75 0.35 0.275 0.225 0.825 0.975 
10946    0.6 0.4 0.4 0.4 0.8 0.2  2.34364 0.625 0.575 0.9 0.95 0.8 0.125 0.325 0.625 0.35 0 0.275 0.85 0.45 0 0.625 0.375 0.1 0.75 0.625 0.3 1 0.825 0.975 
10947    0.6 0.4 0.4 0.4 0.8 0.4  2.13657 0.8 0.4 0.9 0.95 0.8 0.125 0.975 0.15 0.35 0.975 0.275 0.95 0.45 0.475 0.625 0.225 0.5 0.75 0.625 0.3 1 0.825 0.975 
10965    0.6 0.4 0.4 0.6 0.6 0  2.1403 0.625 0.575 0.9 0.95 0.8 0.125 0.325 0.625 0.35 0 0.275 0.85 0.45 0 0.625 0.375 0.1 0.75 0.525 0.3 0.4 0.825 0.975 
10966    0.6 0.4 0.4 0.6 0.6 0.2  2.33826 0.6 0.575 0.85 0.6 0.8 0.125 0.325 0.6 0.25 0.725 0.275 0.9 0.45 0 0.8 0.2 0.1 0.75 0.625 0.275 0.375 0.825 0.975 
10967    0.6 0.4 0.4 0.6 0.6 0.4  2.17726 0.625 1 0.9 0.95 0.8 0.125 0.325 0.6 0.35 0.575 0.275 0.85 0.45 0 0.625 0.375 0.1 0.75 0.675 0.3 1 0.825 0.975 
10971    0.6 0.4 0.4 0.6 0.8 0.2  2.45939 0.625 0.575 0.9 0.95 0.8 0.125 0.525 0.425 0.35 0 0.275 0.85 0.775 0 0.625 0.375 0.1 0.75 0.1 0.3 1 0.325 0.975 
10972    0.6 0.4 0.4 0.6 0.8 0.4  1.93624 0.8 0.075 0.9 0.95 0.8 0.125 0.4 0.15 0.35 0.7 0.275 0.95 0.45 0 0.625 0.225 0.1 0.75 0.625 0.3 1 0.825 0.5 
11040    0.6 0.4 0.6 0.2 0.6 0  2.3003 1 0.575 0.9 1 0.8 0.4 0.325 0.125 0.35 0.725 0.275 0.475 0.95 0.5 0.625 0.375 0.1 0.75 0.35 0.275 0.225 0.825 0.975 
11041    0.6 0.4 0.6 0.2 0.6 0.2  2.06173 1 0.575 0.9 1 0.8 0.4 0.325 0.125 0.35 0 0.275 0.85 0.95 0.5 0.625 0.375 0.1 0.75 0.9 0.275 0.225 0.825 0.975 
11042    0.6 0.4 0.6 0.2 0.6 0.4  2.68287 1 0.575 0.9 1 0.8 0.4 0.225 0.5 0.35 0.725 0.275 0.85 0.95 0.675 0.625 0 0.1 0.75 0.15 0.275 0.875 0.825 0.975 
11045    0.6 0.4 0.6 0.2 0.8 0  2.32832 1 0.575 0.9 1 0.8 0.4 0.325 0.125 0.35 0 0.275 0.85 0.95 0.5 0.625 0.375 0.1 0.75 0.9 0.275 0.375 0.825 0.975 
11046    0.6 0.4 0.6 0.2 0.8 0.2  1.75156 1 0.575 0.9 1 0.8 0.4 0.175 0.125 0.35 0.625 0.275 0.85 0.95 0.5 0.625 0.925 0.1 0.75 0.35 0.275 0.225 0.825 0.975 
11065    0.6 0.4 0.6 0.4 0.6 0  2.58616 1 0.575 0.9 1 0.8 0.15 0.1 0.225 0.35 0.8 0.775 0.675 0.95 0.675 0.475 0.375 0.1 0.75 0.275 0.775 0.225 0.825 0.975 
11066    0.6 0.4 0.6 0.4 0.6 0.2  2.24435 1 0.575 0.9 1 0.8 0.15 0.1 0.225 0.35 0.8 0.775 0.85 0.95 0.675 0.475 0.375 0.1 0.75 0.275 0.775 0.225 0.825 0.975 
11067    0.6 0.4 0.6 0.4 0.6 0.4  2.4312 1 0.575 0.9 0.525 0.8 0.4 0.225 0.125 0.35 0.275 0.275 0.85 0.95 0.675 0.625 0 0.1 0.75 0.85 0.275 0.875 0.825 0.975 
11068    0.6 0.4 0.6 0.4 0.6 0.6  2.08252 1 0.575 0.9 1 0.8 0.4 0.225 0.125 0.35 0.275 0.275 0.85 0.95 0.675 0.625 0 0.1 0.75 0.85 0.275 0.875 0.825 0.975 
11070    0.6 0.4 0.6 0.4 0.8 0  1.83843 1 0.575 0.9 1 0.8 0.15 0.25 0.225 0.35 0.8 0.275 0.85 0.8 0.675 0.3 0.375 0.1 0.75 0.275 0.775 0.225 0.825 0.975 
11071    0.6 0.4 0.6 0.4 0.8 0.2  2.2343 1 0.575 0.9 0.35 0.625 0.4 0.525 0.125 0.35 0.725 0.275 0.85 0.95 0.5 0.625 0.725 0.1 0.75 0.35 0.275 0.225 0.825 0.975 
11159    0.6 0.4 0.8 0.2 0.2 0.8  0.534826 1 0.575 0.9 0.375 0.8 0.4 0.325 0.125 0.5 0.225 0.275 0.85 0.95 0.375 0.625 0.25 0.1 0.75 0.85 0.275 0.225 0.825 0.975 
11292    0.6 0.6 0 0.2 0.6 0.4  2.348 0.55 0.575 0.9 0.95 0.8 0.125 0.75 0.325 0.35 0.725 0.25 0.325 0.45 0 0.625 0.6 0.1 0.425 0.625 0.275 0.85 0.825 0.4 
11293    0.6 0.6 0 0.2 0.6 0.6  1.94916 1 0.9 0.9 1 0.8 0.4 0.225 0.625 0.575 0.725 0.275 0.85 0.95 0.325 0.45 0.475 0.1 0.75 0.85 0.275 0.85 0.825 0.975 
11313    0.6 0.6 0 0.4 0.4 0.6  2.38613 0.125 0.9 0.9 1 0.8 0.4 0.225 0.625 0.575 0.875 0.275 0.85 0.95 0.325 0.625 0.475 0.1 0.75 0.85 0.275 0.85 0.825 0.975 
11314    0.6 0.6 0 0.4 0.4 0.8  1.8483 1 0.85 0.9 1 0.8 0.225 0.25 0.175 0.35 0.775 1 0.85 0.95 0.3 0.625 0.15 0.1 0.75 0.975 0.275 1 0.825 0.975 
11317    0.6 0.6 0 0.4 0.6 0.4  2.30976 1 0.9 0.9 1 0.8 0.4 0.225 0.625 0.575 0.875 0.275 0.85 0.95 0.325 0.625 0.475 0.1 0.75 0.85 0.275 0.85 0.825 0.975 
11318    0.6 0.6 0 0.4 0.6 0.6  2.07857 1 0.9 0.9 1 0.8 0.4 0.225 0.625 0.35 0.725 0.275 0.6 0.95 0.325 0.625 0.3 0.1 0.75 0.85 0.275 0.85 0.825 0.975 
11412    0.6 0.6 0.2 0.2 0.4 0.4  2.03582 0.625 0.75 0.9 0.95 0.8 0.125 0.325 0.3 0.35 0.95 0.6 0.45 0.95 0 0.625 0 0.625 0.75 0.625 0.275 1 0.825 0.95 
11413    0.6 0.6 0.2 0.2 0.4 0.6  2.05647 1 0.575 0.9 1 0.8 0.4 0.325 0.125 0.35 0.725 0.275 0.85 0.95 0.5 0.625 0 0.1 0.75 0.35 0.275 0.225 0.825 0.975 
11416    0.6 0.6 0.2 0.2 0.6 0.2  2.61502 1 0.575 1 0.375 0.8 0.4 0.325 0.125 0.35 0.975 0.275 0.4 0.95 0.5 0.625 0.375 0.1 0.75 0.525 0.275 0.225 0.825 0.975 
11417    0.6 0.6 0.2 0.2 0.6 0.4  2.47178 1 0.575 0.9 1 0.8 0.375 0.9 0.125 0.35 0.725 0.275 0.85 0.95 0.5 0.625 0.675 0.1 0.75 0.35 0.275 0.225 0.825 0.975 
11418    0.6 0.6 0.2 0.2 0.6 0.6  2.36803 0.175 0.9 0.9 1 0.8 0.4 0.25 0.175 0.35 0.775 0.275 0.85 0.95 0.3 0.625 0.15 0.1 0.75 0.025 0.275 1 0.825 0.975 
11421    0.6 0.6 0.2 0.2 0.8 0.2  2.50136 1 0.575 1 0.375 0.8 0.4 0.325 0.125 0.35 0.725 0.275 0.4 0.95 0.5 0.625 0.375 0.1 0.75 0.525 0.275 0.225 0.825 0.975 
11422    0.6 0.6 0.2 0.2 0.8 0.4  2.02448 0.625 0.575 0.9 0.95 0.8 0.125 0.325 0.325 0.35 0.725 0.25 0.45 0.45 0 0.625 0.6 0.1 0.75 0.625 0.275 1 0.825 0.975 
11423    0.6 0.6 0.2 0.2 0.8 0.6  1.6402 1 0.9 0.9 1 0.8 0.4 0.25 0.175 0.325 0.775 0.275 0.85 0.95 0.3 0.625 0.15 0.1 0.75 0.85 0.275 1 0.825 0.975 
11438    0.6 0.6 0.2 0.4 0.4 0.6  2.60281 0.825 0.9 0.9 1 0.8 0.4 0.225 0.175 0.35 0.775 0.475 0.85 0.95 0.625 0.625 0.15 0.1 0.75 0.85 0.275 1 0.825 0.975 
11441    0.6 0.6 0.2 0.4 0.6 0.2  2.56707 0.825 0.575 0.9 1 0.8 0.4 0.325 0.125 0.35 0.725 0.275 0.85 0.95 0.325 0.625 0.35 0.1 0.75 0.85 0.275 0.225 0.825 0.975 
11442    0.6 0.6 0.2 0.4 0.6 0.4  2.27135 0.825 0.9 0.9 0.8 0.8 0.4 0.225 0.375 0.35 0.775 0.275 0.85 0.95 0.625 0.625 0.15 0.1 0.75 0.85 0.275 1 0.825 0.975 
11443    0.6 0.6 0.2 0.4 0.6 0.6  2.34175 0.825 0.9 0.9 1 0.8 0.4 0.45 0.175 0.35 0.775 0.275 0.85 0.95 0.625 0.625 0.15 0.1 0.75 0.85 0.275 1 0.825 0.975 
11444    0.6 0.6 0.2 0.4 0.6 0.8  2.15346 1 0.575 0.9 1 0.8 0.4 0.35 0.125 0.35 0 0.775 0.85 0.95 0.5 0.625 0 0.1 0.75 0.35 0.275 0.225 0.825 0.975 
11446    0.6 0.6 0.2 0.4 0.8 0.2  1.84324 0.8 0.575 0.9 0.95 0.8 0.125 0.325 0.15 0.35 0 0.275 0.95 0.45 0 0.625 0.875 0.1 0.75 0.625 0.3 1 0.825 0.975 
11447    0.6 0.6 0.2 0.4 0.8 0.4  1.97747 0.625 0.825 0.9 0.95 0.8 0.125 0.325 0.025 0.35 0.725 0.25 1 0.475 0.675 0.625 0.6 0.1 0.75 0.625 0.275 0.85 0.825 0.85 
11466    0.6 0.6 0.2 0.6 0.6 0.2  1.95924 0.625 0.575 0.9 0.95 0.8 0.125 0.8 0 0.35 0 0.275 0.85 0.45 0 0.625 0.375 0.1 0.75 0.1 0.3 1 0.325 0.975 
11467    0.6 0.6 0.2 0.6 0.6 0.4  2.39522 0.625 0.575 0.9 0.95 0.8 0.125 0.325 0.175 0.35 0 0.25 0.85 0.45 0 0.625 0.25 0.1 0.75 0.625 0.3 1 0.825 0.975 
11468    0.6 0.6 0.2 0.6 0.6 0.6  1.90187 1 0.825 0.9 0 0.8 0 0.225 0.125 0.35 0.725 0.275 0.85 0.95 0.5 0.625 0.425 0.275 0.75 0.35 0.85 0.225 0.825 0.4 
11471    0.6 0.6 0.2 0.6 0.8 0.2  1.87738 0.8 0.575 0.9 0.95 0.8 0.125 0.325 0.15 0.35 0 0.275 0.95 0.45 0 0.625 0.375 0.1 0.75 0.625 0.3 1 0.825 0.975 
11472    0.6 0.6 0.2 0.6 0.8 0.4  1.99321 0.8 0.575 0.9 0.95 0.8 0.125 0.975 0.15 0.35 0.7 0.275 0.95 0.45 0 0.625 0.225 0.1 0.75 0.625 0.3 1 0.825 0.975 
11540    0.6 0.6 0.4 0.2 0.6 0  2.11567 1 0.575 0.9 1 0.8 0.4 0.325 0.125 0.35 0.725 0.275 0.45 0.95 0.5 0.625 0.375 0.1 0.75 0.35 0.275 0.225 0.825 0.975 
11541    0.6 0.6 0.4 0.2 0.6 0.2  2.40508 0.825 0.575 0.9 1 0.8 0.4 0.175 0.125 0.35 0.725 0.275 0.85 0.95 0.325 0.625 0.35 0.1 0.75 0.85 0.275 0.225 0.825 0.975 
11542    0.6 0.6 0.4 0.2 0.6 0.4  2.36104 1 0.9 0.9 0.825 0.875 0.4 0.225 0.625 0.75 0.725 0.275 0.2 0.95 0.325 0.625 0 0.1 0.75 0.95 0.725 0.85 0.825 0.975 
11543    0.6 0.6 0.4 0.2 0.6 0.6  2.30331 1 0.575 0.9 1 0.8 0.4 0.9 0.125 0.35 0.725 0.275 0.85 0.95 0.5 0.625 0.675 0.1 0.75 0.35 0.275 0.225 0.825 0.975 
11545    0.6 0.6 0.4 0.2 0.8 0  2.12667 1 0.825 0.975 0.775 0.8 0.65 0.325 0.125 0.4 0.725 0.275 0.125 0.95 0.5 0.625 0.375 0.1 0.75 0.35 0.275 0.225 0.825 0.55 
11546    0.6 0.6 0.4 0.2 0.8 0.2  2.51536 0.85 0.575 0.9 1 0.8 0.4 0.325 0.125 0.35 0.725 0.275 0.85 0.95 0.325 0.625 0.375 0.1 0.75 0.85 0.275 0.225 0.825 0.975 
11547    0.6 0.6 0.4 0.2 0.8 0.4  2.26637 1 0.9 0.9 0.825 0.875 0.4 0.225 0.625 0.15 0.725 0.275 0.2 0.95 0.325 0.625 0.5 0.1 0.75 0.85 0.725 0.85 0.825 0.975 
11548    0.6 0.6 0.4 0.2 0.8 0.6  1.4552 1 0.9 0.9 1 0.8 0.4 0.225 0.175 0.35 0.725 0.275 0.125 0.95 0.325 0.625 0.15 0.1 0.275 0.85 0.275 1 0.825 0.975 
11561    0.6 0.6 0.4 0.4 0.4 0.2  2.05878 1 0.575 0.575 0.375 0.275 0.1 0.325 0.125 0.35 0.725 0.275 0.4 0.95 0.5 0.625 0.375 0.1 0.1 0.525 0.275 0.225 0.825 0.975 
11563    0.6 0.6 0.4 0.4 0.4 0.6  1.9676 1 0.9 0.9 1 0.8 0.4 0.25 0.175 0.35 0.775 1 0.85 0.95 0.3 0.625 0.15 0.1 0.75 0.85 0.275 1 0.825 0.975 
11565    0.6 0.6 0.4 0.4 0.6 0  2.32596 1 0.575 0.9 1 0.775 0.4 0.675 0.125 0.35 0.725 0.15 0.85 0.95 0.5 0.625 0.925 0.1 0.75 0.35 0.275 0.725 0.825 0.975 
11566    0.6 0.6 0.4 0.4 0.6 0.2  2.53865 1 0.925 0.9 0.775 0.8 0.4 0.325 0.125 0.1 0.725 0.3 0.85 0.95 0.325 0.625 0.6 0.1 0.75 0.85 0.275 0.05 0.825 0.975 
11567    0.6 0.6 0.4 0.4 0.6 0.4  2.61351 1 0.9 0.9 1 0.8 0.4 0.325 0.625 0.35 0.725 0.725 0.85 0.95 0.325 0.625 0.175 0.1 0.75 0.85 0.275 0.85 0.825 0.975 
11568    0.6 0.6 0.4 0.4 0.6 0.6  2.41556 1 0.9 0.9 1 0.8 0.4 0.225 0.125 0.35 0.725 0.275 0.175 0.45 0.325 0.625 0 0.1 0.75 0.85 0.275 0.85 0.825 0.975 
11570    0.6 0.6 0.4 0.4 0.8 0  1.97931 1 0.575 0.9 1 0.8 0.4 0.675 0.125 0.35 0.725 0.275 0.85 0.95 0.8 0.625 0.75 0.1 0.75 0.35 0.275 0.275 0.35 0.975 
11571    0.6 0.6 0.4 0.4 0.8 0.2  2.17821 0.85 0.575 0.9 1 0.8 0.2 0.125 0.125 0.725 0.725 0 0.85 0.95 0.325 0.625 0.375 0.1 0.75 0.85 0.275 0.225 0.825 0.975 
11572    0.6 0.6 0.4 0.4 0.8 0.4  2.0404 1 0.9 0.9 1 0.8 0.4 0.225 0.625 0.35 0.725 0.275 0.6 0.95 0.325 0.625 0.175 0.1 0.75 0.85 0.275 0.8 0.825 0.975 
11573    0.6 0.6 0.4 0.4 0.8 0.6  1.3312 1 0.9 0.9 0.725 0.8 0.875 0.225 0.175 0.35 0.725 0.275 0.775 0.95 0.325 0.625 0.15 0.975 0.975 0.85 0.275 0.85 0.975 0.975 
11591    0.6 0.6 0.4 0.6 0.6 0.2  1.86372 1 0.575 0.9 1 0.8 0.15 0.325 0.025 0.35 0 0.275 0.85 0.95 0.5 0.625 0.7 0.1 0.75 0.85 0.275 0.225 0.825 0.975 
11592    0.6 0.6 0.4 0.6 0.6 0.4  1.95952 0.625 0.575 0.9 0.95 0.8 0.125 0.325 0.025 0.35 0.725 0.25 1 0.475 0.675 0.625 0.6 0.1 0.75 0.625 0.275 0.85 0.825 0.975 
11593    0.6 0.6 0.4 0.6 0.6 0.6  1.96513 0.625 0.575 0.9 0.95 0.8 0.125 0.325 0.025 0.35 0.3 0.25 1 0.475 0.675 0.625 0.6 0.1 0.75 0.625 0.275 0.85 0.825 0.975 
11597    0.6 0.6 0.4 0.6 0.8 0.4  2.11038 0.8 0.575 0.9 0.95 0.8 0.125 0.4 0.15 0.35 0.7 0.275 0.95 0.45 0 0.625 0.225 0.1 0.75 0.625 0.3 1 0.825 0.975 
11665    0.6 0.6 0.6 0.2 0.6 0  2.26938 1 0.575 0.9 1 0.8 0.4 0.175 0.125 0.425 0.725 0.4 0.85 0.95 0.5 0.625 0.925 0.1 0.75 0.35 0.275 0.225 0.825 0.975 
11666    0.6 0.6 0.6 0.2 0.6 0.2  2.17316 1 0.575 0.9 1 0.8 0.4 0.675 0.125 0.35 0.725 0.275 0.85 0.275 0.5 0.625 0.375 0.1 0.75 0.85 0.275 0.225 0.825 0.975 
11670    0.6 0.6 0.6 0.2 0.8 0  2.31993 1 0.575 0.9 1 0.8 0.4 0.325 0.025 0.35 0 0.275 0.85 0.95 0.5 0.625 0.25 0.1 0.75 0.85 0.275 0.225 0.825 0.975 
11671    0.6 0.6 0.6 0.2 0.8 0.2  2.36384 1 0.575 0.9 0.125 0.8 0.4 0.675 0.125 0.35 0.725 0.275 0.85 0.95 0.5 0.625 0.975 0.1 0.75 0.35 0.275 0.225 0.825 0.975 
11672    0.6 0.6 0.6 0.2 0.8 0.4  2.12034 1 0.9 0.9 1 0.8 0.4 0.225 0.625 0.35 0.725 0.275 0.6 0.45 0.325 0.625 0.175 0.1 0.75 0.85 0.275 0.85 0.825 0.975 
11690    0.6 0.6 0.6 0.4 0.6 0  2.31437 1 0.575 0.9 1 0.8 0.4 0.675 0.125 0.35 0.725 0.275 0.85 0.95 0.5 0.625 0.925 0.1 0.75 0.35 0.275 0.725 0.825 0.975 
11691    0.6 0.6 0.6 0.4 0.6 0.2  2.21504 1 0.575 0.9 1 0.8 0.4 0.175 0.125 0.35 0.725 0.275 0.85 0.95 0.5 0.625 0.925 0.1 0.75 0.35 0.275 0.225 0.825 0.975 
11692    0.6 0.6 0.6 0.4 0.6 0.4  2.33989 1 0.85 0.9 0.525 0.8 0.4 0.225 0.125 0.35 0.275 0.275 0.85 0.95 0.675 0.625 0 0.1 0.75 0.85 0.275 0.875 0.825 0.975 
11695    0.6 0.6 0.6 0.4 0.8 0  1.90324 1 0.575 0.9 1 0.8 0.15 0.1 0.125 0.35 0.8 0.275 0.85 0.95 0.675 0.3 0.375 0.1 0.75 0.25 0.275 0.225 0.825 0.975 
11696    0.6 0.6 0.6 0.4 0.8 0.2  2.05651 1 0.575 0.95 1 0.8 0.4 0.325 0.125 0.35 0.725 0.275 1 0.95 0.5 0.625 0.375 0.1 0.75 0.35 0.275 0.225 0.825 0.975 
11716    0.6 0.6 0.6 0.6 0.6 0.2  1.631 0.625 0.55 0.9 0.95 0.8 0.125 0.325 0.025 0.35 0.725 0.25 1 0.475 0.675 0.625 0.025 0.1 0.75 0.625 0.275 0.85 0.825 0.975 
11721    0.6 0.6 0.6 0.6 0.8 0.2  2.10125 1 0.575 0.9 1 0.8 0.025 0.325 0.125 0.35 0.8 0.275 0.85 0.95 0.5 0.3 0.375 0.1 0.75 0.275 0.625 0.225 0.825 0.975 
11938    0.6 0.8 0 0.4 0.4 0.6  1.57847 1 0.9 0.9 1 0.25 0.4 0.225 0.55 0.35 0.725 0.275 0.85 0.95 0.325 0.625 0.15 0.975 0.75 0.85 0.275 0.85 0.975 0.975 
12041    0.6 0.8 0.2 0.2 0.6 0.2  2.70188 1 0.925 0.9 0.775 0.8 0.4 0.325 0.125 0.1 0.725 0.3 0.85 0.95 0.325 0.625 0.375 0.1 0.75 0.85 0.275 0.05 0.825 0.975 
12042    0.6 0.8 0.2 0.2 0.6 0.4  1.89475 1 0.725 0.9 0 0.8 0.4 0.675 0.125 0.35 0.725 0.275 0.85 0.95 0.5 0.625 0.925 0.1 0.75 0.35 0.275 0.725 0.825 0.975 
12043    0.6 0.8 0.2 0.2 0.6 0.6  2.20971 1 0.9 0.9 1 0.8 0.4 0.225 0.125 0.35 0.725 0.275 0.175 0.95 0.325 0.625 0 0.1 0.75 0.85 0.275 0.85 0.825 0.975 
12045    0.6 0.8 0.2 0.2 0.8 0  1.73167 1 0.825 0.9 1 0.8 0.4 0.325 0.125 0.35 0.725 0.275 0.85 0.95 0.5 0.625 0.375 0.1 0.75 0.35 0.275 0.225 0.825 0.55 
12046    0.6 0.8 0.2 0.2 0.8 0.2  1.71377 1 0.9 0.9 0.7 0.8 0.65 0.225 0.175 0.35 0.725 0.275 0.425 0.95 0.325 0.3 0.15 0.975 0.075 0.85 0.275 0.85 0.975 0.975 
12047    0.6 0.8 0.2 0.2 0.8 0.4  1.65074 1 0.9 0.9 1 0.8 0.4 0.225 0.175 0.35 0.725 0.275 0.425 0.95 0.325 0.625 0.15 0.975 0.075 0.85 0.275 0.975 0.975 0.975 
12048    0.6 0.8 0.2 0.2 0.8 0.6  0.936131 1 0.9 0.9 1 0.8 0.4 0.225 0.175 0.35 0.725 0.125 0.85 0.95 0.325 0.625 0.15 0.975 0.75 0.85 0.275 0.7 0.975 0.975 
12063    0.6 0.8 0.2 0.4 0.4 0.6  1.71857 0.2 0.9 0.9 1 0.8 0.4 0.525 0.175 0.35 0.725 0.275 0.85 0.95 0.325 0.625 0.15 0.1 0.75 0.85 0.275 0.85 0.825 0.975 
12066    0.6 0.8 0.2 0.4 0.6 0.2  2.02604 1 0.925 0.9 0.2 0.875 0.4 0.325 0.125 0.8 0.725 0.3 0.85 0.95 0.325 0.625 0.375 0.1 0.75 0.85 0.275 0.05 0.825 0.975 
12067    0.6 0.8 0.2 0.4 0.6 0.4  1.511 1 0.775 0.9 0.2 0.8 0.05 0.35 0.125 0.025 0 0.775 0.85 0.95 0.5 0.625 0 0.1 0.75 0.35 0.275 0.225 0.825 0.975 
12068    0.6 0.8 0.2 0.4 0.6 0.6  1.71663 1 0.9 0.9 0.95 0.8 0.4 0.525 0.175 0.35 0.725 0.275 0.8 0.95 0.325 0.625 0.15 0.1 0.75 0.85 0.275 0.85 0.325 0.975 
12072    0.6 0.8 0.2 0.4 0.8 0.4  1.59518 1 0.825 0.9 0 0.8 0 0.225 0.125 0.35 0.625 0.275 0.85 0.95 0.5 0.625 0.425 0.275 0.75 0.35 0.275 0.225 0.825 0.4 
12073    0.6 0.8 0.2 0.4 0.8 0.6  1.62456 0.625 0.825 0.9 0.95 0.8 0.125 0.325 0.025 0.35 0.725 0.25 1 0.475 0.675 0.625 0.6 0.1 0.75 0.625 0.275 0.85 0.825 0.975 
12147    0.6 0.8 0.4 0 0.8 0.4  1.28364 1 0.9 0.9 0.725 0.8 0.875 0.225 0.175 0.35 0.725 0.275 0.775 0.95 0.325 0.625 0.15 0.975 0.075 0.85 0.275 0.85 0.975 0.975 
12166    0.6 0.8 0.4 0.2 0.6 0.2  2.14132 1 0.825 0.975 1 0.8 0.625 0.325 0.125 0.35 0.725 0.275 0.125 0.95 0.5 0.625 0.375 0.1 0.75 0.35 0.275 0.225 0.825 0.55 
12167    0.6 0.8 0.4 0.2 0.6 0.4  1.70201 1 1 0.9 1 0.8 0.4 0.225 0.125 0.35 0.9 0.275 0.85 0.95 0.325 0.625 0 0.1 0.75 0.85 0.275 0.85 0.825 0.975 
12168    0.6 0.8 0.4 0.2 0.6 0.6  1.83282 1 0.9 0.9 1 0.8 0.4 0.225 0.125 0.35 0.725 0.275 0.85 0.95 0.325 0.625 0 0.1 0.75 0.85 0.275 0.85 0.825 0.975 
12170    0.6 0.8 0.4 0.2 0.8 0  1.76303 1 0.825 0.975 0.775 0.8 0.4 0.325 0.125 0.4 0.725 0.275 0.125 0.95 0.5 0.625 0.375 0.1 0.75 0.35 0.275 0.225 0.825 0.55 
12171    0.6 0.8 0.4 0.2 0.8 0.2  1.8532 1 0.825 0.9 1 0.8 0.4 0.325 0.125 0.225 0.725 0.275 0.85 0.95 0.5 0.625 0.375 0.45 0.75 0.35 0.275 0.225 0.825 0.55 
12172    0.6 0.8 0.4 0.2 0.8 0.4  1.34906 1 0.9 0.9 1 0.8 0.4 0.225 0.175 0.35 0.775 0.275 0.85 0.95 0.325 0.625 0.15 0.1 0.75 0.85 0.275 1 0.825 0.975 
12173    0.6 0.8 0.4 0.2 0.8 0.6  1.35565 1 0.9 0.9 1 0.8 0.4 0.225 0.175 0.35 0.8 0.275 0.125 0.95 0.325 0.625 0.15 0.1 0.275 0.85 0.275 1 0.825 0.975 
12191    0.6 0.8 0.4 0.4 0.6 0.2  2.06797 1 0.9 0.9 0.825 0.875 0.4 0.225 0.625 0.15 0.725 0.275 0.2 0.95 0.325 0.625 0 0.1 0.75 0.85 0.975 0.85 0.825 0.975 
12192    0.6 0.8 0.4 0.4 0.6 0.4  1.97003 1 0.95 0.9 1 0.8 0.4 0.9 0.125 0.35 0.725 0.275 0.85 0.95 0.5 0.625 0.5 0.6 0.75 0.35 0.275 0.225 0.825 0.975 
12193    0.6 0.8 0.4 0.4 0.6 0.6  1.69098 0.625 0.825 0.9 0.95 0.8 0.125 0.325 0.025 0.025 0.8 0.25 1 0.475 0.675 0.975 0.6 0.1 0.75 0.625 0.275 0.85 0.825 0.975 
12196    0.6 0.8 0.4 0.4 0.8 0.2  1.74125 0.675 0.825 0.9 0 0.8 0 0.225 0.25 0.35 0.725 0.125 0.85 0.95 0.5 0.625 0.375 0.125 0.75 0.35 0.075 0.625 0.825 0.55 
12198    0.6 0.8 0.4 0.4 0.8 0.6  1.75715 1 1 0.9 0.725 0.8 0.4 0.15 0.125 0.35 0.15 0.275 0.85 0.95 0.325 0.625 0 0.5 0.75 0.55 0.775 0.275 0.2 0.975 
12292    0.6 0.8 0.6 0.2 0.6 0.4  1.65415 1 1 0.9 1 0.8 0.4 0.225 0.125 0.35 0.9 0.275 0.85 0.95 0.325 0.625 0 0.1 0.925 0.85 0.275 0.85 0.825 0.975 
12297    0.6 0.8 0.6 0.2 0.8 0.4  1.72159 1 0.9 0.9 1 0.8 0.4 0.225 0.025 0.35 0.725 0.275 0.6 0.95 0.325 0.625 0.175 0.1 0.75 0.85 0.275 0.8 0.825 0.975 
12317    0.6 0.8 0.6 0.4 0.6 0.4  1.50615 1 0.95 0.9 1 0.8 0.4 0.325 0.1 0.35 0.725 0.275 0.85 0.95 0.5 0.625 0 0.125 0.75 0.35 0.275 0.225 0.825 0.975 
12321    0.6 0.8 0.6 0.4 0.8 0.2  2.02768 1 1 0.9 0.725 0.8 0.4 0.15 0.125 0.35 0.9 0.275 0.85 0.65 0.325 0.625 0 0.5 0.75 0.55 0.775 0.275 0.2 0.975 
12322    0.6 0.8 0.6 0.4 0.8 0.4  1.96983 1 1 0.9 0.725 0.8 0.4 0.225 0.125 0.35 0.9 0.275 0.85 0.65 0.325 0.625 0 0.5 0.75 0.55 0.775 0.275 0.2 0.975 
12668    0.8 0 0.2 0.2 0.6 0.6  2.00509 0.6 0.6 0.9 0.95 0.8 0.125 0.325 0.875 0.175 0.725 0.275 0.45 0.45 0.925 0.8 0.6 0.1 0.75 0.625 0.275 0.375 0.825 0.975 
12688    0.8 0 0.2 0.4 0.4 0.6  2.0724 0.6 0.6 0.9 0.95 0.8 0.125 0.325 0.6 0.175 0.725 0.275 0.45 0.45 0.925 0.8 0.6 0.1 0.75 0.625 0.275 0.375 0.825 0.975 
12787    0.8 0 0.4 0.2 0.4 0.4  2.4724 1 0.9 0.9 1 0.8 0.4 0.225 0.175 0.35 0.725 0.275 0.85 0.95 0.55 0.625 0.15 0.1 0.75 0.85 0.275 0.85 0.825 0.975 
12788    0.8 0 0.4 0.2 0.4 0.6  2.27533 1 0.9 0.9 1 0.8 0.4 0.225 0.5 0.35 0.725 0.275 0.85 0.95 0.7 0.625 0.15 0.1 0.75 0.95 0.275 0.85 0.825 0.975 
12792    0.8 0 0.4 0.2 0.6 0.4  2.12808 1 0.9 0.9 1 0.8 0.4 0.975 0.625 0.35 0.725 0.275 0.85 0.95 0.525 0.625 0 0.1 0.925 0.85 0.275 0.55 0.825 0.975 
12793    0.8 0 0.4 0.2 0.6 0.6  2.43239 1 0.9 0.9 1 0.8 0.4 0.225 0.175 0.075 0.725 0.275 0.825 0.95 0.7 0.625 0.15 0.1 0.925 0.85 0.275 0.85 0.825 0.975 
12796    0.8 0 0.4 0.2 0.8 0.2  2.20271 1 0.925 0.9 0.775 0.8 0.4 0.325 0.125 0.225 0.725 0.3 0.175 0.95 0.85 0.125 0.375 0.1 0.6 0.85 0.275 0.425 0.3 0.975 
12813    0.8 0 0.4 0.4 0.4 0.6  2.45757 0.825 0.9 0.9 1 0.8 0.4 0.225 0.175 0.35 0.25 0.275 0.85 0.325 0.625 0.625 0.15 0.1 0.75 0.85 0.275 1 0.825 0.975 
12816    0.8 0 0.4 0.4 0.6 0.2  2.42263 0.8 0.575 0.9 0.95 0.8 0.4 0.325 0.45 0.35 0 0.275 0.95 0.45 0.625 0.625 0.375 0.1 0.75 0.625 0.3 1 0.825 0.975 
12817    0.8 0 0.4 0.4 0.6 0.4  2.2124 1 0.9 0.9 1 0.8 0.4 0.95 0.625 0.35 0.725 0.275 0.85 0.95 0.275 0.625 0 0.1 0.925 0.85 0.275 0.55 0.825 0.975 
12818    0.8 0 0.4 0.4 0.6 0.6  1.59603 0.8 0.575 0.9 0.95 0.8 0.125 0.525 0.45 0.35 0 0.275 0.95 0.45 0.625 0.625 0.475 0.275 0.75 0.625 0.3 1 0.825 0.975 
12843    0.8 0 0.4 0.6 0.6 0.6  1.69643 0.8 0.575 0.9 0.95 0.8 0.125 0.325 0.45 0.35 0 0.275 0.95 0.45 0.625 0.125 0.125 0.1 0.75 0.625 0.3 1 0.825 0.975 
12912    0.8 0 0.6 0.2 0.4 0.4  2.35005 1 1 0.9 1 0.8 0.4 0.225 0.125 0.35 0.9 0.275 0.85 0.95 0.425 0.625 0 0.1 0.75 0.85 0.275 0.85 0.825 0.975 
12917    0.8 0 0.6 0.2 0.6 0.4  1.84584 1 1 0.9 1 0.8 0.2 0.225 0.125 0.35 0.9 0.275 0.95 0.95 0.425 0.625 0 0.1 0.75 0.85 0.275 0.85 0.825 0.975 
12941    0.8 0 0.6 0.4 0.6 0.2  2.42927 1 0.9 0.9 1 0.8 0.4 0.225 0.625 0.35 0.725 0.275 0.6 0.45 0.875 0.625 0.175 0.1 0.75 0.85 0.275 0.85 0.825 0.975 
12942    0.8 0 0.6 0.4 0.6 0.4  2.0039 1 1 0.9 1 0.8 0.2 0.225 0.125 0.35 0.9 0.275 0.85 0.95 0.425 0.625 0 0.1 0.75 0.85 0.275 0.85 0.825 0.975 
12966    0.8 0 0.6 0.6 0.6 0.2  2.0209 0.8 0.575 0.9 0.95 0.8 0.125 0.525 0.45 0.35 0 0.275 0.875 0.45 0.625 0.625 0.375 0.1 0.25 0.625 0.3 1 0.825 0.975 
12968    0.8 0 0.6 0.6 0.6 0.6  2.23783 0.8 0.575 0.9 0.95 0.8 0.125 0.525 0.45 0.35 0 0.275 0.875 0.45 0.625 0.625 0.45 0.1 0.25 0.625 0.3 1 0.825 0.975 
13287    0.8 0.2 0.2 0.2 0.4 0.4  2.14368 1 0.575 0.9 1 0.8 0.4 0.325 0.125 0.35 0.85 0.275 0.85 0.95 0.275 0.625 0 0.1 0.75 0.825 0.275 0.225 0.825 0.975 
13288    0.8 0.2 0.2 0.2 0.4 0.6  2.30521 0.825 0.9 0.9 1 0.8 0.4 0.45 0.175 0.35 0.25 0.275 0.85 0.95 0.625 0.625 0.15 0.1 0.75 0.85 0.275 1 0.825 0.975 
13291    0.8 0.2 0.2 0.2 0.6 0.2  2.32985 0.8 0.575 0.9 0.95 0.8 0.125 0.975 0.6 0.35 0.975 0.275 0.125 0.45 0 0.625 0.375 0.1 0.75 0.05 0.3 1 0.825 0.975 
13292    0.8 0.2 0.2 0.2 0.6 0.4  2.48256 0.625 0.575 0.9 0.95 0.8 0.125 0.325 0.6 0.35 0.675 0.275 0.45 0.45 0 0.625 0.6 0.1 0.75 0.625 0.275 0 0.825 0.95 
13293    0.8 0.2 0.2 0.2 0.6 0.6  2.53476 1 0.025 0.9 1 0.925 0.4 0.5 0.125 0.35 0.35 0.275 0.85 0.45 0.5 0.125 0.8 0.1 0.75 0.125 0.275 0.225 0.825 0.975 
13297    0.8 0.2 0.2 0.2 0.8 0.4  2.3212 0.6 0.575 0.9 0.95 0.8 0.125 0.325 0.6 0.35 0.725 0.275 0.45 0.45 0 0.8 0.1 0.1 0.75 0.625 0.275 1 0.825 0.975 
13298    0.8 0.2 0.2 0.2 0.8 0.6  1.97151 0.6 0.5 0.9 0.95 0.8 0.125 0.325 0.95 0.225 0.725 0.275 0.45 0.45 0 0.8 0.6 0.1 0.75 0.625 0.275 0.375 0.825 0.975 
13312    0.8 0.2 0.2 0.4 0.4 0.4  2.14377 0.6 0.625 0.9 0.95 0.8 0.125 0.325 0.6 0.175 0.725 0.275 0.75 0.45 0 0.8 0.6 0.1 0.75 0.625 0.275 0.375 0.875 0.975 
13313    0.8 0.2 0.2 0.4 0.4 0.6  2.4412 0.825 0.9 0.9 1 0.8 0.4 0.725 0.175 0.35 0.25 0.275 0.85 0.95 0.625 0.625 0.15 0.1 0.75 0.85 0.275 1 0.825 0.975 
13317    0.8 0.2 0.2 0.4 0.6 0.4  2.32273 0.625 0.575 0.9 0.95 0.8 0.125 0.575 0.7 0.35 0.35 0.525 0.7 0.95 0.975 0.625 0.85 0.1 0.75 0.625 0.275 0.1 0.825 0.975 
13318    0.8 0.2 0.2 0.4 0.6 0.6  2.37781 0.625 0.575 0.9 0.95 0.875 0.125 0.325 0.6 0.35 0.725 0.675 0.45 0.95 0 0.625 0.325 0.1 0.75 0.625 0.275 1 0.825 0.975 
13322    0.8 0.2 0.2 0.4 0.8 0.4  2.14232 0.6 0.6 0.9 0.95 0.8 0.125 0.325 0.85 0.175 0.725 0.275 0.45 0.45 0 0.8 0.6 0.1 0.75 0.625 0.275 0.375 0.825 0.975 
13343    0.8 0.2 0.2 0.6 0.6 0.6  2.17237 0.625 0.575 0.9 0.95 0.8 0.125 0.325 0.6 0.35 0.35 0.525 0.9 0.95 0.975 0.625 0.475 0.1 0.75 0.625 0.275 0.1 0.825 0.975 
13416    0.8 0.2 0.4 0.2 0.6 0.2  2.33689 1 0.525 0.9 0.625 0.8 0.4 0.225 0.875 0.35 0.725 0.75 0.85 0.95 0.65 0.625 0 0.1 0.075 0.85 0.275 0.85 0.825 1 
13417    0.8 0.2 0.4 0.2 0.6 0.4  2.55191 0.6 0.575 0.9 0.95 0.725 0.125 0.325 0.6 0.35 0.725 0.275 0.45 0.45 0 0.8 0.1 0.1 0.75 0.625 0.275 1 0.825 0.975 
13418    0.8 0.2 0.4 0.2 0.6 0.6  2.50607 1 0.025 0.9 1 0.925 0.4 0.175 0.125 0.35 0.35 0.275 0.85 0.45 0.5 0.625 0.8 0.1 0.75 0.125 0.275 0.225 0.825 0.975 
13421    0.8 0.2 0.4 0.2 0.8 0.2  2.42127 1 0.9 0.9 1 0.825 0.4 0.95 0.625 0.35 0.725 0.275 0.65 0.95 0.525 0.625 0.85 0.1 0.925 0.85 0.275 0.55 0.825 0.975 
13422    0.8 0.2 0.4 0.2 0.8 0.4  2.3316 1 0.9 0.9 1 0.8 0.4 0.95 0.625 0.125 0.725 0.275 0.85 0.95 0.525 0.625 0 0.1 0.925 0.85 0.275 0.55 0.825 0.975 
13436    0.8 0.2 0.4 0.4 0.4 0.2  2.26601 1 0.575 0.9 0 0.8 0.4 0.325 0 0.325 0.725 0.7 0.9 0.95 0.05 0.625 0.375 0.775 0.75 0.275 0.275 0.625 0.825 0.975 
13437    0.8 0.2 0.4 0.4 0.4 0.4  2.8359 1 0.95 0.9 0.875 0.8 0.4 0.25 0.175 0.35 0.775 1 0.85 0.95 0.1 0.625 0.15 0.1 0.75 0.125 0.275 1 0.825 0.975 
13438    0.8 0.2 0.4 0.4 0.4 0.6  2.38352 1 0.575 0.9 0.95 0.8 0.125 0.525 0.8 0.05 0 0.275 0.45 0.45 0.1 0.625 0.625 0.1 0.75 0.625 0.3 1 0.825 0.975 
13440    0.8 0.2 0.4 0.4 0.6 0  2.21919 1 0.575 1 0.825 0.8 0.125 0.2 0.925 0.35 0.725 0.275 0.85 0.95 0.55 0.625 0.375 0.1 0.725 0.525 0.275 0.225 0.825 0.975 
13441    0.8 0.2 0.4 0.4 0.6 0.2  2.35525 1 0.05 0.9 0.525 0.8 0.4 0.225 0.125 0.35 0.275 0.275 0.85 0.95 0.675 0.625 0 0.1 0.75 0.85 0.275 0.875 0.825 0.975 
13442    0.8 0.2 0.4 0.4 0.6 0.4  2.26944 1 0.2 0.9 0.6 0.8 0.4 0.9 0.125 0.35 0.725 0.275 0.85 0.95 0.5 0.625 0.5 0.6 0.75 0.35 0.275 0.225 0.825 0.975 
13443    0.8 0.2 0.4 0.4 0.6 0.6  1.66325 1 0.575 1 1 0.8 0.125 0.2 0.125 0.35 0.725 0.275 0.85 0.95 0.225 0.625 0.3 0.275 0.725 0.525 0.275 0.225 0.825 0.55 
13446    0.8 0.2 0.4 0.4 0.8 0.2  2.54673 1 0.575 0.9 0.95 0.8 0.125 0.525 0.8 0.05 0 0.275 0.45 0.45 0.1 0.625 0.05 0.1 0.75 0.625 0.3 1 0.825 0.975 
13447    0.8 0.2 0.4 0.4 0.8 0.4  1.8758 1 0.9 0.9 1 0.8 0.4 0.95 0.625 0.35 0.725 0.275 0.85 0.95 0.525 0.625 0 0.1 0.925 0.85 0.275 0.55 0.825 0.975 
13466    0.8 0.2 0.4 0.6 0.6 0.2  2.25017 0.8 0.575 0.9 0.95 0.8 0.125 0.975 0.6 0.35 0.975 0.275 0.8 0.45 0 0.625 0.375 0.1 0.75 0.05 0.3 1 0.825 0.975 
13467    0.8 0.2 0.4 0.6 0.6 0.4  2.10704 0.6 0.575 0.9 0.95 0.8 0.125 0.325 0.6 0.35 0.7 0.275 0.775 0.45 0 0.975 0.675 0.1 0.6 0.625 0.275 1 0.825 0.975 
13540    0.8 0.2 0.6 0.2 0.6 0  2.49627 1 0.575 1 1 0.8 0.4 0.325 0.125 0.35 0.725 0.275 0.85 0.95 0.225 0.625 0.375 0.1 0.75 0.525 0.275 0.225 0.825 0.975 
13541    0.8 0.2 0.6 0.2 0.6 0.2  2.28223 1 0.575 0.9 0.45 0.8 0.975 0.325 0.1 0.325 0.725 0.7 0.9 0.95 0.05 0.625 0.375 0.775 0.75 0.275 0.275 0.625 0.825 0.725 
13542    0.8 0.2 0.6 0.2 0.6 0.4  2.45012 1 0.9 0.9 1 0.8 0.4 0.6 0.6 0.35 0.725 0.275 0.85 0.95 0.525 0.625 0 0.1 0.75 0.85 0.275 0.85 0.825 0.975 
13543    0.8 0.2 0.6 0.2 0.6 0.6  2.22504 1 0.9 0.9 1 0.8 0.4 0.225 0.625 0.35 0.725 0.275 0.85 0.95 0.525 0.625 0 0.1 0.925 0.85 0.275 0.85 0.825 0.975 
13546    0.8 0.2 0.6 0.2 0.8 0.2  2.25958 1 0.575 0.9 0.95 0.8 0.125 0.525 0.8 0.05 0 0.275 0.45 0.45 0.1 0.625 0.2 0.1 0.75 0.625 0.3 1 0.825 0.975 
13547    0.8 0.2 0.6 0.2 0.8 0.4  1.73707 1 0.9 0.9 1 0.8 0.4 0.575 0.625 0.35 0.725 0.275 0.85 0.95 0.525 0.625 0 0.1 0.925 0.85 0.275 0.55 0.825 0.975 
13561    0.8 0.2 0.6 0.4 0.4 0.2  2.15454 1 0.575 0.9 0.45 0.8 0.4 0.325 0 0.325 0.725 0.7 0.9 0.95 0.05 0.625 0.375 0.775 0.75 0.275 0.275 0.625 0.825 0.975 
13562    0.8 0.2 0.6 0.4 0.4 0.4  2.24758 1 0.9 0.9 1 0.8 0.4 0.225 0.6 0.35 0.725 0.275 0.85 0.95 0.525 0.625 0 0.1 0.75 0.85 0.275 0.85 0.825 0.975 
13565    0.8 0.2 0.6 0.4 0.6 0  2.36545 1 0.9 0.9 1 0.8 0.4 0.225 0.175 0.35 0.725 0.275 0.85 0.95 0.7 0.625 0.525 0.1 0.75 0.95 0.275 0.85 0.825 0.975 
13566    0.8 0.2 0.6 0.4 0.6 0.2  2.24223 1 0.575 0.925 0 0.8 0.4 0.325 0 0.325 0.725 0.7 0.9 0.95 0.05 0.625 0.375 0.775 0.75 0.275 0.275 0.625 0.825 0.975 
13567    0.8 0.2 0.6 0.4 0.6 0.4  2.14498 1 1 0.9 1 0.8 0.4 0.225 0.125 0.35 0.9 0.275 0.85 0.95 0.275 0.625 0 0.1 0.75 0.85 0.275 0.85 0.825 0.975 
13568    0.8 0.2 0.6 0.4 0.6 0.6  2.23073 1 0.575 0.9 1 0.8 0.4 0.225 0.325 0.35 0.275 0.6 0.85 0.95 0.675 0.625 0 0.1 0.75 0.85 0.275 0.875 0.825 0.975 
13591    0.8 0.2 0.6 0.6 0.6 0.2  2.66589 1 0.875 0.9 1 0.8 0.025 0.325 0.125 0.35 0.8 0.275 0.85 0.95 0.9 0.3 0.375 0.1 0.75 0.275 0.625 0.225 0.825 0.975 
13913    0.8 0.4 0.2 0.2 0.4 0.6  2.52499 1 0.55 0.9 1 0.925 0.4 0.45 0.125 0.35 0.35 0.875 0.85 0.45 0.5 0.125 0.8 0.1 0.75 0.125 0.275 0.225 0.825 0.975 
13916    0.8 0.4 0.2 0.2 0.6 0.2  2.52355 0.625 0.575 0.9 0.95 0.8 0.125 0.325 0.6 0.35 0.725 0.275 0.45 0.45 0 0.625 0.6 0.1 0.75 0.625 0.275 0 0.825 0.975 
13917    0.8 0.4 0.2 0.2 0.6 0.4  2.91647 0.6 0.625 0.9 0.95 0.8 0.4 0.325 0.6 0.175 0.725 0.275 0.75 0.45 0 0.8 0.6 0.1 0.75 0.625 0.275 0.375 0.875 0.975 
13918    0.8 0.4 0.2 0.2 0.6 0.6  2.35244 1 0.575 0.9 1 0.8 0.4 0.85 0.125 0.125 0.725 0.275 0.85 0.95 0.5 0.625 0.675 0.425 0.75 0.35 0.275 0.225 0.825 0.975 
13921    0.8 0.4 0.2 0.2 0.8 0.2  2.52718 0.625 0.575 0.9 0.95 0.8 0.125 0.325 0.6 0.35 0.725 0.275 0.45 0.45 0 0.625 0.6 0.1 0.75 0.625 0.275 1 0.825 0.975 
13922    0.8 0.4 0.2 0.2 0.8 0.4  2.27041 0.625 0.575 0.9 0.925 0.8 0.125 0.325 0.6 0.35 0.725 0.275 0.45 0.45 0 0.625 0.6 0.1 0.75 0.625 0.275 0.475 0.825 0.975 
13938    0.8 0.4 0.2 0.4 0.4 0.6  2.93446 1 0.4 0.9 1 0.8 0.4 0.25 0.175 0.35 0.775 1 0.8 0.95 0.3 0.625 0.15 0.1 0.75 0.85 0.275 1 0.825 0.975 
13942    0.8 0.4 0.2 0.4 0.6 0.4  2.23254 0.625 0.575 0.9 0.95 0.8 0.125 0.325 0.6 0.35 0.95 0.275 0.45 0.95 0 0.625 0 0.1 0.75 0.625 0.275 1 0.825 0.95 
13943    0.8 0.4 0.2 0.4 0.6 0.6  2.40223 0.825 0.9 0.9 1 0.8 0.4 0.45 0.175 0.35 0.775 0.275 0.85 0.95 0.625 0.625 0.15 0.1 0.75 0.3 0.275 1 0.825 0.975 
13946    0.8 0.4 0.2 0.4 0.8 0.2  2.25712 0.675 0.575 0.9 0.95 0.875 0.125 0.325 0.6 0.35 0.775 0.275 0.45 0.95 0 0.625 0.375 0.1 0.75 0.625 0.775 1 0.825 0.975 
13947    0.8 0.4 0.2 0.4 0.8 0.4  2.3277 0.625 0.575 0.9 0.95 0.875 0.125 0.325 0.6 0.35 0.725 0.275 0.45 0.95 0 0.625 0.375 0.1 0.75 0.625 0.275 1 0.825 0.975 
13948    0.8 0.4 0.2 0.4 0.8 0.6  1.89927 0.625 0.575 0.9 0.95 0.875 0.125 0.325 0.45 0.35 0.5 0.275 0.45 0.95 0 0.625 0.325 0.1 0.75 0.625 0.275 1 0.825 0.975 
13967    0.8 0.4 0.2 0.6 0.6 0.4  2.19636 0.625 0.575 0.9 0.95 0.8 0.125 0.35 0.4 0.35 0 0.275 0.975 0.45 0 0.625 0.925 0.1 0.75 0.625 0.3 1 0.825 0.975 
13968    0.8 0.4 0.2 0.6 0.6 0.6  2.13954 0.625 0.575 0.9 0.95 0.8 0.125 0.35 0.4 0.35 0 0.275 0.85 0.45 0 0.625 0.925 0.1 0.75 0.625 0.3 1 0.825 0.975 
13971    0.8 0.4 0.2 0.6 0.8 0.2  1.92645 0.8 0.575 0.9 0.95 0.8 0.125 0.325 0.425 0.35 0 0.275 0.95 0.45 0 0.625 0.375 0.1 0.75 0.625 0.3 1 0.825 0.975 
14038    0.8 0.4 0.4 0.2 0.4 0.6  2.01933 1 0.575 0.9 1 0.8 0.4 0.325 0.125 0.35 0.725 0.275 0.9 0.95 0.5 0.625 0 0.1 0.75 0.925 0.275 0.225 0.825 0.475 
14039    0.8 0.4 0.4 0.2 0.4 0.8  1.59784 1 0.575 0.9 1 0.8 0.4 0.35 0.125 0.025 0 0.775 1 0.95 0.5 0.625 0 0.1 0.75 0.35 0.275 0.225 0.825 0.975 
14040    0.8 0.4 0.4 0.2 0.6 0  2.07589 1 0.275 0.9 0.05 0.8 0.4 0.325 0.125 0.35 0.725 0.275 0.4 0.95 0.5 0.625 0 0.75 0.75 0.35 0.275 0.225 0.825 0.975 
14041    0.8 0.4 0.4 0.2 0.6 0.2  2.16518 1 0.575 0.9 0.95 0.8 0.125 0.525 0.8 0.35 0 0.275 0.45 0.45 0 0.625 0.375 0.1 0.75 0.625 0.3 1 0.825 0.975 
14042    0.8 0.4 0.4 0.2 0.6 0.4  2.23963 1 0.575 0.9 1 0.8 0.15 0.1 0.225 0.35 0.8 0.225 0.85 0.95 0.675 0.3 0.175 0.1 0.75 0.275 0.775 0.225 0.825 0.975 
14043    0.8 0.4 0.4 0.2 0.6 0.6  2.5979 1 0.575 0.9 1 0.8 0.4 0.9 0.125 0.125 0.725 0.275 0.85 0.95 0.5 0.625 0.675 0.425 0.75 0.35 0.275 0.225 0.825 0.975 
14046    0.8 0.4 0.4 0.2 0.8 0.2  2.45332 0.625 0.575 0.9 0.95 0.8 0.125 0.325 0.6 0.35 0.35 0.525 0.45 0.95 0 0.125 0.375 0.1 0.75 0.625 0.275 0.1 0.825 0.975 
14047    0.8 0.4 0.4 0.2 0.8 0.4  2.11931 1 0.575 0.9 1 0.8 0.4 0.325 0.925 0.35 0.725 0.275 0.85 0.95 0.5 0.625 0 0.125 0.75 0.35 0.275 0.225 0.825 0.125 
14063    0.8 0.4 0.4 0.4 0.4 0.6  2.51961 1 0.4 0.9 1 0.8 0.4 0.25 0.175 0.35 0.775 1 0.85 0.95 0.3 0.625 0.15 0.1 0.75 0.85 0.275 1 0.825 0.975 
14066    0.8 0.4 0.4 0.4 0.6 0.2  2.07193 1 0.575 0.9 1 0.8 0.15 0.325 0.025 0.05 0 0.275 0.85 0.95 0.5 0.625 0.7 0.1 0.75 0.85 0.275 0.225 0.825 0.975 
14067    0.8 0.4 0.4 0.4 0.6 0.4  2.36723 1 0.575 1 0.025 0.8 0.4 0.325 0.125 0.35 0.725 0.275 0.85 0.95 0.5 0.625 0.375 0.1 0.75 0.525 0.8 0.225 0.825 0.975 
14068    0.8 0.4 0.4 0.4 0.6 0.6  2.15613 1 0.575 0.9 1 0.8 0.4 0.325 0.125 0.35 0.45 0.275 0.85 0.95 0.5 0.625 0 0.1 0.75 0.925 0.275 0.225 0.325 0.975 
14071    0.8 0.4 0.4 0.4 0.8 0.2  1.9489 0.625 0.85 0.9 0.95 0.8 0.125 0.325 0.6 0.35 0.35 0.525 0.55 0.95 0 0.625 0.375 0.1 0.75 0.625 0.275 0.1 0.825 0.975 
14092    0.8 0.4 0.4 0.6 0.6 0.4  1.86837 0.6 0.575 0.85 0.95 0.8 0.125 0.325 0.6 0.25 0.725 0.275 0.9 0.45 0 0.8 0.6 0.1 0.75 0.625 0.275 0.375 0.4 0.975 
14096    0.8 0.4 0.4 0.6 0.8 0.2  1.96097 0.8 0.575 0.9 0.95 0.8 0.125 0.325 0.6 0.35 0 0.275 0.95 0.45 0 0.625 0.375 0.1 0.75 0.625 0.3 1 0.825 0.975 
14165    0.8 0.4 0.6 0.2 0.6 0  2.13765 1 0.275 0.9 1 0.8 0.4 0.325 0.125 0.35 0.725 0.275 0.85 0.95 0.5 0.625 0.375 0.1 0.75 0.275 0.275 0.225 0.825 0.975 
14166    0.8 0.4 0.6 0.2 0.6 0.2  1.94288 1 0.575 0.95 1 0.8 0.4 0.325 0.125 0.1 0.725 0.275 1 0.95 0.5 0.625 0.375 0.1 0.75 0.35 0.275 0.225 0.825 0.975 
14167    0.8 0.4 0.6 0.2 0.6 0.4  1.8523 1 1 0.9 1 0.8 0.4 0.225 0.125 0.35 0.9 0.275 0.85 0.95 0.325 0.625 0 0.775 0.75 0.85 0.275 0.85 0.2 0.975 
14168    0.8 0.4 0.6 0.2 0.6 0.6  1.75 1 0.625 0.9 1 0.8 0.4 0.225 0.325 0.35 0.275 0.6 0.85 0.95 0.675 0.625 0 0.1 0.925 0.85 0.7 0.875 0.825 0.975 
14190    0.8 0.4 0.6 0.4 0.6 0  1.59908 1 0.575 0.9 1 0.8 0.15 0.1 0.125 0.35 0.8 0.275 0.85 0.95 0.675 0.3 0.375 0.1 0.75 0.475 0.275 0.225 0.825 0.975 
14191    0.8 0.4 0.6 0.4 0.6 0.2  1.84833 1 0.375 0.9 1 0.8 0.4 0.325 0.125 0.35 0 0.275 0.85 0.95 0.5 0.625 0.1 0.1 0.75 0.9 0.275 0.225 0.825 0.975 
14192    0.8 0.4 0.6 0.4 0.6 0.4  2.17077 1 0.575 0.9 1 0.8 0.4 0.225 0.125 0.35 0.725 0.275 0.85 0.95 0.675 0.625 0 0.1 0.75 0.85 0.275 0.875 0.825 0.975 
14212    0.8 0.4 0.6 0.6 0.4 0.4  2.0953 1 0.225 0.9 0.2 0.8 0.05 0.35 0.125 0.025 0 0.775 0.85 0.95 0.5 0.625 0 0.1 0.75 0.35 0.275 0.225 0.825 0.975 
14418    0.8 0.6 0 0.2 0.6 0.6  1.93069 1 0.9 0.9 1 0.675 0.4 0.225 0.45 0.35 0.725 0.275 0.85 0.95 0.325 0.625 0.15 0.975 0.075 0.225 0.275 0.85 0.975 0.975 
14439    0.8 0.6 0 0.4 0.4 0.8  1.83459 1 0.85 0.9 1 0.8 0.225 0.25 0.175 0.35 0.775 1 0.45 0.95 0.3 0.625 0.15 0.1 0.75 0.975 0.275 1 0.825 0.975 
14444    0.8 0.6 0 0.4 0.6 0.8  1.79736 0.375 0.9 0.9 1 0.8 0.225 0.25 0.175 0.35 0.775 1 0.85 0.95 0.3 0.625 0.15 0.1 0.75 0.975 0.275 1 0.825 0.975 
14541    0.8 0.6 0.2 0.2 0.6 0.2  2.30788 1 0.575 1 0.375 0.8 0.4 0.325 0.125 0.25 0.725 0.275 0.85 0.95 0.5 0.625 0.375 0.1 0.75 0.525 0.75 0.225 0.825 0.975 
14542    0.8 0.6 0.2 0.2 0.6 0.4  2.65485 0.825 0.9 0.9 0.95 0.8 0.4 0.225 0.375 0.35 0.775 0.275 0.85 0.95 0.625 0.625 0.15 0.1 0.75 0.85 0.275 1 0.825 0.975 
14543    0.8 0.6 0.2 0.2 0.6 0.6  1.94761 1 0.9 0.9 0.95 0.8 0.4 0.525 0.175 0.35 0.725 0.275 0.85 0.95 0.325 0.625 0.15 0.1 0.75 0.85 0.275 0.85 0.325 0.975 
14546    0.8 0.6 0.2 0.2 0.8 0.2  1.89165 1 0.575 1 0.375 0.8 0.4 0.325 0.125 0.35 0.725 0.275 0.85 0.45 0.5 0.625 0.375 0.1 0.75 0.525 0.275 0.225 0.825 0.975 
14548    0.8 0.6 0.2 0.2 0.8 0.6  1.82879 1 0.9 0.9 1 0.6 0.4 0.225 0.55 0.35 0.725 0.275 0.425 0.95 0.325 0.625 0.15 0.975 0.075 0.85 0.275 0.975 0.975 0.975 
14562    0.8 0.6 0.2 0.4 0.4 0.4  2.17495 1 0.95 0.9 0.875 0.8 0.4 0.25 0.175 0.35 0.725 1 0.85 0.95 0.3 0.625 0.15 0.1 0.75 0.125 0.275 1 0.825 0.975 
14568    0.8 0.6 0.2 0.4 0.6 0.6  2.34568 0.825 0.9 0.9 1 0.8 0.4 0.225 0.175 0.35 0.775 0.275 0.85 0.95 0.625 0.625 0.15 0.1 0.75 0.85 0.275 1 0.825 0.975 
14572    0.8 0.6 0.2 0.4 0.8 0.4  1.63039 0.625 0.575 0.9 0.95 0.8 0.125 0.75 0.325 0.35 0.725 0.25 0.45 0.45 0 0.625 0.6 0.1 0.425 0.625 0.275 0.85 0.825 0.975 
14665    0.8 0.6 0.4 0.2 0.6 0  2.04676 1 0.575 1 1 0.8 0.4 0.325 0.2 0.75 0.725 0.275 0.85 0.95 0.5 0.625 0.375 0.1 0.75 0.525 0.275 0.225 0.825 0.975 
14666    0.8 0.6 0.4 0.2 0.6 0.2  2.22883 1 0.925 0.9 0.775 0.8 0.4 0.325 0.125 0.1 0.725 0.3 0.85 0.95 0.325 0.625 0.375 0.1 0.75 0.85 0.275 0.1 0.825 0.975 
14668    0.8 0.6 0.4 0.2 0.6 0.6  1.85124 1 0.9 0.9 1 0.8 0.4 0.225 0.175 0.35 0.725 0.275 0.125 0.95 0.325 0.625 0.15 0.1 0.75 0.85 0.275 1 0.825 0.975 
14671    0.8 0.6 0.4 0.2 0.8 0.2  1.61562 1 0.925 0.9 0.775 0.8 0.4 0.325 0.125 0.1 0.725 0.3 0.85 0.95 0.325 0.625 0.375 0.1 0.6 0.85 0.275 0.425 0.825 0 
14696    0.8 0.6 0.4 0.4 0.8 0.2  1.62693 1 0.575 0.575 0.375 0.8 0.1 0.325 0.125 0.35 0.725 0.275 0.4 0.95 0.5 0.625 0.375 0.1 0.1 0.525 0.275 0.225 0.825 0.975 
14697    0.8 0.6 0.4 0.4 0.8 0.4  1.86597 1 0.575 0.95 0.375 0.8 0.1 0.325 0.125 0.35 0.725 0.275 0.4 0.95 0.5 0.625 0.375 0.1 0.1 0.525 0.35 0.225 0.825 0.975 
14796    0.8 0.6 0.6 0.2 0.8 0.2  1.57593 1 0.575 0.95 0.375 0.8 0.1 0.325 0.125 0.35 0.725 0.275 0.4 0.95 0.5 0.625 0.375 0.625 0.1 0.525 0.35 0.225 0.825 0.975 
14815    0.8 0.6 0.6 0.4 0.6 0  1.95884 1 0.575 0.9 1 0.8 0.15 0.1 0.125 0.35 0.65 0.275 0.85 0.95 0.675 0.3 0.375 0.1 0.75 0.125 0.275 0.225 0.825 0.975 
14816    0.8 0.6 0.6 0.4 0.6 0.2  2.04854 1 0.575 0.9 1 0.8 0.15 0.1 0.125 0.35 0.8 0.275 0.85 0.95 0.675 0.3 0.375 0.1 0.75 0.275 0.275 0.225 0.825 0.975 
14820    0.8 0.6 0.6 0.4 0.8 0  2.12725 1 0.575 0.9 1 0.8 0.15 0.1 0.125 0.35 0.8 0.275 0.85 0.95 0.675 0.3 0.375 0.1 0.75 0.125 0.275 0.225 0.825 0.975 
15043    0.8 0.8 0 0.2 0.6 0.6  1.39031 1 0.9 0.9 1 0.8 0.4 0.225 0.175 0.35 0.725 0.275 0.85 0.95 0.325 0.625 0.15 0.975 0.75 0.85 0.275 0.85 0.975 0.975 
15048    0.8 0.8 0 0.2 0.8 0.6  1.283 1 0.9 0.9 1 0.8 0.4 0.225 0.15 0.35 0.725 0.275 0.425 0.95 0.325 0.625 0.15 0.975 0.075 0.85 0.325 0.85 0.975 0.975 
15049    0.8 0.8 0 0.2 0.8 0.8  1.8432 1 0.9 0.9 1 0.8 0.4 0.225 0.175 0.35 0.725 0.275 0.425 0.95 0.325 0.625 0.15 0.975 0.075 0.575 0.275 0.975 0.975 0.975 
15168    0.8 0.8 0.2 0.2 0.6 0.6  1.74195 1 0.9 0.9 0.95 0.8 0.4 0.525 0.175 0.35 0.725 0.275 0.85 0.95 0.325 0.625 0.15 0.1 0.75 0.85 0.275 0.85 0.825 0.975 
15172    0.8 0.8 0.2 0.2 0.8 0.4  1.62789 1 0.9 0.9 1 0.8 0.4 0.225 0.1 0.35 0.725 0.275 0.425 0.95 0.325 0.625 0.15 0.975 0.075 0.85 0.275 0.975 0.975 0.975 
15173    0.8 0.8 0.2 0.2 0.8 0.6  1.50255 1 0.9 0.9 1 0.8 0.4 0.225 0.025 0.35 0.725 0.275 0.425 0.95 0.325 0.625 0.15 0.975 0.075 0.85 0.175 0.425 0.975 0.975 
15174    0.8 0.8 0.2 0.2 0.8 0.8  1.44903 1 0.9 0.9 1 0.8 0.4 0.225 0.1 0.35 0.725 0.275 0.425 0.95 0.325 0.625 0.15 0.975 0.075 0.85 0.175 0.425 0.975 0.975 
15293    0.8 0.8 0.4 0.2 0.6 0.6  1.86176 1 0.9 0.9 1 0.8 0.4 0.225 0.4 0.35 0.725 0.275 0.85 0.95 0.325 0.8 0 0.1 0.75 0.05 0.275 0.85 0.825 0.5 
15297    0.8 0.8 0.4 0.2 0.8 0.4  1.53628 1 1 0.9 0.725 0.8 0.4 0.15 0.125 0.35 0.9 0.275 0.85 0.95 0.325 0.625 0 0.775 0.75 0.55 0.775 0.275 0.2 0.975 
15298    0.8 0.8 0.4 0.2 0.8 0.6  1.22183 1 0.9 0.9 1 0.8 0.4 0.225 0.175 0.35 0.725 0.275 0.85 0.95 0.325 0.625 0.15 0.975 0.075 0.85 0.275 0.85 0.975 0.975 
15313    0.8 0.8 0.4 0.4 0.4 0.6  1.90238 1 1 0.9 1 0.8 0.4 0.225 0.125 0.35 0.9 0.275 0.85 0.95 0.325 0.625 0.825 0.1 0.75 0.85 0.275 0.85 0.825 0.975 
15343    0.8 0.8 0.4 0.6 0.6 0.6  1.61736 0.625 0.825 0.9 0.85 0.8 0.125 0.325 0.025 0.025 0.8 0.25 1 0.475 0.675 0.975 0.6 0.1 0.75 0.625 0.275 0.85 0.825 0.975 
15524    0.8 0.8 0.8 0 0.8 0.8  0.385514 1 0.925 0.9 0.775 0.8 0.4 0.325 0.125 0.1 0.725 0.3 0.85 0.95 0.325 0.625 0.375 0.1 0.6 0.85 0.275 0.425 0.825 0.975 
15624    0.8 0.8 0.8 0.8 0.8 0.8  0.478254 1 0.575 0.9 1 0.8 0.1 0.725 0.125 0.35 0.725 0.275 0.85 0.95 0.5 0.625 0.375 0.1 0.75 0.35 0.275 0.225 0.825 0.55 
