0 25 0.45791 0.943333 0.166452
1 56 0.429365 0.943333 0.159237
2 101 0.435253 0.943333 0.169807
3 151 0.459346 0.943333 0.168989
4 182 0.474648 1.10902 0.16697
5 210 0.490137 1.48589 0.167286
6 245 0.489696 1.48589 0.166294
7 278 0.505326 1.48589 0.166349
8 311 0.504635 1.48589 0.167053
9 343 0.513333 1.48589 0.168271
10 374 0.516387 1.48589 0.168177
11 404 0.516074 1.48589 0.167571
12 428 0.523208 1.48589 0.166896
13 458 0.527335 1.56323 0.167359
14 489 0.530964 1.56323 0.167359
15 520 0.529902 1.97139 0.167339
16 547 0.529554 1.97139 0.167418
17 572 0.530537 1.97139 0.167117
18 596 0.532171 1.97139 0.166494
19 630 0.53478 1.97139 0.166276
20 652 0.536107 1.97139 0.166281
21 676 0.536058 1.97139 0.166386
22 704 0.538307 2.23746 0.166585
23 726 0.541628 2.23746 0.166458
24 751 0.545222 2.23746 0.165933
25 777 0.546273 2.23746 0.165418
26 806 0.544267 2.23746 0.165482
27 834 0.54355 2.23746 0.164606
28 858 0.54379 2.23746 0.164041
29 882 0.549691 2.23746 0.164249
30 901 0.549053 2.23746 0.164175
31 920 0.552487 2.23746 0.164254
32 933 0.555567 2.23746 0.164365
33 950 0.554314 2.23746 0.16446
34 969 0.554221 2.23746 0.164395
35 993 0.554108 2.23746 0.164156
36 1013 0.553888 2.23746 0.164074
37 1033 0.554245 2.23746 0.164008
38 1056 0.553908 2.23746 0.164137
39 1082 0.553245 2.23746 0.163698
40 1103 0.553407 2.23746 0.163779
41 1126 0.55682 2.23746 0.16333
42 1147 0.55749 2.23746 0.163007
43 1167 0.556097 2.23746 0.16312
44 1187 0.555825 2.23746 0.162888
45 1212 0.556218 2.23746 0.162514
46 1226 0.556267 2.23746 0.162295
47 1249 0.555789 2.23746 0.162075
48 1263 0.55926 2.25936 0.161979
49 1276 0.55884 2.25936 0.161908
50 1291 0.56129 2.25936 0.161978
51 1309 0.560858 2.25936 0.16209
52 1330 0.5595 2.25936 0.162098
53 1347 0.560059 2.25936 0.16191
54 1364 0.558158 2.25936 0.162157
55 1372 0.558279 2.25936 0.162151
56 1386 0.559352 2.25936 0.162237
57 1403 0.559374 2.25936 0.162108
58 1420 0.560298 2.25936 0.161913
59 1439 0.560737 2.25936 0.161884
60 1452 0.561334 2.25936 0.161691
61 1465 0.560852 2.25936 0.161276
62 1490 0.559402 2.25936 0.161087
63 1500 0.558881 2.25936 0.161072
64 1513 0.55878 2.25936 0.161112
65 1528 0.559587 2.25936 0.161012
66 1545 0.560039 2.25936 0.160991
67 1560 0.560725 2.25936 0.161077
68 1575 0.562376 2.25936 0.160853
69 1593 0.561232 2.25936 0.160859
70 1608 0.561752 2.25936 0.160659
71 1625 0.560805 2.25936 0.160555
72 1636 0.560778 2.25936 0.160724
73 1651 0.560777 2.25936 0.161088
74 1666 0.561188 2.25936 0.161262
75 1679 0.561591 2.25936 0.161317
76 1701 0.56116 2.25936 0.161603
77 1722 0.561041 2.25936 0.161662
78 1739 0.561817 2.25936 0.161396
79 1759 0.562244 2.25936 0.161331
80 1778 0.561444 2.25936 0.161466
81 1790 0.561706 2.25936 0.161511
82 1803 0.562186 2.25936 0.161541
83 1814 0.563022 2.25936 0.16151
84 1825 0.563692 2.25936 0.161699
85 1842 0.563558 2.25936 0.161711
86 1853 0.564151 2.25936 0.1616
87 1865 0.565125 2.25936 0.161467
88 1885 0.563975 2.25936 0.161439
89 1902 0.56363 2.25936 0.161534
90 1916 0.564446 2.25936 0.161438
91 1931 0.564727 2.25936 0.161549
92 1945 0.564199 2.25936 0.161642
93 1956 0.564075 2.25936 0.161672
94 1974 0.562879 2.25936 0.161705
95 1984 0.564099 2.25936 0.161614
96 1999 0.562967 2.25936 0.161383
97 2016 0.563312 2.25936 0.161503
98 2033 0.562158 2.25936 0.161306
99 2048 0.56388 2.25936 0.161235
100 2062 0.564018 2.25936 0.161193
101 2065 0.56431 2.25936 0.161242
102 2080 0.564876 2.25936 0.161121
103 2086 0.566223 2.25936 0.161087
104 2101 0.566139 2.25936 0.161194
105 2117 0.566823 2.25936 0.161263
106 2129 0.567582 2.25936 0.161258
107 2152 0.566514 2.25936 0.161217
108 2165 0.56735 2.25936 0.161528
109 2183 0.566639 2.25936 0.161601
110 2196 0.56672 2.25936 0.161641
111 2210 0.567274 2.25936 0.161483
112 2229 0.56699 2.25936 0.161287
113 2239 0.566931 2.25936 0.161091
114 2248 0.566812 2.25936 0.161083
115 2256 0.56715 2.25936 0.161095
116 2268 0.566627 2.25936 0.161164
117 2277 0.566353 2.25936 0.161051
118 2297 0.566777 2.25936 0.161033
119 2305 0.5675 2.25936 0.16102
120 2318 0.568054 2.25936 0.160975
121 2329 0.567858 2.25936 0.160844
122 2342 0.568272 2.25936 0.160786
123 2358 0.567654 2.25936 0.160862
124 2367 0.567704 2.25936 0.160819
125 2378 0.567808 2.25936 0.160792
126 2389 0.567989 2.25936 0.160729
127 2401 0.567859 2.25936 0.160718
128 2418 0.568472 2.25936 0.160793
129 2427 0.568474 2.25936 0.160822
130 2439 0.568818 2.25936 0.160977
131 2447 0.569127 2.25936 0.160931
132 2461 0.568674 2.25936 0.160883
133 2470 0.568868 2.25936 0.160912
134 2478 0.56864 2.25936 0.160865
135 2486 0.569124 2.25936 0.160837
136 2502 0.568605 2.25936 0.160788
137 2514 0.569117 2.25936 0.160743
138 2524 0.569973 2.25936 0.160861
139 2532 0.569951 2.25936 0.160812
140 2544 0.569958 2.25936 0.160822
141 2558 0.570427 2.25936 0.160897
142 2581 0.570082 2.25936 0.160804
143 2590 0.57126 2.25936 0.160883
144 2602 0.572201 2.25936 0.161009
145 2614 0.572697 2.25936 0.161049
146 2632 0.573111 2.25936 0.160966
147 2645 0.573356 2.25936 0.160961
148 2657 0.573608 2.25936 0.161004
149 2664 0.574321 2.25936 0.161032
150 2669 0.575109 2.25936 0.16098
151 2679 0.575609 2.25936 0.160942
152 2691 0.575242 2.25936 0.160871
153 2693 0.576388 2.25936 0.160694
154 2709 0.576626 2.25936 0.160654
155 2723 0.577739 2.25936 0.160474
156 2733 0.578431 2.25936 0.160448
157 2741 0.578344 2.25936 0.160443
158 2754 0.578998 2.25936 0.160408
159 2766 0.578095 2.25936 0.160396
160 2777 0.577617 2.25936 0.160381
161 2781 0.577774 2.25936 0.160419
162 2794 0.578355 2.25936 0.160337
163 2801 0.578502 2.25936 0.160342
164 2810 0.578382 2.25936 0.160376
165 2818 0.57842 2.25936 0.160299
166 2835 0.578181 2.25936 0.160384
167 2848 0.578107 2.25936 0.160262
168 2859 0.578593 2.25936 0.160237
169 2869 0.578838 2.25936 0.160251
170 2886 0.579083 2.25936 0.160192
171 2904 0.578751 2.25936 0.160274
172 2916 0.578707 2.25936 0.160327
173 2927 0.578457 2.25936 0.160253
174 2938 0.579433 2.25936 0.160205
175 2945 0.579784 2.25936 0.160237
176 2957 0.579965 2.25936 0.160209
177 2971 0.580425 2.25936 0.160089
178 2982 0.580614 2.25936 0.160094
179 2994 0.58097 2.25936 0.159969
180 3008 0.581401 2.25936 0.159995
181 3019 0.581213 2.25936 0.159993
182 3027 0.581139 2.25936 0.159964
183 3041 0.58115 2.25936 0.159976
184 3049 0.581323 2.25936 0.159906
185 3069 0.579838 2.25936 0.15978
186 3086 0.579167 2.25936 0.159761
187 3098 0.57911 2.25936 0.159832
188 3107 0.579474 2.25936 0.159887
189 3119 0.580112 2.32819 0.159939
190 3127 0.58015 2.32819 0.15999
191 3133 0.580396 2.32819 0.159962
192 3145 0.580589 2.32819 0.159967
193 3153 0.580987 2.32819 0.159963
194 3166 0.581269 2.32819 0.160013
195 3173 0.581274 2.32819 0.160048
196 3183 0.581263 2.32819 0.16
197 3190 0.581518 2.32819 0.160008
198 3201 0.581444 2.32819 0.159946
199 3213 0.581987 2.32819 0.1601
200 3222 0.583248 2.32819 0.160151
201 3237 0.58319 2.32819 0.16019
202 3247 0.583073 2.32819 0.160174
203 3252 0.583571 2.32819 0.160169
204 3263 0.583407 2.32819 0.160178
205 3277 0.583517 2.32819 0.160175
206 3286 0.583897 2.32819 0.160167
207 3292 0.584172 2.32819 0.160152
208 3303 0.583925 2.32819 0.160084
209 3315 0.584424 2.32819 0.160089
210 3329 0.584859 2.32819 0.160126
211 3345 0.584861 2.32819 0.160155
212 3353 0.585748 2.32819 0.160167
213 3363 0.585897 2.32819 0.160342
214 3367 0.586372 2.32819 0.160285
215 3378 0.586555 2.32819 0.160156
216 3386 0.587446 2.32819 0.160094
217 3397 0.587247 2.32819 0.160097
218 3401 0.587731 2.32819 0.160074
219 3410 0.587504 2.32819 0.160181
220 3423 0.587542 2.32819 0.160315
221 3431 0.587434 2.32819 0.1603
222 3441 0.587646 2.32819 0.160352
223 3446 0.588204 2.32819 0.160316
224 3453 0.589452 2.32819 0.160374
225 3469 0.588961 2.32819 0.160383
226 3478 0.58896 2.32819 0.160432
227 3491 0.58887 2.32819 0.160498
228 3511 0.588467 2.32819 0.160496
229 3526 0.588295 2.32819 0.160478
230 3533 0.588887 2.32819 0.160498
231 3545 0.589682 2.32819 0.160473
232 3553 0.589916 2.32819 0.160531
233 3564 0.590009 2.32819 0.160636
234 3574 0.589497 2.32819 0.160579
235 3584 0.589281 2.32819 0.160633
236 3592 0.589827 2.32819 0.160555
237 3603 0.590183 2.32819 0.160564
238 3612 0.590141 2.32819 0.160578
239 3627 0.589834 2.32819 0.160524
240 3634 0.589958 2.32819 0.160487
241 3640 0.590165 2.32819 0.160504
242 3647 0.590072 2.32819 0.160448
243 3657 0.590838 2.32819 0.160368
244 3666 0.590564 2.32819 0.160387
245 3674 0.590463 2.32819 0.160311
246 3679 0.590626 2.32819 0.160284
247 3685 0.590775 2.32819 0.160288
248 3690 0.591217 2.32819 0.16031
249 3699 0.591397 2.32819 0.160396
250 3708 0.59092 2.32819 0.160383
251 3714 0.591047 2.32819 0.160393
252 3726 0.590755 2.32819 0.160355
253 3737 0.59171 2.32819 0.160229
254 3744 0.591562 2.32819 0.160308
255 3751 0.591935 2.32819 0.160283
256 3766 0.591755 2.32819 0.160331
257 3775 0.591843 2.36671 0.16032
258 3785 0.591878 2.36671 0.160361
259 3793 0.592492 2.36671 0.160335
260 3801 0.593013 2.36671 0.160254
261 3810 0.593305 2.36671 0.160231
262 3818 0.593615 2.36671 0.160282
263 3828 0.594012 2.36671 0.160249
264 3844 0.593484 2.36671 0.160156
265 3850 0.593862 2.36671 0.160217
266 3857 0.594442 2.36671 0.16026
267 3867 0.59491 2.36671 0.160307
268 3879 0.594852 2.36671 0.160301
269 3891 0.594865 2.36671 0.160283
270 3898 0.594917 2.36671 0.160343
271 3908 0.594969 2.36671 0.160293
272 3916 0.594917 2.36671 0.160307
273 3927 0.594749 2.36671 0.160206
274 3936 0.595167 2.36671 0.160189
275 3944 0.59522 2.36671 0.160157
276 3952 0.595351 2.36671 0.160096
277 3959 0.595376 2.36671 0.160146
278 3972 0.595179 2.36671 0.160182
279 3983 0.594987 2.36671 0.160164
280 3993 0.595144 2.36671 0.160162
281 4002 0.595114 2.36671 0.160151
282 4014 0.594891 2.36671 0.160132
283 4026 0.595091 2.36671 0.160143
284 4031 0.595597 2.36671 0.160092
285 4037 0.595699 2.36671 0.160059
286 4044 0.595929 2.36671 0.160012
287 4048 0.596477 2.36671 0.159974
288 4055 0.596926 2.36671 0.159995
289 4064 0.596685 2.36671 0.160026
290 4072 0.597026 2.36671 0.159954
291 4083 0.596859 2.36671 0.159945
292 4094 0.597446 2.36671 0.159969
293 4101 0.597466 2.36671 0.159896
294 4113 0.597058 2.36671 0.159904
295 4123 0.597343 2.36671 0.15994
296 4131 0.597081 2.36671 0.159889
297 4137 0.597643 2.36671 0.159935
298 4149 0.597463 2.36671 0.159905
299 4158 0.597413 2.36671 0.15996
300 4165 0.597658 2.36671 0.159986
301 4173 0.59806 2.36671 0.160041
302 4186 0.59798 2.36671 0.160011
303 4195 0.597988 2.36671 0.160034
304 4206 0.598217 2.36671 0.160076
305 4214 0.59811 2.36671 0.160092
306 4221 0.597921 2.36671 0.160106
307 4228 0.598183 2.36671 0.160124
308 4243 0.598018 2.36671 0.160102
309 4256 0.597808 2.36671 0.160098
310 4270 0.597776 2.36671 0.160129
311 4278 0.598024 2.36671 0.160143
312 4290 0.597722 2.36671 0.160093
313 4301 0.59776 2.36671 0.160119
314 4310 0.597848 2.36671 0.160103
315 4320 0.598018 2.36671 0.160061
316 4329 0.598315 2.36671 0.160131
317 4336 0.598632 2.36671 0.16013
318 4340 0.59926 2.36671 0.160082
319 4351 0.598781 2.36671 0.160058
320 4363 0.598946 2.36671 0.160078
321 4369 0.598664 2.36671 0.160046
322 4376 0.599347 2.36671 0.160032
323 4389 0.599006 2.36671 0.15999
324 4393 0.599295 2.36671 0.160051
325 4399 0.599352 2.36671 0.160068
326 4406 0.599307 2.36671 0.16002
327 4417 0.599554 2.36671 0.160013
328 4437 0.599308 2.36671 0.159982
329 4446 0.598985 2.36671 0.15997
330 4452 0.598885 2.36671 0.159905
331 4460 0.598789 2.36671 0.159963
332 4469 0.59842 2.36671 0.159927
333 4477 0.597994 2.36671 0.159912
334 4487 0.597523 2.36671 0.159921
335 4502 0.597326 2.36671 0.159881
336 4516 0.597477 2.36671 0.160012
337 4530 0.597475 2.36671 0.160069
338 4540 0.597274 2.36671 0.160037
339 4551 0.596818 2.36671 0.159982
340 4562 0.596352 2.36671 0.159985
341 4571 0.596829 2.36671 0.159968
342 4579 0.596661 2.36671 0.159947
343 4588 0.596775 2.36671 0.159959
344 4604 0.596177 2.36671 0.159977
345 4611 0.596452 2.36671 0.159909
346 4623 0.597144 2.36671 0.159851
347 4633 0.597138 2.36671 0.159855
348 4643 0.597717 2.36671 0.159804
349 4650 0.598163 2.36671 0.159823
350 4665 0.598256 2.36671 0.159871
351 4673 0.598226 2.36671 0.159886
352 4680 0.598239 2.36671 0.159821
353 4694 0.597899 2.36671 0.159885
354 4705 0.597612 2.36671 0.159862
355 4715 0.59756 2.36671 0.15984
356 4726 0.597996 2.36671 0.159902
357 4736 0.598146 2.37758 0.159931
358 4748 0.597501 2.37758 0.159944
359 4761 0.597245 2.37758 0.159904
360 4770 0.59711 2.37758 0.159823
361 4775 0.597499 2.37758 0.159766
362 4781 0.597368 2.37758 0.159796
363 4787 0.597922 2.37758 0.159771
364 4802 0.597813 2.37758 0.15979
365 4818 0.597064 2.37758 0.159837
366 4824 0.597409 2.37758 0.159812
367 4833 0.59772 2.37758 0.159837
368 4846 0.597791 2.37758 0.159884
369 4858 0.59804 2.37758 0.159911
370 4866 0.597575 2.37758 0.159887
371 4877 0.597385 2.37758 0.159897
372 4891 0.597399 2.37758 0.159915
373 4901 0.597342 2.37758 0.159965
374 4913 0.597529 2.37758 0.159976
375 4919 0.598157 2.37758 0.160036
376 4929 0.597805 2.37758 0.160075
377 4935 0.597529 2.37758 0.160075
378 4943 0.598266 2.37758 0.160124
379 4948 0.598448 2.37758 0.160153
380 4955 0.598509 2.37758 0.160199
381 4963 0.598795 2.37758 0.160184
382 4973 0.598389 2.37758 0.16009
383 4983 0.598245 2.37758 0.16003
384 4991 0.598354 2.37758 0.160036
385 4996 0.598241 2.37758 0.160006
386 5007 0.597922 2.37758 0.160027
387 5016 0.597617 2.37758 0.160079
388 5022 0.598097 2.37758 0.160064
389 5028 0.598342 2.37758 0.160082
390 5037 0.59802 2.37758 0.160047
391 5046 0.597954 2.37758 0.16007
392 5056 0.597988 2.37758 0.16007
393 5069 0.597602 2.37758 0.160035
394 5080 0.597939 2.37758 0.160064
395 5085 0.597997 2.37758 0.160054
396 5097 0.597829 2.37758 0.160047
397 5109 0.597854 2.37758 0.160001
398 5115 0.597776 2.37758 0.159953
399 5122 0.597814 2.37758 0.159916
400 5134 0.597481 2.37758 0.159972
401 5139 0.597711 2.37758 0.159964
402 5149 0.59787 2.37758 0.159941
403 5160 0.597585 2.37758 0.159943
404 5169 0.597694 2.37758 0.159925
405 5177 0.59756 2.37758 0.159835
406 5184 0.59784 2.37758 0.159834
407 5193 0.597781 2.37758 0.15981
408 5204 0.597888 2.37758 0.159835
409 5210 0.59789 2.37758 0.159892
410 5217 0.598162 2.37758 0.159894
411 5223 0.598372 2.37758 0.159952
412 5232 0.598351 2.37758 0.159974
413 5235 0.598462 2.37758 0.159982
414 5239 0.59892 2.37758 0.159973
415 5246 0.598597 2.37758 0.159909
416 5251 0.599007 2.62641 0.159911
417 5258 0.59933 2.62641 0.159925
418 5266 0.599281 2.62641 0.159912
419 5277 0.59913 2.62641 0.159905
420 5284 0.599333 2.62641 0.159871
421 5293 0.599169 2.62641 0.159844
422 5297 0.599198 2.62641 0.159837
423 5303 0.59915 2.62641 0.159871
424 5316 0.598688 2.62641 0.1599
425 5330 0.598389 2.62641 0.159879
426 5338 0.598343 2.62641 0.159922
427 5344 0.598489 2.62641 0.159924
428 5350 0.598805 2.62641 0.159932
429 5355 0.598913 2.62641 0.159931
430 5360 0.599146 2.62641 0.159988
431 5369 0.599352 2.62641 0.160005
432 5376 0.599423 2.62641 0.160006
433 5381 0.599457 2.62641 0.160007
434 5389 0.599412 2.62641 0.159995
435 5400 0.59922 2.62641 0.159962
436 5412 0.598958 2.62641 0.160013
437 5422 0.598482 2.62641 0.160067
438 5434 0.598396 2.62641 0.160076
439 5443 0.598759 2.62641 0.16015
440 5451 0.598409 2.62641 0.16006
441 5460 0.598544 2.62641 0.16007
442 5467 0.598497 2.62641 0.160051
443 5477 0.59846 2.62641 0.160042
444 5487 0.598534 2.62641 0.160042
445 5505 0.598494 2.62641 0.15999
446 5511 0.598636 2.62641 0.160001
447 5515 0.599077 2.62641 0.160041
448 5524 0.599288 2.62641 0.160079
449 5527 0.599523 2.62641 0.160105
450 5539 0.5995 2.62641 0.160124
451 5552 0.599624 2.62641 0.160055
452 5557 0.599815 2.62641 0.160035
453 5564 0.599696 2.62641 0.160039
454 5576 0.599546 2.62641 0.160039
455 5583 0.599674 2.62641 0.160071
456 5592 0.599538 2.62641 0.160065
457 5602 0.599087 2.62641 0.160098
458 5613 0.599342 2.62641 0.160113
459 5621 0.599671 2.62641 0.160106
460 5629 0.599913 2.62641 0.160053
461 5638 0.599798 2.62641 0.160038
462 5648 0.599786 2.62641 0.160091
463 5653 0.600177 2.62641 0.160072
464 5662 0.600472 2.62641 0.160082
465 5670 0.600449 2.62641 0.160129
466 5679 0.600321 2.62641 0.160093
467 5689 0.6002 2.62641 0.160103
468 5696 0.599956 2.62641 0.16008
469 5699 0.600301 2.62641 0.160094
470 5709 0.600261 2.62641 0.160104
471 5719 0.600208 2.62641 0.160145
472 5726 0.600291 2.62641 0.160118
473 5734 0.600137 2.62641 0.160092
474 5746 0.600088 2.62641 0.160057
475 5753 0.599972 2.62641 0.160094
476 5760 0.599914 2.62641 0.160161
477 5768 0.599816 2.62641 0.160165
478 5773 0.599734 2.62641 0.160215
479 5783 0.599818 2.62641 0.160205
480 5789 0.600155 2.62641 0.160248
481 5794 0.600402 2.62641 0.160254
482 5804 0.600368 2.62641 0.160231
483 5814 0.600158 2.62641 0.160221
484 5824 0.600093 2.62641 0.160265
485 5833 0.599934 2.62641 0.160283
486 5845 0.59967 2.62641 0.160236
487 5850 0.600123 2.62641 0.160253
488 5858 0.600091 2.62641 0.160257
489 5870 0.60017 2.62641 0.160306
490 5876 0.600221 2.62641 0.160266
491 5881 0.600456 2.62641 0.160226
492 5887 0.600275 2.62641 0.160196
493 5894 0.600301 2.62641 0.160181
494 5901 0.600045 2.62641 0.160204
495 5909 0.600183 2.62641 0.160212
496 5915 0.600309 2.62641 0.160236
497 5922 0.600288 2.62641 0.160186
498 5931 0.600615 2.62641 0.160186
499 5936 0.600794 2.62641 0.160167
500 5944 0.600567 2.62641 0.16017
501 5950 0.600485 2.62641 0.160167
502 5958 0.600556 2.62641 0.160163
503 5965 0.600677 2.62641 0.160149
504 5974 0.600552 2.62641 0.16015
505 5981 0.600594 2.62641 0.160129
506 5991 0.600416 2.62641 0.160135
507 6000 0.600241 2.62641 0.160139
508 6011 0.600116 2.62641 0.16013
509 6018 0.600248 2.62641 0.160141
510 6025 0.600271 2.62641 0.160183
511 6033 0.600113 2.65082 0.16015
512 6041 0.600264 2.65082 0.160142
513 6050 0.600291 2.65082 0.160127
514 6057 0.60026 2.65082 0.160125
515 6066 0.600822 2.65082 0.160186
516 6071 0.600603 2.65082 0.160251
517 6076 0.600702 2.65082 0.160284
518 6087 0.600966 2.65082 0.160319
519 6093 0.600661 2.65082 0.1603
520 6103 0.600459 2.65082 0.160333
521 6109 0.600672 2.65082 0.160364
522 6118 0.600614 2.65082 0.160368
523 6127 0.600208 2.65082 0.160348
524 6130 0.600588 2.65082 0.16037
525 6140 0.600278 2.65082 0.16033
526 6153 0.599712 2.65082 0.160388
527 6159 0.599673 2.65082 0.160395
528 6163 0.599674 2.65082 0.16042
529 6165 0.600036 2.65082 0.160391
530 6172 0.599688 2.65082 0.160384
531 6177 0.600027 2.65082 0.160345
532 6182 0.600317 2.65082 0.160361
533 6190 0.600064 2.65082 0.160345
534 6197 0.600353 2.65082 0.160361
535 6205 0.600143 2.65082 0.160315
536 6217 0.599775 2.65082 0.160336
537 6220 0.599957 2.65082 0.160299
538 6227 0.599833 2.65082 0.1603
539 6238 0.59973 2.65082 0.160345
540 6241 0.599717 2.65082 0.160313
541 6251 0.59951 2.65082 0.160294
542 6257 0.599825 2.65082 0.160262
543 6269 0.599395 2.65082 0.160276
544 6277 0.599356 2.65082 0.160269
545 6284 0.599504 2.65082 0.160255
546 6296 0.599 2.65082 0.160305
547 6302 0.598923 2.65082 0.1603
548 6311 0.598964 2.65082 0.16034
549 6317 0.599008 2.65082 0.160358
550 6322 0.598953 2.65082 0.160339
551 6325 0.599098 2.65082 0.160342
552 6329 0.599318 2.65082 0.160323
553 6343 0.59912 2.65082 0.160348
554 6350 0.598952 2.65082 0.160321
555 6357 0.599024 2.65082 0.160308
556 6367 0.599109 2.65082 0.160339
557 6373 0.598988 2.65082 0.160308
558 6383 0.59892 2.65082 0.160307
559 6391 0.598553 2.65082 0.160292
560 6394 0.598956 2.65082 0.160259
561 6401 0.59883 2.65082 0.160251
562 6410 0.598861 2.65082 0.160239
563 6421 0.598407 2.65082 0.160245
564 6426 0.598329 2.65082 0.160296
565 6433 0.598251 2.65082 0.160291
566 6439 0.598156 2.65082 0.160258
567 6446 0.598213 2.65082 0.160264
568 6453 0.597973 2.65082 0.160258
569 6458 0.59778 2.65082 0.160295
570 6466 0.597757 2.65082 0.160314
571 6471 0.597911 2.65082 0.160318
572 6477 0.597781 2.65082 0.160357
573 6485 0.597755 2.65082 0.160377
574 6489 0.597763 2.65082 0.160359
575 6501 0.597605 2.65082 0.160311
576 6503 0.597739 2.65082 0.160291
577 6510 0.597665 2.65082 0.160292
578 6516 0.597563 2.65082 0.160315
579 6523 0.597626 2.65082 0.160281
580 6530 0.597685 2.65082 0.160295
581 6536 0.597486 2.65082 0.160307
582 6544 0.597521 2.65082 0.160339
583 6554 0.597275 2.65082 0.160365
584 6559 0.597304 2.65082 0.160386
585 6563 0.597445 2.65082 0.160348
586 6571 0.597402 2.65082 0.160334
587 6582 0.597229 2.65082 0.160314
588 6592 0.596943 2.65082 0.160331
589 6602 0.596939 2.65082 0.160307
590 6606 0.596902 2.65082 0.160337
591 6613 0.596783 2.65082 0.160326
592 6623 0.596509 2.65082 0.160318
593 6634 0.596079 2.65082 0.160318
594 6643 0.595826 2.65082 0.160323
595 6651 0.595748 2.65082 0.160307
596 6658 0.595786 2.65082 0.160274
597 6671 0.5954 2.65082 0.160238
598 6683 0.595136 2.65082 0.160209
599 6695 0.594851 2.65082 0.16021
600 6700 0.594862 2.65082 0.160199
601 6709 0.595021 2.65082 0.160203
602 6721 0.594784 2.65082 0.160203
603 6728 0.594804 2.65082 0.160195
604 6731 0.595058 2.65082 0.160153
605 6739 0.595162 2.65082 0.160143
606 6742 0.595397 2.65082 0.160132
607 6745 0.595284 2.65082 0.160121
608 6750 0.595568 2.65082 0.160102
609 6761 0.595176 2.65082 0.160085
610 6769 0.595147 2.65082 0.160119
611 6774 0.595494 2.65082 0.160089
612 6785 0.595311 2.65082 0.160056
613 6789 0.595378 2.65082 0.160028
614 6797 0.595178 2.65082 0.160037
615 6805 0.59536 2.65082 0.159989
616 6809 0.595605 2.65082 0.159962
617 6814 0.595763 2.65082 0.159962
618 6819 0.595949 2.65082 0.15994
619 6823 0.596048 2.65082 0.159944
620 6833 0.595617 2.65082 0.159975
621 6842 0.595538 2.65082 0.160027
622 6848 0.595393 2.65082 0.160034
623 6853 0.595431 2.65082 0.160051
624 6865 0.595453 2.65082 0.160067
625 6872 0.595841 2.65082 0.160051
626 6874 0.595804 2.65082 0.160037
627 6886 0.59544 2.65082 0.160012
628 6892 0.595288 2.65082 0.160018
629 6896 0.595382 2.65082 0.160001
630 6900 0.595556 2.65082 0.159985
631 6908 0.595368 2.65082 0.159912
632 6915 0.595357 2.65082 0.159886
633 6919 0.595454 2.65082 0.159905
634 6927 0.595484 2.65082 0.159864
635 6929 0.595736 2.65082 0.159862
636 6939 0.595565 2.65082 0.159873
637 6945 0.5956 2.65082 0.15986
638 6948 0.595602 2.65082 0.159875
639 6953 0.595756 2.65082 0.159867
640 6960 0.595672 2.65082 0.159874
641 6966 0.595771 2.65082 0.15986
642 6973 0.59561 2.65082 0.159885
643 6981 0.595484 2.65082 0.1599
644 6990 0.595501 2.65082 0.159905
645 6994 0.595592 2.65082 0.159865
646 7002 0.595418 2.65082 0.159879
647 7011 0.59538 2.65082 0.159841
648 7016 0.595202 2.65082 0.159873
649 7021 0.595007 2.65082 0.159874
650 7031 0.595221 2.65082 0.159844
651 7041 0.594967 2.65082 0.159869
652 7049 0.594982 2.65082 0.159887
653 7058 0.59487 2.65082 0.159916
654 7060 0.594887 2.65082 0.159901
655 7065 0.595365 2.65082 0.159908
656 7068 0.595929 2.65082 0.159876
657 7071 0.596424 2.65082 0.159864
658 7076 0.596403 2.65082 0.159878
659 7083 0.59641 2.65082 0.159904
660 7089 0.596415 2.65082 0.159922
661 7095 0.596626 2.65082 0.160012
662 7103 0.59641 2.65082 0.160007
663 7111 0.596307 2.65082 0.160018
664 7117 0.596282 2.65082 0.16002
665 7121 0.596469 2.65082 0.160085
666 7127 0.596419 2.65082 0.160096
667 7134 0.596271 2.65082 0.160083
668 7139 0.596203 2.65082 0.160104
669 7148 0.596213 2.65082 0.160054
670 7156 0.596007 2.65082 0.160048
671 7161 0.596087 2.65082 0.160059
672 7170 0.595798 2.65082 0.160037
673 7178 0.596079 2.65082 0.160052
674 7186 0.596291 2.65082 0.160072
675 7189 0.596692 2.65082 0.160091
676 7196 0.596488 2.65082 0.160111
677 7200 0.596773 2.65082 0.16009
678 7205 0.596975 2.65082 0.160094
679 7210 0.597068 2.65082 0.160088
680 7221 0.597034 2.65082 0.160096
681 7229 0.597 2.65082 0.16004
682 7236 0.597272 2.65082 0.160055
683 7243 0.597212 2.65082 0.16007
684 7249 0.597384 2.65082 0.160079
685 7257 0.597403 2.65082 0.160106
686 7264 0.597558 2.65082 0.160109
687 7270 0.597506 2.65082 0.160122
688 7279 0.597412 2.65082 0.160132
689 7286 0.597592 2.65082 0.16014
690 7294 0.597392 2.65082 0.160153
691 7299 0.597387 2.65082 0.160151
692 7306 0.597402 2.65082 0.160126
693 7310 0.597454 2.65082 0.160097
694 7315 0.597371 2.65082 0.160093
695 7321 0.597522 2.65082 0.160084
696 7326 0.597516 2.65082 0.160119
697 7332 0.597561 2.65082 0.160145
698 7340 0.597265 2.65082 0.160134
699 7345 0.5974 2.65082 0.160176
700 7357 0.597119 2.65082 0.160208
701 7363 0.59705 2.65082 0.16019
702 7371 0.597217 2.65082 0.160173
703 7375 0.597179 2.65082 0.160179
704 7386 0.597095 2.65082 0.160183
705 7387 0.597409 2.65082 0.160194
706 7391 0.597542 2.65082 0.16022
707 7399 0.597621 2.65082 0.160212
708 7408 0.597707 2.65082 0.160201
709 7415 0.597535 2.65082 0.160197
710 7418 0.598139 2.65082 0.160208
711 7423 0.598353 2.65082 0.160231
712 7429 0.598411 2.65082 0.160252
713 7438 0.598031 2.65082 0.160262
714 7447 0.597842 2.65082 0.160297
715 7454 0.597612 2.65082 0.160277
716 7464 0.597407 2.65082 0.160248
717 7468 0.597376 2.65082 0.160271
718 7471 0.597421 2.65082 0.160261
719 7479 0.59723 2.65082 0.160251
720 7485 0.597515 2.65082 0.160223
721 7490 0.597447 2.65082 0.160238
722 7494 0.597524 2.65082 0.160233
723 7500 0.597927 2.65082 0.160244
724 7506 0.597955 2.65082 0.160232
725 7511 0.598205 2.65082 0.160285
726 7517 0.598255 2.65082 0.160267
727 7525 0.598123 2.65082 0.160241
728 7531 0.598199 2.65082 0.160242
729 7533 0.598579 2.65082 0.160232
730 7539 0.598378 2.65082 0.160232
731 7548 0.598063 2.65082 0.16024
732 7556 0.598083 2.65082 0.160228
733 7562 0.59797 2.65082 0.160205
734 7569 0.597861 2.65082 0.160217
735 7574 0.598004 2.65082 0.160191
736 7579 0.597941 2.65082 0.160185
737 7585 0.598037 2.65082 0.160147
738 7593 0.598342 2.65082 0.160149
739 7600 0.598326 2.65082 0.16017
740 7604 0.598579 2.65082 0.160225
741 7609 0.598569 2.65082 0.160252
742 7615 0.598411 2.65082 0.160252
743 7622 0.598296 2.65082 0.160263
744 7626 0.598299 2.65082 0.160254
745 7636 0.598031 2.65082 0.160269
746 7643 0.598028 2.65082 0.160278
747 7651 0.597883 2.65082 0.160251
748 7662 0.597741 2.65082 0.16024
749 7665 0.598063 2.65082 0.160216
750 7671 0.597977 2.65082 0.16024
751 7676 0.597989 2.65082 0.16025
752 7681 0.598073 2.65082 0.160254
753 7685 0.598188 2.65082 0.16024
754 7692 0.598307 2.65082 0.160214
755 7699 0.59822 2.65082 0.160229
756 7702 0.598301 2.65082 0.160249
757 7708 0.598478 2.65082 0.160282
758 7718 0.598282 2.65082 0.160282
759 7724 0.598095 2.65082 0.160278
760 7730 0.598103 2.65082 0.160284
761 7740 0.597803 2.65082 0.160305
762 7746 0.597931 2.65082 0.160324
763 7749 0.597986 2.65082 0.160345
764 7754 0.597923 2.65082 0.160361
765 7760 0.598098 2.65082 0.160404
766 7763 0.598026 2.65082 0.160381
767 7770 0.598111 2.65082 0.160371
768 7777 0.597902 2.65082 0.160339
769 7783 0.597867 2.65082 0.160338
770 7789 0.597831 2.65082 0.160304
771 7794 0.597795 2.65082 0.160295
772 7802 0.597906 2.65082 0.160298
773 7809 0.59805 2.65082 0.160252
774 7815 0.597959 2.65082 0.160235
775 7819 0.598111 2.65082 0.160252
776 7823 0.597935 2.65082 0.160256
777 7824 0.598195 2.65082 0.160247
778 7828 0.598502 2.65082 0.160226
779 7835 0.598242 2.65082 0.160232
780 7840 0.598508 2.65082 0.160236
781 7845 0.598524 2.65082 0.160225
782 7854 0.598631 2.65082 0.160219
783 7858 0.598836 2.65082 0.160203
784 7863 0.59886 2.65082 0.160194
785 7866 0.599007 2.65082 0.160195
786 7873 0.598848 2.65082 0.160177
787 7881 0.598776 2.65082 0.160164
788 7886 0.598631 2.65082 0.160156
789 7894 0.598491 2.65082 0.160111
790 7900 0.598544 2.65082 0.160144
791 7902 0.598785 2.65082 0.160177
792 7907 0.598862 2.65082 0.160202
793 7913 0.598751 2.65082 0.160203
794 7923 0.598401 2.65082 0.160217
795 7928 0.598631 2.65082 0.160225
796 7931 0.5986 2.65082 0.160191
797 7936 0.598338 2.65082 0.160194
798 7945 0.598345 2.65082 0.16013
799 7947 0.59839 2.65082 0.160097
800 7954 0.598284 2.65082 0.160118
801 7955 0.598405 2.65082 0.160132
802 7965 0.598316 2.65082 0.160104
803 7969 0.598621 2.65082 0.160137
804 7981 0.598382 2.65082 0.16012
805 7989 0.598482 2.65082 0.160167
806 7997 0.598237 2.65082 0.160143
807 8008 0.598025 2.65082 0.160171
808 8015 0.598037 2.65082 0.160162
809 8021 0.598061 2.65082 0.160162
810 8029 0.598188 2.65082 0.160227
811 8036 0.598161 2.65082 0.160249
812 8040 0.59807 2.65082 0.160234
813 8043 0.598019 2.65082 0.160253
814 8045 0.598234 2.65082 0.160227
815 8053 0.597958 2.65082 0.160243
816 8061 0.59786 2.65082 0.160257
817 8063 0.597939 2.65082 0.160275
818 8072 0.597656 2.65082 0.160298
819 8077 0.597597 2.65082 0.160323
820 8082 0.597846 2.65082 0.160334
821 8088 0.597739 2.65082 0.160345
822 8096 0.597679 2.65082 0.160351
823 8100 0.597633 2.65082 0.160371
824 8104 0.597745 2.65082 0.160378
825 8108 0.597799 2.65082 0.160395
826 8119 0.597549 2.65082 0.160393
827 8126 0.597454 2.65082 0.160375
828 8131 0.597582 2.65082 0.160395
829 8136 0.597581 2.65082 0.160406
830 8140 0.597723 2.65082 0.160386
831 8146 0.59771 2.65082 0.160413
832 8154 0.597814 2.65082 0.160425
833 8163 0.597857 2.65082 0.160405
834 8170 0.597867 2.65082 0.160417
835 8176 0.598127 2.65082 0.160374
836 8179 0.598155 2.65082 0.160378
837 8186 0.598173 2.65082 0.160376
838 8192 0.598153 2.65082 0.160353
839 8197 0.59805 2.65082 0.160369
840 8204 0.597945 2.65082 0.160366
841 8206 0.598091 2.65082 0.160334
842 8212 0.598137 2.65082 0.160332
843 8214 0.598236 2.65082 0.160317
844 8220 0.598234 2.65082 0.160337
845 8225 0.59821 2.65082 0.160343
846 8231 0.598285 2.65082 0.160371
847 8239 0.598087 2.65082 0.160368
848 8245 0.598188 2.65082 0.160317
849 8251 0.598179 2.65082 0.160308
850 8254 0.598281 2.65082 0.160311
851 8257 0.598267 2.65082 0.160334
852 8265 0.598133 2.65082 0.16035
853 8267 0.598292 2.65082 0.160343
854 8272 0.598672 2.65082 0.160367
855 8277 0.598615 2.65082 0.160344
856 8288 0.598754 2.65082 0.160386
857 8296 0.598805 2.65082 0.160395
858 8302 0.598731 2.65082 0.160376
859 8308 0.598674 2.65082 0.160396
860 8311 0.598705 2.65082 0.160376
861 8314 0.598907 2.65082 0.160375
862 8321 0.598808 2.65082 0.160373
863 8325 0.598946 2.65082 0.160378
864 8330 0.59895 2.65082 0.160357
865 8333 0.598937 2.65082 0.160334
866 8341 0.598755 2.65082 0.160313
867 8351 0.598667 2.65082 0.160297
868 8354 0.598667 2.65082 0.160288
869 8357 0.598791 2.65082 0.160328
870 8365 0.598626 2.65082 0.160326
871 8371 0.598729 2.65082 0.160334
872 8382 0.598739 2.65082 0.160288
873 8388 0.598709 2.65082 0.160281
874 8396 0.598487 2.65082 0.160277
875 8402 0.598454 2.65082 0.160263
876 8404 0.598667 2.65082 0.160229
877 8409 0.598709 2.65082 0.160236
878 8416 0.598544 2.65082 0.160259
879 8423 0.598675 2.65082 0.160265
880 8427 0.598654 2.65082 0.160277
881 8435 0.598429 2.65082 0.16032
882 8438 0.598471 2.65082 0.160333
883 8441 0.598565 2.65082 0.160315
884 8448 0.598614 2.65082 0.160312
885 8454 0.598525 2.65082 0.160297
886 8462 0.598474 2.65082 0.160294
887 8470 0.598539 2.65082 0.160312
888 8472 0.598735 2.65082 0.160305
889 8473 0.599007 2.65082 0.160307
890 8478 0.598943 2.65082 0.160303
891 8481 0.59901 2.65082 0.160304
892 8489 0.598798 2.65082 0.160293
893 8501 0.598594 2.65082 0.160336
894 8504 0.598857 2.65082 0.160307
895 8509 0.59895 2.65082 0.160272
896 8511 0.599139 2.65082 0.160264
897 8523 0.598899 2.65082 0.160254
898 8531 0.598708 2.65082 0.160298
899 8532 0.598931 2.65082 0.160303
900 8534 0.599105 2.65082 0.160299
901 8541 0.599048 2.65082 0.160283
902 8545 0.5991 2.65082 0.160295
903 8551 0.599186 2.65082 0.160283
904 8555 0.599096 2.65082 0.160296
905 8560 0.599332 2.65082 0.160304
906 8563 0.599542 2.65082 0.160283
907 8572 0.599162 2.65082 0.160273
908 8579 0.598947 2.65082 0.160285
909 8584 0.599191 2.65082 0.160264
910 8591 0.599009 2.65082 0.160283
911 8594 0.599098 2.65082 0.160299
912 8599 0.598932 2.65082 0.160283
913 8604 0.598936 2.65082 0.160267
914 8615 0.598747 2.65082 0.160255
915 8619 0.598825 2.65082 0.160273
916 8625 0.598702 2.65082 0.160269
917 8633 0.598563 2.68568 0.160296
918 8642 0.598412 2.68568 0.160281
919 8645 0.598502 2.68568 0.160241
920 8653 0.598665 2.68568 0.160221
921 8658 0.598597 2.68568 0.160233
922 8660 0.598728 2.68568 0.160237
923 8664 0.598761 2.68568 0.160243
924 8669 0.598922 2.68568 0.16025
925 8672 0.598972 2.68568 0.160236
926 8680 0.59894 2.68568 0.160221
927 8687 0.598966 2.68568 0.160204
928 8692 0.598991 2.68568 0.160159
929 8694 0.59925 2.68568 0.160165
930 8699 0.599331 2.68568 0.160149
931 8708 0.599131 2.68568 0.160182
932 8711 0.599138 2.68568 0.160164
933 8719 0.59938 2.68568 0.160174
934 8725 0.599356 2.68568 0.160182
935 8732 0.599544 2.68568 0.160168
936 8737 0.59947 2.68568 0.160175
937 8741 0.599678 2.68568 0.160157
938 8746 0.599706 2.68568 0.160142
939 8752 0.599622 2.68568 0.160139
940 8760 0.599569 2.68568 0.160154
941 8765 0.599783 2.68568 0.160149
942 8767 0.599996 2.68568 0.160144
943 8770 0.600292 2.68568 0.160117
944 8776 0.600255 2.68568 0.160123
945 8784 0.599969 2.68568 0.160117
946 8787 0.600071 2.68568 0.16013
947 8792 0.600049 2.68568 0.160092
948 8799 0.59994 2.68568 0.160074
949 8805 0.600026 2.68568 0.160051
950 8808 0.600433 2.68568 0.160055
951 8815 0.600323 2.68568 0.160052
952 8817 0.600394 2.68568 0.160033
953 8823 0.60021 2.68568 0.159993
954 8829 0.600222 2.68568 0.159981
955 8837 0.600069 2.68568 0.15997
956 8842 0.600383 2.68568 0.159971
957 8847 0.600477 2.68568 0.159983
958 8851 0.600511 2.68568 0.159978
959 8856 0.600328 2.68568 0.159986
960 8860 0.600372 2.68568 0.159988
961 8862 0.600576 2.68568 0.159972
962 8869 0.600532 2.68568 0.159981
963 8874 0.600469 2.68568 0.160005
964 8880 0.60041 2.68568 0.160027
965 8884 0.600652 2.68568 0.160032
966 8890 0.600547 2.68568 0.16004
967 8897 0.600309 2.68568 0.160034
968 8908 0.599968 2.68568 0.160036
969 8912 0.600186 2.68568 0.160058
970 8919 0.600239 2.68568 0.160068
971 8925 0.600387 2.68568 0.160071
972 8930 0.600428 2.68568 0.160078
973 8936 0.600458 2.68568 0.160099
974 8938 0.600666 2.68568 0.160118
975 8944 0.600783 2.68568 0.160116
976 8949 0.600727 2.68568 0.160111
977 8955 0.600919 2.68568 0.160143
978 8960 0.600821 2.68568 0.160111
979 8962 0.600985 2.68568 0.160123
980 8965 0.601018 2.68568 0.160121
981 8968 0.601028 2.68568 0.160131
982 8970 0.601238 2.68568 0.160182
983 8974 0.601206 2.68568 0.160194
984 8978 0.601348 2.68568 0.160167
985 8983 0.601551 2.68568 0.160157
986 8988 0.601463 2.68568 0.160152
987 8989 0.601691 2.68568 0.160133
988 8996 0.60157 2.68568 0.160149
989 9004 0.601493 2.68568 0.160135
990 9008 0.601465 2.68568 0.160121
991 9016 0.601449 2.68568 0.160157
992 9022 0.601372 2.68568 0.160164
993 9024 0.601584 2.68568 0.160153
994 9031 0.601559 2.68568 0.160147
995 9036 0.601475 2.68568 0.160154
996 9040 0.601395 2.68568 0.160148
997 9045 0.601346 2.68568 0.160134
998 9048 0.601272 2.68568 0.16013
999 9052 0.601319 2.68568 0.160088
1000 9058 0.601646 2.68568 0.160138
1001 9061 0.601633 2.68568 0.160164
1002 9070 0.601393 2.68568 0.160128
1003 9074 0.601331 2.68568 0.160094
1004 9079 0.601413 2.68568 0.160095
1005 9083 0.601652 2.68568 0.160088
1006 9087 0.601911 2.68568 0.160102
1007 9090 0.602008 2.68568 0.160102
1008 9094 0.602167 2.68568 0.160092
1009 9103 0.601986 2.68568 0.160079
1010 9109 0.602082 2.68568 0.160094
1011 9114 0.602038 2.68568 0.160116
1012 9115 0.602188 2.68568 0.160085
1013 9118 0.602119 2.68568 0.16006
1014 9124 0.602021 2.68568 0.160034
1015 9127 0.602184 2.68568 0.160019
1016 9129 0.602385 2.68568 0.160015
1017 9136 0.602465 2.68568 0.159996
1018 9141 0.602482 2.68568 0.159974
1019 9142 0.602648 2.68568 0.159952
1020 9149 0.602564 2.68568 0.159973
1021 9154 0.602653 2.68568 0.159976
1022 9160 0.602513 2.68568 0.159969
1023 9166 0.602486 2.68568 0.159946
1024 9170 0.60265 2.68568 0.159977
1025 9174 0.602808 2.68568 0.160023
1026 9176 0.602852 2.68568 0.160019
1027 9180 0.602955 2.68568 0.160029
1028 9184 0.603044 2.68568 0.160013
1029 9187 0.60336 2.68568 0.160027
1030 9191 0.603487 2.68568 0.160019
1031 9193 0.603565 2.68568 0.16001
1032 9197 0.603784 2.68568 0.16004
1033 9201 0.603997 2.68568 0.160029
1034 9202 0.604069 2.68568 0.160046
1035 9208 0.604034 2.68568 0.16006
1036 9214 0.60386 2.68568 0.160069
1037 9223 0.603842 2.68568 0.160112
1038 9227 0.604199 2.68568 0.160087
1039 9231 0.604179 2.68568 0.160084
1040 9238 0.604085 2.68568 0.160086
1041 9243 0.604118 2.68568 0.160095
1042 9250 0.604067 2.68568 0.160086
1043 9254 0.604032 2.68568 0.160096
1044 9256 0.604195 2.68568 0.160086
1045 9257 0.604189 2.68568 0.160087
1046 9261 0.604169 2.68568 0.160102
1047 9269 0.604024 2.68568 0.160081
1048 9272 0.603991 2.68568 0.160056
1049 9279 0.603864 2.68568 0.160055
1050 9283 0.603807 2.68568 0.160051
1051 9287 0.603954 2.68568 0.160038
1052 9292 0.603947 2.68568 0.160029
1053 9293 0.604 2.68568 0.160039
1054 9298 0.603988 2.68568 0.160032
1055 9300 0.604354 2.68568 0.160007
1056 9304 0.604513 2.68568 0.159985
1057 9304 0.604623 2.68568 0.159987
1058 9310 0.604395 2.68568 0.160004
1059 9314 0.604356 2.68568 0.159988
1060 9315 0.604493 2.68568 0.159976
1061 9319 0.604505 2.68568 0.160003
1062 9321 0.604537 2.68568 0.160002
1063 9325 0.604464 2.68568 0.159995
1064 9327 0.604601 2.68568 0.15997
1065 9330 0.604569 2.68568 0.159987
1066 9334 0.604953 2.68568 0.160005
1067 9338 0.605 2.68568 0.159997
1068 9340 0.605245 2.68568 0.160016
1069 9344 0.605248 2.68568 0.160017
1070 9349 0.605282 2.68568 0.160017
1071 9352 0.605296 2.68568 0.160014
1072 9356 0.605246 2.68568 0.160004
1073 9360 0.605369 2.68568 0.159999
1074 9362 0.605509 2.68568 0.160018
1075 9365 0.605662 2.68568 0.160017
1076 9367 0.605614 2.68568 0.160013
1077 9371 0.605601 2.68568 0.159979
1078 9377 0.605398 2.68568 0.159993
1079 9381 0.605452 2.68568 0.16002
1080 9385 0.605409 2.68568 0.160031
1081 9390 0.605469 2.68568 0.160028
1082 9393 0.605402 2.68568 0.160029
1083 9396 0.605525 2.68568 0.160028
1084 9398 0.60563 2.68568 0.16002
1085 9402 0.605595 2.68568 0.160033
1086 9404 0.605665 2.68568 0.16005
1087 9409 0.605691 2.68568 0.160058
1088 9415 0.605721 2.68568 0.160077
1089 9418 0.605695 2.68568 0.160048
1090 9421 0.605656 2.68568 0.160046
1091 9423 0.605723 2.68568 0.160035
1092 9430 0.605902 2.68568 0.160049
1093 9434 0.605994 2.68568 0.160045
1094 9436 0.606171 2.68568 0.160063
1095 9441 0.606078 2.68568 0.160075
1096 9443 0.60622 2.68568 0.160067
1097 9446 0.606203 2.68568 0.160068
1098 9450 0.606226 2.68568 0.160088
1099 9455 0.606261 2.68568 0.160074
1100 9457 0.606329 2.68568 0.160064
1101 9462 0.60665 2.68568 0.160064
1102 9466 0.606672 2.68568 0.160057
1103 9474 0.60653 2.68568 0.160064
1104 9479 0.606444 2.68568 0.160065
1105 9484 0.606423 2.68568 0.160074
1106 9489 0.606515 2.68568 0.160056
1107 9490 0.606547 2.68568 0.160058
1108 9493 0.606463 2.68568 0.160071
1109 9496 0.606452 2.68568 0.16005
1110 9496 0.60651 2.68568 0.160053
1111 9502 0.60644 2.68568 0.160059
1112 9504 0.606475 2.68568 0.160072
1113 9509 0.60658 2.68568 0.160055
1114 9513 0.606631 2.68568 0.160062
1115 9514 0.60677 2.68568 0.160068
1116 9517 0.606848 2.68568 0.16005
1117 9519 0.6068 2.68568 0.160048
1118 9522 0.606801 2.68568 0.160061
1119 9524 0.606933 2.68568 0.160031
1120 9531 0.606945 2.68568 0.160019
1121 9539 0.606855 2.68568 0.160032
1122 9542 0.607023 2.68568 0.160038
1123 9546 0.607184 2.68568 0.160007
1124 9547 0.607194 2.68568 0.159999
1125 9553 0.607164 2.68568 0.159995
1126 9556 0.607279 2.68568 0.159991
1127 9565 0.607277 2.68568 0.160007
1128 9569 0.607412 2.68568 0.160016
1129 9576 0.60747 2.68568 0.160018
1130 9582 0.607428 2.68568 0.160028
1131 9591 0.607163 2.68568 0.160016
1132 9596 0.60732 2.68568 0.160029
1133 9600 0.607383 2.68568 0.160003
1134 9605 0.607383 2.68568 0.159991
1135 9608 0.607515 2.68568 0.160028
1136 9614 0.607617 2.68568 0.160008
1137 9618 0.607724 2.68568 0.160038
1138 9624 0.607699 2.68568 0.160048
1139 9626 0.607734 2.68568 0.160038
1140 9631 0.607655 2.68568 0.160026
1141 9635 0.607577 2.68568 0.160037
1142 9638 0.607834 2.68568 0.160054
1143 9642 0.607793 2.68568 0.160046
1144 9642 0.608111 2.68568 0.160048
1145 9645 0.608216 2.68568 0.160065
1146 9650 0.608105 2.68568 0.16007
1147 9653 0.608141 2.68568 0.160049
1148 9658 0.608152 2.68568 0.160055
1149 9660 0.608193 2.68568 0.160038
1150 9663 0.608337 2.68568 0.160044
1151 9664 0.608512 2.68568 0.160049
1152 9671 0.608358 2.68568 0.160037
1153 9674 0.608317 2.68568 0.160019
1154 9683 0.608143 2.68568 0.160012
1155 9687 0.608056 2.68568 0.160003
1156 9691 0.608152 2.68568 0.160022
1157 9695 0.608237 2.68568 0.160008
1158 9702 0.608011 2.68568 0.160015
1159 9707 0.608004 2.68568 0.160027
1160 9715 0.607973 2.68568 0.160032
1161 9723 0.60769 2.68568 0.16002
1162 9727 0.60782 2.68568 0.16002
1163 9731 0.607899 2.68568 0.160025
1164 9735 0.607855 2.68568 0.16005
1165 9741 0.607729 2.68568 0.160048
1166 9743 0.6078 2.68568 0.160042
1167 9748 0.607833 2.68568 0.160062
1168 9754 0.608035 2.68568 0.160064
1169 9755 0.608203 2.68568 0.160064
1170 9758 0.608209 2.68568 0.160043
1171 9761 0.60821 2.68568 0.160038
1172 9765 0.608396 2.68568 0.160084
1173 9767 0.608474 2.68568 0.160072
1174 9772 0.608415 2.68568 0.16005
1175 9777 0.60837 2.68568 0.160058
1176 9782 0.608197 2.68568 0.160066
1177 9783 0.608394 2.68568 0.160081
1178 9785 0.608502 2.68568 0.160065
1179 9789 0.60837 2.68568 0.160056
1180 9793 0.608421 2.68568 0.160048
1181 9795 0.608561 2.68568 0.160057
1182 9802 0.608599 2.68568 0.160065
1183 9807 0.608431 2.68568 0.160072
1184 9813 0.608542 2.68568 0.160055
1185 9818 0.608454 2.68568 0.160031
1186 9823 0.60849 2.68568 0.160032
1187 9828 0.60839 2.68568 0.160031
1188 9832 0.608528 2.68568 0.160037
1189 9837 0.608687 2.68568 0.16003
1190 9844 0.608512 2.68568 0.160033
1191 9847 0.608639 2.68568 0.160029
1192 9853 0.608564 2.68568 0.160048
1193 9857 0.608635 2.68568 0.16003
1194 9860 0.608794 2.68568 0.160025
1195 9866 0.608599 2.68568 0.160007
1196 9869 0.608611 2.68568 0.159985
1197 9873 0.608666 2.68568 0.159981
1198 9882 0.608637 2.68568 0.159969
1199 9883 0.6088 2.68568 0.159971
1200 9887 0.608887 2.68568 0.159986
1201 9894 0.60879 2.68568 0.159991
1202 9899 0.608743 2.68568 0.15999
1203 9901 0.608883 2.68568 0.159984
1204 9906 0.609129 2.68568 0.159982
1205 9910 0.609031 2.68568 0.159978
1206 9910 0.609141 2.68568 0.16
1207 9911 0.609245 2.68568 0.159998
1208 9914 0.609301 2.68568 0.159994
1209 9917 0.609294 2.68568 0.159994
1210 9920 0.609536 2.68568 0.159994
1211 9924 0.609596 2.68568 0.159997
1212 9927 0.609672 2.68568 0.159976
1213 9928 0.609723 2.68568 0.159978
1214 9933 0.609682 2.68568 0.159979
1215 9936 0.609744 2.68568 0.159992
1216 9941 0.609633 2.68568 0.159983
1217 9945 0.609735 2.68568 0.160009
1218 9946 0.609894 2.68568 0.159993
1219 9950 0.609835 2.68568 0.159993
1220 9958 0.609633 2.68568 0.160005
1221 9961 0.609609 2.68568 0.160021
1222 9963 0.609714 2.68568 0.160001
1223 9966 0.609861 2.68568 0.160027
1224 9974 0.609779 2.68568 0.160024
1225 9979 0.609728 2.68568 0.16003
1226 9987 0.60945 2.68568 0.160055
1227 9991 0.609487 2.68568 0.160051
1228 9994 0.609492 2.68568 0.160041
1229 10000 0.609396 2.68568 0.16001
1230 10004 0.60941 2.68568 0.160025
1231 10005 0.609598 2.68568 0.160037
1232 10007 0.609672 2.68568 0.160052
1233 10011 0.609709 2.68568 0.160064
1234 10012 0.609825 2.68568 0.160053
1235 10016 0.609871 2.68568 0.16005
1236 10021 0.609933 2.68568 0.160034
1237 10024 0.609935 2.68568 0.160027
1238 10027 0.609876 2.68568 0.160038
1239 10029 0.609937 2.68568 0.160058
1240 10034 0.609766 2.68568 0.160086
1241 10041 0.609658 2.68568 0.160106
1242 10045 0.609602 2.68568 0.160116
1243 10048 0.609637 2.68568 0.160107
1244 10050 0.609775 2.68568 0.160096
1245 10053 0.609836 2.68568 0.160064
1246 10056 0.609781 2.68568 0.160062
1247 10058 0.610031 2.68568 0.160051
1248 10061 0.610056 2.68568 0.160044
1249 10066 0.610143 2.68568 0.160034
1250 10070 0.61015 2.68568 0.160033
1251 10072 0.61027 2.68568 0.160029
1252 10076 0.610149 2.68568 0.160016
1253 10079 0.610072 2.68568 0.159995
1254 10082 0.61019 2.68568 0.159954
1255 10088 0.610039 2.68568 0.159951
1256 10090 0.610065 2.68568 0.159951
1257 10093 0.61016 2.68568 0.159973
1258 10098 0.610101 2.68568 0.159965
1259 10101 0.610071 2.68568 0.15996
1260 10106 0.61014 2.68568 0.159937
1261 10108 0.610196 2.68568 0.159944
1262 10113 0.610278 2.68568 0.159931
1263 10116 0.610316 2.68568 0.159929
1264 10121 0.610364 2.68568 0.159942
1265 10123 0.610471 2.68568 0.159949
1266 10129 0.610373 2.68568 0.159937
1267 10135 0.610406 2.68568 0.159925
1268 10136 0.61057 2.68568 0.159909
1269 10140 0.610575 2.68568 0.159924
1270 10144 0.610531 2.68568 0.159945
1271 10147 0.610662 2.68568 0.159932
1272 10151 0.610782 2.68568 0.159947
1273 10154 0.610794 2.68568 0.15993
1274 10157 0.610764 2.68568 0.159926
1275 10163 0.610684 2.68568 0.159919
1276 10165 0.610745 2.68568 0.159921
1277 10169 0.610795 2.68568 0.159934
1278 10171 0.611021 2.68568 0.159957
1279 10175 0.61105 2.68568 0.159963
1280 10178 0.611112 2.68568 0.159965
1281 10181 0.611048 2.68568 0.15996
1282 10182 0.611243 2.68568 0.159991
1283 10186 0.611252 2.68568 0.160006
1284 10192 0.611305 2.68568 0.160004
1285 10198 0.611294 2.68568 0.159996
1286 10200 0.611461 2.68568 0.159967
1287 10204 0.611355 2.68568 0.159939
1288 10212 0.611272 2.68568 0.159921
1289 10214 0.611424 2.68568 0.159926
1290 10218 0.611371 2.68568 0.159919
1291 10226 0.611294 2.68568 0.1599
1292 10229 0.611414 2.68568 0.159916
1293 10237 0.611274 2.68568 0.159905
1294 10240 0.611359 2.68568 0.159926
1295 10247 0.6112 2.68568 0.159904
1296 10250 0.611261 2.68568 0.159904
1297 10253 0.611468 2.68568 0.159926
1298 10254 0.611572 2.68568 0.159924
1299 10257 0.611558 2.68568 0.159924
1300 10259 0.6117 2.68568 0.15991
1301 10263 0.611722 2.68568 0.159901
1302 10265 0.611756 2.68568 0.159892
1303 10267 0.611746 2.68568 0.159894
1304 10272 0.611598 2.68568 0.159899
1305 10272 0.61169 2.68568 0.159894
1306 10275 0.611884 2.68568 0.159865
1307 10284 0.611787 2.68568 0.159881
1308 10287 0.611796 2.68568 0.159875
1309 10289 0.612186 2.68568 0.159898
1310 10291 0.612348 2.68568 0.159901
1311 10296 0.61228 2.68568 0.159894
1312 10300 0.612378 2.68568 0.159918
1313 10303 0.612525 2.68568 0.15988
1314 10308 0.612543 2.68568 0.159875
1315 10310 0.612644 2.68568 0.159881
1316 10312 0.612753 2.68568 0.159869
1317 10315 0.612831 2.68568 0.159877
1318 10320 0.612931 2.68568 0.159875
1319 10322 0.613014 2.68568 0.159871
1320 10325 0.613169 2.68568 0.15986
1321 10330 0.613171 2.68568 0.159861
1322 10332 0.613193 2.68568 0.159869
1323 10335 0.613085 2.68568 0.159871
1324 10336 0.613193 2.68568 0.15987
1325 10341 0.613186 2.68568 0.159887
1326 10344 0.613143 2.68568 0.159874
1327 10346 0.613148 2.68568 0.15987
1328 10349 0.613127 2.68568 0.15988
1329 10350 0.613212 2.68568 0.159904
1330 10355 0.61306 2.68568 0.159884
1331 10359 0.61327 2.68568 0.159886
1332 10361 0.613275 2.68568 0.159883
1333 10366 0.613206 2.68568 0.159892
1334 10371 0.613106 2.68568 0.159903
1335 10375 0.613295 2.68568 0.159912
1336 10380 0.613348 2.68568 0.159933
1337 10385 0.613587 2.68568 0.159967
1338 10388 0.61354 2.68568 0.159974
1339 10391 0.613626 2.68568 0.159969
1340 10393 0.613613 2.68568 0.159973
1341 10401 0.613545 2.68568 0.159997
1342 10406 0.613669 2.68568 0.160006
1343 10409 0.613701 2.68568 0.159993
1344 10416 0.613496 2.68568 0.159991
1345 10421 0.613506 2.68568 0.160004
1346 10428 0.613259 2.68568 0.160012
1347 10431 0.613272 2.68568 0.159993
1348 10436 0.613244 2.68568 0.159999
1349 10439 0.613386 2.68568 0.160024
1350 10445 0.613356 2.68568 0.159998
1351 10445 0.613683 2.68568 0.159995
1352 10447 0.613826 2.68568 0.159997
1353 10450 0.613959 2.68568 0.159975
1354 10453 0.614107 2.68568 0.159994
1355 10457 0.614104 2.68568 0.159992
1356 10461 0.614105 2.68568 0.160002
1357 10462 0.614305 2.68568 0.159984
1358 10465 0.614361 2.68568 0.15998
1359 10473 0.614241 2.68568 0.159988
1360 10476 0.614235 2.68568 0.160007
1361 10480 0.614237 2.68568 0.160009
1362 10484 0.614266 2.68568 0.160032
1363 10486 0.614427 2.68568 0.160024
1364 10490 0.614652 2.68568 0.160005
1365 10494 0.614566 2.68568 0.160002
1366 10494 0.614849 2.68568 0.160018
1367 10497 0.614933 2.68568 0.160011
1368 10499 0.615047 2.68568 0.160012
1369 10503 0.615125 2.68568 0.159972
1370 10507 0.615055 2.68568 0.159965
1371 10513 0.61492 2.68568 0.15998
1372 10514 0.614917 2.68568 0.159972
1373 10518 0.614991 2.68568 0.159965
1374 10522 0.615179 2.68568 0.159979
1375 10528 0.615139 2.68568 0.159972
1376 10530 0.615292 2.68568 0.15998
1377 10531 0.615408 2.68568 0.159966
1378 10535 0.6154 2.68568 0.159955
1379 10539 0.61553 2.68568 0.159957
1380 10542 0.615572 2.68568 0.159971
1381 10547 0.615688 2.68568 0.159979
