0 40 4.8819 6.26776 0.161287
1 81 4.85651 6.26776 0.160592
2 114 4.9391 6.26776 0.162804
3 146 4.94564 6.26776 0.164408
4 171 4.93249 6.48012 0.163963
5 187 4.93438 6.48012 0.163597
6 203 4.95051 6.48012 0.164063
7 224 4.95882 6.48012 0.164556
8 243 5.01014 6.48012 0.164456
9 265 5.02125 6.48012 0.166137
10 281 5.03429 6.48012 0.167477
11 299 5.01934 6.49862 0.166854
12 310 5.03365 6.49862 0.166553
13 323 5.05381 6.6646 0.166083
14 335 5.05987 6.6646 0.167109
15 350 5.07587 6.6646 0.167187
16 365 5.07887 6.6646 0.166311
17 378 5.08214 6.6646 0.165844
18 391 5.08032 6.87483 0.166084
19 407 5.0813 7.00512 0.165
20 414 5.09714 7.00512 0.165483
21 426 5.10918 7.00512 0.165325
22 435 5.12148 7.00512 0.165353
23 443 5.12419 7.00512 0.165133
24 452 5.12875 7.00512 0.165402
25 463 5.13959 7.00512 0.165554
26 472 5.14023 7.00512 0.165309
27 482 5.16656 7.00512 0.164606
28 493 5.17103 7.00512 0.164593
29 503 5.17479 7.00512 0.164468
30 509 5.18516 7.00512 0.163911
31 520 5.20221 7.00512 0.163949
32 530 5.19601 7.00512 0.163669
33 537 5.20096 7.00512 0.164302
34 545 5.20623 7.00512 0.164716
35 553 5.20957 7.00512 0.165188
36 561 5.20624 7.00512 0.164977
37 569 5.209 7.00512 0.16541
38 576 5.20478 7.00512 0.165407
39 586 5.21929 7.00512 0.165221
40 590 5.22646 7.00512 0.165125
41 598 5.22568 7.12715 0.165203
42 607 5.23256 7.12715 0.165098
43 615 5.23588 7.12715 0.165305
44 621 5.23784 7.12715 0.165514
45 627 5.24015 7.12715 0.165722
46 634 5.23921 7.12715 0.16567
47 641 5.2399 7.12715 0.165368
48 652 5.24691 7.1745 0.164887
49 657 5.26344 7.1745 0.164249
50 664 5.26595 7.1745 0.164593
51 672 5.25667 7.1745 0.164716
52 678 5.26584 7.1745 0.164325
53 684 5.27089 7.1745 0.164204
54 687 5.28139 7.1745 0.164295
55 692 5.28715 7.1745 0.164044
56 696 5.28671 7.1745 0.164018
57 701 5.28997 7.1745 0.163749
58 707 5.29396 7.1745 0.163609
59 710 5.2988 7.1745 0.163359
60 719 5.2992 7.1745 0.163792
61 721 5.30262 7.1745 0.16388
62 726 5.29932 7.1745 0.164002
63 728 5.3021 7.1745 0.163951
64 734 5.31903 7.1745 0.163544
65 739 5.32312 7.1745 0.163521
66 745 5.32556 7.1745 0.163304
67 748 5.33588 7.1745 0.163185
68 753 5.34027 7.1745 0.163084
69 756 5.34229 7.1745 0.163277
70 762 5.33987 7.1745 0.163126
71 768 5.34497 7.1745 0.163249
72 774 5.35509 7.18361 0.163455
73 778 5.36532 7.18361 0.163541
74 783 5.3723 7.18361 0.163357
75 786 5.37543 7.18361 0.163416
76 789 5.37397 7.18361 0.163422
77 794 5.37518 7.18361 0.163571
78 799 5.37242 7.18361 0.163749
79 806 5.37737 7.18361 0.163781
80 812 5.37558 7.18361 0.163694
81 813 5.38144 7.18361 0.163462
82 819 5.38791 7.18361 0.16295
83 822 5.38725 7.18361 0.163046
84 826 5.38413 7.18361 0.163101
85 828 5.38758 7.18361 0.163235
86 837 5.38642 7.18361 0.163342
87 841 5.38978 7.18361 0.163316
88 845 5.39861 7.18361 0.163511
89 847 5.40273 7.18361 0.163261
90 850 5.40632 7.18361 0.16325
91 856 5.40624 7.18361 0.163256
92 860 5.40278 7.18361 0.163253
93 861 5.40652 7.18361 0.163102
94 864 5.40397 7.18361 0.163054
95 868 5.40945 7.18361 0.162936
96 874 5.40191 7.18361 0.163134
97 883 5.399 7.18361 0.16318
98 884 5.40272 7.18361 0.163075
99 884 5.41109 7.18361 0.163135
100 887 5.41392 7.38393 0.163404
101 887 5.42486 7.38393 0.163135
102 887 5.42661 7.38393 0.163088
103 895 5.42324 7.38393 0.163141
104 899 5.42715 7.38393 0.16315
105 903 5.43006 7.69433 0.163224
106 906 5.42941 7.69433 0.163187
107 913 5.42098 7.69433 0.163084
108 915 5.42276 7.69433 0.163149
109 918 5.41918 7.69433 0.163057
110 920 5.42542 7.69433 0.162864
111 925 5.42282 7.69433 0.163055
112 930 5.41821 7.69433 0.16317
113 934 5.42027 7.69433 0.163369
114 939 5.41882 7.69433 0.163354
115 942 5.41864 7.69433 0.163354
116 943 5.42162 7.69433 0.163399
117 945 5.42846 7.69433 0.163287
118 950 5.43066 7.69433 0.1633
119 953 5.44286 7.69433 0.163589
120 959 5.44431 7.69433 0.163615
121 962 5.44933 7.69433 0.163667
122 966 5.44207 7.69433 0.163836
123 970 5.4425 7.69433 0.163644
124 974 5.43901 7.69433 0.163644
125 975 5.43795 7.69433 0.163713
126 976 5.44142 7.69433 0.16362
127 977 5.44406 7.69433 0.163812
128 978 5.44617 7.69433 0.163626
129 980 5.4489 7.69433 0.163624
130 984 5.44265 7.69433 0.163767
131 987 5.44208 7.69433 0.163824
132 993 5.43712 7.69433 0.163725
133 995 5.43777 7.69433 0.163573
134 999 5.43762 7.69433 0.163509
135 1002 5.43834 7.69433 0.163271
136 1008 5.43222 7.69433 0.163453
137 1010 5.43379 7.69433 0.163431
138 1014 5.43148 7.69433 0.16352
139 1016 5.43413 7.69433 0.163607
140 1021 5.42711 7.69433 0.163406
141 1024 5.43095 7.69433 0.163454
142 1026 5.42985 7.69433 0.163522
143 1028 5.43208 7.69433 0.163529
144 1029 5.43549 7.69433 0.163534
145 1032 5.43414 7.69433 0.163486
146 1037 5.4318 7.69433 0.163534
147 1041 5.43042 7.69433 0.163583
148 1042 5.43215 7.69433 0.163631
149 1049 5.42439 7.69433 0.163721
150 1054 5.42859 7.69433 0.16346
151 1058 5.42699 7.69433 0.163389
152 1061 5.4334 7.69433 0.163348
153 1062 5.44005 7.69433 0.163363
154 1062 5.44531 7.69433 0.162987
155 1063 5.45059 7.69433 0.162834
156 1070 5.4491 7.69433 0.162853
157 1071 5.44978 7.69433 0.162833
158 1077 5.44747 7.69433 0.162759
159 1077 5.45019 7.69433 0.162755
160 1081 5.45175 7.69433 0.162696
161 1082 5.45252 7.77046 0.162676
162 1086 5.45043 7.77046 0.162627
163 1089 5.45091 7.77046 0.162468
164 1094 5.44657 7.77046 0.162371
165 1098 5.44727 7.77046 0.162302
166 1104 5.44645 7.77046 0.162372
167 1106 5.45085 7.77046 0.162463
168 1108 5.45463 7.77046 0.162509
169 1111 5.45697 7.77046 0.162439
170 1113 5.4591 7.77046 0.162491
171 1115 5.45997 7.77046 0.162493
172 1118 5.45685 7.77046 0.162332
173 1124 5.45394 7.77046 0.162471
174 1126 5.45205 7.77046 0.162474
175 1126 5.45529 7.77046 0.162413
176 1127 5.45718 7.77046 0.162334
177 1129 5.45672 7.77046 0.162506
178 1133 5.45395 7.77046 0.162467
179 1136 5.45212 7.77046 0.162466
180 1138 5.45544 7.77046 0.162617
181 1140 5.45497 7.77046 0.162681
182 1143 5.45126 7.77046 0.162675
183 1144 5.45287 7.77046 0.162584
184 1144 5.45819 7.77046 0.162705
185 1146 5.45907 7.77046 0.162586
186 1150 5.46197 7.77046 0.162357
187 1152 5.46222 7.77046 0.162365
188 1152 5.46546 7.77046 0.162325
189 1155 5.46764 7.77046 0.16236
190 1157 5.46701 7.77046 0.162349
191 1158 5.46857 7.77046 0.162345
192 1160 5.4689 7.77046 0.162291
193 1161 5.46997 7.77046 0.162193
194 1164 5.46899 7.77046 0.162243
195 1166 5.47042 7.77046 0.162254
196 1168 5.4698 7.77046 0.162274
197 1172 5.46912 7.77046 0.162179
198 1176 5.47087 7.77046 0.162385
199 1178 5.4721 7.77046 0.162316
200 1179 5.47371 7.77046 0.162323
201 1179 5.47523 7.77046 0.162381
202 1180 5.47479 7.77046 0.162328
203 1182 5.47346 7.77046 0.162318
204 1183 5.47412 7.77046 0.162379
205 1187 5.473 7.78382 0.16213
206 1190 5.47032 7.78382 0.162026
207 1193 5.47506 7.78382 0.162083
208 1194 5.47488 7.78382 0.161968
209 1196 5.47265 7.78382 0.161951
210 1199 5.47128 7.78382 0.162094
211 1201 5.47417 7.78382 0.161922
212 1203 5.47588 7.78382 0.162051
213 1205 5.4764 7.78382 0.162072
214 1207 5.47463 7.78382 0.162034
215 1210 5.47106 7.78382 0.161948
216 1214 5.47136 7.78382 0.161923
217 1219 5.46807 7.78382 0.161811
218 1219 5.46882 7.78382 0.161897
219 1220 5.46864 7.78382 0.161904
220 1220 5.47209 7.78382 0.161897
221 1222 5.47113 7.78382 0.161943
222 1225 5.4698 7.78382 0.161896
223 1226 5.4727 7.78382 0.161789
224 1226 5.47632 7.78382 0.161786
225 1227 5.47474 7.78382 0.161692
226 1227 5.47851 7.78382 0.161481
227 1227 5.48056 7.78382 0.161514
228 1229 5.48277 7.78382 0.161489
229 1232 5.48806 7.78382 0.161518
230 1235 5.48885 7.78382 0.161552
231 1240 5.48029 7.78382 0.161586
232 1243 5.4822 7.78382 0.161666
233 1246 5.48282 7.78382 0.161641
234 1249 5.4813 7.78382 0.161624
235 1253 5.47944 7.78382 0.161632
236 1255 5.4804 7.84589 0.161486
237 1256 5.47982 7.84589 0.161424
238 1257 5.48103 7.84589 0.161424
239 1257 5.48225 7.84589 0.161384
240 1259 5.47988 7.84589 0.161409
241 1260 5.4819 7.84589 0.161409
242 1261 5.48285 7.84589 0.161349
243 1263 5.48169 7.84589 0.161273
244 1264 5.48377 7.84589 0.161239
245 1266 5.48533 7.84589 0.161088
246 1270 5.47846 7.84589 0.161088
247 1271 5.47858 7.84589 0.161151
248 1272 5.47969 7.84589 0.161118
249 1274 5.47872 7.84589 0.161271
250 1279 5.47341 7.84589 0.161517
251 1280 5.47426 7.84589 0.16144
252 1281 5.47654 7.84589 0.16158
253 1284 5.47314 7.84589 0.161617
254 1284 5.47694 7.84589 0.161503
255 1288 5.47323 7.84589 0.161458
256 1290 5.47234 7.84589 0.161417
257 1291 5.47347 7.84589 0.161412
258 1292 5.48018 7.84589 0.161447
259 1294 5.48005 7.84589 0.161483
260 1297 5.48018 7.84589 0.161451
261 1300 5.48116 7.84589 0.161446
262 1302 5.47858 7.84589 0.16137
263 1304 5.47802 8.00319 0.161425
264 1307 5.47641 8.00319 0.161312
265 1310 5.47543 8.00319 0.161294
266 1314 5.47368 8.00319 0.161221
267 1317 5.47612 8.00319 0.161306
268 1317 5.4782 8.00319 0.161277
269 1320 5.47728 8.00319 0.161181
270 1321 5.47711 8.00319 0.161151
271 1322 5.47833 8.00319 0.161138
272 1323 5.47935 8.00319 0.161186
273 1325 5.47786 8.00319 0.16114
274 1326 5.48106 8.00319 0.161173
275 1327 5.48035 8.00319 0.16122
276 1328 5.48092 8.00319 0.16114
277 1329 5.47988 8.00319 0.161162
278 1330 5.48324 8.00319 0.161121
279 1330 5.48622 8.00319 0.161122
280 1334 5.48681 8.00319 0.161064
281 1337 5.48699 8.00319 0.16116
282 1340 5.48759 8.00319 0.161231
283 1343 5.48517 8.00319 0.161232
284 1345 5.48515 8.00319 0.161341
285 1346 5.48467 8.00319 0.161266
286 1348 5.48533 8.00319 0.161305
287 1348 5.48698 8.00319 0.161303
288 1348 5.4883 8.00319 0.161356
289 1349 5.48891 8.00319 0.161328
290 1351 5.48708 8.00319 0.161342
291 1356 5.4833 8.00319 0.161399
292 1359 5.48149 8.00319 0.161384
293 1361 5.48266 8.00319 0.161423
294 1364 5.48 8.00319 0.161382
295 1365 5.48184 8.00319 0.161289
296 1366 5.48346 8.00319 0.161292
297 1369 5.48195 8.00319 0.161416
298 1376 5.47922 8.00319 0.161456
299 1377 5.47931 8.00319 0.16157
300 1379 5.48057 8.00319 0.161611
301 1381 5.48444 8.00319 0.161587
302 1381 5.48495 8.00319 0.161546
303 1383 5.48263 8.00319 0.161471
304 1385 5.48297 8.00319 0.161516
305 1386 5.48465 8.00319 0.161532
306 1388 5.48567 8.00319 0.161615
307 1391 5.48726 8.00319 0.161845
308 1392 5.48887 8.00319 0.161855
309 1394 5.48792 8.00319 0.161812
310 1397 5.48371 8.00319 0.16173
311 1398 5.4846 8.00319 0.161646
312 1401 5.48301 8.00319 0.161608
313 1403 5.48278 8.00319 0.161552
314 1404 5.48383 8.00319 0.161436
315 1406 5.48392 8.00319 0.161511
316 1407 5.4851 8.00319 0.161556
317 1408 5.48514 8.00319 0.161515
318 1411 5.48541 8.00319 0.161498
319 1411 5.48702 8.00319 0.161461
320 1413 5.48463 8.00319 0.161483
321 1415 5.48687 8.00319 0.161353
322 1418 5.4873 8.00319 0.161462
323 1419 5.48792 8.00319 0.161353
324 1421 5.48484 8.00319 0.1615
325 1422 5.48456 8.00319 0.16159
326 1423 5.48589 8.00319 0.161519
327 1424 5.48936 8.00319 0.161516
328 1427 5.48725 8.00319 0.161459
329 1429 5.48439 8.00319 0.161487
330 1430 5.48353 8.00319 0.161461
331 1431 5.48492 8.00319 0.161512
332 1431 5.48719 8.00319 0.161532
333 1432 5.48772 8.00319 0.161577
334 1435 5.48733 8.00319 0.161519
335 1437 5.48796 8.00319 0.161509
336 1439 5.48956 8.00319 0.161682
337 1440 5.4881 8.00319 0.161648
338 1442 5.48684 8.00319 0.161594
339 1443 5.48818 8.00319 0.161512
340 1443 5.49178 8.00319 0.161645
341 1445 5.49054 8.00319 0.161673
342 1448 5.4863 8.00319 0.16162
343 1448 5.48843 8.00319 0.161591
344 1448 5.48906 8.00319 0.161559
345 1449 5.48853 8.00319 0.161559
346 1449 5.49094 8.00319 0.161603
347 1449 5.49201 8.00319 0.161622
348 1450 5.49288 8.00319 0.161571
349 1450 5.49461 8.00319 0.161574
350 1450 5.49696 8.00319 0.161564
351 1451 5.49607 8.00319 0.161569
352 1455 5.49454 8.00319 0.161558
353 1456 5.4953 8.00319 0.161535
354 1459 5.49522 8.00319 0.161522
355 1461 5.49331 8.00319 0.161455
356 1463 5.4937 8.00319 0.161503
357 1463 5.49713 8.00319 0.161509
358 1463 5.49879 8.00319 0.161579
359 1464 5.49923 8.00319 0.16151
360 1465 5.50014 8.00319 0.161576
361 1466 5.50147 8.00319 0.161524
362 1467 5.5013 8.00319 0.161515
363 1467 5.50577 8.00319 0.161457
364 1470 5.50427 8.00319 0.161522
365 1473 5.50323 8.00319 0.1615
366 1478 5.5032 8.00319 0.161452
367 1479 5.50409 8.00319 0.161471
368 1479 5.50522 8.00319 0.16149
369 1480 5.50713 8.00319 0.161325
370 1480 5.50853 8.00319 0.161426
371 1482 5.50566 8.00319 0.16137
372 1484 5.50379 8.00319 0.161398
373 1486 5.50273 8.00319 0.161413
374 1487 5.50377 8.00319 0.161479
375 1487 5.50409 8.00319 0.161528
376 1491 5.50175 8.00319 0.161616
377 1494 5.50078 8.00319 0.161595
378 1494 5.50239 8.00319 0.16167
379 1496 5.50187 8.00319 0.16174
380 1499 5.50005 8.00319 0.161796
381 1502 5.49748 8.00319 0.161814
382 1504 5.4973 8.00319 0.16181
383 1505 5.49769 8.00319 0.161804
384 1506 5.49703 8.00319 0.161743
385 1509 5.4968 8.00319 0.161742
386 1511 5.49904 8.00319 0.161877
387 1513 5.50002 8.00319 0.161951
388 1517 5.49651 8.00319 0.162051
389 1523 5.49074 8.00319 0.161987
390 1524 5.49024 8.00319 0.161957
391 1526 5.48939 8.00319 0.161913
392 1529 5.49023 8.00319 0.161947
393 1531 5.48875 8.00319 0.161943
394 1533 5.48866 8.00319 0.161957
395 1534 5.48762 8.00319 0.162011
396 1535 5.48859 8.00319 0.161999
397 1535 5.4918 8.00319 0.161948
398 1535 5.49284 8.00319 0.161876
399 1536 5.49485 8.00319 0.161799
400 1537 5.49452 8.00319 0.161807
401 1538 5.49469 8.00319 0.161795
402 1539 5.49516 8.00319 0.161785
403 1539 5.49618 8.00319 0.161742
404 1542 5.49682 8.00319 0.161689
405 1545 5.49728 8.00319 0.161685
406 1546 5.49643 8.00319 0.161706
407 1548 5.4947 8.00319 0.161619
408 1548 5.49567 8.00319 0.161589
409 1549 5.4941 8.00319 0.16157
410 1550 5.49522 8.00319 0.16155
411 1550 5.49803 8.00319 0.161548
412 1552 5.49853 8.00319 0.161518
413 1554 5.49517 8.00319 0.161565
414 1557 5.49347 8.00319 0.161539
415 1558 5.49581 8.00319 0.161513
416 1559 5.49459 8.00319 0.161548
417 1561 5.49437 8.00319 0.161538
418 1564 5.49079 8.00319 0.161602
419 1567 5.49042 8.00319 0.161744
420 1571 5.48644 8.00319 0.161762
421 1572 5.48744 8.00319 0.161649
422 1574 5.48572 8.00319 0.161648
423 1576 5.48449 8.00319 0.161663
424 1578 5.48255 8.00319 0.16163
425 1578 5.4829 8.00319 0.161701
426 1580 5.48286 8.00319 0.161689
427 1581 5.48428 8.00319 0.161642
428 1582 5.48308 8.00319 0.161657
429 1585 5.48085 8.00319 0.161753
430 1585 5.48425 8.00319 0.161754
431 1591 5.47884 8.00319 0.161798
432 1592 5.47855 8.00319 0.161823
433 1593 5.47831 8.00319 0.161902
434 1595 5.47706 8.00319 0.161916
435 1598 5.47535 8.00319 0.161962
436 1598 5.47588 8.00319 0.161941
437 1599 5.47586 8.00319 0.161956
438 1601 5.47529 8.00319 0.161964
439 1601 5.4765 8.00319 0.162018
440 1601 5.47908 8.00319 0.161888
441 1603 5.4786 8.00319 0.161847
442 1607 5.47803 8.00319 0.161788
443 1610 5.47509 8.00319 0.161789
444 1612 5.47458 8.00319 0.161893
445 1614 5.47409 8.00319 0.16195
446 1615 5.47454 8.00319 0.16203
447 1616 5.47551 8.00319 0.161934
448 1618 5.47465 8.00319 0.16188
449 1619 5.47292 8.00319 0.161911
450 1621 5.47205 8.00319 0.161875
451 1624 5.47125 8.00319 0.162042
452 1626 5.46979 8.00319 0.162098
453 1628 5.4722 8.00319 0.16217
454 1630 5.4719 8.00319 0.162138
455 1630 5.47256 8.00319 0.162075
456 1630 5.47294 8.00319 0.16201
457 1630 5.47344 8.00319 0.162004
458 1631 5.47401 8.00319 0.161979
459 1631 5.47631 8.00319 0.162009
460 1633 5.47713 8.00319 0.161962
461 1637 5.47317 8.00319 0.161974
462 1639 5.47179 8.00319 0.161961
463 1642 5.47233 8.00319 0.162022
464 1644 5.47147 8.00319 0.162016
465 1646 5.46912 8.00319 0.162027
466 1647 5.46977 8.00319 0.162019
467 1651 5.4681 8.00319 0.162007
468 1653 5.46618 8.00319 0.162025
469 1655 5.46342 8.00319 0.161963
470 1657 5.46078 8.00319 0.161959
471 1660 5.46064 8.00319 0.161842
472 1661 5.46217 8.00319 0.16179
473 1663 5.46068 8.00319 0.161752
474 1663 5.46078 8.00319 0.161752
475 1665 5.45919 8.02109 0.161765
476 1666 5.46079 8.02109 0.161722
477 1667 5.46022 8.02109 0.16172
478 1668 5.45996 8.02109 0.161733
479 1670 5.45623 8.02109 0.161755
480 1671 5.45653 8.02109 0.161789
481 1673 5.4575 8.02109 0.161754
482 1677 5.45809 8.02109 0.161678
483 1677 5.45852 8.02109 0.161662
484 1680 5.45724 8.02109 0.161727
485 1682 5.45473 8.02109 0.161808
486 1682 5.45639 8.02109 0.161817
487 1682 5.45793 8.04171 0.161816
488 1682 5.45879 8.04171 0.1618
489 1682 5.45956 8.04171 0.161838
490 1683 5.46242 8.04171 0.161861
491 1684 5.46329 8.04171 0.161865
492 1687 5.46027 8.04171 0.16187
493 1692 5.45875 8.04171 0.161854
494 1693 5.45912 8.04171 0.161926
495 1694 5.45989 8.04171 0.161881
496 1696 5.45851 8.04171 0.161891
497 1697 5.46137 8.04171 0.16188
498 1698 5.46146 8.04171 0.161887
499 1698 5.4621 8.04171 0.161887
500 1701 5.45688 8.04171 0.161826
501 1701 5.4573 8.04171 0.161814
502 1701 5.4582 8.04171 0.161874
503 1701 5.46139 8.04171 0.161871
504 1704 5.45984 8.04171 0.161874
505 1706 5.46242 8.04171 0.161939
506 1709 5.4621 8.04171 0.161945
507 1710 5.46149 8.04171 0.161965
508 1715 5.45739 8.04171 0.162057
509 1717 5.45559 8.04171 0.162037
510 1718 5.45364 8.04171 0.162026
511 1721 5.45301 8.04171 0.161983
512 1722 5.45252 8.04171 0.161952
513 1723 5.45234 8.04171 0.161884
514 1724 5.45516 8.04171 0.16199
515 1729 5.4524 8.04171 0.162078
516 1732 5.44899 8.04171 0.162113
517 1732 5.44911 8.04171 0.162115
518 1733 5.44851 8.04171 0.162074
519 1735 5.44846 8.04171 0.162132
520 1735 5.45161 8.04171 0.162108
521 1738 5.44799 8.04171 0.162011
522 1738 5.44844 8.04171 0.162068
523 1739 5.44859 8.04171 0.162035
524 1739 5.45079 8.04171 0.162055
525 1740 5.45063 8.04171 0.162022
526 1741 5.44954 8.04171 0.161938
527 1741 5.45128 8.04171 0.161929
528 1741 5.45175 8.04171 0.161936
529 1744 5.4479 8.04171 0.161913
530 1744 5.44813 8.04171 0.16194
531 1746 5.44662 8.04171 0.162031
532 1748 5.44487 8.04171 0.162
533 1750 5.44522 8.04171 0.162019
534 1754 5.43833 8.04171 0.162053
535 1755 5.439 8.04171 0.161979
536 1757 5.43889 8.04171 0.161957
537 1757 5.44052 8.04171 0.161948
538 1757 5.44104 8.04171 0.161971
539 1759 5.43968 8.04171 0.16194
540 1759 5.44028 8.04171 0.161936
541 1759 5.44094 8.04171 0.161969
542 1760 5.44171 8.04171 0.161975
543 1762 5.43871 8.04171 0.161978
544 1764 5.43879 8.04171 0.161995
545 1766 5.43858 8.04171 0.161927
546 1767 5.43853 8.04171 0.16186
547 1767 5.4423 8.04171 0.16182
548 1767 5.44352 8.04171 0.16185
549 1770 5.44115 8.04171 0.161837
550 1770 5.44339 8.04171 0.161822
551 1771 5.44572 8.04171 0.161703
552 1771 5.44833 8.04171 0.161713
553 1774 5.44767 8.04171 0.161758
554 1777 5.44451 8.04171 0.161705
555 1777 5.44471 8.04171 0.161651
556 1778 5.44504 8.04171 0.161676
557 1780 5.44281 8.04171 0.161683
558 1781 5.4436 8.04171 0.161647
559 1782 5.4425 8.04171 0.161648
560 1785 5.44052 8.04171 0.161654
561 1786 5.44384 8.04171 0.161664
562 1789 5.44491 8.04171 0.161683
563 1793 5.44101 8.04171 0.161679
564 1795 5.44026 8.04171 0.161756
565 1796 5.43955 8.04171 0.161754
566 1797 5.44178 8.04171 0.161747
567 1800 5.43963 8.04171 0.16172
568 1801 5.44045 8.04171 0.161677
569 1801 5.44082 8.04171 0.161619
570 1803 5.43925 8.04171 0.161586
571 1803 5.44104 8.04171 0.161545
572 1804 5.44081 8.04171 0.161551
573 1804 5.44149 8.04171 0.161516
574 1804 5.44465 8.04171 0.161524
575 1805 5.44426 8.04171 0.161497
576 1805 5.44553 8.04171 0.161529
577 1807 5.44339 8.04171 0.161472
578 1809 5.44071 8.04171 0.1614
579 1810 5.44306 8.04171 0.161414
580 1811 5.44221 8.04171 0.161401
581 1812 5.44227 8.04171 0.16136
582 1812 5.44347 8.04171 0.161406
583 1813 5.44331 8.04171 0.161443
584 1814 5.44434 8.04171 0.161481
585 1815 5.44476 8.04171 0.161506
586 1816 5.44431 8.04171 0.161563
587 1817 5.44473 8.04171 0.161572
588 1819 5.44317 8.04171 0.161599
589 1820 5.44194 8.04171 0.161625
590 1820 5.44222 8.04171 0.16163
591 1821 5.44346 8.04171 0.161653
592 1822 5.44186 8.04171 0.161656
593 1824 5.43892 8.04171 0.161701
594 1829 5.43357 8.04171 0.161719
595 1829 5.43377 8.04171 0.161778
596 1831 5.43584 8.04171 0.161769
597 1833 5.43564 8.04171 0.161787
598 1834 5.43442 8.04171 0.161785
599 1834 5.43459 8.04171 0.161833
600 1835 5.43616 8.04171 0.161941
601 1836 5.43804 8.04171 0.161972
602 1837 5.43912 8.04171 0.161953
603 1837 5.43956 8.04171 0.161952
604 1839 5.43751 8.04171 0.161928
605 1839 5.43848 8.04171 0.16191
606 1841 5.43776 8.04171 0.161872
607 1841 5.43795 8.04171 0.16189
608 1841 5.43903 8.04171 0.161913
609 1841 5.44118 8.04171 0.161905
610 1841 5.44338 8.04171 0.161924
611 1842 5.44206 8.04171 0.161884
612 1845 5.43966 8.04171 0.16191
613 1847 5.43893 8.04171 0.161898
614 1850 5.43772 8.04171 0.161848
615 1851 5.43685 8.04171 0.161924
616 1851 5.43698 8.04171 0.161938
617 1851 5.43768 8.04171 0.161871
618 1852 5.43738 8.04171 0.16189
619 1853 5.43745 8.04171 0.161943
620 1855 5.43733 8.04171 0.161986
621 1857 5.43543 8.04171 0.162044
622 1859 5.43394 8.04171 0.162095
623 1861 5.43246 8.04171 0.162097
624 1861 5.43283 8.04171 0.162142
625 1861 5.43397 8.04171 0.162102
626 1862 5.43453 8.04171 0.162016
627 1863 5.4331 8.04171 0.161997
628 1864 5.43324 8.04171 0.161958
629 1869 5.43065 8.04171 0.161929
630 1869 5.43282 8.04171 0.16202
631 1870 5.43231 8.04171 0.162009
632 1872 5.43098 8.04171 0.161978
633 1873 5.42966 8.04171 0.16202
634 1874 5.42992 8.04171 0.16203
635 1874 5.43007 8.04171 0.161978
636 1875 5.43055 8.04171 0.162023
637 1876 5.42998 8.04171 0.162057
638 1876 5.4305 8.04171 0.162116
639 1878 5.42929 8.04171 0.162083
640 1879 5.42897 8.04171 0.162125
641 1881 5.42661 8.04171 0.162115
642 1883 5.42913 8.04171 0.162054
643 1885 5.42721 8.04171 0.162048
644 1887 5.42659 8.04171 0.16203
645 1887 5.42677 8.04171 0.162082
646 1888 5.42828 8.04171 0.162139
647 1888 5.42852 8.04171 0.162124
648 1888 5.42895 8.04171 0.162115
649 1889 5.42817 8.04171 0.162059
650 1889 5.43007 8.04171 0.162044
651 1889 5.43244 8.04171 0.162029
652 1890 5.43234 8.04171 0.162038
653 1891 5.43233 8.04171 0.162045
654 1891 5.4342 8.04171 0.162077
655 1892 5.43422 8.04171 0.162092
656 1892 5.43422 8.04171 0.162092
657 1894 5.43271 8.04171 0.162124
658 1894 5.43482 8.04171 0.162091
659 1897 5.43019 8.04171 0.162076
660 1899 5.42963 8.04171 0.161993
661 1899 5.4301 8.04171 0.162062
662 1901 5.42849 8.04171 0.162006
663 1902 5.42914 8.04171 0.161961
664 1904 5.42832 8.04171 0.161951
665 1904 5.42847 8.04171 0.161975
666 1907 5.42387 8.04171 0.161968
667 1907 5.42452 8.04171 0.161988
668 1907 5.42573 8.04171 0.161942
669 1912 5.41957 8.04171 0.162002
670 1913 5.4211 8.04171 0.161996
671 1913 5.42121 8.04171 0.162025
672 1914 5.42066 8.04171 0.162051
673 1915 5.41968 8.07482 0.162127
674 1918 5.4191 8.07482 0.162077
675 1918 5.41913 8.07482 0.162022
676 1920 5.41775 8.07482 0.162052
677 1921 5.41776 8.07482 0.162
678 1922 5.41633 8.07482 0.161962
679 1924 5.4162 8.07482 0.161997
680 1924 5.41628 8.07482 0.161998
681 1925 5.41622 8.07482 0.162008
682 1925 5.41622 8.07482 0.162008
683 1925 5.41624 8.07482 0.162008
684 1927 5.41408 8.07482 0.162081
685 1929 5.41432 8.07482 0.162164
686 1929 5.41443 8.07482 0.162153
687 1930 5.41499 8.07482 0.162193
688 1931 5.41557 8.07482 0.162189
689 1933 5.41406 8.07482 0.162171
690 1934 5.41292 8.07482 0.162102
691 1935 5.41302 8.07482 0.162137
692 1936 5.41148 8.07482 0.162137
693 1939 5.40916 8.07482 0.162145
694 1940 5.40998 8.07482 0.162178
695 1942 5.40887 8.07482 0.162133
696 1943 5.40977 8.07482 0.162186
697 1944 5.41053 8.07482 0.162212
698 1945 5.40948 8.07482 0.162144
699 1946 5.41044 8.07482 0.16217
700 1951 5.40613 8.07482 0.162204
701 1955 5.40275 8.07482 0.162266
702 1957 5.40115 8.07482 0.162254
703 1960 5.40097 8.07482 0.16226
704 1961 5.40016 8.07482 0.162304
705 1962 5.39877 8.07482 0.162361
706 1962 5.39934 8.07482 0.162335
707 1962 5.39934 8.07482 0.162319
708 1962 5.40022 8.07482 0.162343
709 1963 5.40087 8.07482 0.162365
710 1963 5.40107 8.07482 0.162367
711 1964 5.40228 8.07482 0.162307
712 1964 5.40358 8.07482 0.162269
713 1965 5.4021 8.07482 0.162258
714 1967 5.40122 8.07482 0.162278
715 1970 5.39873 8.07482 0.162248
716 1970 5.39968 8.07482 0.162227
717 1973 5.39896 8.07482 0.162219
718 1975 5.39709 8.07482 0.162128
719 1976 5.3978 8.07482 0.162162
720 1976 5.39854 8.07482 0.162126
721 1978 5.39778 8.07482 0.162121
722 1979 5.39727 8.07482 0.162158
723 1979 5.39973 8.07482 0.16217
724 1980 5.39858 8.07482 0.162224
725 1983 5.3977 8.07482 0.162157
726 1984 5.39743 8.07482 0.162231
727 1984 5.39764 8.07482 0.16221
728 1985 5.39871 8.07482 0.162163
729 1987 5.39899 8.07482 0.162121
730 1987 5.39993 8.07482 0.162107
731 1989 5.39985 8.07482 0.162004
732 1991 5.40051 8.07482 0.161997
733 1992 5.39977 8.07482 0.161978
734 1993 5.39939 8.07482 0.161978
735 1993 5.40297 8.07482 0.161875
736 1993 5.40338 8.07482 0.16186
737 1995 5.40272 8.07482 0.161887
738 1996 5.40245 8.07482 0.161862
739 1996 5.40498 8.07482 0.161831
740 1996 5.40548 8.07482 0.161843
741 1996 5.40723 8.07482 0.161932
742 1997 5.4077 8.07482 0.161937
743 1999 5.40615 8.07482 0.161953
744 1999 5.40797 8.07482 0.161879
745 1999 5.40828 8.07482 0.16189
746 1999 5.40827 8.07482 0.161883
747 1999 5.41013 8.07482 0.161861
748 1999 5.41226 8.07482 0.162
749 2000 5.41124 8.07482 0.161984
750 2001 5.40996 8.07482 0.16196
751 2002 5.41144 8.07482 0.161921
752 2002 5.41211 8.07482 0.161926
753 2004 5.41215 8.07482 0.16196
754 2004 5.4124 8.07482 0.161987
755 2006 5.41078 8.07482 0.162024
756 2007 5.40949 8.07482 0.162042
757 2007 5.40957 8.07482 0.162053
758 2008 5.40941 8.07482 0.162045
759 2009 5.40976 8.07482 0.161971
760 2009 5.41066 8.07482 0.16196
761 2010 5.40964 8.07482 0.161988
762 2011 5.40936 8.07482 0.16196
763 2012 5.40874 8.07482 0.16196
764 2013 5.40824 8.07482 0.161977
765 2014 5.40728 8.07482 0.161949
766 2014 5.40783 8.07482 0.161917
767 2015 5.40769 8.07482 0.161858
768 2016 5.40791 8.07482 0.161792
769 2017 5.4081 8.07482 0.161773
770 2017 5.40855 8.07482 0.161797
771 2018 5.40752 8.07482 0.161796
772 2019 5.4066 8.07482 0.161806
773 2019 5.40792 8.07482 0.161822
774 2019 5.40791 8.07482 0.161817
775 2020 5.40848 8.07482 0.161828
776 2021 5.40837 8.07482 0.161845
777 2021 5.40842 8.07482 0.161828
778 2021 5.40929 8.07482 0.161817
779 2022 5.41002 8.07482 0.161837
780 2024 5.40806 8.07482 0.161836
781 2025 5.40779 8.07482 0.16179
782 2026 5.40707 8.07482 0.161766
783 2027 5.40678 8.07482 0.161788
784 2029 5.40571 8.07482 0.16178
785 2030 5.40504 8.07482 0.161699
786 2030 5.40558 8.07482 0.161689
787 2030 5.40562 8.07482 0.161682
788 2031 5.40527 8.07482 0.161737
789 2031 5.40558 8.07482 0.161774
790 2032 5.40602 8.07482 0.161798
791 2034 5.4049 8.07482 0.161798
792 2035 5.4045 8.07482 0.161791
793 2035 5.40549 8.07482 0.161793
794 2036 5.40451 8.07482 0.16179
795 2036 5.40493 8.07482 0.161785
796 2036 5.40539 8.07482 0.161756
797 2037 5.40609 8.07482 0.161758
798 2040 5.40301 8.07482 0.161805
799 2040 5.40313 8.07482 0.161819
800 2040 5.40329 8.07482 0.161794
801 2042 5.40331 8.07482 0.16179
802 2042 5.40394 8.07482 0.161761
803 2044 5.40428 8.07482 0.161798
804 2044 5.40472 8.07482 0.161805
805 2047 5.40026 8.07482 0.161715
806 2048 5.40015 8.07482 0.161706
807 2048 5.40192 8.07482 0.161787
808 2048 5.40225 8.07482 0.161774
809 2048 5.40258 8.07482 0.161767
810 2049 5.40232 8.07482 0.161727
811 2050 5.40487 8.07482 0.161759
812 2050 5.40496 8.07482 0.161707
813 2051 5.40424 8.07482 0.161741
814 2051 5.40433 8.07482 0.16174
815 2052 5.40454 8.07482 0.161769
816 2053 5.40624 8.07482 0.161757
817 2054 5.40599 8.07482 0.161838
818 2054 5.40623 8.07482 0.161816
819 2054 5.40749 8.07482 0.161786
820 2054 5.40838 8.07482 0.161793
821 2054 5.40928 8.07482 0.161758
822 2058 5.40549 8.07482 0.16171
823 2059 5.40526 8.07482 0.16171
824 2060 5.40475 8.07482 0.161699
825 2061 5.40529 8.07482 0.161653
826 2062 5.40466 8.07482 0.161658
827 2063 5.40548 8.07482 0.161702
828 2065 5.40609 8.07482 0.161714
829 2066 5.40584 8.07482 0.161753
830 2066 5.40606 8.07482 0.161758
831 2067 5.40614 8.07482 0.161769
832 2068 5.4048 8.07482 0.16176
833 2069 5.40455 8.07482 0.161766
834 2069 5.40474 8.07482 0.161784
835 2069 5.40579 8.07482 0.161784
836 2069 5.40613 8.07482 0.161816
837 2069 5.40659 8.07482 0.16181
838 2069 5.40683 8.07482 0.161814
839 2070 5.40717 8.07482 0.161838
840 2070 5.40821 8.07482 0.161868
841 2072 5.4066 8.07482 0.161904
842 2074 5.40822 8.07482 0.161917
843 2075 5.40804 8.07482 0.161925
844 2076 5.40772 8.07482 0.161854
845 2076 5.40784 8.07482 0.161874
846 2076 5.40947 8.07482 0.161876
847 2076 5.40947 8.07482 0.161876
848 2076 5.41004 8.07482 0.161856
849 2077 5.40891 8.07482 0.161814
850 2077 5.4112 8.07482 0.161818
851 2077 5.41126 8.07482 0.161807
852 2078 5.41231 8.07482 0.161792
853 2079 5.41192 8.07482 0.161792
854 2080 5.41359 8.07482 0.16186
855 2081 5.41343 8.07482 0.161879
856 2081 5.41363 8.07482 0.161869
857 2083 5.41221 8.07482 0.161917
858 2085 5.41103 8.07482 0.161913
859 2085 5.41151 8.07482 0.161925
860 2086 5.4112 8.07482 0.161896
861 2086 5.41181 8.07482 0.161919
862 2087 5.4113 8.07482 0.161958
863 2088 5.41006 8.07482 0.161914
864 2090 5.41051 8.07482 0.161939
865 2090 5.41109 8.07482 0.161944
866 2093 5.40832 8.07482 0.161983
867 2093 5.40911 8.07482 0.161978
868 2093 5.41004 8.07482 0.161957
869 2094 5.41007 8.07482 0.161966
870 2095 5.40907 8.07482 0.161905
871 2096 5.41047 8.07482 0.161881
872 2096 5.41088 8.07482 0.161921
873 2096 5.41211 8.07482 0.161831
874 2096 5.41271 8.07482 0.161812
875 2096 5.41287 8.07482 0.161862
876 2099 5.41077 8.07482 0.161858
877 2099 5.41176 8.07482 0.161862
878 2099 5.41211 8.07482 0.161898
879 2099 5.41321 8.07482 0.161879
880 2100 5.41326 8.07482 0.161852
881 2102 5.41191 8.07482 0.161849
882 2102 5.41223 8.07482 0.161829
883 2103 5.41227 8.07482 0.161835
884 2103 5.41402 8.07482 0.161844
885 2104 5.41286 8.07482 0.161812
886 2104 5.41469 8.07482 0.161831
887 2104 5.41663 8.07482 0.161847
888 2106 5.41517 8.07482 0.161848
889 2107 5.41412 8.07482 0.161829
890 2107 5.41435 8.07482 0.161794
891 2108 5.41334 8.07482 0.161786
892 2109 5.41314 8.07482 0.161864
893 2109 5.4136 8.07482 0.161844
894 2110 5.41346 8.07482 0.161825
895 2110 5.41407 8.07482 0.161768
896 2111 5.41367 8.07482 0.161743
897 2111 5.41419 8.07482 0.161698
898 2111 5.41444 8.07482 0.161684
899 2111 5.41475 8.07482 0.161687
900 2111 5.41606 8.07482 0.161752
901 2111 5.41636 8.07482 0.16175
902 2111 5.41746 8.07482 0.161745
903 2112 5.41721 8.07482 0.161776
904 2112 5.41749 8.07482 0.161703
905 2112 5.41875 8.07482 0.161679
906 2112 5.41884 8.07482 0.161732
907 2114 5.41779 8.07482 0.161792
908 2114 5.41793 8.07482 0.161855
909 2114 5.41855 8.07482 0.161835
910 2116 5.41819 8.07482 0.161896
911 2116 5.41866 8.07482 0.16194
912 2117 5.41871 8.07482 0.16196
913 2118 5.4176 8.07482 0.161964
914 2118 5.41865 8.07482 0.162031
915 2119 5.41771 8.07482 0.162021
916 2121 5.41688 8.07482 0.162034
917 2121 5.41777 8.07482 0.162018
918 2122 5.41703 8.07482 0.162023
919 2122 5.41738 8.07482 0.162053
920 2124 5.41644 8.07482 0.16207
921 2125 5.41509 8.07482 0.162091
922 2125 5.41553 8.07482 0.162092
923 2126 5.415 8.07482 0.162123
924 2128 5.41387 8.07482 0.16215
925 2129 5.41287 8.07482 0.162159
926 2129 5.41405 8.07482 0.162222
927 2131 5.4141 8.07482 0.162165
928 2131 5.41494 8.07482 0.162121
929 2132 5.41473 8.07482 0.162205
930 2132 5.41507 8.07482 0.162204
931 2132 5.41548 8.07482 0.162218
932 2132 5.41659 8.07482 0.162237
933 2132 5.41812 8.07482 0.162226
934 2132 5.41822 8.07482 0.162226
935 2132 5.4188 8.07482 0.162218
936 2132 5.42088 8.07482 0.162208
937 2132 5.42187 8.07482 0.162202
938 2132 5.42262 8.07482 0.16219
939 2132 5.42405 8.07482 0.162201
940 2132 5.42484 8.07482 0.162217
941 2133 5.42358 8.07482 0.16222
942 2134 5.42264 8.07482 0.162237
943 2136 5.42116 8.07482 0.162198
944 2136 5.42147 8.07482 0.16218
945 2136 5.4229 8.07482 0.162198
946 2136 5.42326 8.07482 0.162214
947 2136 5.42396 8.07482 0.162207
948 2137 5.42425 8.07482 0.162224
949 2137 5.42452 8.07482 0.16225
950 2139 5.42299 8.07482 0.162263
951 2140 5.42277 8.07482 0.162226
952 2140 5.42374 8.07482 0.162196
953 2141 5.42408 8.07482 0.162213
954 2143 5.42414 8.07482 0.162225
955 2145 5.4246 8.07482 0.162264
956 2146 5.42359 8.07482 0.162257
957 2147 5.42287 8.07482 0.162239
958 2148 5.4235 8.07482 0.16221
959 2150 5.42292 8.07482 0.162236
960 2151 5.42249 8.07482 0.162245
961 2151 5.42248 8.07482 0.162238
962 2152 5.42371 8.07482 0.162211
963 2152 5.4244 8.07482 0.162246
964 2152 5.4244 8.07482 0.162246
965 2152 5.42446 8.07482 0.162252
966 2153 5.42436 8.07482 0.162251
967 2154 5.42534 8.07482 0.162161
968 2155 5.42409 8.07482 0.162152
969 2156 5.42408 8.07482 0.162195
970 2157 5.42288 8.07482 0.162225
971 2158 5.4227 8.07482 0.16227
972 2158 5.42273 8.07482 0.162275
973 2159 5.42366 8.07482 0.162252
974 2159 5.42368 8.07482 0.16224
975 2160 5.42295 8.07482 0.162235
976 2160 5.4234 8.07482 0.16223
977 2160 5.42363 8.07482 0.162218
978 2160 5.42422 8.07482 0.162182
979 2160 5.42427 8.07482 0.162175
980 2163 5.4216 8.07482 0.162149
981 2165 5.41985 8.07482 0.162216
982 2165 5.42009 8.07482 0.162226
983 2166 5.41896 8.07482 0.162233
984 2169 5.41618 8.07482 0.162215
985 2170 5.41634 8.07482 0.162198
986 2170 5.41649 8.07482 0.162239
987 2170 5.41714 8.07482 0.162248
988 2171 5.41602 8.07482 0.162224
989 2171 5.41625 8.07482 0.162249
990 2173 5.41551 8.07482 0.162232
991 2173 5.4158 8.07482 0.162225
992 2173 5.41736 8.07482 0.162228
993 2174 5.41707 8.07482 0.162289
994 2174 5.41707 8.07482 0.162289
995 2174 5.41727 8.07482 0.162289
996 2174 5.41897 8.07482 0.162342
997 2174 5.41907 8.07482 0.162352
998 2174 5.41974 8.07482 0.162352
999 2175 5.41889 8.07482 0.162311
1000 2175 5.41925 8.07482 0.162256
1001 2175 5.42028 8.07482 0.162205
1002 2176 5.4194 8.07482 0.162228
1003 2176 5.4205 8.07482 0.162233
1004 2177 5.41973 8.07482 0.162258
1005 2177 5.42007 8.07482 0.16225
1006 2177 5.42025 8.07482 0.162241
1007 2180 5.41706 8.07482 0.162276
1008 2185 5.41423 8.07482 0.162245
1009 2187 5.41405 8.07482 0.162297
1010 2188 5.41351 8.07482 0.162337
1011 2188 5.41397 8.07482 0.162348
1012 2188 5.41399 8.07482 0.162323
1013 2189 5.41313 8.07482 0.162316
1014 2189 5.41319 8.07482 0.162308
1015 2189 5.4135 8.07482 0.162266
1016 2190 5.41265 8.07482 0.162278
1017 2190 5.41279 8.07482 0.162266
1018 2190 5.41339 8.07482 0.162246
1019 2190 5.41388 8.07482 0.162293
1020 2190 5.41394 8.07482 0.1623
1021 2191 5.41313 8.07482 0.16229
1022 2191 5.41494 8.07482 0.162272
1023 2193 5.4139 8.07482 0.162286
1024 2193 5.41429 8.07482 0.16226
1025 2193 5.41481 8.07482 0.162253
1026 2194 5.41511 8.07482 0.162238
1027 2194 5.41555 8.07482 0.162239
1028 2194 5.41596 8.07482 0.162255
1029 2195 5.41561 8.07482 0.162284
1030 2197 5.41509 8.07482 0.162278
1031 2197 5.41527 8.07482 0.16235
1032 2197 5.4167 8.07482 0.162344
1033 2198 5.41529 8.07482 0.162289
1034 2198 5.41561 8.07482 0.162289
1035 2198 5.41739 8.07482 0.162347
1036 2198 5.41823 8.07482 0.162357
1037 2199 5.41872 8.07482 0.16238
1038 2199 5.41879 8.07482 0.162368
1039 2199 5.4191 8.07482 0.162357
1040 2199 5.41912 8.07482 0.162389
1041 2200 5.41981 8.07482 0.162404
1042 2201 5.41955 8.07482 0.162355
1043 2202 5.41982 8.07482 0.162384
1044 2204 5.41971 8.07482 0.162412
1045 2204 5.42008 8.07482 0.162424
1046 2205 5.419 8.07482 0.16247
1047 2207 5.41834 8.07482 0.162464
1048 2208 5.41712 8.07482 0.162458
1049 2208 5.41758 8.07482 0.162488
1050 2208 5.41849 8.07482 0.162484
1051 2208 5.41874 8.07482 0.162489
1052 2209 5.41826 8.07482 0.162472
1053 2209 5.41852 8.07482 0.162466
1054 2209 5.41866 8.07482 0.16247
1055 2210 5.41759 8.07482 0.162472
1056 2210 5.41828 8.07482 0.162446
1057 2210 5.41851 8.07482 0.162466
1058 2210 5.41889 8.07482 0.16249
1059 2210 5.42074 8.07482 0.162414
1060 2211 5.41959 8.07482 0.1624
1061 2211 5.42003 8.07482 0.162415
1062 2211 5.42014 8.07482 0.162406
1063 2211 5.42082 8.07482 0.162439
1064 2211 5.42082 8.07482 0.162439
1065 2212 5.42028 8.07482 0.162433
1066 2213 5.42029 8.07482 0.162405
1067 2213 5.42035 8.07482 0.162396
1068 2213 5.42107 8.07482 0.162378
1069 2214 5.42114 8.07482 0.162332
1070 2214 5.42236 8.07482 0.16234
1071 2214 5.42273 8.07482 0.162329
1072 2215 5.42193 8.07482 0.162327
1073 2215 5.42266 8.07482 0.162311
1074 2217 5.42282 8.07482 0.162336
1075 2217 5.42421 8.07482 0.162329
1076 2219 5.42318 8.07482 0.162307
1077 2219 5.42367 8.07482 0.162296
1078 2219 5.42387 8.07482 0.162331
1079 2220 5.42428 8.07482 0.162351
1080 2220 5.4247 8.07482 0.162355
1081 2220 5.4247 8.07482 0.162355
1082 2221 5.42463 8.07482 0.16235
1083 2222 5.4248 8.07482 0.162333
1084 2222 5.42544 8.07482 0.162358
1085 2223 5.42591 8.07482 0.162349
1086 2223 5.42652 8.07482 0.162331
1087 2223 5.42666 8.07482 0.162364
1088 2223 5.42684 8.07482 0.162362
1089 2223 5.42701 8.07482 0.162346
1090 2224 5.42602 8.07482 0.162366
1091 2224 5.42628 8.07482 0.162391
1092 2224 5.42649 8.07482 0.162412
1093 2224 5.4266 8.07482 0.162368
1094 2225 5.4266 8.07482 0.162376
1095 2225 5.42749 8.07482 0.162322
1096 2227 5.42542 8.07482 0.162358
1097 2227 5.42592 8.07482 0.162346
1098 2228 5.42625 8.07482 0.162414
1099 2228 5.42679 8.07482 0.162425
1100 2228 5.42683 8.07482 0.16245
1101 2228 5.42773 8.07482 0.162472
1102 2229 5.4264 8.07482 0.162493
1103 2230 5.4252 8.07482 0.162487
1104 2230 5.4255 8.07482 0.162468
1105 2230 5.4255 8.07482 0.162468
1106 2230 5.42558 8.07482 0.162471
1107 2232 5.42407 8.07482 0.162433
1108 2232 5.42487 8.07482 0.162408
1109 2234 5.42413 8.07482 0.162364
1110 2234 5.42413 8.07482 0.162364
1111 2235 5.42403 8.07482 0.16233
1112 2236 5.42452 8.07482 0.16234
1113 2236 5.42473 8.07482 0.162344
1114 2236 5.4262 8.07482 0.162321
1115 2236 5.42688 8.07482 0.162328
1116 2236 5.42762 8.07482 0.162325
1117 2236 5.42772 8.07482 0.162296
1118 2237 5.42953 8.07482 0.162297
1119 2239 5.42705 8.07482 0.162309
1120 2240 5.42648 8.07482 0.162328
1121 2241 5.42778 8.07482 0.162341
1122 2241 5.42813 8.07482 0.162351
1123 2241 5.42831 8.07482 0.162374
1124 2241 5.42831 8.07482 0.162374
1125 2242 5.42886 8.07482 0.16235
1126 2243 5.42825 8.07482 0.162317
1127 2243 5.43012 8.07482 0.162342
1128 2244 5.42878 8.07482 0.162367
1129 2244 5.42897 8.07482 0.162374
1130 2244 5.42897 8.07482 0.162343
1131 2245 5.42881 8.07482 0.162363
1132 2247 5.42829 8.07482 0.162375
1133 2247 5.42903 8.07482 0.162403
1134 2248 5.42799 8.07482 0.162364
1135 2249 5.42881 8.07482 0.162393
1136 2250 5.42827 8.07482 0.162397
1137 2251 5.42793 8.07482 0.162455
1138 2253 5.42651 8.07482 0.162472
1139 2253 5.42714 8.07482 0.162452
1140 2253 5.42921 8.07482 0.162432
1141 2253 5.42936 8.07482 0.162471
1142 2254 5.4294 8.07482 0.162486
1143 2254 5.42956 8.07482 0.162479
1144 2254 5.43109 8.07482 0.162409
1145 2254 5.43109 8.07482 0.162409
1146 2254 5.43109 8.07482 0.1624
1147 2254 5.43189 8.07482 0.162376
1148 2255 5.43266 8.07482 0.162388
1149 2256 5.43251 8.07482 0.162377
1150 2257 5.43213 8.07482 0.16235
1151 2258 5.43197 8.07482 0.162385
1152 2259 5.43197 8.07482 0.162395
1153 2261 5.43037 8.07482 0.162461
1154 2261 5.43168 8.07482 0.162506
1155 2261 5.43224 8.07482 0.162513
1156 2263 5.43152 8.07482 0.162523
1157 2263 5.43192 8.07482 0.162524
1158 2264 5.43167 8.07482 0.162549
1159 2264 5.43198 8.07482 0.162539
1160 2265 5.43123 8.07482 0.162506
1161 2265 5.43204 8.07482 0.162504
1162 2265 5.43292 8.07482 0.162523
1163 2265 5.43334 8.07482 0.162534
1164 2265 5.43378 8.07482 0.162544
1165 2265 5.43579 8.07482 0.162577
1166 2266 5.43537 8.07482 0.162569
1167 2266 5.43603 8.07482 0.162573
1168 2267 5.43492 8.07482 0.162556
1169 2267 5.43679 8.07482 0.162573
1170 2269 5.43534 8.07482 0.162563
1171 2270 5.43515 8.07482 0.162566
1172 2270 5.43548 8.07482 0.162571
1173 2271 5.43648 8.07482 0.162612
1174 2272 5.43667 8.07482 0.162637
1175 2272 5.43714 8.07482 0.162582
1176 2273 5.43667 8.07482 0.162554
1177 2275 5.43492 8.07482 0.162508
1178 2276 5.4339 8.07482 0.162502
1179 2278 5.43375 8.07482 0.162436
1180 2279 5.43369 8.07482 0.162376
1181 2281 5.43203 8.07482 0.16247
1182 2281 5.43347 8.07482 0.162454
1183 2281 5.43414 8.07482 0.162471
1184 2282 5.43349 8.07482 0.162487
1185 2283 5.43234 8.07482 0.162523
1186 2286 5.43172 8.07482 0.162518
1187 2286 5.43201 8.07482 0.162486
1188 2286 5.43223 8.07482 0.162507
1189 2286 5.43243 8.07482 0.16247
1190 2287 5.43141 8.07482 0.162502
1191 2288 5.43138 8.07482 0.162505
1192 2288 5.43138 8.07482 0.162505
1193 2289 5.43034 8.07482 0.162493
1194 2289 5.43034 8.07482 0.162493
1195 2290 5.42939 8.07482 0.162508
1196 2290 5.42981 8.07482 0.162528
1197 2291 5.43051 8.07482 0.162512
1198 2291 5.43109 8.07482 0.16252
1199 2291 5.43166 8.07482 0.162529
1200 2294 5.43042 8.07482 0.16254
1201 2296 5.42956 8.07482 0.162553
1202 2297 5.42848 8.07482 0.162571
1203 2297 5.42903 8.07482 0.162587
1204 2299 5.42941 8.07482 0.16261
1205 2300 5.43021 8.07482 0.162647
1206 2302 5.42847 8.07482 0.162588
1207 2303 5.42866 8.07482 0.162583
1208 2304 5.42832 8.07482 0.162604
1209 2304 5.42878 8.07482 0.162617
1210 2304 5.42953 8.07482 0.162645
1211 2306 5.4282 8.07482 0.16264
1212 2307 5.42721 8.07482 0.16266
1213 2307 5.42724 8.07482 0.162586
1214 2307 5.42823 8.07482 0.162555
1215 2308 5.42735 8.07482 0.162547
1216 2309 5.42714 8.07482 0.162505
1217 2310 5.4259 8.07482 0.16244
1218 2311 5.42519 8.07482 0.162494
1219 2311 5.42525 8.07482 0.162496
1220 2313 5.42345 8.07482 0.162467
1221 2314 5.42206 8.07482 0.162443
1222 2314 5.42214 8.07482 0.162442
1223 2314 5.42218 8.07482 0.162456
1224 2315 5.42154 8.07482 0.162477
1225 2317 5.41927 8.07482 0.162498
1226 2317 5.41967 8.07482 0.162476
1227 2317 5.42029 8.07482 0.162459
1228 2317 5.42062 8.07482 0.162437
1229 2318 5.42118 8.07482 0.162449
1230 2318 5.42204 8.07482 0.162468
1231 2320 5.42127 8.07482 0.162483
1232 2321 5.42176 8.07482 0.162461
1233 2321 5.42238 8.07482 0.162559
1234 2323 5.42094 8.07482 0.162553
1235 2323 5.4218 8.07482 0.162541
1236 2323 5.4219 8.07482 0.162532
1237 2324 5.42335 8.07482 0.162433
1238 2326 5.42121 8.07482 0.162481
1239 2326 5.42149 8.07482 0.162454
1240 2326 5.42181 8.07482 0.162488
1241 2326 5.4225 8.07482 0.162494
1242 2326 5.4238 8.07482 0.162502
1243 2327 5.42312 8.09362 0.162507
1244 2327 5.42343 8.09362 0.162517
1245 2327 5.42444 8.09362 0.162501
1246 2328 5.42402 8.09362 0.1625
1247 2328 5.42448 8.09362 0.1625
1248 2329 5.42463 8.09362 0.162519
1249 2330 5.4252 8.09362 0.162543
1250 2331 5.42446 8.09362 0.162518
1251 2332 5.42454 8.09362 0.162545
1252 2332 5.42457 8.09362 0.162564
1253 2333 5.42354 8.09362 0.162617
1254 2333 5.42368 8.09362 0.162585
1255 2335 5.42378 8.09362 0.162527
1256 2336 5.42455 8.09362 0.162527
1257 2336 5.42494 8.09362 0.162524
1258 2338 5.42403 8.09362 0.162578
1259 2338 5.4253 8.09362 0.162564
1260 2339 5.42514 8.09362 0.162588
1261 2339 5.42537 8.09362 0.162603
1262 2339 5.42645 8.09362 0.162604
1263 2340 5.42494 8.09362 0.162623
1264 2341 5.42402 8.09362 0.162607
1265 2341 5.42402 8.09362 0.162607
1266 2341 5.42468 8.09362 0.162632
1267 2341 5.42529 8.09362 0.162667
1268 2342 5.42465 8.09362 0.162687
1269 2342 5.42473 8.09362 0.162684
1270 2342 5.42499 8.09362 0.162706
1271 2342 5.42563 8.09362 0.162765
1272 2342 5.42624 8.09362 0.162727
1273 2342 5.42744 8.09362 0.162706
1274 2342 5.4275 8.09362 0.162696
1275 2343 5.42752 8.09362 0.162649
1276 2343 5.42772 8.09362 0.162575
1277 2343 5.42799 8.09362 0.162553
1278 2346 5.42397 8.09362 0.16251
1279 2346 5.42426 8.09362 0.162507
1280 2347 5.4246 8.09362 0.162493
1281 2347 5.42497 8.09362 0.162478
1282 2347 5.42651 8.09362 0.162527
1283 2347 5.42726 8.09362 0.162545
1284 2347 5.42862 8.09362 0.162533
1285 2348 5.42794 8.09362 0.162502
1286 2349 5.42704 8.09362 0.162476
1287 2350 5.42652 8.09362 0.162479
1288 2350 5.42741 8.09362 0.162428
1289 2351 5.42884 8.09362 0.162404
1290 2352 5.42965 8.09362 0.162419
1291 2355 5.42864 8.09362 0.162432
1292 2356 5.42947 8.09362 0.162425
1293 2356 5.42971 8.09362 0.162406
1294 2356 5.42999 8.09362 0.162399
1295 2356 5.43027 8.09362 0.162368
1296 2357 5.42929 8.09362 0.162399
1297 2357 5.43014 8.09362 0.162399
1298 2357 5.43028 8.09362 0.162411
1299 2358 5.4307 8.09362 0.162407
1300 2359 5.43141 8.09362 0.162395
1301 2359 5.43194 8.09362 0.16239
1302 2360 5.43193 8.09362 0.162401
1303 2360 5.43253 8.09362 0.162491
1304 2360 5.433 8.09362 0.162478
1305 2361 5.4332 8.09362 0.162445
1306 2361 5.43371 8.09362 0.162432
1307 2361 5.43388 8.09362 0.162414
1308 2361 5.43509 8.09362 0.162386
1309 2361 5.43572 8.09362 0.162427
1310 2362 5.43678 8.09362 0.162445
1311 2363 5.43641 8.09362 0.162419
1312 2363 5.43754 8.09362 0.162375
1313 2363 5.43758 8.09362 0.162372
1314 2363 5.43757 8.09362 0.162343
1315 2363 5.43817 8.09362 0.162287
1316 2365 5.43803 8.09362 0.162289
1317 2366 5.43828 8.09362 0.16228
1318 2366 5.43828 8.09362 0.16228
1319 2367 5.43721 8.09362 0.162276
1320 2367 5.43721 8.09362 0.162276
1321 2368 5.43695 8.09362 0.162287
1322 2368 5.4373 8.09362 0.162272
1323 2368 5.43777 8.09362 0.162276
1324 2368 5.43897 8.09362 0.162211
1325 2368 5.43991 8.09362 0.16224
1326 2368 5.44029 8.09362 0.162238
1327 2368 5.4403 8.09362 0.16223
1328 2368 5.44069 8.09362 0.162211
1329 2368 5.44101 8.09362 0.162168
1330 2368 5.44324 8.09362 0.162141
1331 2368 5.44413 8.09362 0.162171
1332 2368 5.4455 8.09362 0.162181
1333 2368 5.4455 8.09362 0.162181
1334 2369 5.44569 8.09362 0.162162
1335 2370 5.44582 8.09362 0.162102
1336 2370 5.44624 8.09362 0.162125
1337 2370 5.44643 8.09362 0.16216
1338 2370 5.44717 8.09362 0.162193
1339 2371 5.44713 8.09362 0.162173
1340 2371 5.44747 8.09362 0.162142
1341 2372 5.44761 8.09362 0.162129
1342 2372 5.44764 8.09362 0.162133
1343 2372 5.44768 8.09362 0.162145
1344 2373 5.44799 8.09362 0.162181
1345 2373 5.44831 8.09362 0.162145
1346 2375 5.44864 8.09362 0.16214
1347 2376 5.44747 8.09362 0.162189
1348 2377 5.44731 8.09362 0.16219
1349 2378 5.44633 8.09362 0.162169
1350 2378 5.4465 8.09362 0.162159
1351 2380 5.4469 8.09362 0.162186
1352 2380 5.44723 8.09362 0.162192
1353 2381 5.44777 8.09362 0.162163
1354 2382 5.44793 8.09362 0.162144
1355 2382 5.44816 8.09362 0.162131
1356 2382 5.44867 8.09362 0.162183
1357 2382 5.44871 8.09362 0.162171
1358 2382 5.44887 8.09362 0.162164
1359 2382 5.44951 8.09362 0.162112
1360 2382 5.45036 8.09362 0.162139
1361 2383 5.4497 8.09362 0.162138
1362 2383 5.44977 8.09362 0.162101
1363 2383 5.44977 8.09362 0.162101
1364 2383 5.45038 8.09362 0.162088
1365 2385 5.44894 8.09362 0.162104
1366 2386 5.4485 8.09362 0.162099
1367 2386 5.44873 8.09362 0.162046
1368 2386 5.44883 8.09362 0.162071
1369 2386 5.44946 8.09362 0.162068
1370 2388 5.44851 8.09362 0.162077
1371 2389 5.44901 8.09362 0.162033
1372 2389 5.45073 8.09362 0.162049
1373 2389 5.45091 8.09362 0.162051
1374 2389 5.45093 8.09362 0.162056
1375 2389 5.45103 8.09362 0.162043
1376 2390 5.44979 8.09362 0.162059
1377 2392 5.44925 8.09362 0.162043
1378 2393 5.45027 8.09362 0.162046
1379 2393 5.45027 8.09362 0.162046
1380 2393 5.45042 8.09362 0.162049
1381 2394 5.44964 8.09362 0.162011
1382 2395 5.44895 8.09362 0.161998
1383 2397 5.44657 8.09362 0.162002
1384 2398 5.44675 8.09362 0.161948
1385 2398 5.44732 8.09362 0.161954
1386 2399 5.44715 8.09362 0.16197
1387 2400 5.44619 8.09362 0.161943
1388 2403 5.44464 8.09362 0.162012
1389 2404 5.4441 8.09362 0.162027
1390 2405 5.44506 8.1981 0.161978
1391 2405 5.44634 8.1981 0.161973
1392 2405 5.44645 8.1981 0.161974
1393 2405 5.44645 8.1981 0.161974
1394 2405 5.44674 8.1981 0.161967
1395 2406 5.4455 8.1981 0.161945
1396 2406 5.4455 8.1981 0.161945
1397 2407 5.44514 8.1981 0.161952
1398 2407 5.44542 8.1981 0.161922
1399 2407 5.44561 8.1981 0.161957
1400 2407 5.44606 8.1981 0.161962
1401 2408 5.44704 8.1981 0.162036
1402 2409 5.44652 8.1981 0.162054
1403 2410 5.44689 8.1981 0.162042
1404 2411 5.44766 8.1981 0.162002
1405 2411 5.44835 8.1981 0.162014
1406 2411 5.44853 8.1981 0.162058
1407 2411 5.44886 8.1981 0.162044
1408 2412 5.44935 8.1981 0.162007
1409 2412 5.44971 8.1981 0.161983
1410 2412 5.45028 8.1981 0.161928
1411 2414 5.44963 8.1981 0.161963
1412 2414 5.45015 8.1981 0.161955
1413 2414 5.45092 8.1981 0.162026
1414 2414 5.45122 8.1981 0.162011
1415 2414 5.45144 8.1981 0.162024
1416 2414 5.4518 8.1981 0.162027
1417 2414 5.45334 8.1981 0.16197
1418 2414 5.45394 8.1981 0.162004
1419 2415 5.4546 8.1981 0.162016
1420 2415 5.45501 8.1981 0.16202
1421 2418 5.45394 8.1981 0.162029
1422 2418 5.4547 8.1981 0.162003
1423 2418 5.45481 8.1981 0.162013
1424 2420 5.45422 8.1981 0.162084
1425 2420 5.45456 8.1981 0.162091
1426 2420 5.45456 8.1981 0.162091
1427 2420 5.4549 8.1981 0.162084
1428 2420 5.45543 8.1981 0.162111
1429 2422 5.45571 8.1981 0.162082
1430 2422 5.45608 8.1981 0.162062
1431 2422 5.45633 8.1981 0.162039
1432 2423 5.45565 8.1981 0.162022
1433 2424 5.45616 8.1981 0.161987
1434 2425 5.45597 8.1981 0.162027
1435 2425 5.45647 8.1981 0.162045
1436 2426 5.45544 8.1981 0.162016
1437 2426 5.45609 8.1981 0.162004
1438 2426 5.4563 8.1981 0.162068
1439 2426 5.45641 8.1981 0.162034
1440 2426 5.45682 8.1981 0.162009
1441 2426 5.45701 8.1981 0.16202
1442 2426 5.45742 8.1981 0.162027
1443 2427 5.45761 8.1981 0.162039
1444 2428 5.45701 8.1981 0.162053
1445 2429 5.45621 8.1981 0.162065
1446 2431 5.45538 8.45365 0.162071
1447 2431 5.45579 8.45365 0.162055
1448 2431 5.45579 8.45365 0.162055
1449 2432 5.4539 8.45365 0.162074
1450 2432 5.45391 8.45365 0.162058
1451 2434 5.45292 8.45365 0.162058
1452 2435 5.45261 8.45365 0.162077
1453 2435 5.45335 8.45365 0.162038
1454 2435 5.45472 8.45365 0.162007
1455 2436 5.45385 8.45365 0.162033
1456 2436 5.45421 8.45365 0.162057
1457 2436 5.455 8.45365 0.162047
1458 2436 5.45618 8.45365 0.16206
1459 2436 5.45658 8.45365 0.162049
1460 2436 5.45769 8.45365 0.162065
1461 2437 5.45666 8.45365 0.162042
1462 2437 5.45666 8.45365 0.162042
1463 2437 5.45675 8.45365 0.162032
1464 2437 5.4568 8.45365 0.162025
1465 2437 5.45699 8.45365 0.162023
1466 2437 5.45703 8.45365 0.162036
1467 2438 5.45581 8.45365 0.162036
1468 2442 5.45277 8.45365 0.161961
1469 2443 5.45265 8.45365 0.161974
1470 2443 5.45308 8.45365 0.161982
1471 2443 5.45321 8.45365 0.161959
1472 2444 5.45288 8.45365 0.161966
1473 2445 5.45299 8.45365 0.161958
1474 2445 5.45345 8.45365 0.16199
1475 2447 5.45203 8.45365 0.162029
1476 2447 5.45267 8.45365 0.16202
1477 2447 5.45267 8.45365 0.16202
1478 2447 5.45275 8.45365 0.162024
1479 2448 5.4529 8.45365 0.162021
1480 2450 5.4512 8.45365 0.161994
1481 2450 5.45152 8.45365 0.161958
1482 2451 5.4506 8.45365 0.161916
1483 2451 5.45066 8.45365 0.161904
1484 2451 5.45066 8.45365 0.161904
1485 2453 5.45037 8.45365 0.161878
1486 2453 5.45144 8.45365 0.16193
1487 2453 5.45178 8.45365 0.161934
1488 2453 5.45202 8.45365 0.161924
1489 2453 5.45248 8.45365 0.161904
1490 2453 5.45284 8.45365 0.161906
1491 2453 5.45301 8.45365 0.161948
1492 2454 5.45175 8.45365 0.161961
1493 2454 5.45292 8.45365 0.161981
1494 2454 5.4543 8.45365 0.161994
1495 2455 5.45319 8.45365 0.161991
1496 2455 5.45331 8.45365 0.161998
1497 2456 5.45213 8.45365 0.161999
1498 2456 5.45265 8.45365 0.16202
1499 2456 5.45403 8.45365 0.161968
1500 2456 5.45565 8.45365 0.161975
1501 2456 5.45631 8.45365 0.161975
1502 2456 5.45669 8.45365 0.161993
1503 2456 5.45764 8.45365 0.161998
1504 2457 5.45752 8.45365 0.161987
1505 2457 5.45774 8.45365 0.161999
1506 2458 5.45877 8.45365 0.161985
1507 2458 5.4588 8.45365 0.16193
1508 2459 5.45991 8.45365 0.161895
1509 2459 5.46032 8.45365 0.161944
1510 2460 5.46034 8.45365 0.16194
1511 2461 5.46073 8.45365 0.161948
1512 2463 5.46058 8.45365 0.161925
1513 2463 5.46062 8.45365 0.161934
1514 2463 5.46144 8.45365 0.161898
1515 2465 5.46037 8.45365 0.161839
1516 2465 5.46061 8.45365 0.161812
1517 2467 5.4593 8.45365 0.161796
1518 2467 5.4595 8.45365 0.161799
1519 2467 5.46008 8.45365 0.161777
1520 2467 5.46016 8.45365 0.161787
1521 2468 5.46004 8.45365 0.161699
1522 2468 5.46047 8.45365 0.161708
1523 2468 5.46059 8.45365 0.161708
1524 2469 5.4596 8.45365 0.161707
1525 2469 5.4599 8.45365 0.161669
1526 2470 5.45878 8.45365 0.161688
1527 2471 5.45791 8.45365 0.161704
1528 2473 5.45747 8.45365 0.161697
1529 2473 5.45768 8.45365 0.161698
1530 2473 5.45768 8.45365 0.161698
1531 2473 5.45844 8.45365 0.161714
1532 2474 5.45765 8.45365 0.161741
1533 2474 5.45784 8.45365 0.161701
1534 2474 5.45864 8.45365 0.161699
1535 2474 5.45883 8.45365 0.161698
1536 2475 5.4577 8.45365 0.161715
1537 2475 5.45779 8.45365 0.161723
1538 2475 5.45783 8.45365 0.161721
1539 2475 5.45805 8.45365 0.161698
1540 2475 5.45859 8.45365 0.161719
1541 2475 5.46029 8.45365 0.161699
1542 2475 5.46076 8.45365 0.161702
1543 2475 5.46154 8.45365 0.161697
1544 2475 5.46164 8.45365 0.161694
1545 2476 5.46103 8.45365 0.161686
1546 2476 5.46135 8.45365 0.161671
1547 2476 5.46187 8.45365 0.16168
1548 2476 5.46307 8.45365 0.161694
1549 2476 5.4634 8.45365 0.161681
1550 2477 5.46422 8.45365 0.161689
1551 2477 5.46434 8.45365 0.161627
1552 2478 5.46485 8.45365 0.161619
1553 2479 5.46476 8.45365 0.161609
1554 2479 5.46599 8.45365 0.161626
1555 2480 5.46491 8.45365 0.161648
1556 2481 5.46512 8.45365 0.161671
1557 2481 5.46559 8.45365 0.161691
1558 2481 5.46608 8.45365 0.161706
1559 2482 5.46593 8.45365 0.161711
1560 2482 5.46593 8.45365 0.161697
1561 2482 5.46644 8.45365 0.161673
1562 2483 5.46555 8.45365 0.16166
1563 2483 5.46589 8.45365 0.161661
1564 2483 5.4666 8.45365 0.16165
1565 2484 5.46779 8.45365 0.161727
1566 2486 5.46532 8.45365 0.161717
1567 2486 5.46551 8.45365 0.161681
1568 2488 5.46485 8.45365 0.161656
1569 2490 5.46346 8.45365 0.161649
1570 2491 5.46246 8.45365 0.161632
1571 2492 5.46204 8.45365 0.161682
1572 2492 5.46204 8.45365 0.161682
1573 2492 5.46212 8.45365 0.161699
1574 2492 5.46228 8.45365 0.161715
1575 2492 5.46243 8.45365 0.161716
1576 2493 5.4623 8.45365 0.161713
1577 2495 5.46091 8.45365 0.16174
1578 2495 5.46096 8.45365 0.161735
1579 2497 5.46151 8.45365 0.161719
1580 2497 5.46192 8.45365 0.161723
1581 2498 5.46176 8.45365 0.16171
1582 2500 5.46003 8.45365 0.16171
1583 2500 5.46021 8.45365 0.161711
1584 2500 5.46123 8.45365 0.161735
1585 2500 5.46139 8.45365 0.161736
1586 2500 5.46167 8.45365 0.161754
1587 2500 5.46249 8.45365 0.161765
1588 2501 5.46146 8.45365 0.161772
1589 2502 5.46098 8.45365 0.16181
1590 2502 5.46124 8.45365 0.16184
1591 2503 5.46019 8.45365 0.161806
1592 2504 5.45921 8.45365 0.161809
1593 2504 5.45928 8.45365 0.161797
1594 2505 5.45859 8.45365 0.161779
1595 2506 5.45842 8.45365 0.161723
1596 2506 5.45857 8.45365 0.16173
1597 2506 5.45905 8.45365 0.161716
1598 2506 5.45923 8.45365 0.161739
1599 2506 5.45925 8.45365 0.161717
1600 2506 5.45975 8.45365 0.161729
1601 2506 5.4616 8.45365 0.16175
1602 2507 5.46202 8.45365 0.161742
1603 2509 5.46146 8.45365 0.161696
1604 2509 5.46228 8.45365 0.161665
1605 2509 5.46228 8.45365 0.161665
1606 2509 5.46258 8.45365 0.161698
1607 2509 5.46264 8.45365 0.161689
1608 2509 5.4633 8.45365 0.161666
1609 2509 5.46376 8.45365 0.161678
1610 2509 5.46471 8.45365 0.161646
1611 2509 5.46517 8.45365 0.161605
1612 2509 5.46546 8.45365 0.161611
1613 2509 5.46571 8.45365 0.161597
1614 2509 5.46629 8.45365 0.161586
1615 2509 5.46728 8.45365 0.161562
1616 2509 5.46781 8.45365 0.16155
1617 2510 5.46949 8.45365 0.161589
1618 2511 5.46828 8.45365 0.161611
1619 2512 5.46802 8.45365 0.161573
1620 2512 5.46886 8.45365 0.161551
1621 2512 5.46916 8.45365 0.161568
1622 2512 5.46953 8.45365 0.161549
1623 2512 5.46998 8.45365 0.161494
1624 2512 5.47004 8.45365 0.161486
1625 2513 5.46942 8.45365 0.161479
1626 2514 5.47028 8.45365 0.161445
1627 2514 5.47068 8.45365 0.161491
1628 2514 5.47068 8.45365 0.161491
1629 2514 5.47071 8.45365 0.161485
1630 2515 5.4696 8.45365 0.16147
1631 2515 5.47037 8.45365 0.161501
1632 2516 5.47081 8.45365 0.161497
1633 2516 5.47081 8.45365 0.161497
1634 2517 5.47133 8.45365 0.161484
1635 2517 5.47189 8.45365 0.161483
1636 2517 5.47192 8.45365 0.161483
1637 2518 5.4721 8.45365 0.161484
1638 2518 5.47253 8.45365 0.161522
1639 2519 5.47143 8.45365 0.16154
1640 2520 5.47138 8.45365 0.161557
1641 2520 5.47169 8.45365 0.161592
1642 2520 5.47169 8.45365 0.161592
1643 2520 5.47299 8.45365 0.161586
1644 2521 5.4729 8.45365 0.16161
1645 2521 5.47303 8.45365 0.161606
1646 2521 5.4741 8.45365 0.161556
1647 2521 5.47409 8.45365 0.161555
1648 2522 5.47299 8.45365 0.161562
1649 2522 5.47312 8.45365 0.161568
1650 2522 5.47319 8.45365 0.161636
1651 2522 5.47344 8.45365 0.161654
1652 2522 5.47353 8.45365 0.161647
1653 2522 5.47423 8.45365 0.161665
1654 2523 5.47406 8.45365 0.161677
1655 2523 5.47422 8.45365 0.161655
1656 2525 5.47299 8.45365 0.161688
1657 2525 5.47305 8.45365 0.161682
1658 2525 5.47391 8.45365 0.161719
1659 2527 5.47259 8.45365 0.161696
1660 2527 5.47391 8.45365 0.161633
1661 2527 5.47458 8.45365 0.161639
1662 2527 5.47501 8.45365 0.161675
1663 2528 5.4739 8.45365 0.161687
1664 2528 5.47395 8.45365 0.161699
1665 2529 5.47333 8.45365 0.161687
1666 2529 5.47333 8.45365 0.161672
1667 2530 5.47229 8.45365 0.16166
1668 2532 5.47228 8.45365 0.161656
1669 2532 5.47259 8.45365 0.16169
1670 2533 5.47341 8.45365 0.161696
1671 2534 5.47263 8.45365 0.161663
1672 2535 5.47161 8.45365 0.161683
1673 2535 5.47208 8.45365 0.161682
1674 2536 5.47156 8.45365 0.161693
1675 2536 5.47184 8.45365 0.161678
1676 2536 5.47232 8.45365 0.161684
1677 2536 5.47245 8.45365 0.161671
1678 2536 5.47266 8.45365 0.161664
1679 2536 5.47301 8.45365 0.161621
1680 2537 5.47216 8.45365 0.161647
1681 2537 5.47241 8.45365 0.161674
1682 2537 5.47274 8.45365 0.161679
1683 2537 5.47296 8.45365 0.161678
1684 2537 5.47363 8.45365 0.161655
1685 2538 5.47374 8.45365 0.161643
1686 2538 5.47402 8.45365 0.161693
1687 2538 5.4743 8.45365 0.161736
1688 2539 5.47374 8.45365 0.161724
1689 2539 5.47374 8.45365 0.1617
1690 2539 5.47463 8.45365 0.161696
1691 2539 5.47503 8.45365 0.161677
1692 2539 5.47542 8.45365 0.161654
1693 2539 5.47606 8.45365 0.161666
1694 2540 5.47556 8.45365 0.161672
1695 2540 5.47637 8.45365 0.161644
1696 2541 5.47513 8.45365 0.161663
1697 2542 5.47414 8.45365 0.161652
1698 2543 5.4734 8.45365 0.161648
1699 2544 5.47287 8.45365 0.16168
1700 2544 5.4741 8.45365 0.161704
1701 2545 5.47297 8.45365 0.161709
1702 2545 5.47296 8.45365 0.161709
1703 2546 5.47315 8.45365 0.161713
1704 2546 5.47345 8.45365 0.161674
1705 2546 5.47345 8.45365 0.161674
1706 2546 5.47385 8.45365 0.161727
1707 2546 5.47435 8.45365 0.161732
1708 2546 5.47546 8.45365 0.161734
1709 2546 5.47571 8.45365 0.16172
1710 2547 5.4746 8.45365 0.161713
1711 2547 5.47479 8.45365 0.161749
1712 2548 5.4737 8.45365 0.161763
1713 2548 5.47378 8.45365 0.161752
1714 2548 5.47403 8.45365 0.161761
1715 2548 5.47481 8.45365 0.161769
1716 2548 5.4763 8.45365 0.161787
1717 2548 5.47663 8.45365 0.161835
1718 2548 5.47756 8.45365 0.161845
1719 2548 5.47826 8.45365 0.161866
1720 2548 5.47895 8.45365 0.161861
1721 2549 5.47877 8.45365 0.161803
1722 2549 5.47972 8.45365 0.161814
1723 2550 5.47841 8.45365 0.161811
1724 2551 5.47769 8.45365 0.161811
1725 2551 5.47769 8.45365 0.161811
1726 2551 5.47772 8.45365 0.161796
1727 2551 5.47893 8.45365 0.161765
1728 2552 5.47916 8.45365 0.161737
1729 2552 5.47968 8.45365 0.161683
1730 2553 5.47883 8.45365 0.161691
1731 2553 5.47888 8.45365 0.161687
1732 2553 5.47888 8.45365 0.161687
1733 2553 5.47888 8.45365 0.161687
1734 2553 5.47944 8.45365 0.161704
1735 2553 5.48023 8.45365 0.161701
1736 2554 5.47929 8.45365 0.161703
1737 2554 5.47951 8.45365 0.161656
1738 2555 5.47868 8.45365 0.161617
1739 2557 5.47813 8.45365 0.161647
1740 2559 5.47637 8.45365 0.161655
1741 2559 5.47642 8.45365 0.161677
1742 2560 5.47639 8.45365 0.161687
1743 2560 5.47695 8.45365 0.161635
1744 2560 5.47739 8.45365 0.161649
1745 2560 5.47739 8.45365 0.161649
1746 2560 5.47746 8.45365 0.161637
1747 2560 5.47746 8.45365 0.161637
1748 2560 5.47753 8.45365 0.16165
1749 2561 5.47659 8.45365 0.161706
1750 2562 5.47604 8.45365 0.16173
1751 2562 5.47618 8.45365 0.161728
1752 2562 5.47699 8.45365 0.161727
1753 2563 5.47709 8.45365 0.161724
1754 2563 5.47726 8.45365 0.161691
1755 2564 5.47631 8.45365 0.161693
1756 2565 5.47565 8.45365 0.161704
1757 2565 5.47634 8.45365 0.161707
1758 2566 5.47659 8.45365 0.161705
1759 2566 5.47684 8.45365 0.161689
1760 2566 5.47731 8.45365 0.161646
1761 2567 5.47725 8.45365 0.161661
1762 2568 5.47757 8.45365 0.161683
1763 2568 5.47809 8.45365 0.161668
1764 2568 5.47818 8.45365 0.161661
1765 2569 5.47859 8.45365 0.161644
1766 2569 5.47918 8.45365 0.161641
1767 2569 5.47933 8.45365 0.161617
1768 2569 5.47936 8.45365 0.161621
1769 2569 5.47951 8.45365 0.161629
1770 2569 5.47951 8.45365 0.161629
1771 2569 5.47975 8.45365 0.161624
1772 2569 5.47996 8.45365 0.161601
1773 2569 5.48014 8.45365 0.161593
1774 2569 5.48012 8.45365 0.161593
1775 2570 5.48062 8.45365 0.161576
1776 2570 5.48094 8.45365 0.161618
1777 2571 5.48131 8.45365 0.161622
1778 2571 5.48131 8.45365 0.161622
1779 2572 5.48165 8.45365 0.16159
1780 2573 5.48067 8.45365 0.161635
1781 2573 5.48169 8.45365 0.161657
1782 2573 5.48183 8.45365 0.161647
1783 2573 5.48188 8.45365 0.161641
1784 2573 5.48245 8.45365 0.161605
1785 2574 5.48176 8.45365 0.16163
1786 2574 5.48176 8.45365 0.16163
1787 2574 5.48188 8.45365 0.161635
1788 2575 5.48216 8.45365 0.161593
1789 2575 5.48311 8.45365 0.161589
1790 2575 5.48391 8.45365 0.16156
1791 2575 5.48393 8.45365 0.161551
1792 2575 5.48404 8.45365 0.161566
1793 2575 5.48416 8.45365 0.161596
1794 2576 5.48457 8.45365 0.16158
1795 2577 5.4854 8.45365 0.161504
1796 2577 5.48555 8.45365 0.161486
1797 2577 5.48562 8.45365 0.161487
1798 2577 5.48576 8.45365 0.161498
1799 2578 5.48595 8.45365 0.161467
1800 2578 5.48595 8.45365 0.161467
1801 2578 5.48647 8.45365 0.161492
1802 2578 5.48739 8.45365 0.161464
1803 2578 5.48739 8.45365 0.161464
1804 2578 5.48856 8.45365 0.161431
1805 2578 5.48937 8.45365 0.161408
1806 2578 5.48988 8.45365 0.161461
1807 2578 5.49073 8.45365 0.161485
1808 2578 5.49078 8.45365 0.161473
1809 2578 5.49173 8.45365 0.161481
1810 2579 5.49076 8.45365 0.161504
1811 2579 5.49122 8.45365 0.161462
1812 2579 5.49182 8.45365 0.161425
1813 2579 5.49191 8.45365 0.161366
1814 2579 5.49192 8.45365 0.161365
1815 2579 5.49233 8.45365 0.161383
1816 2579 5.49246 8.45365 0.161362
1817 2579 5.49355 8.45365 0.161374
1818 2579 5.49461 8.45365 0.161349
1819 2579 5.49461 8.45365 0.161349
1820 2581 5.49374 8.45365 0.16138
1821 2581 5.49382 8.45365 0.161355
1822 2581 5.49397 8.45365 0.161353
1823 2582 5.49288 8.45365 0.161326
1824 2582 5.49296 8.45365 0.161351
1825 2582 5.49298 8.45365 0.161354
1826 2582 5.49305 8.45365 0.161341
1827 2582 5.49434 8.45365 0.161325
1828 2585 5.49401 8.45365 0.161315
1829 2585 5.49451 8.45365 0.16129
1830 2585 5.49485 8.45365 0.161273
1831 2585 5.49529 8.45365 0.161281
1832 2585 5.49564 8.45365 0.161265
1833 2586 5.49492 8.45365 0.161272
1834 2587 5.49453 8.45365 0.161271
1835 2587 5.49532 8.45365 0.161267
1836 2587 5.49554 8.45365 0.161233
1837 2587 5.49651 8.45365 0.161227
1838 2587 5.49699 8.45365 0.16125
1839 2588 5.49607 8.45365 0.161261
1840 2588 5.49615 8.45365 0.161287
1841 2589 5.49645 8.45365 0.161289
1842 2589 5.49663 8.45365 0.161295
1843 2590 5.49663 8.45365 0.161278
1844 2590 5.49665 8.45365 0.161244
1845 2591 5.49551 8.45365 0.161214
1846 2591 5.4955 8.45365 0.161213
1847 2591 5.4958 8.45365 0.16117
1848 2591 5.49653 8.45365 0.161174
1849 2591 5.49715 8.45365 0.161174
1850 2591 5.49716 8.45365 0.161153
1851 2591 5.49722 8.45365 0.161176
1852 2592 5.49659 8.45365 0.161133
1853 2593 5.49643 8.45365 0.161106
1854 2593 5.49656 8.45365 0.161088
1855 2593 5.49666 8.45365 0.16111
1856 2593 5.49859 8.45365 0.16106
1857 2595 5.49688 8.45365 0.161077
1858 2595 5.49705 8.45365 0.161071
1859 2596 5.49577 8.45365 0.161065
1860 2598 5.49368 8.45365 0.161102
1861 2599 5.49403 8.45365 0.161098
1862 2599 5.49423 8.45365 0.161097
1863 2601 5.49309 8.45365 0.161083
1864 2602 5.49206 8.45365 0.161088
1865 2602 5.49206 8.45365 0.161088
1866 2602 5.49271 8.45365 0.161054
1867 2603 5.49393 8.45365 0.161067
1868 2603 5.49465 8.45365 0.161081
1869 2604 5.49564 8.45365 0.16108
1870 2605 5.49479 8.45365 0.161097
1871 2606 5.49502 8.45365 0.161112
1872 2606 5.4953 8.45365 0.161095
1873 2606 5.49612 8.45365 0.161077
1874 2606 5.49615 8.45365 0.161069
1875 2606 5.49684 8.45365 0.161075
1876 2606 5.49684 8.45365 0.161075
1877 2606 5.49701 8.45365 0.161061
1878 2607 5.49745 8.45365 0.161074
1879 2607 5.49771 8.45365 0.161067
1880 2608 5.49704 8.45365 0.161047
1881 2609 5.49692 8.45365 0.161036
1882 2609 5.49716 8.45365 0.161067
1883 2609 5.49728 8.45365 0.161065
1884 2609 5.49744 8.45365 0.161081
1885 2610 5.49772 8.45365 0.16109
1886 2611 5.49667 8.45365 0.16109
1887 2611 5.49667 8.45365 0.16109
1888 2611 5.49726 8.45365 0.161049
1889 2611 5.49744 8.45365 0.161008
1890 2612 5.49674 8.45365 0.160986
1891 2612 5.49703 8.45365 0.160981
1892 2612 5.4976 8.45365 0.160965
1893 2612 5.49794 8.45365 0.160969
1894 2612 5.49794 8.45365 0.160969
1895 2614 5.49819 8.45365 0.160992
1896 2615 5.49788 8.45365 0.16101
1897 2616 5.49749 8.45365 0.160988
1898 2617 5.49755 8.45365 0.160994
1899 2618 5.49681 8.45365 0.161039
1900 2618 5.49684 8.45365 0.161026
1901 2618 5.49693 8.45365 0.161036
1902 2618 5.49761 8.45365 0.16101
1903 2618 5.49783 8.45365 0.161076
1904 2618 5.49809 8.45365 0.161063
1905 2618 5.49873 8.45365 0.161114
1906 2618 5.49922 8.45365 0.161128
1907 2618 5.49931 8.45365 0.161134
1908 2620 5.49881 8.45365 0.161141
1909 2620 5.49894 8.45365 0.161112
1910 2621 5.4986 8.45365 0.161118
1911 2621 5.49909 8.45365 0.161107
1912 2621 5.49926 8.45365 0.161106
1913 2621 5.49979 8.45365 0.161109
1914 2621 5.49988 8.45365 0.161113
1915 2622 5.49971 8.45365 0.161103
1916 2622 5.5004 8.45365 0.161118
1917 2623 5.49925 8.45365 0.161135
1918 2623 5.50026 8.45365 0.161107
1919 2623 5.50062 8.45365 0.161108
1920 2625 5.49941 8.45365 0.16108
1921 2625 5.49963 8.45365 0.161065
1922 2625 5.50007 8.45365 0.161058
1923 2625 5.50064 8.45365 0.161014
1924 2625 5.50068 8.45365 0.161033
1925 2626 5.50011 8.45365 0.161096
1926 2626 5.50014 8.45365 0.161103
1927 2626 5.50043 8.45365 0.161098
1928 2626 5.5008 8.45365 0.161087
1929 2626 5.50078 8.45365 0.161084
1930 2626 5.50141 8.45365 0.161061
1931 2626 5.50141 8.45365 0.161061
1932 2626 5.50141 8.45365 0.161061
1933 2626 5.50206 8.45365 0.161058
1934 2626 5.50347 8.45365 0.161048
1935 2626 5.50354 8.45365 0.161068
