0 15 2.02577 2.49416 0.155692
1 40 2.05668 2.85976 0.155768
2 63 2.06096 2.85976 0.157345
3 92 2.05143 2.85976 0.160922
4 127 2.02143 2.85976 0.160051
5 161 2.008 2.85976 0.161143
6 201 1.9896 2.85976 0.160195
7 231 1.96909 2.85976 0.159225
8 274 1.96515 3.01187 0.16034
9 305 1.95868 3.01187 0.161173
10 330 1.96705 3.01187 0.160124
11 367 1.96257 3.01187 0.159871
12 394 1.96425 3.01187 0.158533
13 421 1.97558 3.01187 0.158938
14 453 1.98829 3.01187 0.158774
15 484 1.9853 3.01187 0.159157
16 511 1.98444 3.01187 0.158973
17 537 1.98615 3.01187 0.159288
18 561 1.98642 3.01187 0.159577
19 582 1.98735 3.01187 0.159113
20 605 1.98939 3.01187 0.159434
21 634 1.99754 3.01187 0.160262
22 659 1.99871 3.01187 0.159983
23 683 1.99889 3.01187 0.160118
24 703 2.00026 3.01187 0.160722
25 723 2.0011 3.01187 0.160634
26 740 2.00457 3.01187 0.160612
27 770 2.0018 3.01187 0.160519
28 792 1.99903 3.01187 0.160506
29 820 2.00119 3.01187 0.160626
30 841 2.0028 3.01187 0.161209
31 860 2.00658 3.32012 0.161195
32 881 2.00581 3.32012 0.160863
33 894 2.01268 3.32012 0.160872
34 915 2.01406 3.32012 0.161043
35 931 2.01375 3.32012 0.160586
36 955 2.01601 3.32012 0.160525
37 967 2.01631 3.32012 0.160243
38 980 2.02005 3.32012 0.160324
39 999 2.01993 3.32012 0.160063
40 1014 2.02543 3.32012 0.160324
41 1035 2.02799 3.32012 0.160029
42 1052 2.02933 3.32012 0.159949
43 1076 2.03124 3.32012 0.159986
44 1101 2.03234 3.32012 0.159844
45 1114 2.03558 3.32012 0.159797
46 1124 2.03452 3.32012 0.159492
47 1138 2.03541 3.32012 0.159456
48 1156 2.03438 3.32012 0.15987
49 1166 2.03771 3.32012 0.160101
50 1173 2.0407 3.32012 0.159866
51 1194 2.03918 3.32012 0.159823
52 1209 2.04291 3.32012 0.159742
53 1224 2.04312 3.32012 0.159762
54 1241 2.0446 3.32012 0.159689
55 1257 2.04604 3.32012 0.159739
56 1269 2.0491 3.32012 0.159335
57 1279 2.05291 3.32012 0.159012
58 1293 2.05189 3.32012 0.159075
59 1307 2.05209 3.32012 0.158978
60 1324 2.05232 3.32012 0.159158
61 1329 2.05461 3.32012 0.159002
62 1345 2.05637 3.32012 0.159102
63 1360 2.05882 3.32012 0.158694
64 1370 2.06213 3.32012 0.158551
65 1383 2.06236 3.32012 0.158487
66 1402 2.06566 3.32012 0.158473
67 1410 2.06852 3.32012 0.158289
68 1427 2.07001 3.32012 0.158127
69 1440 2.07147 3.32012 0.157969
70 1453 2.07208 3.32012 0.158132
71 1466 2.07354 3.32012 0.158138
72 1474 2.07571 3.32012 0.158079
73 1484 2.07862 3.32012 0.157922
74 1494 2.08016 3.32012 0.157823
75 1504 2.0815 3.32012 0.157938
76 1515 2.08231 3.32012 0.157861
77 1524 2.08434 3.32012 0.157852
78 1534 2.08797 3.32012 0.157534
79 1544 2.08803 3.32012 0.157422
80 1551 2.09 3.32012 0.157205
81 1559 2.09186 3.32012 0.157261
82 1571 2.09328 3.32012 0.157273
83 1578 2.09553 3.32012 0.157189
84 1583 2.09771 3.32012 0.157051
85 1593 2.09958 3.32012 0.157007
86 1607 2.10082 3.32012 0.156927
87 1611 2.10177 3.32012 0.156928
88 1618 2.10396 3.32012 0.15685
89 1628 2.10515 3.32012 0.156808
90 1641 2.10551 3.32012 0.15673
91 1650 2.1063 3.32012 0.156531
92 1661 2.10702 3.32012 0.156364
93 1671 2.10762 3.32012 0.156143
94 1675 2.11062 3.32012 0.156069
95 1685 2.11318 3.32012 0.155963
96 1693 2.11407 3.32012 0.155975
97 1700 2.11558 3.32012 0.155872
98 1716 2.11807 3.32012 0.155812
99 1724 2.11965 3.32012 0.155831
100 1728 2.12037 3.32012 0.155962
101 1735 2.12185 3.32012 0.156091
102 1744 2.12367 3.32012 0.156073
103 1753 2.1241 3.32012 0.156198
104 1758 2.12497 3.32012 0.156114
105 1766 2.12684 3.32012 0.156004
106 1778 2.12761 3.32012 0.155901
107 1784 2.12917 3.32012 0.156032
108 1794 2.13046 3.32012 0.156017
109 1802 2.13217 3.32012 0.155949
110 1810 2.13485 3.32012 0.156027
111 1821 2.13535 3.32012 0.155891
112 1828 2.13661 3.32012 0.155779
113 1839 2.13816 3.32012 0.155536
114 1846 2.13874 3.32012 0.155555
115 1857 2.13842 3.32012 0.155351
116 1867 2.13802 3.32012 0.155299
117 1875 2.13988 3.32012 0.155076
118 1881 2.14019 3.32012 0.155149
119 1887 2.14271 3.32012 0.155126
120 1892 2.14311 3.32012 0.155101
121 1901 2.14387 3.32012 0.155089
122 1907 2.145 3.32012 0.155016
123 1916 2.14274 3.32012 0.154927
124 1924 2.14419 3.32012 0.154884
125 1930 2.14518 3.32012 0.155027
126 1935 2.14688 3.32012 0.154978
127 1939 2.14745 3.32012 0.154992
128 1946 2.14817 3.32012 0.154891
129 1955 2.14843 3.32012 0.154784
130 1963 2.1493 3.32012 0.154676
131 1969 2.15063 3.32012 0.154593
132 1974 2.15109 3.36712 0.154697
133 1982 2.15096 3.36712 0.15471
134 1989 2.15303 3.36712 0.15469
135 1990 2.15586 3.36712 0.15444
136 1995 2.15784 3.36712 0.154396
137 2000 2.15915 3.36712 0.154533
138 2009 2.15871 3.36712 0.15454
139 2015 2.16021 3.36712 0.154619
140 2021 2.162 3.36712 0.154694
141 2024 2.16338 3.36712 0.154749
142 2032 2.16465 3.36712 0.154803
143 2038 2.16617 3.36712 0.154803
144 2044 2.16652 3.36712 0.154831
145 2050 2.16712 3.36712 0.154973
146 2058 2.1677 3.36712 0.154967
147 2067 2.16754 3.36712 0.154946
148 2075 2.16996 3.36712 0.154918
149 2080 2.17131 3.36712 0.154826
150 2088 2.17242 3.36712 0.154835
151 2092 2.17321 3.36712 0.154903
152 2093 2.17456 3.36712 0.154861
153 2101 2.17478 3.36712 0.154779
154 2104 2.1755 3.36712 0.154723
155 2111 2.17556 3.36712 0.154722
156 2118 2.17689 3.36712 0.154671
157 2118 2.17927 3.36712 0.15463
158 2125 2.17928 3.36712 0.154628
159 2135 2.17905 3.36712 0.154611
160 2139 2.18059 3.36712 0.154603
161 2144 2.18127 3.36712 0.154531
162 2148 2.18206 3.36712 0.154414
163 2151 2.18251 3.36712 0.154376
164 2156 2.18279 3.36712 0.154385
165 2167 2.18366 3.36712 0.154219
166 2172 2.18548 3.36712 0.154314
167 2177 2.18686 3.36712 0.154211
168 2180 2.18828 3.36712 0.154306
169 2191 2.18847 3.36712 0.154228
170 2194 2.1895 3.36712 0.154209
171 2196 2.1907 3.36712 0.154223
172 2200 2.19133 3.36712 0.154162
173 2202 2.19338 3.36712 0.154158
174 2204 2.19354 3.36712 0.154108
175 2213 2.19345 3.36712 0.154236
176 2216 2.19448 3.36712 0.154276
177 2218 2.19485 3.36712 0.154145
178 2228 2.19533 3.36712 0.153948
179 2233 2.19503 3.36712 0.153878
180 2240 2.19565 3.36712 0.153664
181 2248 2.19592 3.36712 0.153711
182 2253 2.19625 3.36712 0.153671
183 2257 2.19689 3.36712 0.153621
184 2263 2.19794 3.36712 0.153726
185 2272 2.19879 3.36712 0.153824
186 2278 2.19878 3.36712 0.153853
187 2282 2.19909 3.36712 0.153747
188 2289 2.19927 3.36712 0.153633
189 2295 2.19903 3.36712 0.153511
190 2299 2.20022 3.36712 0.153368
191 2307 2.20013 3.36712 0.15338
192 2308 2.2012 3.36712 0.15335
193 2312 2.20124 3.36712 0.153348
194 2319 2.20195 3.36712 0.153343
195 2324 2.20373 3.36712 0.153318
196 2329 2.20452 3.36712 0.153401
197 2333 2.20561 3.36712 0.15343
198 2336 2.20644 3.36712 0.153413
199 2340 2.20721 3.36712 0.15336
200 2344 2.20813 3.36712 0.153255
201 2346 2.20865 3.36712 0.153246
202 2353 2.20902 3.36712 0.153209
203 2357 2.21025 3.36712 0.153122
204 2364 2.21123 3.36712 0.153087
205 2367 2.21215 3.36712 0.153043
206 2373 2.21252 3.36712 0.152979
207 2373 2.21324 3.36712 0.152934
208 2374 2.21497 3.36712 0.152854
209 2377 2.21618 3.36712 0.15279
210 2378 2.21744 3.36712 0.152715
211 2383 2.21774 3.36712 0.152638
212 2390 2.2172 3.36712 0.152643
213 2393 2.21766 3.36712 0.152575
214 2396 2.21899 3.36712 0.152622
215 2402 2.21928 3.36712 0.152484
216 2404 2.22099 3.36712 0.152506
217 2406 2.22199 3.36712 0.152576
218 2410 2.22249 3.36712 0.152641
219 2416 2.22233 3.36712 0.15281
220 2421 2.22282 3.36712 0.152783
221 2427 2.22276 3.36712 0.152675
222 2430 2.22317 3.36712 0.152576
223 2433 2.22393 3.36712 0.15262
224 2434 2.22452 3.36712 0.152626
225 2444 2.2236 3.36712 0.152736
226 2449 2.22411 3.36712 0.152489
227 2452 2.22562 3.36712 0.152569
228 2456 2.22626 3.36712 0.152563
229 2459 2.22806 3.36712 0.152551
230 2463 2.22929 3.36712 0.152513
231 2475 2.22997 3.3985 0.152526
232 2482 2.22918 3.3985 0.15248
233 2489 2.22955 3.3985 0.152368
234 2496 2.22999 3.3985 0.152351
235 2499 2.2312 3.3985 0.152338
236 2503 2.23186 3.3985 0.15229
237 2504 2.23308 3.3985 0.152264
238 2509 2.23428 3.3985 0.152172
239 2510 2.23488 3.3985 0.152167
240 2513 2.23606 3.3985 0.152231
241 2516 2.23652 3.3985 0.152122
242 2521 2.23738 3.3985 0.152074
243 2525 2.23739 3.3985 0.152067
244 2529 2.23818 3.3985 0.152011
245 2531 2.23896 3.3985 0.152028
246 2531 2.23976 3.3985 0.151994
247 2533 2.2415 3.3985 0.151962
248 2539 2.24118 3.3985 0.151908
249 2540 2.24201 3.3985 0.151849
250 2546 2.24216 3.3985 0.151875
251 2549 2.24232 3.3985 0.151755
252 2552 2.24239 3.3985 0.151695
253 2556 2.2432 3.3985 0.15178
254 2562 2.2438 3.3985 0.151808
255 2564 2.24405 3.3985 0.151769
256 2564 2.24508 3.3985 0.151763
257 2567 2.24555 3.3985 0.151734
258 2569 2.24643 3.3985 0.151771
259 2570 2.24701 3.3985 0.151781
260 2575 2.24664 3.3985 0.151828
261 2577 2.24774 3.3985 0.151965
262 2580 2.24908 3.3985 0.152035
263 2586 2.24901 3.3985 0.152031
264 2593 2.24916 3.3985 0.151998
265 2598 2.25041 3.3985 0.152017
266 2600 2.25108 3.3985 0.152051
267 2604 2.25161 3.3985 0.152018
268 2610 2.25219 3.3985 0.152032
269 2612 2.25328 3.3985 0.152025
270 2616 2.25384 3.3985 0.151998
271 2620 2.25342 3.3985 0.152019
272 2620 2.25373 3.3985 0.151997
273 2625 2.2542 3.3985 0.15209
274 2628 2.25535 3.3985 0.152029
275 2634 2.25557 3.3985 0.152092
276 2640 2.2561 3.3985 0.152053
277 2641 2.25642 3.3985 0.151992
278 2642 2.25748 3.3985 0.151983
279 2647 2.25796 3.3985 0.151944
280 2651 2.25824 3.3985 0.151888
281 2654 2.2588 3.3985 0.151857
282 2662 2.25861 3.3985 0.151895
283 2665 2.25877 3.3985 0.151857
284 2666 2.25908 3.3985 0.151869
285 2672 2.25833 3.3985 0.151853
286 2675 2.25895 3.3985 0.1519
287 2676 2.25975 3.3985 0.151882
288 2680 2.25968 3.3985 0.15178
289 2684 2.25903 3.3985 0.151797
290 2687 2.25923 3.3985 0.151778
291 2688 2.25992 3.3985 0.151746
292 2692 2.25987 3.3985 0.151729
293 2700 2.25925 3.3985 0.151788
294 2706 2.25867 3.3985 0.15174
295 2708 2.259 3.3985 0.151732
296 2711 2.25947 3.3985 0.151741
297 2713 2.25956 3.3985 0.151706
298 2717 2.26001 3.3985 0.151759
299 2719 2.26031 3.3985 0.151715
300 2721 2.26144 3.3985 0.1517
301 2728 2.26174 3.3985 0.151586
302 2733 2.2617 3.3985 0.151584
303 2736 2.26233 3.3985 0.151576
304 2738 2.26282 3.3985 0.151532
305 2742 2.26319 3.3985 0.151546
306 2743 2.26473 3.3985 0.15156
307 2746 2.26522 3.3985 0.151588
308 2747 2.26548 3.3985 0.151612
309 2753 2.26557 3.3985 0.151517
310 2756 2.26551 3.3985 0.151533
311 2760 2.2654 3.3985 0.151562
312 2764 2.26703 3.3985 0.151593
313 2769 2.26787 3.3985 0.151662
314 2774 2.26813 3.3985 0.151633
315 2781 2.26847 3.3985 0.151798
316 2783 2.26947 3.3985 0.151796
317 2786 2.27001 3.3985 0.151835
318 2788 2.27045 3.3985 0.151805
319 2791 2.27065 3.3985 0.151724
320 2796 2.27051 3.3985 0.151767
321 2803 2.2709 3.3985 0.151808
322 2805 2.27104 3.3985 0.151764
323 2805 2.27189 3.3985 0.151747
324 2807 2.27156 3.3985 0.15171
325 2808 2.27174 3.3985 0.151622
326 2810 2.27199 3.3985 0.151582
327 2816 2.27256 3.3985 0.15161
328 2820 2.27305 3.3985 0.151625
329 2824 2.2736 3.3985 0.151649
330 2826 2.27455 3.3985 0.151702
331 2829 2.27485 3.3985 0.151636
332 2831 2.27583 3.3985 0.151673
333 2835 2.27684 3.3985 0.151671
334 2835 2.27762 3.3985 0.151756
335 2838 2.27764 3.3985 0.151805
336 2839 2.27797 3.3985 0.151742
337 2842 2.27904 3.3985 0.151842
338 2845 2.2797 3.3985 0.151802
339 2849 2.28042 3.3985 0.151733
340 2855 2.28061 3.3985 0.151742
341 2859 2.28118 3.3985 0.151643
342 2860 2.2816 3.3985 0.151642
343 2862 2.28237 3.3985 0.151643
344 2863 2.2831 3.3985 0.151583
345 2865 2.28321 3.3985 0.151619
346 2868 2.28473 3.3985 0.151549
347 2874 2.28549 3.3985 0.151585
348 2880 2.28549 3.3985 0.151502
349 2882 2.28557 3.3985 0.151635
350 2884 2.28634 3.3985 0.151566
351 2890 2.28707 3.3985 0.151593
352 2890 2.28771 3.3985 0.151617
353 2895 2.28773 3.3985 0.151643
354 2897 2.28822 3.3985 0.151636
355 2898 2.28938 3.3985 0.151638
356 2901 2.29061 3.3985 0.151532
357 2902 2.2913 3.3985 0.151487
358 2906 2.2921 3.3985 0.151422
359 2909 2.29272 3.3985 0.151395
360 2910 2.29346 3.3985 0.151323
361 2912 2.2935 3.3985 0.151364
362 2913 2.29382 3.3985 0.151325
363 2916 2.29438 3.3985 0.151306
364 2917 2.29485 3.3985 0.151169
365 2918 2.29554 3.3985 0.151097
366 2919 2.29666 3.3985 0.151071
367 2923 2.29728 3.3985 0.151135
368 2926 2.29791 3.3985 0.151085
369 2931 2.29869 3.3985 0.151094
370 2936 2.29854 3.3985 0.15115
371 2940 2.29921 3.3985 0.151204
372 2944 2.29982 3.3985 0.151207
373 2947 2.30051 3.3985 0.151123
374 2949 2.30117 3.3985 0.151042
375 2949 2.30184 3.3985 0.150993
376 2952 2.30206 3.3985 0.15101
377 2954 2.3033 3.3985 0.150895
378 2955 2.30389 3.3985 0.15095
379 2956 2.3051 3.3985 0.150865
380 2959 2.30561 3.3985 0.150847
381 2962 2.30575 3.3985 0.150919
382 2963 2.30678 3.3985 0.150814
383 2964 2.30746 3.3985 0.150793
384 2965 2.30826 3.3985 0.150825
385 2968 2.30835 3.3985 0.150787
386 2976 2.3074 3.3985 0.15071
387 2981 2.30776 3.3985 0.150769
388 2983 2.30788 3.3985 0.150687
389 2984 2.30861 3.3985 0.15071
390 2987 2.30944 3.47264 0.150771
391 2989 2.3096 3.47264 0.150732
392 2996 2.30976 3.47264 0.150627
393 3000 2.31012 3.47264 0.150551
394 3003 2.31009 3.47264 0.150537
395 3007 2.31007 3.47264 0.150545
396 3008 2.31093 3.47264 0.150592
397 3009 2.31143 3.47264 0.150579
398 3011 2.31192 3.47264 0.150541
399 3012 2.31233 3.47264 0.150567
400 3013 2.31243 3.47264 0.150578
401 3014 2.31263 3.47264 0.150523
402 3018 2.31277 3.47264 0.150452
403 3019 2.31312 3.47264 0.150434
404 3019 2.31398 3.47264 0.150446
405 3020 2.31426 3.47264 0.150482
406 3020 2.31543 3.47264 0.15042
407 3023 2.31575 3.47264 0.150477
408 3024 2.31624 3.47264 0.150493
409 3029 2.31731 3.47264 0.150632
410 3034 2.31748 3.47264 0.150573
411 3036 2.3175 3.47264 0.150577
412 3039 2.3178 3.47264 0.150547
413 3042 2.31804 3.47264 0.150577
414 3046 2.31804 3.47264 0.15057
415 3053 2.31842 3.47264 0.150571
416 3060 2.31712 3.47264 0.150503
417 3062 2.31765 3.47264 0.150574
418 3064 2.31809 3.47264 0.150497
419 3067 2.31933 3.47264 0.15057
420 3069 2.31984 3.47264 0.150517
421 3069 2.32024 3.47264 0.150539
422 3072 2.32064 3.47264 0.15059
423 3073 2.32106 3.47264 0.150637
424 3074 2.32242 3.47264 0.150697
425 3077 2.32311 3.47264 0.150695
426 3078 2.32365 3.47264 0.150708
427 3079 2.32398 3.47264 0.150702
428 3080 2.32454 3.47264 0.150696
429 3083 2.32534 3.47264 0.150637
430 3083 2.32579 3.47264 0.150671
431 3084 2.32608 3.47264 0.150686
432 3088 2.32631 3.47264 0.150642
433 3092 2.32702 3.47264 0.150586
434 3095 2.32718 3.47264 0.150501
435 3097 2.32751 3.47264 0.15051
436 3099 2.32761 3.47264 0.150528
437 3100 2.32822 3.47264 0.150487
438 3103 2.32852 3.47264 0.150472
439 3108 2.32855 3.47264 0.150481
440 3112 2.32945 3.47264 0.150479
441 3113 2.32986 3.47264 0.150408
442 3115 2.33045 3.47264 0.150403
443 3117 2.33064 3.47264 0.150324
444 3123 2.33092 3.47264 0.150315
445 3125 2.33148 3.47264 0.150279
446 3128 2.33216 3.47264 0.150278
447 3132 2.33263 3.47264 0.150267
448 3137 2.33254 3.47264 0.150304
449 3140 2.33258 3.47264 0.150296
450 3142 2.33311 3.47264 0.150244
451 3145 2.33343 3.47264 0.150274
452 3146 2.33324 3.47264 0.150284
453 3148 2.3335 3.47264 0.150278
454 3148 2.334 3.47264 0.150261
455 3151 2.33496 3.47264 0.150236
456 3154 2.33504 3.47264 0.150245
457 3156 2.33502 3.47264 0.150295
458 3156 2.33557 3.47264 0.150264
459 3157 2.33544 3.47264 0.15024
460 3160 2.33625 3.47264 0.150287
461 3163 2.33652 3.47264 0.150222
462 3165 2.33668 3.47264 0.150239
463 3167 2.33688 3.47264 0.150259
464 3167 2.33734 3.47264 0.15027
465 3169 2.33822 3.47264 0.150223
466 3171 2.33814 3.47264 0.150223
467 3172 2.33883 3.47264 0.150276
468 3176 2.3391 3.47264 0.150286
469 3178 2.33924 3.47264 0.150233
470 3178 2.33975 3.47264 0.150242
471 3179 2.34035 3.47264 0.150245
472 3185 2.33984 3.47264 0.150197
473 3187 2.34077 3.47264 0.150233
474 3189 2.3412 3.47264 0.150224
475 3190 2.34159 3.47264 0.150255
476 3194 2.3424 3.47264 0.150339
477 3194 2.34279 3.47264 0.150345
478 3196 2.34357 3.47264 0.150335
479 3197 2.34374 3.47264 0.150325
480 3199 2.34379 3.47264 0.150315
481 3202 2.34344 3.47264 0.150338
482 3206 2.34404 3.47264 0.150307
483 3211 2.34396 3.47264 0.1503
484 3217 2.34442 3.47264 0.150298
485 3221 2.34497 3.52848 0.150284
486 3225 2.34574 3.70788 0.150219
487 3225 2.34635 3.70788 0.150225
488 3229 2.34628 3.70788 0.150208
489 3229 2.34732 3.70788 0.150217
490 3230 2.34808 3.70788 0.150193
491 3232 2.34848 3.70788 0.150193
492 3234 2.34868 3.70788 0.15015
493 3235 2.34894 3.70788 0.150142
494 3236 2.34925 3.70788 0.150168
495 3237 2.34956 3.70788 0.150179
496 3239 2.34999 3.70788 0.150193
497 3241 2.35039 3.70788 0.15017
498 3245 2.35086 3.70788 0.150167
499 3245 2.35169 3.70788 0.150141
500 3248 2.35191 3.70788 0.150089
501 3253 2.3521 3.70788 0.150076
502 3256 2.35259 3.70788 0.150089
503 3257 2.3533 3.70788 0.150116
504 3259 2.35367 3.70788 0.150161
505 3260 2.35439 3.70788 0.150035
506 3261 2.35433 3.70788 0.150012
507 3262 2.35473 3.70788 0.149957
508 3263 2.35506 3.70788 0.149953
509 3266 2.35573 3.70788 0.14991
510 3268 2.35643 3.70788 0.149953
511 3272 2.3561 3.70788 0.149931
512 3272 2.35665 3.70788 0.149907
513 3274 2.3566 3.70788 0.149926
514 3274 2.35677 3.70788 0.149956
515 3274 2.35741 3.70788 0.149967
516 3276 2.35798 3.70788 0.149962
517 3279 2.35838 3.70788 0.149917
518 3281 2.35853 3.70788 0.149922
519 3285 2.35816 3.70788 0.149922
520 3286 2.35948 3.70788 0.149953
521 3288 2.35954 3.70788 0.149974
522 3291 2.3592 3.70788 0.149985
523 3294 2.35966 3.70788 0.149947
524 3296 2.3602 3.70788 0.149947
525 3297 2.36093 3.70788 0.149923
526 3299 2.36087 3.70788 0.149976
527 3301 2.3613 3.70788 0.149952
528 3301 2.36188 3.70788 0.149933
529 3304 2.36241 3.70788 0.14995
530 3306 2.36268 3.70788 0.149922
531 3307 2.36323 3.70788 0.15001
532 3308 2.36381 3.70788 0.150046
533 3309 2.36423 3.70788 0.150006
534 3311 2.36467 3.70788 0.149981
535 3312 2.36536 3.70788 0.149964
536 3314 2.36549 3.70788 0.149928
537 3318 2.36608 3.70788 0.149877
538 3320 2.36671 3.70788 0.149825
539 3322 2.3672 3.70788 0.149862
540 3327 2.3672 3.70788 0.149883
541 3328 2.3672 3.70788 0.149931
542 3331 2.36694 3.70788 0.149944
543 3332 2.36672 3.70788 0.149953
544 3334 2.36683 3.70788 0.149924
545 3335 2.3672 3.70788 0.149918
546 3337 2.36768 3.70788 0.149898
547 3340 2.36787 3.70788 0.149946
548 3344 2.36806 3.70788 0.149845
549 3345 2.36846 3.70788 0.149844
550 3346 2.36908 3.70788 0.149826
551 3351 2.36932 3.70788 0.149992
552 3355 2.36913 3.70788 0.149991
553 3363 2.36908 3.70788 0.149906
554 3364 2.36867 3.70788 0.149853
555 3367 2.36957 3.70788 0.14979
556 3368 2.36984 3.70788 0.149799
557 3372 2.36984 3.70788 0.149821
558 3373 2.37055 3.70788 0.149832
559 3376 2.37047 3.70788 0.149873
560 3378 2.37124 3.70788 0.149822
561 3380 2.37145 3.70788 0.149793
562 3383 2.37111 3.70788 0.149817
563 3386 2.37091 3.70788 0.149779
564 3387 2.37157 3.70788 0.14982
565 3387 2.37159 3.70788 0.149808
566 3391 2.37218 3.70788 0.1498
567 3393 2.3725 3.70788 0.149776
568 3395 2.37293 3.70788 0.149795
569 3396 2.37327 3.70788 0.149735
570 3397 2.37319 3.70788 0.149746
571 3399 2.37383 3.70788 0.149769
572 3402 2.37349 3.70788 0.149788
573 3403 2.37377 3.70788 0.149862
574 3405 2.37415 3.70788 0.149888
575 3406 2.3747 3.70788 0.149853
576 3406 2.37507 3.70788 0.149869
577 3408 2.37524 3.70788 0.149866
578 3408 2.37529 3.70788 0.149831
579 3410 2.37571 3.70788 0.149826
580 3411 2.37596 3.70788 0.149821
581 3415 2.3766 3.70788 0.149789
582 3416 2.37694 3.70788 0.149823
583 3417 2.37736 3.70788 0.149819
584 3422 2.37747 3.70788 0.149832
585 3424 2.3777 3.70788 0.149791
586 3428 2.37726 3.70788 0.149866
587 3429 2.37759 3.70788 0.149838
588 3430 2.3783 3.70788 0.149779
589 3433 2.3788 3.70788 0.149795
590 3435 2.37914 3.70788 0.149786
591 3435 2.37958 3.70788 0.149874
592 3439 2.37986 3.70788 0.1499
593 3440 2.38061 3.70788 0.149887
594 3444 2.38082 3.70788 0.149873
595 3446 2.38116 3.70788 0.149888
596 3448 2.38112 3.70788 0.149894
597 3448 2.38132 3.70788 0.149932
598 3450 2.3817 3.70788 0.14995
599 3450 2.38235 3.70788 0.149944
600 3454 2.38291 3.70788 0.149903
601 3458 2.38259 3.70788 0.149837
602 3461 2.38251 3.70788 0.149905
603 3463 2.38279 3.70788 0.149895
604 3464 2.38285 3.70788 0.149887
605 3467 2.38313 3.70788 0.149896
606 3471 2.38319 3.70788 0.149937
607 3473 2.38372 3.70788 0.149826
608 3474 2.38345 3.70788 0.149847
609 3474 2.38417 3.70788 0.149891
610 3476 2.38455 3.70788 0.149872
611 3477 2.38501 3.70788 0.149822
612 3477 2.38581 3.70788 0.149862
613 3477 2.38605 3.70788 0.149827
614 3479 2.38672 3.70788 0.149795
615 3481 2.38716 3.70788 0.149868
616 3481 2.38757 3.70788 0.149848
617 3483 2.38795 3.70788 0.14978
618 3486 2.38882 3.70788 0.149775
619 3486 2.38932 3.70788 0.1498
620 3490 2.38987 3.70788 0.149733
621 3490 2.39032 3.70788 0.149699
622 3494 2.39024 3.72307 0.149658
623 3495 2.39075 3.72307 0.149655
624 3497 2.39145 3.72307 0.149558
625 3497 2.3918 3.72307 0.149498
626 3499 2.39223 3.72307 0.149494
627 3500 2.39212 3.72307 0.149471
628 3501 2.39255 3.72307 0.14945
629 3501 2.39286 3.72307 0.149494
630 3504 2.39347 3.72307 0.149475
631 3506 2.39365 3.72307 0.149412
632 3508 2.39374 3.72307 0.149393
633 3511 2.39377 3.72307 0.149422
634 3512 2.39416 3.72307 0.14941
635 3516 2.39418 3.72307 0.1495
636 3518 2.39428 3.72307 0.149504
637 3518 2.39464 3.72307 0.149514
638 3519 2.39516 3.72307 0.149498
639 3521 2.39527 3.72307 0.149529
640 3523 2.39538 3.72307 0.149552
641 3524 2.39557 3.72307 0.149545
642 3524 2.39635 3.72307 0.149552
643 3526 2.39627 3.72307 0.149555
644 3526 2.39657 3.72307 0.149579
645 3527 2.39727 3.72307 0.14953
646 3527 2.39756 3.72307 0.149532
647 3528 2.39798 3.72307 0.149559
648 3531 2.39733 3.72307 0.149554
649 3534 2.39735 3.72307 0.149586
650 3534 2.39852 3.72307 0.149574
651 3535 2.39885 3.72307 0.149583
652 3536 2.39906 3.72307 0.149523
653 3537 2.39945 3.72307 0.14951
654 3538 2.39945 3.72307 0.149497
655 3540 2.40005 3.72307 0.149465
656 3543 2.40013 3.72307 0.149486
657 3544 2.40022 3.72307 0.149496
658 3544 2.40048 3.72307 0.149443
659 3544 2.40114 3.72307 0.149426
660 3546 2.40142 3.72307 0.149427
661 3546 2.40178 3.72307 0.149395
662 3549 2.40175 3.72307 0.149425
663 3549 2.40218 3.72307 0.149409
664 3549 2.40234 3.72307 0.149412
665 3550 2.40248 3.72307 0.149362
666 3553 2.4023 3.72307 0.149345
667 3555 2.40221 3.72307 0.149381
668 3561 2.40219 3.72307 0.149348
669 3561 2.40272 3.72307 0.149355
670 3564 2.40259 3.72307 0.149374
671 3568 2.40187 3.72307 0.149256
672 3570 2.40182 3.72307 0.149274
673 3572 2.40259 3.72307 0.149261
674 3572 2.40324 3.72307 0.149208
675 3574 2.4039 3.72307 0.149237
676 3575 2.40425 3.72307 0.149228
677 3576 2.40493 3.72307 0.149233
678 3581 2.40453 3.72307 0.149227
679 3581 2.40489 3.72307 0.149185
680 3585 2.40453 3.72307 0.149141
681 3585 2.40501 3.72307 0.149165
682 3588 2.40537 3.72307 0.149095
683 3589 2.40586 3.72307 0.149096
684 3591 2.4058 3.72307 0.149073
685 3593 2.40602 3.72307 0.149014
686 3595 2.4062 3.72307 0.148945
687 3597 2.40701 3.72307 0.148936
688 3599 2.40703 3.72307 0.148986
689 3602 2.40708 3.72307 0.148911
690 3604 2.40729 3.72307 0.148989
691 3604 2.40757 3.72307 0.149002
692 3604 2.40815 3.72307 0.149018
693 3607 2.40915 3.72307 0.149099
694 3609 2.4096 3.72307 0.149129
695 3611 2.40957 3.72307 0.149126
696 3612 2.41027 3.72307 0.149147
697 3613 2.41032 3.72307 0.149178
698 3615 2.41054 3.72307 0.149207
699 3616 2.41075 3.72307 0.149207
700 3620 2.41085 3.72307 0.149208
701 3621 2.41154 3.72307 0.14923
702 3621 2.41177 3.72307 0.149211
703 3623 2.41211 3.72307 0.149197
704 3624 2.41255 3.72307 0.149188
705 3627 2.41241 3.72307 0.149175
706 3628 2.41272 3.72307 0.14924
707 3628 2.41323 3.72307 0.14923
708 3629 2.41357 3.72307 0.149224
709 3630 2.41352 3.72307 0.149246
710 3631 2.41404 3.72307 0.149195
711 3634 2.41395 3.72307 0.149214
712 3635 2.41424 3.72307 0.149201
713 3637 2.41493 3.72307 0.149272
714 3637 2.41521 3.72307 0.149278
715 3637 2.41617 3.72307 0.149266
716 3638 2.41644 3.72307 0.149235
717 3638 2.41732 3.72307 0.149185
718 3638 2.41781 3.72307 0.14917
719 3638 2.4182 3.72307 0.149197
720 3638 2.41835 3.72307 0.149183
721 3643 2.41816 3.72307 0.149206
722 3645 2.41844 3.72307 0.149187
723 3646 2.4193 3.72307 0.14921
724 3649 2.41984 3.72307 0.149214
725 3652 2.42017 3.72307 0.149214
726 3655 2.42025 3.72307 0.14922
727 3656 2.42083 3.72307 0.149235
728 3662 2.42081 3.72307 0.149248
729 3663 2.42124 3.72307 0.149225
730 3666 2.42202 3.72307 0.149195
731 3668 2.42186 3.72307 0.149225
732 3670 2.42234 3.72307 0.149192
733 3670 2.42309 3.72307 0.14922
734 3672 2.42299 3.72307 0.149245
735 3672 2.42358 3.72307 0.149277
736 3672 2.42397 3.72307 0.149301
737 3675 2.42402 3.72307 0.149262
738 3680 2.42406 3.72307 0.149322
739 3686 2.42406 3.72307 0.149321
740 3687 2.42472 3.72307 0.149297
741 3690 2.42453 3.72307 0.149238
742 3690 2.42496 3.72307 0.149246
743 3692 2.42501 3.72307 0.149233
744 3695 2.42551 3.72307 0.149214
745 3700 2.42574 3.72307 0.149258
746 3703 2.42614 3.72307 0.149262
747 3705 2.42637 3.72307 0.149267
748 3706 2.42646 3.72307 0.149314
749 3708 2.42702 3.72307 0.149317
750 3709 2.42694 3.72307 0.149349
751 3712 2.4269 3.72307 0.149348
752 3712 2.42721 3.72307 0.149347
753 3712 2.4275 3.72307 0.149359
754 3713 2.42775 3.72307 0.149338
755 3715 2.42798 3.72307 0.149351
756 3716 2.42808 3.72307 0.149377
757 3718 2.42835 3.72307 0.149335
758 3719 2.42893 3.72307 0.149351
759 3719 2.4293 3.72307 0.14929
760 3721 2.4297 3.72307 0.149335
761 3721 2.43001 3.72307 0.149324
762 3723 2.42998 3.72307 0.149349
763 3724 2.43045 3.72307 0.149353
764 3726 2.4301 3.72307 0.149313
765 3730 2.43006 3.72307 0.149336
766 3732 2.43043 3.72307 0.1493
767 3733 2.4303 3.72307 0.149331
768 3734 2.43043 3.72307 0.149391
769 3734 2.43056 3.72307 0.149401
770 3735 2.43071 3.72307 0.149404
771 3739 2.43077 3.72307 0.149354
772 3742 2.43127 3.72307 0.149318
773 3742 2.43173 3.72307 0.149308
774 3743 2.43206 3.72307 0.149295
775 3744 2.43204 3.72307 0.149282
776 3746 2.43196 3.72307 0.14933
777 3750 2.43253 3.72307 0.149319
778 3752 2.43288 3.72307 0.149222
779 3755 2.43322 3.72307 0.149151
780 3760 2.43339 3.72307 0.149145
781 3761 2.43362 3.72307 0.149163
782 3761 2.4341 3.72307 0.149184
783 3763 2.4347 3.72307 0.14912
784 3765 2.43457 3.72307 0.149107
785 3765 2.43504 3.72307 0.149061
786 3768 2.43508 3.72307 0.149053
787 3768 2.43512 3.72307 0.149079
788 3771 2.43524 3.72307 0.149125
789 3771 2.43568 3.72307 0.149165
790 3772 2.43657 3.72307 0.149105
791 3774 2.43657 3.72307 0.14914
792 3775 2.43685 3.72307 0.149122
793 3777 2.43692 3.72307 0.149072
794 3778 2.43709 3.72307 0.149071
795 3778 2.43759 3.72307 0.149092
796 3779 2.43765 3.72307 0.149095
797 3780 2.43711 3.72307 0.149031
798 3782 2.43701 3.72307 0.148993
799 3783 2.43686 3.72307 0.148985
800 3784 2.43684 3.72307 0.148966
801 3785 2.43702 3.72307 0.148924
802 3785 2.43779 3.72307 0.148919
803 3787 2.43812 3.72307 0.148968
804 3791 2.43715 3.72307 0.148995
805 3792 2.43755 3.72307 0.148997
806 3792 2.43797 3.72307 0.149044
807 3793 2.43824 3.72307 0.149028
808 3794 2.43875 3.72307 0.149097
809 3797 2.43875 3.72307 0.149112
810 3798 2.43896 3.72307 0.149139
811 3799 2.43958 3.72307 0.149132
812 3801 2.43946 3.72307 0.149125
813 3804 2.43916 3.72307 0.14912
814 3804 2.43951 3.72307 0.149105
815 3804 2.43996 3.72307 0.149119
816 3805 2.44017 3.72307 0.149083
817 3805 2.44059 3.72307 0.149072
818 3809 2.44031 3.72307 0.149078
819 3812 2.44088 3.72307 0.149075
820 3814 2.44099 3.72307 0.149101
821 3814 2.44106 3.72307 0.149104
822 3815 2.44121 3.72307 0.149087
823 3815 2.44132 3.72307 0.149078
824 3816 2.44174 3.72307 0.149065
825 3820 2.44203 3.72307 0.149099
826 3820 2.44229 3.72307 0.149095
827 3820 2.44251 3.72307 0.149079
828 3820 2.44311 3.72307 0.149118
829 3820 2.44348 3.72307 0.149125
830 3821 2.44377 3.72307 0.149123
831 3821 2.44456 3.72307 0.149175
832 3822 2.44459 3.72307 0.149134
833 3823 2.44468 3.72307 0.149105
834 3823 2.44499 3.72307 0.14907
835 3825 2.44454 3.72307 0.149074
836 3827 2.44491 3.72307 0.149084
837 3828 2.44511 3.72307 0.149073
838 3828 2.44555 3.72307 0.149029
839 3829 2.44588 3.72307 0.149012
840 3830 2.44582 3.72307 0.149027
841 3831 2.44588 3.72307 0.149007
842 3831 2.44601 3.72307 0.148999
843 3831 2.44616 3.72307 0.148953
844 3832 2.4462 3.72307 0.148945
845 3834 2.44656 3.72307 0.148943
846 3834 2.44687 3.72307 0.148919
847 3834 2.44717 3.72307 0.148872
848 3835 2.44725 3.72307 0.148831
849 3835 2.44747 3.72307 0.14881
850 3836 2.44756 3.72307 0.14887
851 3837 2.44779 3.72307 0.148869
852 3838 2.44806 3.72307 0.148818
853 3839 2.44832 3.72307 0.148842
854 3841 2.44839 3.72307 0.148819
855 3842 2.44895 3.72307 0.148806
856 3842 2.4492 3.72307 0.148774
857 3844 2.4493 3.72307 0.148808
858 3844 2.44955 3.72307 0.148776
859 3844 2.44998 3.72307 0.148802
860 3844 2.45015 3.72307 0.148765
861 3844 2.45058 3.72307 0.148737
862 3846 2.45044 3.72307 0.148727
863 3846 2.45051 3.72307 0.148735
864 3848 2.45076 3.72307 0.148757
865 3852 2.45005 3.72307 0.148745
866 3853 2.45022 3.72307 0.148791
867 3853 2.45064 3.72307 0.148823
868 3854 2.45138 3.72307 0.148863
869 3855 2.45172 3.72307 0.148816
870 3856 2.45205 3.72307 0.14879
871 3860 2.45102 3.72307 0.148852
872 3861 2.45142 3.72307 0.148814
873 3862 2.45106 3.72307 0.148848
874 3863 2.45144 3.72307 0.148851
875 3864 2.45174 3.72307 0.148809
876 3866 2.45211 3.72307 0.148796
877 3867 2.45233 3.72307 0.148752
878 3868 2.45245 3.72307 0.148771
879 3869 2.45259 3.72307 0.14874
880 3870 2.45269 3.72307 0.148731
881 3870 2.45294 3.72307 0.148725
882 3874 2.45295 3.72307 0.1487
883 3876 2.45317 3.72307 0.14869
884 3877 2.45371 3.72307 0.148644
885 3878 2.4539 3.72307 0.148652
886 3879 2.45396 3.72307 0.148674
887 3881 2.4541 3.72307 0.148667
888 3883 2.454 3.72307 0.148662
889 3885 2.45436 3.72307 0.148661
890 3889 2.4547 3.72307 0.148629
891 3889 2.45504 3.72307 0.148629
892 3890 2.45514 3.72307 0.148606
893 3890 2.45549 3.72307 0.148639
894 3890 2.45582 3.72307 0.148679
895 3890 2.45618 3.72307 0.148676
896 3891 2.45628 3.72307 0.148607
897 3892 2.4566 3.72307 0.148601
898 3894 2.45687 3.72307 0.148564
899 3895 2.4571 3.72307 0.148532
900 3895 2.4574 3.72307 0.148576
901 3897 2.45757 3.72307 0.148592
902 3898 2.45801 3.72307 0.148502
903 3898 2.45834 3.72307 0.148491
904 3898 2.45847 3.72307 0.148485
905 3900 2.45887 3.72307 0.148509
906 3901 2.45929 3.72307 0.148402
907 3902 2.45985 3.72307 0.148395
908 3902 2.46013 3.72307 0.148385
909 3902 2.46029 3.72307 0.148375
910 3902 2.46068 3.72307 0.148359
911 3903 2.46084 3.72307 0.14836
912 3904 2.46108 3.72307 0.148358
913 3906 2.4608 3.72307 0.148384
914 3907 2.46072 3.72307 0.148417
915 3907 2.4612 3.72307 0.148451
916 3907 2.46152 3.72307 0.148441
917 3910 2.46173 3.72307 0.148426
918 3910 2.46238 3.72307 0.148415
919 3911 2.46303 3.72307 0.148415
920 3911 2.46332 3.72307 0.148402
921 3911 2.46351 3.72307 0.148387
922 3916 2.46307 3.72307 0.148404
923 3918 2.46317 3.72307 0.148373
924 3918 2.46408 3.72307 0.148417
925 3919 2.46414 3.72307 0.148393
926 3919 2.46437 3.72307 0.148406
927 3919 2.46449 3.72307 0.14841
928 3919 2.46532 3.72307 0.148431
929 3921 2.46582 3.72307 0.148416
930 3922 2.4659 3.72307 0.148381
931 3925 2.46537 3.72307 0.148337
932 3926 2.46533 3.72307 0.148284
933 3928 2.46557 3.72307 0.148257
934 3929 2.46616 3.72307 0.148208
935 3929 2.46663 3.72307 0.148238
936 3931 2.46655 3.72307 0.148247
937 3931 2.46666 3.72307 0.14825
938 3935 2.46581 3.72307 0.148252
939 3935 2.46618 3.72307 0.148235
940 3936 2.46664 3.72307 0.148227
941 3937 2.46702 3.72307 0.148173
942 3939 2.46671 3.72307 0.148191
943 3940 2.46681 3.72307 0.148169
944 3940 2.46706 3.72307 0.14818
945 3942 2.46655 3.72307 0.148147
946 3944 2.46678 3.72307 0.148125
947 3947 2.46698 3.72307 0.148095
948 3948 2.46721 3.72307 0.148147
949 3948 2.46736 3.72307 0.148143
950 3949 2.46766 3.72307 0.148159
951 3949 2.46795 3.72307 0.148181
952 3950 2.46811 3.72307 0.148148
953 3951 2.46853 3.72307 0.148121
954 3951 2.46906 3.72307 0.148144
955 3952 2.46931 3.72307 0.14814
956 3958 2.46921 3.72307 0.148142
957 3958 2.46925 3.72307 0.148106
958 3962 2.46921 3.72307 0.148058
959 3962 2.46929 3.72307 0.148086
960 3964 2.46939 3.72307 0.148074
961 3964 2.46958 3.72307 0.148026
962 3965 2.46974 3.72307 0.148068
963 3965 2.46988 3.72307 0.148087
964 3969 2.46968 3.72307 0.148106
965 3970 2.46995 3.72307 0.148108
966 3973 2.47023 3.72307 0.148065
967 3977 2.47032 3.72307 0.148081
968 3979 2.4705 3.72307 0.148062
969 3980 2.47083 3.72307 0.148092
970 3980 2.47106 3.72307 0.148017
971 3982 2.47103 3.72307 0.148006
972 3983 2.471 3.72307 0.148035
973 3985 2.47114 3.72307 0.148094
974 3985 2.47141 3.72307 0.148095
975 3987 2.47165 3.72307 0.148151
976 3987 2.47196 3.72307 0.148153
977 3987 2.4721 3.72307 0.148189
978 3989 2.47259 3.72307 0.148163
979 3990 2.47271 3.72307 0.148205
980 3992 2.47298 3.72307 0.148172
981 3996 2.47245 3.72307 0.148219
982 3999 2.47281 3.72307 0.148219
983 3999 2.47315 3.72307 0.148191
984 4000 2.47322 3.72307 0.148195
985 4002 2.47353 3.72307 0.148226
986 4002 2.47389 3.72307 0.148199
987 4003 2.47423 3.72307 0.148177
988 4004 2.47445 3.72307 0.148163
989 4005 2.47477 3.72307 0.148195
990 4006 2.47487 3.72307 0.148136
991 4006 2.47492 3.72307 0.14815
992 4007 2.47524 3.72307 0.14807
993 4007 2.47562 3.72307 0.148072
994 4007 2.47593 3.72307 0.148076
995 4008 2.47599 3.72307 0.148078
996 4009 2.47603 3.72307 0.148089
997 4009 2.47634 3.72307 0.148028
998 4011 2.47663 3.72307 0.148056
999 4011 2.47724 3.72307 0.148079
1000 4011 2.47762 3.72307 0.148115
1001 4013 2.47731 3.72307 0.148075
1002 4014 2.47774 3.72307 0.148098
1003 4015 2.47783 3.72307 0.148109
1004 4016 2.47811 3.72307 0.148077
1005 4016 2.47834 3.72307 0.148091
1006 4018 2.47842 3.72307 0.148117
1007 4020 2.47879 3.72307 0.148105
1008 4021 2.47896 3.72307 0.148107
1009 4021 2.47931 3.72307 0.148099
1010 4021 2.47961 3.72307 0.148079
1011 4021 2.48005 3.72307 0.148033
1012 4023 2.48007 3.72307 0.148023
1013 4023 2.48029 3.72307 0.148009
1014 4026 2.48069 3.72307 0.148008
1015 4026 2.4809 3.72307 0.148068
1016 4028 2.48101 3.72307 0.148089
1017 4029 2.481 3.72307 0.148145
1018 4032 2.48138 3.72307 0.148115
1019 4032 2.48202 3.72307 0.148117
1020 4032 2.48229 3.72307 0.148161
1021 4034 2.48249 3.72307 0.148132
1022 4034 2.48287 3.72307 0.148092
1023 4038 2.48279 3.72307 0.148089
1024 4040 2.48246 3.72307 0.148102
1025 4040 2.48272 3.72307 0.148122
1026 4040 2.48306 3.72307 0.148126
1027 4041 2.48313 3.72307 0.148128
1028 4041 2.4833 3.72307 0.148092
1029 4041 2.48359 3.72307 0.148065
1030 4043 2.48318 3.72307 0.148043
1031 4047 2.48302 3.72307 0.14801
1032 4049 2.48294 3.72307 0.147994
1033 4051 2.48299 3.72307 0.147968
1034 4052 2.48306 3.72307 0.147944
1035 4053 2.48317 3.72307 0.14794
1036 4054 2.48321 3.72307 0.147979
1037 4055 2.483 3.72307 0.147951
1038 4055 2.48321 3.72307 0.14793
1039 4055 2.48351 3.72307 0.14791
1040 4058 2.48376 3.72307 0.147948
1041 4059 2.48403 3.72307 0.147926
1042 4060 2.48456 3.72307 0.147958
1043 4061 2.48484 3.72307 0.148
1044 4062 2.48523 3.72307 0.148034
1045 4063 2.48571 3.72307 0.148007
1046 4063 2.48583 3.72307 0.148012
1047 4063 2.48614 3.72307 0.148015
1048 4066 2.48591 3.72307 0.148034
1049 4067 2.48633 3.72307 0.148061
1050 4068 2.48695 3.72307 0.14803
1051 4068 2.48701 3.72307 0.14803
1052 4070 2.48735 3.72307 0.148018
1053 4071 2.48746 3.72307 0.14799
1054 4072 2.48797 3.72307 0.148054
1055 4073 2.48763 3.72307 0.148031
1056 4075 2.48762 3.72307 0.148056
1057 4075 2.48825 3.72307 0.148059
1058 4076 2.48897 3.72307 0.148037
1059 4078 2.48861 3.72307 0.148054
1060 4079 2.48905 3.72307 0.14807
1061 4079 2.48916 3.72307 0.148067
1062 4079 2.4896 3.72307 0.147982
1063 4081 2.48993 3.72307 0.147979
1064 4083 2.49039 3.72307 0.147988
1065 4083 2.4907 3.72307 0.147978
1066 4085 2.49048 3.72307 0.147998
1067 4085 2.49085 3.72307 0.147968
1068 4085 2.49113 3.72307 0.14803
1069 4086 2.49122 3.72307 0.148026
1070 4089 2.49123 3.72307 0.148022
1071 4090 2.49127 3.72307 0.147977
1072 4090 2.49138 3.72307 0.147972
1073 4090 2.49161 3.72307 0.147937
1074 4092 2.49173 3.72307 0.147928
1075 4092 2.49207 3.72307 0.147964
1076 4095 2.49175 3.72307 0.148017
1077 4096 2.49204 3.72307 0.147967
1078 4097 2.49235 3.72307 0.147927
1079 4097 2.49281 3.72307 0.147965
1080 4100 2.49285 3.72307 0.147966
1081 4101 2.49258 3.72307 0.147986
1082 4101 2.49287 3.72307 0.147975
1083 4102 2.49335 3.72307 0.148026
1084 4103 2.49373 3.72307 0.148062
1085 4103 2.49414 3.72307 0.148046
1086 4105 2.49453 3.72307 0.148059
1087 4105 2.49461 3.72307 0.148066
1088 4105 2.49508 3.72307 0.148039
1089 4107 2.49496 3.72307 0.148022
1090 4107 2.49521 3.72307 0.148049
1091 4107 2.49546 3.72307 0.148087
1092 4108 2.4957 3.72307 0.148083
1093 4109 2.49592 3.72307 0.148081
1094 4109 2.49617 3.72307 0.14806
1095 4109 2.49637 3.72307 0.148055
1096 4111 2.49637 3.72307 0.148055
1097 4113 2.49657 3.72307 0.148024
1098 4114 2.49663 3.72307 0.148015
1099 4115 2.49681 3.72307 0.14795
1100 4116 2.49736 3.72307 0.148
1101 4116 2.49799 3.72307 0.148021
1102 4117 2.49857 3.72307 0.148019
1103 4120 2.49857 3.72307 0.148058
1104 4121 2.4989 3.72307 0.148003
1105 4123 2.49891 3.72307 0.148026
1106 4123 2.49921 3.72307 0.14803
1107 4123 2.49943 3.72307 0.148044
1108 4125 2.49961 3.72307 0.148078
1109 4125 2.50034 3.72307 0.148063
1110 4126 2.50051 3.72307 0.148037
1111 4128 2.50078 3.72307 0.148075
1112 4128 2.50105 3.72307 0.148082
1113 4128 2.50119 3.72307 0.148067
1114 4128 2.50172 3.72307 0.148098
1115 4130 2.50184 3.72307 0.148052
1116 4130 2.50214 3.72307 0.148094
1117 4130 2.5027 3.72307 0.148117
1118 4131 2.50291 3.72307 0.148109
1119 4134 2.50286 3.72307 0.148098
1120 4135 2.50299 3.72307 0.148059
1121 4136 2.50287 3.72307 0.148057
1122 4137 2.50286 3.72307 0.148026
1123 4137 2.50293 3.72307 0.148025
1124 4139 2.50312 3.72307 0.147993
1125 4141 2.50315 3.72307 0.148037
1126 4142 2.50336 3.72307 0.148005
1127 4143 2.50346 3.72307 0.147977
1128 4143 2.50357 3.72307 0.147968
1129 4143 2.50397 3.72307 0.147964
1130 4144 2.50396 3.72307 0.147974
1131 4145 2.50386 3.72307 0.147976
1132 4147 2.50386 3.72307 0.147886
1133 4149 2.50361 3.72307 0.147878
1134 4152 2.50345 3.72307 0.147874
1135 4152 2.50353 3.72307 0.147886
1136 4152 2.50384 3.72307 0.147863
1137 4155 2.50352 3.72307 0.147898
1138 4156 2.50354 3.72307 0.147885
1139 4156 2.50372 3.72307 0.14788
1140 4156 2.50413 3.72307 0.147887
1141 4158 2.50389 3.72307 0.14795
1142 4158 2.5042 3.72307 0.147973
1143 4161 2.50421 3.72307 0.148004
1144 4161 2.50458 3.72307 0.147971
1145 4162 2.50474 3.72307 0.147946
1146 4162 2.50497 3.72307 0.147916
1147 4162 2.50524 3.72307 0.147968
1148 4163 2.50578 3.72307 0.147955
1149 4163 2.50605 3.72307 0.147923
1150 4164 2.50616 3.72307 0.147956
1151 4164 2.5064 3.72307 0.147982
1152 4164 2.50693 3.72307 0.147953
1153 4166 2.50702 3.72307 0.147947
1154 4167 2.50758 3.72307 0.147987
1155 4170 2.50741 3.72307 0.147964
1156 4171 2.50791 3.72307 0.147961
1157 4172 2.50811 3.72307 0.147932
1158 4173 2.50832 3.72307 0.147964
1159 4174 2.50855 3.72307 0.147978
1160 4175 2.50855 3.72307 0.147964
1161 4176 2.50914 3.72307 0.14795
1162 4179 2.50882 3.72307 0.147993
1163 4181 2.50894 3.72307 0.147965
1164 4181 2.50908 3.72307 0.147964
1165 4182 2.5093 3.72307 0.147941
1166 4184 2.50937 3.72307 0.147955
1167 4185 2.50972 3.72307 0.147956
1168 4186 2.51025 3.72307 0.14799
1169 4187 2.5103 3.72307 0.147995
1170 4189 2.51045 3.72307 0.148025
1171 4189 2.5106 3.72307 0.148029
1172 4189 2.51071 3.72307 0.147998
1173 4192 2.51053 3.72307 0.148037
1174 4193 2.51068 3.72307 0.148037
1175 4193 2.51104 3.72307 0.148025
1176 4194 2.51098 3.72307 0.148001
1177 4195 2.51101 3.72307 0.147983
1178 4196 2.51124 3.72307 0.148018
1179 4196 2.51159 3.72307 0.148041
1180 4197 2.51168 3.72307 0.148061
1181 4197 2.51187 3.72307 0.148033
1182 4197 2.51213 3.72307 0.148078
1183 4197 2.5124 3.72307 0.148106
1184 4199 2.51241 3.72307 0.148095
1185 4200 2.5128 3.72307 0.148096
1186 4203 2.51273 3.72307 0.148085
1187 4203 2.51302 3.72307 0.14811
1188 4204 2.51294 3.72307 0.148117
1189 4205 2.51319 3.72307 0.148122
1190 4206 2.51369 3.72307 0.148131
1191 4207 2.51395 3.72307 0.14815
1192 4209 2.51453 3.72307 0.148163
1193 4210 2.51443 3.72307 0.148142
1194 4211 2.51471 3.72307 0.148157
1195 4212 2.51466 3.72307 0.14814
1196 4213 2.51477 3.72307 0.148152
1197 4214 2.51501 3.72307 0.148183
1198 4214 2.51533 3.72307 0.148178
1199 4215 2.51543 3.72307 0.148186
1200 4215 2.51559 3.72307 0.148183
1201 4216 2.51579 3.72307 0.1482
1202 4216 2.51659 3.72307 0.148208
1203 4217 2.51684 3.72307 0.1482
1204 4217 2.51727 3.72307 0.148237
1205 4220 2.51726 3.72307 0.148239
1206 4221 2.51735 3.72307 0.148263
1207 4221 2.51755 3.72307 0.148272
1208 4221 2.51797 3.72307 0.148308
1209 4222 2.51797 3.72307 0.148354
1210 4222 2.51871 3.72307 0.148367
1211 4223 2.51864 3.72307 0.148298
1212 4223 2.51899 3.72307 0.148247
1213 4223 2.51916 3.72307 0.148203
1214 4224 2.51918 3.72307 0.148193
1215 4225 2.51925 3.72307 0.148203
1216 4226 2.51876 3.72307 0.148211
1217 4226 2.51925 3.72307 0.148222
1218 4226 2.51935 3.72307 0.148214
1219 4226 2.51975 3.72307 0.14827
1220 4226 2.51989 3.72307 0.148241
1221 4227 2.51992 3.72307 0.148229
1222 4229 2.51992 3.72307 0.148229
1223 4229 2.52015 3.72307 0.148217
1224 4231 2.52028 3.72307 0.148244
1225 4232 2.52047 3.72307 0.148276
1226 4232 2.52057 3.72307 0.148282
1227 4232 2.52061 3.72307 0.148286
1228 4232 2.52085 3.72307 0.148283
1229 4234 2.52112 3.72307 0.148283
1230 4234 2.52128 3.72307 0.148228
1231 4235 2.52159 3.72307 0.148256
1232 4236 2.52188 3.72307 0.148274
1233 4237 2.52193 3.72307 0.148268
1234 4238 2.52214 3.72307 0.148263
1235 4238 2.52282 3.72307 0.14826
1236 4238 2.52324 3.72307 0.148255
1237 4238 2.52348 3.72307 0.148244
1238 4238 2.52382 3.72307 0.148249
1239 4239 2.52393 3.72307 0.14825
1240 4240 2.52392 3.72307 0.148259
1241 4240 2.52432 3.72307 0.148281
1242 4240 2.52447 3.72307 0.148297
1243 4242 2.52446 3.72307 0.1483
1244 4242 2.52478 3.72307 0.148254
1245 4244 2.52516 3.72307 0.148259
1246 4244 2.52533 3.72307 0.148263
1247 4244 2.5255 3.72307 0.148257
1248 4245 2.52563 3.72307 0.14821
1249 4246 2.52572 3.72307 0.148215
1250 4250 2.52546 3.72307 0.148201
1251 4250 2.52593 3.72307 0.148173
1252 4252 2.52615 3.72307 0.148164
1253 4252 2.52648 3.72307 0.148137
1254 4252 2.52655 3.72307 0.14808
1255 4252 2.52679 3.72307 0.148109
1256 4253 2.52681 3.72307 0.148103
1257 4254 2.52702 3.72307 0.148083
1258 4254 2.52755 3.84212 0.148074
1259 4255 2.52746 3.84212 0.148069
1260 4257 2.52777 3.84212 0.148072
1261 4257 2.52811 3.84212 0.148121
1262 4258 2.52831 3.84212 0.148154
1263 4259 2.52826 3.84212 0.148173
1264 4260 2.52826 3.84212 0.148174
1265 4261 2.52816 3.84212 0.148172
1266 4261 2.52831 3.84212 0.148174
1267 4262 2.52833 3.84212 0.148178
1268 4266 2.52824 3.84212 0.148189
1269 4267 2.52836 3.84212 0.148177
1270 4268 2.52859 3.84212 0.148222
1271 4269 2.52855 3.84212 0.148212
1272 4270 2.52873 3.84212 0.148219
1273 4270 2.52901 3.84212 0.148191
1274 4270 2.52922 3.84212 0.148148
1275 4271 2.52926 3.84212 0.148159
1276 4271 2.52935 3.84212 0.148144
1277 4273 2.52944 3.84212 0.148087
1278 4274 2.52933 3.84212 0.14808
1279 4275 2.52897 3.84212 0.148124
1280 4275 2.5294 3.84212 0.148155
1281 4275 2.53009 3.84212 0.148196
1282 4275 2.53036 3.84212 0.148117
1283 4275 2.53046 3.84212 0.1481
1284 4275 2.53093 3.84212 0.148114
1285 4277 2.53109 3.84212 0.148107
1286 4278 2.53097 3.84212 0.1481
1287 4280 2.5311 3.84212 0.148037
1288 4280 2.53132 3.84212 0.148019
1289 4280 2.53145 3.84212 0.148006
1290 4280 2.53177 3.84212 0.148009
1291 4281 2.53199 3.84212 0.148041
1292 4283 2.53196 3.84212 0.148017
1293 4285 2.53209 3.84212 0.148024
1294 4287 2.53219 3.84212 0.147973
1295 4287 2.5323 3.84212 0.147952
1296 4289 2.53243 3.84212 0.147997
1297 4290 2.53228 3.84212 0.147992
1298 4290 2.53247 3.84212 0.148037
1299 4290 2.53286 3.84212 0.148007
1300 4291 2.53303 3.84212 0.148012
1301 4292 2.53329 3.84212 0.148009
1302 4295 2.53311 3.84212 0.147995
1303 4297 2.53319 3.84212 0.148031
1304 4297 2.53364 3.84212 0.148058
1305 4297 2.53389 3.84212 0.148076
1306 4297 2.53464 3.84212 0.148062
1307 4297 2.53497 3.84212 0.148068
1308 4298 2.53518 3.84212 0.148071
1309 4300 2.53495 3.84212 0.148087
1310 4302 2.53499 3.84212 0.148066
1311 4302 2.53558 3.84212 0.148132
1312 4302 2.53567 3.84212 0.148143
1313 4303 2.53526 3.84212 0.148164
1314 4304 2.53528 3.84212 0.148152
1315 4305 2.5351 3.84212 0.148148
1316 4305 2.5353 3.84212 0.148149
1317 4307 2.53528 3.84212 0.148198
1318 4308 2.53541 3.84212 0.148196
1319 4308 2.53569 3.84212 0.148203
1320 4308 2.53617 3.84212 0.148201
1321 4308 2.53645 3.84212 0.148245
1322 4309 2.53644 3.84212 0.148265
1323 4309 2.53682 3.84212 0.148264
1324 4309 2.53694 3.84212 0.14824
1325 4309 2.53724 3.84212 0.148178
1326 4309 2.53738 3.84212 0.148139
1327 4311 2.53731 3.84212 0.148137
1328 4311 2.53762 3.84212 0.148144
1329 4311 2.53798 3.84212 0.14816
1330 4311 2.53816 3.84212 0.148188
1331 4311 2.53843 3.84212 0.148186
1332 4311 2.53866 3.84212 0.14817
1333 4312 2.53879 3.84212 0.148178
1334 4313 2.53869 3.84212 0.148147
1335 4315 2.53889 3.84212 0.148124
1336 4316 2.539 3.84212 0.148122
1337 4317 2.53918 3.84212 0.148136
1338 4317 2.53925 3.84212 0.148111
1339 4318 2.53983 3.84212 0.148125
1340 4319 2.53993 3.84212 0.148077
1341 4319 2.54043 3.84212 0.148103
1342 4319 2.54066 3.84212 0.148063
1343 4319 2.54078 3.84212 0.148049
1344 4319 2.54102 3.84212 0.148036
1345 4321 2.5406 3.84212 0.148025
1346 4321 2.54106 3.84212 0.148074
1347 4321 2.54122 3.84212 0.148057
1348 4322 2.54105 3.84212 0.148063
1349 4323 2.5413 3.84212 0.148096
1350 4324 2.5415 3.84212 0.148101
1351 4324 2.54169 3.84212 0.148079
1352 4324 2.54172 3.84212 0.148082
1353 4325 2.54159 3.84212 0.148096
1354 4327 2.54197 3.84212 0.148133
1355 4327 2.54241 3.84212 0.148114
1356 4327 2.54268 3.84212 0.148068
1357 4328 2.54296 3.84212 0.148017
1358 4331 2.54294 3.84212 0.148031
1359 4331 2.54328 3.84212 0.148022
1360 4332 2.54343 3.84212 0.148007
1361 4335 2.5433 3.84212 0.147993
1362 4336 2.54327 3.84212 0.147982
1363 4337 2.54372 3.84212 0.147979
1364 4338 2.5441 3.84212 0.147937
1365 4338 2.54418 3.84212 0.147943
1366 4339 2.54438 3.84212 0.147982
1367 4340 2.54431 3.84212 0.147974
1368 4340 2.54434 3.84212 0.148
1369 4340 2.54446 3.84212 0.147997
1370 4340 2.54464 3.84212 0.147989
1371 4341 2.54521 3.84212 0.148031
1372 4342 2.54521 3.84212 0.148057
1373 4342 2.54571 3.84212 0.1481
1374 4342 2.54579 3.84212 0.148096
1375 4343 2.54595 3.84212 0.148082
1376 4344 2.54632 3.84212 0.148059
1377 4344 2.54677 3.84212 0.148096
1378 4346 2.54676 3.84212 0.148089
1379 4346 2.54698 3.84212 0.148096
1380 4347 2.54727 3.84212 0.148099
1381 4349 2.5472 3.84212 0.148132
1382 4350 2.54738 3.84212 0.14816
1383 4351 2.5474 3.84212 0.148126
1384 4353 2.54761 3.84212 0.148105
1385 4354 2.54767 3.84212 0.148118
1386 4354 2.54787 3.84212 0.148136
1387 4354 2.54804 3.84212 0.148126
1388 4356 2.54833 3.84212 0.14814
1389 4356 2.54854 3.84212 0.148093
1390 4357 2.54854 3.84212 0.148106
1391 4359 2.54881 3.84212 0.148141
1392 4363 2.54836 3.84212 0.148139
1393 4364 2.54845 3.84212 0.148141
1394 4366 2.54854 3.84212 0.14816
1395 4367 2.54874 3.84212 0.148145
1396 4369 2.54884 3.84212 0.148147
1397 4369 2.54894 3.84212 0.148124
1398 4370 2.54907 3.84212 0.148114
1399 4371 2.54904 3.84212 0.148031
1400 4371 2.54931 3.84212 0.148093
1401 4372 2.54933 3.84212 0.1481
1402 4372 2.54959 3.84212 0.148106
1403 4373 2.54963 3.84212 0.148089
1404 4373 2.54995 3.84212 0.148078
1405 4374 2.54996 3.84212 0.148097
1406 4375 2.54999 3.84212 0.148086
1407 4375 2.55013 3.84212 0.148049
1408 4375 2.55039 3.84212 0.148004
1409 4375 2.55053 3.84212 0.147994
1410 4376 2.55045 3.84212 0.147978
1411 4377 2.55072 3.84212 0.147979
1412 4378 2.5507 3.84212 0.147967
1413 4378 2.55117 3.84212 0.147952
1414 4378 2.55147 3.84212 0.14797
1415 4378 2.55163 3.84212 0.147967
1416 4378 2.55188 3.84212 0.147957
1417 4380 2.55207 3.84212 0.147968
1418 4380 2.55246 3.84212 0.147941
1419 4380 2.55256 3.84212 0.147902
1420 4380 2.553 3.84212 0.147903
1421 4380 2.55305 3.84212 0.147874
1422 4380 2.55309 3.84212 0.14789
1423 4380 2.55331 3.84212 0.147951
1424 4382 2.55303 3.84212 0.147945
1425 4382 2.55318 3.84212 0.147932
1426 4382 2.55336 3.84212 0.14793
1427 4385 2.55331 3.84212 0.147908
1428 4386 2.55327 3.84212 0.147916
1429 4387 2.55357 3.84212 0.147873
1430 4391 2.55339 3.84212 0.147872
1431 4391 2.5535 3.84212 0.147866
1432 4391 2.55365 3.84212 0.14787
1433 4394 2.55367 3.84212 0.147912
1434 4394 2.55387 3.84212 0.147941
1435 4396 2.55374 3.84212 0.14796
1436 4396 2.5538 3.84212 0.147935
1437 4396 2.55406 3.84212 0.147949
1438 4396 2.5543 3.84212 0.147913
1439 4396 2.55446 3.84212 0.147901
1440 4396 2.5546 3.84212 0.147898
1441 4396 2.55476 3.84212 0.147904
1442 4397 2.5549 3.84212 0.147926
1443 4400 2.55479 3.84212 0.147916
1444 4400 2.55489 3.84212 0.147926
1445 4401 2.55497 3.84212 0.147924
1446 4401 2.55523 3.84212 0.147931
1447 4402 2.55542 3.84212 0.147856
1448 4402 2.55562 3.84212 0.147832
1449 4402 2.55588 3.84212 0.147813
1450 4403 2.55598 3.84212 0.147799
1451 4404 2.55614 3.84212 0.147801
1452 4404 2.55645 3.84212 0.147828
1453 4404 2.55658 3.84212 0.147824
1454 4405 2.55674 3.84212 0.147843
1455 4407 2.55647 3.84212 0.147827
1456 4407 2.55672 3.84212 0.147833
1457 4407 2.55685 3.84212 0.14782
1458 4407 2.55694 3.84212 0.147826
1459 4408 2.55701 3.84212 0.147799
1460 4408 2.55718 3.84212 0.147764
1461 4408 2.55751 3.84212 0.147764
1462 4410 2.55754 3.84212 0.147761
1463 4410 2.55775 3.84212 0.147746
1464 4410 2.55806 3.84212 0.147725
1465 4410 2.5584 3.84212 0.147731
1466 4411 2.55877 3.84212 0.147735
1467 4413 2.55885 3.84212 0.147762
1468 4413 2.55905 3.84212 0.147765
1469 4414 2.55922 3.84212 0.147783
1470 4414 2.55933 3.84212 0.147778
1471 4414 2.55991 3.84212 0.147782
1472 4414 2.55993 3.84212 0.147773
1473 4415 2.56011 3.84212 0.147833
1474 4415 2.56026 3.84212 0.147867
1475 4415 2.5605 3.84212 0.147871
1476 4416 2.56007 3.84212 0.147841
1477 4416 2.5604 3.84212 0.147842
1478 4418 2.56061 3.84212 0.147836
1479 4418 2.56102 3.84212 0.147872
1480 4418 2.56136 3.84212 0.147854
1481 4418 2.56143 3.84212 0.147838
1482 4418 2.56162 3.84212 0.147847
1483 4419 2.56204 3.84212 0.147853
1484 4419 2.56224 3.84212 0.147836
1485 4419 2.56236 3.84212 0.147808
1486 4419 2.56245 3.84212 0.147803
1487 4421 2.56276 3.84212 0.147816
1488 4421 2.56294 3.84212 0.147798
1489 4421 2.5632 3.84212 0.147798
1490 4421 2.56333 3.84212 0.147818
1491 4421 2.56359 3.84212 0.147801
1492 4421 2.56367 3.84212 0.147795
1493 4422 2.56373 3.84212 0.147765
1494 4423 2.56336 3.84212 0.147778
1495 4423 2.56345 3.84212 0.147803
1496 4425 2.56347 3.84212 0.147803
1497 4426 2.56349 3.84212 0.14782
1498 4426 2.5637 3.84212 0.147811
1499 4427 2.56375 3.84212 0.147815
1500 4427 2.56413 3.84212 0.14779
1501 4427 2.56429 3.84212 0.147776
1502 4428 2.56433 3.84212 0.147778
1503 4428 2.56448 3.84212 0.14777
1504 4429 2.56452 3.84212 0.147775
1505 4429 2.56463 3.84212 0.14776
1506 4431 2.56447 3.84212 0.14774
1507 4432 2.56449 3.84212 0.147759
1508 4433 2.56472 3.84212 0.147754
1509 4433 2.56516 3.84212 0.14776
1510 4435 2.56488 3.84212 0.147752
1511 4436 2.56516 3.84212 0.14776
1512 4436 2.56536 3.84212 0.147755
1513 4437 2.56546 3.84212 0.147757
1514 4439 2.56537 3.84212 0.147735
1515 4439 2.56554 3.84212 0.147723
1516 4440 2.56583 3.84212 0.147756
1517 4440 2.56619 3.84212 0.147713
1518 4441 2.56634 3.84212 0.147721
1519 4441 2.56637 3.84212 0.147701
1520 4441 2.56654 3.84212 0.147695
1521 4441 2.56691 3.84212 0.1477
1522 4441 2.56713 3.84212 0.147662
1523 4441 2.56734 3.84212 0.147654
1524 4441 2.56756 3.84212 0.147655
1525 4441 2.56758 3.84212 0.147652
1526 4441 2.56787 3.84212 0.147677
1527 4443 2.56805 3.84212 0.147671
1528 4443 2.56834 3.84212 0.147642
1529 4444 2.56806 3.84212 0.147641
1530 4445 2.56823 3.84212 0.147636
1531 4445 2.56847 3.84212 0.14762
1532 4446 2.56841 3.84212 0.14762
1533 4446 2.56857 3.84212 0.147615
1534 4447 2.56853 3.84212 0.147606
1535 4447 2.56889 3.84212 0.147619
1536 4448 2.56905 3.84212 0.147644
1537 4448 2.56931 3.84212 0.147628
1538 4449 2.56917 3.84212 0.147616
1539 4450 2.56916 3.84212 0.147611
1540 4451 2.56959 3.84212 0.14764
1541 4451 2.56977 3.84212 0.147632
1542 4452 2.56979 3.84212 0.147625
1543 4453 2.56979 3.84212 0.147618
1544 4454 2.57035 3.84212 0.147657
1545 4455 2.57042 3.84212 0.147621
1546 4455 2.57057 3.84212 0.147635
1547 4455 2.57067 3.84212 0.147641
1548 4455 2.57099 3.84212 0.147645
1549 4457 2.57101 3.84212 0.147652
1550 4457 2.57125 3.84212 0.147667
1551 4457 2.57145 3.84212 0.14766
1552 4457 2.57176 3.84212 0.147667
1553 4458 2.5714 3.84212 0.147688
1554 4458 2.57145 3.84212 0.147692
1555 4459 2.57155 3.84212 0.14768
1556 4459 2.57202 3.84212 0.147667
1557 4460 2.57221 3.84212 0.147639
1558 4460 2.57232 3.84212 0.147652
1559 4462 2.57213 3.84212 0.147681
1560 4463 2.57222 3.84212 0.147671
1561 4464 2.57284 3.84212 0.147709
1562 4465 2.57288 3.84212 0.147725
1563 4466 2.57324 3.84212 0.147701
1564 4467 2.57306 3.84212 0.14776
1565 4467 2.57317 3.84212 0.147743
1566 4469 2.57317 3.84212 0.147736
1567 4471 2.573 3.84212 0.147698
1568 4471 2.57317 3.84212 0.147688
1569 4471 2.57346 3.84212 0.147687
1570 4471 2.5738 3.84212 0.147678
1571 4471 2.5739 3.84212 0.147684
1572 4472 2.5741 3.84212 0.147643
1573 4474 2.5737 3.84212 0.147631
1574 4474 2.57432 3.84212 0.147618
1575 4476 2.57474 3.84212 0.147695
1576 4477 2.57484 3.84212 0.147717
1577 4478 2.57462 3.84212 0.147766
1578 4478 2.57519 3.84212 0.147792
1579 4480 2.57568 3.84212 0.147772
1580 4480 2.57575 3.84212 0.147741
1581 4481 2.57589 3.84212 0.147738
1582 4481 2.57594 3.84212 0.147724
1583 4482 2.57566 3.84212 0.147729
1584 4482 2.57593 3.84212 0.147717
1585 4482 2.57624 3.84212 0.147709
1586 4482 2.57676 3.84212 0.147709
1587 4483 2.57697 3.84212 0.147702
1588 4484 2.5772 3.84212 0.147725
1589 4484 2.57737 3.84212 0.147732
1590 4485 2.57717 3.84212 0.14772
1591 4485 2.57716 3.84212 0.147699
1592 4486 2.57722 3.84212 0.14772
1593 4486 2.5775 3.84212 0.147718
1594 4487 2.57712 3.84212 0.147727
1595 4487 2.57758 3.84212 0.147716
1596 4488 2.57792 3.84212 0.147691
1597 4488 2.57833 3.84212 0.147714
1598 4488 2.57842 3.84212 0.147712
1599 4489 2.57833 3.84212 0.14772
1600 4490 2.57851 3.84212 0.147682
1601 4490 2.57861 3.84212 0.147636
1602 4491 2.57896 3.84212 0.147636
1603 4491 2.57903 3.84212 0.147619
1604 4492 2.57862 3.84212 0.147619
1605 4492 2.57878 3.84212 0.147592
1606 4492 2.57892 3.84212 0.147611
1607 4492 2.57907 3.84212 0.147632
1608 4493 2.57932 3.84212 0.147659
1609 4493 2.57942 3.84212 0.147644
1610 4493 2.57957 3.84212 0.147629
1611 4495 2.57946 3.84212 0.147592
1612 4495 2.5796 3.84212 0.147585
1613 4495 2.58006 3.84212 0.147591
1614 4496 2.5802 3.84212 0.147593
1615 4496 2.58035 3.84212 0.147621
1616 4497 2.58022 3.84212 0.147676
1617 4497 2.58026 3.84212 0.147698
1618 4498 2.58046 3.84212 0.147716
1619 4498 2.58053 3.84212 0.147691
1620 4499 2.58053 3.84212 0.147698
1621 4499 2.58092 3.84212 0.147649
1622 4499 2.5812 3.84212 0.14764
1623 4499 2.58135 3.84212 0.147606
1624 4499 2.58154 3.84212 0.147602
1625 4501 2.58162 3.84212 0.147627
1626 4502 2.58159 3.84212 0.14761
1627 4504 2.58157 3.84212 0.147623
1628 4505 2.58113 3.84212 0.147615
1629 4506 2.58104 3.84212 0.147602
1630 4507 2.58078 3.84212 0.147553
1631 4507 2.58092 3.84212 0.147564
1632 4507 2.58132 3.84212 0.147535
1633 4510 2.58088 3.84212 0.147548
1634 4510 2.58123 3.84212 0.147496
1635 4510 2.58134 3.84212 0.147488
1636 4511 2.58153 3.84212 0.147515
1637 4513 2.58164 3.84212 0.147516
1638 4513 2.58168 3.84212 0.147499
1639 4513 2.5818 3.84212 0.147548
1640 4513 2.58191 3.84212 0.147544
1641 4513 2.58204 3.84212 0.14755
1642 4513 2.58211 3.84212 0.147541
1643 4513 2.58219 3.84212 0.147533
1644 4513 2.58233 3.84212 0.147536
1645 4514 2.58241 3.84212 0.147535
1646 4515 2.58231 3.84212 0.147498
1647 4516 2.58233 3.84212 0.147482
1648 4517 2.58244 3.84212 0.147489
1649 4517 2.58264 3.84212 0.147483
1650 4518 2.58274 3.84212 0.147464
1651 4518 2.58302 3.84212 0.147464
1652 4518 2.58308 3.84212 0.147474
1653 4519 2.58312 3.84212 0.147463
1654 4519 2.58323 3.84212 0.147477
1655 4519 2.58341 3.84212 0.147511
1656 4519 2.58341 3.84212 0.147487
1657 4519 2.58348 3.84212 0.147486
1658 4519 2.58375 3.84212 0.147492
1659 4519 2.58377 3.84212 0.147498
1660 4520 2.58393 3.84212 0.147473
1661 4520 2.58408 3.84212 0.147472
1662 4520 2.58411 3.84212 0.147458
1663 4520 2.58414 3.84212 0.147447
1664 4520 2.58434 3.84212 0.14744
1665 4520 2.58458 3.84212 0.147405
1666 4520 2.58467 3.84212 0.147393
1667 4520 2.585 3.84212 0.14736
1668 4520 2.58524 3.84212 0.147345
1669 4520 2.58536 3.84212 0.147328
1670 4522 2.58525 3.84212 0.147341
1671 4523 2.58485 3.84212 0.147353
1672 4523 2.58494 3.84212 0.147355
1673 4525 2.58467 3.84212 0.147369
1674 4525 2.58483 3.84212 0.147365
1675 4526 2.58497 3.84212 0.147372
1676 4527 2.58521 3.84212 0.147341
1677 4527 2.58542 3.84212 0.147395
1678 4528 2.5851 3.84212 0.14743
1679 4528 2.58539 3.84212 0.147425
1680 4528 2.58566 3.84212 0.147381
1681 4529 2.58577 3.84212 0.147382
1682 4530 2.58585 3.84212 0.14736
1683 4531 2.58553 3.84212 0.147388
1684 4532 2.58548 3.84212 0.147362
1685 4534 2.58547 3.84212 0.147359
1686 4534 2.58557 3.84212 0.147347
1687 4534 2.58561 3.84212 0.14733
1688 4534 2.58567 3.84212 0.147339
1689 4534 2.58568 3.84212 0.147337
1690 4536 2.58587 3.84212 0.147335
1691 4536 2.58607 3.84212 0.147314
1692 4536 2.58626 3.84212 0.147303
1693 4536 2.58648 3.84212 0.147292
1694 4538 2.58646 3.84212 0.147326
1695 4538 2.58671 3.84212 0.147293
1696 4539 2.58637 3.84212 0.147311
1697 4539 2.58654 3.84212 0.147294
1698 4539 2.58661 3.84212 0.1473
1699 4540 2.58666 3.84212 0.147279
1700 4541 2.58642 3.84212 0.147312
1701 4541 2.58644 3.84212 0.147304
1702 4542 2.58623 3.84212 0.147306
1703 4542 2.58645 3.84212 0.147285
1704 4542 2.5867 3.84212 0.147286
1705 4543 2.58652 3.84212 0.147266
1706 4543 2.58676 3.84212 0.147292
1707 4544 2.58667 3.84212 0.147301
1708 4544 2.58685 3.84212 0.147289
1709 4546 2.58708 3.84212 0.147288
1710 4547 2.58714 3.84212 0.147321
1711 4547 2.58729 3.84212 0.147341
1712 4547 2.5876 3.84212 0.147339
1713 4547 2.58769 3.84212 0.147325
1714 4547 2.58779 3.84212 0.147337
1715 4547 2.58791 3.84212 0.147359
1716 4547 2.58804 3.84212 0.147349
1717 4547 2.58857 3.84212 0.147334
1718 4547 2.58913 3.84212 0.147317
1719 4547 2.58933 3.84212 0.147334
1720 4547 2.58942 3.84212 0.147292
1721 4548 2.58912 3.84212 0.147274
1722 4550 2.58909 3.84212 0.147311
1723 4552 2.58897 3.84212 0.147271
1724 4553 2.58868 3.84212 0.147269
1725 4553 2.5889 3.84212 0.147229
1726 4553 2.58911 3.84212 0.147227
1727 4553 2.58969 3.84212 0.147245
1728 4554 2.58969 3.84212 0.147207
1729 4555 2.58993 3.84212 0.147223
1730 4557 2.58981 3.84212 0.1473
1731 4558 2.59006 3.84212 0.147334
1732 4558 2.5903 3.84212 0.147337
1733 4558 2.59055 3.84212 0.147312
1734 4560 2.59027 3.84212 0.147307
1735 4561 2.59027 3.84212 0.147304
1736 4561 2.59039 3.84212 0.147299
1737 4562 2.59048 3.84212 0.147273
1738 4563 2.59074 3.84212 0.14726
1739 4563 2.59085 3.84212 0.147254
1740 4563 2.59094 3.84212 0.147252
1741 4564 2.59105 3.84212 0.147259
1742 4566 2.5912 3.84212 0.14726
1743 4566 2.59123 3.84212 0.147247
1744 4568 2.59091 3.84212 0.147225
1745 4568 2.59112 3.84212 0.147241
1746 4569 2.59142 3.84212 0.147231
1747 4570 2.59125 3.84212 0.147228
1748 4573 2.59134 3.84212 0.147209
1749 4575 2.59136 3.84212 0.147185
1750 4576 2.5913 3.84212 0.147193
1751 4577 2.59123 3.84212 0.147202
1752 4578 2.59117 3.84212 0.147205
1753 4578 2.59136 3.84212 0.147165
1754 4579 2.59147 3.84212 0.147168
1755 4579 2.59156 3.84212 0.147167
1756 4579 2.59174 3.84212 0.147175
1757 4580 2.59189 3.84212 0.147165
1758 4580 2.59197 3.84212 0.14719
1759 4580 2.59214 3.84212 0.147155
1760 4582 2.59203 3.84212 0.147135
1761 4582 2.59239 3.84212 0.147109
1762 4583 2.59254 3.84212 0.147075
1763 4583 2.59283 3.84212 0.147105
1764 4583 2.59305 3.84212 0.147114
1765 4583 2.59314 3.84212 0.147089
1766 4584 2.59321 3.84212 0.147089
1767 4584 2.59344 3.84212 0.147126
1768 4584 2.59378 3.84212 0.147119
1769 4585 2.59377 3.84212 0.147068
1770 4587 2.59387 3.84212 0.147023
1771 4588 2.59359 3.84212 0.147026
1772 4589 2.59381 3.84212 0.146997
1773 4589 2.59395 3.84212 0.146963
1774 4589 2.59422 3.84212 0.146943
1775 4590 2.59438 3.84212 0.146951
1776 4590 2.59452 3.84212 0.14693
1777 4591 2.59439 3.84212 0.14693
1778 4591 2.59446 3.84212 0.146928
1779 4591 2.59478 3.84212 0.146933
1780 4591 2.59489 3.84212 0.146926
1781 4593 2.59483 3.84212 0.146906
1782 4593 2.59489 3.84212 0.146915
1783 4594 2.59484 3.84212 0.146915
1784 4594 2.59496 3.84212 0.146892
1785 4595 2.59512 3.84212 0.146887
1786 4596 2.5956 3.84212 0.146903
1787 4597 2.59557 3.84212 0.146902
1788 4598 2.59555 3.84212 0.146892
1789 4598 2.59578 3.84212 0.146847
1790 4598 2.5959 3.84212 0.146865
1791 4599 2.59593 3.84212 0.146863
1792 4600 2.59599 3.84212 0.146861
1793 4601 2.59607 3.84212 0.146859
1794 4601 2.59624 3.84212 0.146887
1795 4601 2.59641 3.84212 0.146906
1796 4601 2.59668 3.84212 0.146936
1797 4601 2.59709 3.84212 0.146928
1798 4601 2.59727 3.84212 0.146932
1799 4601 2.59739 3.84212 0.146905
1800 4601 2.59754 3.84212 0.146901
1801 4603 2.59776 3.84212 0.146961
1802 4603 2.59795 3.84212 0.146941
1803 4603 2.59808 3.84212 0.14694
1804 4604 2.59764 3.84212 0.146938
1805 4604 2.59783 3.84212 0.146928
1806 4604 2.5981 3.84212 0.146943
1807 4604 2.59849 3.84212 0.146972
1808 4604 2.59857 3.84212 0.146961
1809 4604 2.59877 3.84212 0.146924
1810 4604 2.59891 3.84212 0.146898
1811 4604 2.59904 3.84212 0.146898
1812 4605 2.59934 3.84212 0.146883
1813 4605 2.59952 3.84212 0.146865
1814 4605 2.60004 3.84212 0.146857
1815 4606 2.60018 3.84212 0.146865
1816 4607 2.60023 3.84212 0.146861
1817 4607 2.60038 3.84212 0.146874
1818 4607 2.60066 3.84212 0.146888
1819 4607 2.60082 3.84212 0.146884
1820 4608 2.6009 3.84212 0.146891
1821 4608 2.60094 3.84212 0.146888
1822 4608 2.60126 3.84212 0.146938
1823 4608 2.60135 3.84212 0.146902
1824 4611 2.60067 3.84212 0.146897
1825 4612 2.60065 3.84212 0.146895
1826 4614 2.60052 3.84212 0.146882
1827 4615 2.60061 3.84212 0.146898
1828 4617 2.60062 3.84212 0.146913
1829 4617 2.60077 3.84212 0.146911
1830 4618 2.60092 3.84212 0.1469
1831 4619 2.60077 3.84212 0.14693
1832 4620 2.60109 3.84212 0.146933
1833 4621 2.60123 3.84212 0.146945
1834 4622 2.60104 3.84212 0.146913
1835 4624 2.6012 3.84212 0.146917
1836 4624 2.60122 3.84212 0.146905
1837 4625 2.60136 3.84212 0.146895
1838 4626 2.60114 3.84212 0.146901
1839 4626 2.60126 3.84212 0.146878
1840 4626 2.60129 3.84212 0.146888
1841 4627 2.60119 3.84212 0.146886
1842 4628 2.60126 3.84212 0.146876
1843 4628 2.60145 3.84212 0.146875
1844 4630 2.60155 3.84212 0.146841
1845 4631 2.60199 3.84212 0.146872
1846 4633 2.60203 3.84212 0.146855
1847 4633 2.60213 3.84212 0.146846
1848 4633 2.60233 3.84212 0.146854
1849 4633 2.60235 3.84212 0.146846
1850 4634 2.60224 3.84212 0.146841
1851 4635 2.60211 3.84212 0.146858
1852 4637 2.60211 3.84212 0.146858
1853 4638 2.60229 3.84212 0.146866
1854 4638 2.60238 3.84212 0.146866
1855 4638 2.60273 3.84212 0.146872
1856 4639 2.60276 3.84212 0.14688
1857 4639 2.60281 3.84212 0.146876
1858 4641 2.60308 3.84212 0.146849
1859 4643 2.60334 3.84212 0.146879
1860 4644 2.60318 3.84212 0.146877
1861 4645 2.60308 3.84212 0.146852
1862 4645 2.60315 3.84212 0.146836
1863 4646 2.60318 3.84212 0.146849
1864 4646 2.60337 3.84212 0.146845
1865 4646 2.60369 3.84212 0.146838
1866 4646 2.60374 3.84212 0.146824
1867 4647 2.60337 3.84212 0.146845
1868 4647 2.60368 3.84212 0.14688
1869 4647 2.60378 3.84212 0.146884
1870 4647 2.60381 3.84212 0.146887
1871 4648 2.60407 3.84212 0.14686
1872 4649 2.60412 3.84212 0.146858
1873 4649 2.60419 3.84212 0.146841
1874 4651 2.60424 3.84212 0.146873
1875 4652 2.60444 3.84212 0.146879
1876 4653 2.60482 3.84212 0.146862
1877 4653 2.60514 3.84212 0.146893
1878 4655 2.60527 3.84212 0.146864
1879 4655 2.60555 3.84212 0.146854
1880 4655 2.60561 3.84212 0.146844
1881 4655 2.60571 3.84212 0.14685
1882 4656 2.60577 3.84212 0.146854
1883 4656 2.6059 3.84212 0.146852
1884 4657 2.60598 3.84212 0.146834
1885 4657 2.60609 3.84212 0.146837
1886 4657 2.60646 3.84212 0.146798
1887 4657 2.60672 3.84212 0.146797
1888 4658 2.60639 3.84212 0.146792
1889 4659 2.60645 3.84212 0.146801
1890 4659 2.60659 3.84212 0.14679
1891 4660 2.60692 3.84212 0.146826
1892 4660 2.60714 3.84212 0.146813
1893 4661 2.60736 3.84212 0.146816
1894 4661 2.6076 3.84212 0.146846
1895 4661 2.60769 3.84212 0.146819
1896 4661 2.60776 3.84212 0.146824
1897 4662 2.60784 3.84212 0.146794
1898 4662 2.60794 3.84212 0.146798
1899 4663 2.60758 3.84212 0.146802
1900 4663 2.60767 3.84212 0.146793
1901 4663 2.60788 3.84212 0.146788
1902 4663 2.60793 3.84212 0.14677
1903 4663 2.60822 3.84212 0.146721
1904 4663 2.60837 3.84212 0.146709
1905 4663 2.60837 3.84212 0.146709
1906 4664 2.60812 3.84212 0.146707
1907 4666 2.60824 3.84212 0.146714
1908 4667 2.60826 3.84212 0.146706
1909 4668 2.60859 3.84212 0.146688
1910 4669 2.60871 3.84212 0.146652
1911 4670 2.60917 3.84212 0.146655
1912 4670 2.60939 3.84212 0.146629
1913 4671 2.60964 3.84212 0.146657
1914 4671 2.60998 3.84212 0.146692
1915 4671 2.61019 3.84212 0.146697
1916 4671 2.61023 3.84212 0.146714
1917 4674 2.61 3.84212 0.146686
1918 4674 2.61023 3.84212 0.146678
1919 4674 2.61048 3.84212 0.146701
1920 4675 2.61066 3.84212 0.146686
1921 4676 2.61071 3.84212 0.14668
1922 4676 2.61127 3.84212 0.146687
1923 4677 2.61134 3.84212 0.146666
1924 4678 2.61117 3.84212 0.146663
1925 4679 2.61103 3.84212 0.146665
1926 4679 2.61127 3.84212 0.146666
1927 4680 2.61135 3.84212 0.146663
1928 4680 2.61139 3.84212 0.14666
1929 4680 2.61139 3.84212 0.146637
1930 4680 2.6116 3.84212 0.146625
1931 4681 2.61152 3.84212 0.146612
1932 4681 2.61152 3.84212 0.146607
1933 4681 2.61169 3.84212 0.146595
1934 4682 2.61172 3.84212 0.146601
1935 4683 2.61208 3.84212 0.146607
1936 4683 2.61229 3.84212 0.146616
1937 4683 2.61245 3.84212 0.146615
1938 4683 2.61255 3.84212 0.14663
1939 4684 2.61256 3.84212 0.146652
1940 4685 2.61279 3.84212 0.146636
1941 4685 2.61291 3.84212 0.146627
1942 4685 2.61316 3.84212 0.14667
1943 4685 2.61322 3.84212 0.146668
1944 4685 2.61332 3.84212 0.146668
1945 4687 2.61328 3.84212 0.146645
1946 4687 2.61347 3.84212 0.146655
1947 4687 2.61379 3.84212 0.146648
1948 4687 2.61382 3.84212 0.146633
1949 4689 2.61408 3.84212 0.146621
1950 4689 2.61414 3.84212 0.146626
1951 4689 2.61425 3.84212 0.146648
1952 4690 2.61434 3.84212 0.146633
1953 4690 2.61441 3.84212 0.146637
1954 4690 2.61443 3.84212 0.146655
1955 4690 2.6147 3.84212 0.146616
1956 4690 2.6149 3.84212 0.146585
1957 4693 2.61509 3.84212 0.146578
1958 4693 2.61536 3.84212 0.146613
1959 4693 2.61554 3.84212 0.146632
1960 4693 2.61564 3.84212 0.146644
1961 4693 2.61579 3.84212 0.146612
1962 4693 2.61596 3.84212 0.146628
1963 4693 2.61605 3.84212 0.146613
1964 4693 2.61628 3.84212 0.146592
1965 4693 2.61633 3.84212 0.146588
1966 4693 2.61649 3.84212 0.146639
1967 4694 2.6166 3.84212 0.146661
1968 4695 2.61668 3.84212 0.146674
1969 4695 2.61699 3.84212 0.146649
1970 4695 2.61706 3.84212 0.146636
1971 4695 2.61709 3.84212 0.146624
1972 4696 2.61722 3.84212 0.146661
1973 4697 2.61739 3.84212 0.146627
1974 4698 2.6177 3.84212 0.146633
1975 4698 2.61792 3.84212 0.146658
1976 4701 2.61784 3.84212 0.146691
1977 4701 2.61806 3.84212 0.146683
1978 4701 2.6182 3.84212 0.146711
1979 4701 2.61828 3.84212 0.146681
1980 4701 2.61844 3.84212 0.146685
1981 4701 2.61859 3.84212 0.146674
1982 4701 2.6187 3.84212 0.146662
1983 4705 2.61842 3.84212 0.146701
1984 4706 2.61852 3.84212 0.146693
1985 4706 2.61869 3.84212 0.146685
1986 4706 2.61875 3.84212 0.146668
1987 4706 2.61888 3.84212 0.146653
1988 4706 2.61897 3.84212 0.146681
1989 4707 2.61899 3.84212 0.146646
1990 4708 2.61902 3.84212 0.14663
1991 4709 2.61922 3.84212 0.146612
1992 4710 2.61956 3.84212 0.146638
1993 4710 2.61963 3.84212 0.146645
1994 4710 2.61972 3.84212 0.146615
1995 4710 2.61979 3.84212 0.146595
1996 4710 2.62031 3.84212 0.146595
1997 4711 2.62027 3.84212 0.146607
1998 4711 2.62035 3.84212 0.146612
1999 4711 2.62043 3.84212 0.146596
2000 4711 2.62056 3.84212 0.146625
2001 4711 2.62091 3.84212 0.146593
2002 4711 2.62119 3.84212 0.146614
2003 4711 2.62155 3.84212 0.146606
2004 4711 2.62166 3.84212 0.14658
2005 4713 2.62158 3.84212 0.146595
2006 4714 2.62163 3.84212 0.146611
2007 4715 2.62153 3.84212 0.146611
2008 4715 2.62168 3.84212 0.146595
2009 4716 2.62176 3.84212 0.146589
2010 4716 2.62214 3.84212 0.146589
2011 4716 2.62223 3.84212 0.146577
2012 4716 2.62227 3.84212 0.146585
2013 4716 2.62234 3.84212 0.146596
2014 4716 2.62281 3.84212 0.146563
2015 4716 2.62321 3.84212 0.146598
2016 4717 2.62376 3.84212 0.146539
2017 4718 2.62394 3.84212 0.14655
2018 4718 2.62406 3.84212 0.146555
2019 4720 2.6238 3.84212 0.146569
2020 4720 2.62402 3.84212 0.146561
2021 4720 2.62416 3.84212 0.146592
2022 4720 2.62424 3.84212 0.146593
2023 4720 2.62439 3.84212 0.146587
2024 4720 2.62458 3.8483 0.146583
2025 4721 2.62477 3.8483 0.146585
2026 4721 2.62493 3.8483 0.14661
2027 4723 2.62459 3.8483 0.146613
2028 4724 2.62489 3.8483 0.146621
2029 4724 2.62496 3.8483 0.14662
2030 4724 2.6251 3.8483 0.146624
2031 4724 2.62516 3.8483 0.146623
2032 4724 2.62525 3.8483 0.146627
2033 4724 2.62552 3.8483 0.146635
2034 4724 2.62563 3.8483 0.14664
2035 4725 2.62557 3.8483 0.146626
2036 4725 2.62561 3.8483 0.146627
2037 4726 2.62563 3.8483 0.146574
2038 4727 2.62579 3.8483 0.146585
2039 4728 2.62592 3.8483 0.146605
2040 4728 2.62606 3.8483 0.146611
2041 4728 2.62626 3.8483 0.146585
2042 4728 2.62627 3.8483 0.146576
2043 4728 2.62666 3.8483 0.146587
2044 4728 2.62731 3.8483 0.146598
2045 4728 2.62759 3.8483 0.146575
2046 4730 2.62784 3.8483 0.146575
2047 4730 2.62797 3.8483 0.146609
2048 4730 2.62818 3.8483 0.146597
2049 4730 2.62831 3.8483 0.146585
2050 4730 2.6283 3.8483 0.146583
2051 4732 2.62821 3.8483 0.146574
2052 4732 2.62842 3.8483 0.146581
2053 4733 2.62842 3.8483 0.146574
2054 4733 2.62848 3.8483 0.14658
2055 4733 2.62864 3.8483 0.146587
2056 4733 2.62888 3.8483 0.146562
2057 4733 2.62894 3.8483 0.146543
2058 4733 2.62919 3.8483 0.14653
2059 4733 2.62952 3.8483 0.146533
2060 4733 2.62971 3.8483 0.146515
2061 4734 2.62972 3.8483 0.146503
2062 4734 2.62996 3.8483 0.146498
2063 4734 2.63015 3.8483 0.146491
2064 4734 2.63039 3.8483 0.146504
2065 4734 2.6305 3.8483 0.146538
2066 4734 2.6305 3.8483 0.146537
2067 4734 2.63071 3.8483 0.146562
2068 4734 2.63079 3.8483 0.146575
2069 4734 2.63094 3.8483 0.146552
2070 4734 2.63116 3.8483 0.146522
2071 4735 2.63117 3.8483 0.14651
2072 4735 2.63133 3.8483 0.146488
2073 4735 2.63165 3.8483 0.146449
2074 4735 2.63172 3.8483 0.146465
2075 4735 2.63182 3.8483 0.146486
2076 4736 2.63187 3.8483 0.146506
2077 4736 2.63197 3.8483 0.146493
2078 4736 2.63205 3.8483 0.146498
2079 4736 2.63216 3.8483 0.146498
2080 4736 2.63243 3.8483 0.146485
2081 4736 2.63264 3.8483 0.146504
2082 4737 2.63273 3.8483 0.146531
2083 4737 2.63275 3.8483 0.146534
2084 4737 2.63291 3.8483 0.146562
2085 4738 2.63282 3.8483 0.146577
2086 4738 2.63299 3.8483 0.146575
2087 4738 2.6332 3.8483 0.146546
2088 4739 2.6334 3.8483 0.146577
2089 4740 2.63345 3.8483 0.146586
2090 4740 2.63371 3.8483 0.146609
2091 4740 2.63394 3.8483 0.146647
2092 4741 2.63388 3.8483 0.146641
2093 4742 2.63375 3.8483 0.146628
2094 4743 2.63374 3.8483 0.14664
2095 4743 2.63393 3.8483 0.14665
2096 4743 2.63404 3.8483 0.146652
2097 4743 2.63418 3.8483 0.146664
2098 4744 2.6341 3.8483 0.146658
2099 4744 2.63429 3.8483 0.146625
2100 4744 2.63442 3.8483 0.146608
2101 4745 2.63457 3.8483 0.14662
2102 4745 2.63468 3.8483 0.1466
2103 4745 2.63475 3.8483 0.146598
2104 4745 2.63504 3.8483 0.146622
2105 4745 2.63525 3.8483 0.146665
2106 4746 2.63533 3.8483 0.146673
2107 4747 2.63524 3.8483 0.146662
2108 4748 2.6355 3.8483 0.146657
2109 4748 2.63569 3.8483 0.146655
2110 4749 2.63566 3.8483 0.146663
2111 4750 2.63566 3.8483 0.146653
2112 4750 2.63576 3.8483 0.146655
2113 4750 2.63601 3.8483 0.146686
2114 4750 2.63617 3.8483 0.146672
2115 4751 2.63619 3.8483 0.146677
2116 4751 2.63627 3.8483 0.146697
2117 4751 2.6364 3.8483 0.146697
2118 4752 2.63642 3.8483 0.146702
2119 4752 2.63651 3.8483 0.146703
2120 4752 2.63662 3.8483 0.146716
2121 4752 2.63684 3.8483 0.146676
2122 4752 2.63703 3.8483 0.146657
2123 4752 2.6373 3.8483 0.146654
2124 4752 2.63745 3.8483 0.146642
2125 4753 2.63775 3.8483 0.146604
2126 4753 2.63799 3.8483 0.146613
2127 4753 2.63813 3.8483 0.146628
2128 4754 2.63809 3.8483 0.146601
2129 4756 2.63812 3.8483 0.146608
2130 4756 2.63827 3.8483 0.146605
2131 4757 2.63831 3.8483 0.146602
2132 4758 2.63839 3.8483 0.146575
2133 4759 2.63844 3.8483 0.146567
2134 4760 2.63861 3.8483 0.146564
2135 4760 2.63864 3.8483 0.146557
2136 4760 2.63894 3.8483 0.146548
2137 4760 2.6392 3.8483 0.146566
2138 4760 2.63929 3.8483 0.146561
2139 4760 2.63935 3.8483 0.146563
2140 4760 2.63947 3.8483 0.146591
2141 4760 2.6396 3.8483 0.146594
2142 4760 2.63975 3.8483 0.146619
2143 4761 2.63982 3.8483 0.146627
2144 4761 2.63993 3.8483 0.146623
2145 4761 2.64013 3.8483 0.146642
2146 4761 2.64023 3.8483 0.146665
2147 4762 2.64044 3.8483 0.146712
2148 4762 2.64046 3.8483 0.146699
2149 4762 2.64051 3.8483 0.146708
2150 4763 2.64072 3.8483 0.146707
2151 4763 2.64085 3.8483 0.146701
2152 4765 2.64075 3.8483 0.146682
2153 4765 2.64094 3.8483 0.146674
2154 4766 2.64095 3.8483 0.146647
2155 4767 2.64107 3.8483 0.14666
2156 4768 2.64121 3.8483 0.146637
2157 4768 2.64136 3.8483 0.146657
2158 4768 2.6415 3.8483 0.146615
2159 4769 2.6416 3.8483 0.14663
2160 4769 2.64186 3.8483 0.146646
2161 4769 2.64199 3.8483 0.146608
2162 4769 2.64217 3.8483 0.146569
2163 4769 2.6422 3.8483 0.14659
2164 4769 2.64224 3.8483 0.146593
2165 4769 2.64226 3.8483 0.146567
2166 4771 2.64192 3.8483 0.146517
2167 4773 2.64188 3.8483 0.146505
2168 4773 2.64204 3.8483 0.14651
2169 4774 2.64161 3.8483 0.14652
2170 4775 2.64199 3.8483 0.146506
2171 4775 2.64212 3.8483 0.146497
2172 4775 2.64233 3.8483 0.146507
2173 4775 2.64245 3.8483 0.146501
2174 4775 2.64264 3.8483 0.14649
2175 4776 2.64287 3.8483 0.146499
2176 4776 2.64294 3.8483 0.146503
2177 4776 2.64301 3.8483 0.146478
2178 4777 2.64326 3.8483 0.146497
2179 4777 2.64343 3.8483 0.146524
2180 4777 2.64363 3.8483 0.146533
2181 4777 2.64379 3.8483 0.146528
2182 4777 2.64391 3.8483 0.146575
2183 4777 2.64419 3.8483 0.146563
2184 4777 2.64434 3.8483 0.146549
2185 4778 2.64433 3.8483 0.146524
2186 4778 2.6445 3.8483 0.146536
2187 4780 2.64436 3.8483 0.146541
2188 4780 2.64457 3.8483 0.146528
2189 4781 2.64458 3.8483 0.146478
2190 4783 2.64428 3.8483 0.146461
2191 4785 2.64447 3.8483 0.146443
2192 4786 2.64456 3.8483 0.146447
2193 4786 2.64475 3.8483 0.14645
2194 4786 2.6448 3.8483 0.146455
2195 4786 2.64512 3.8483 0.146459
2196 4786 2.64513 3.8483 0.146433
2197 4786 2.64539 3.8483 0.146442
2198 4786 2.64545 3.8483 0.146442
2199 4786 2.64562 3.8483 0.146422
2200 4787 2.64568 3.8483 0.146435
2201 4789 2.64563 3.8483 0.146426
2202 4789 2.64567 3.8483 0.146427
2203 4789 2.64582 3.8483 0.146434
2204 4789 2.64593 3.8483 0.146396
2205 4789 2.64601 3.8483 0.146376
2206 4789 2.64633 3.8483 0.146384
2207 4789 2.64636 3.8483 0.146388
2208 4789 2.64654 3.8483 0.146396
2209 4790 2.64654 3.8483 0.146379
2210 4791 2.64659 3.8483 0.146388
2211 4791 2.64661 3.8483 0.146359
2212 4791 2.64679 3.8483 0.146347
2213 4792 2.64698 3.8483 0.14637
2214 4793 2.64689 3.8483 0.146386
2215 4793 2.64717 3.8483 0.146386
2216 4794 2.64697 3.8483 0.146405
2217 4794 2.64706 3.8483 0.146398
2218 4795 2.64711 3.8483 0.146428
2219 4795 2.64709 3.8483 0.146412
2220 4795 2.64725 3.8483 0.146418
2221 4797 2.64703 3.8483 0.146405
2222 4797 2.64729 3.8483 0.14639
2223 4798 2.64746 3.8483 0.146379
2224 4798 2.648 3.8483 0.14634
2225 4799 2.64791 3.8483 0.146339
2226 4799 2.6482 3.8483 0.146335
2227 4800 2.64824 3.8483 0.146353
2228 4800 2.64848 3.8483 0.146343
2229 4800 2.64855 3.8483 0.146344
2230 4803 2.64862 3.8483 0.146406
2231 4806 2.64815 3.8483 0.146394
2232 4807 2.648 3.8483 0.146398
2233 4807 2.64811 3.8483 0.146389
2234 4809 2.64822 3.8483 0.146344
2235 4810 2.64806 3.8483 0.146326
2236 4810 2.64826 3.8483 0.146323
2237 4810 2.6484 3.8483 0.146314
2238 4810 2.64854 3.8483 0.14633
2239 4812 2.64867 3.8483 0.146387
2240 4813 2.64859 3.8483 0.146344
2241 4813 2.64867 3.8483 0.146327
2242 4814 2.64878 3.8483 0.146327
2243 4815 2.64881 3.8483 0.146326
2244 4815 2.649 3.8483 0.146332
2245 4816 2.64886 3.8483 0.146311
2246 4816 2.64909 3.8483 0.146342
2247 4816 2.6491 3.8483 0.146334
2248 4816 2.64925 3.8483 0.146339
2249 4816 2.64938 3.8483 0.146334
2250 4816 2.64963 3.8483 0.146379
2251 4816 2.64973 3.8483 0.146399
2252 4816 2.64989 3.8483 0.146398
2253 4817 2.6497 3.8483 0.146402
2254 4818 2.64973 3.8483 0.146422
2255 4818 2.6498 3.8483 0.146422
2256 4818 2.64991 3.8483 0.146421
2257 4818 2.64994 3.8483 0.146414
2258 4818 2.65 3.8483 0.146398
2259 4818 2.65031 3.8483 0.146455
2260 4818 2.65044 3.8483 0.146453
2261 4818 2.65053 3.8483 0.14641
2262 4819 2.65047 3.8483 0.146424
2263 4820 2.65078 3.8483 0.146426
2264 4821 2.65086 3.8483 0.146404
2265 4821 2.65109 3.8483 0.146398
2266 4821 2.65151 3.8483 0.146347
2267 4821 2.65164 3.8483 0.146366
2268 4822 2.65165 3.8483 0.146349
2269 4823 2.6516 3.8483 0.146372
2270 4824 2.65172 3.8483 0.146388
2271 4825 2.65175 3.8483 0.146395
2272 4826 2.65162 3.8483 0.146391
2273 4826 2.6517 3.8483 0.146368
2274 4826 2.65181 3.8483 0.146335
2275 4826 2.65189 3.8483 0.146333
2276 4826 2.65193 3.8483 0.146335
2277 4826 2.65268 3.8483 0.146291
2278 4826 2.65296 3.8483 0.146305
2279 4826 2.65318 3.8483 0.146309
2280 4827 2.65312 3.8483 0.14633
2281 4827 2.65341 3.8483 0.146314
2282 4827 2.65349 3.8483 0.146298
2283 4828 2.65351 3.8483 0.146279
2284 4828 2.65354 3.8483 0.146282
2285 4829 2.65359 3.8483 0.14627
2286 4831 2.65338 3.8483 0.146293
2287 4831 2.65349 3.8483 0.146285
2288 4832 2.65376 3.8483 0.146275
2289 4832 2.65393 3.8483 0.146286
2290 4832 2.65406 3.8483 0.146293
2291 4832 2.65407 3.8483 0.146303
2292 4832 2.65417 3.8483 0.146306
2293 4833 2.6541 3.8483 0.146298
2294 4834 2.65425 3.8483 0.146254
2295 4834 2.65442 3.8483 0.146252
2296 4834 2.65446 3.8483 0.146252
2297 4836 2.65437 3.8483 0.146246
2298 4837 2.65401 3.8483 0.146234
2299 4837 2.65409 3.8483 0.146234
2300 4837 2.65418 3.8483 0.146237
2301 4838 2.65422 3.8483 0.146244
2302 4839 2.65429 3.8483 0.146277
2303 4840 2.6544 3.8483 0.146282
2304 4840 2.65454 3.8483 0.146294
2305 4840 2.65456 3.8483 0.146289
2306 4840 2.65475 3.8483 0.146271
2307 4841 2.65477 3.8483 0.146243
2308 4841 2.65479 3.8483 0.146246
2309 4842 2.6548 3.8483 0.146256
2310 4843 2.65488 3.8483 0.146278
2311 4843 2.65496 3.8483 0.146298
2312 4843 2.65503 3.8483 0.146313
2313 4843 2.65523 3.8483 0.146301
2314 4843 2.65539 3.8483 0.146293
2315 4843 2.65548 3.8483 0.146289
2316 4843 2.6556 3.8483 0.146268
2317 4844 2.65561 3.8483 0.146291
2318 4844 2.65567 3.8483 0.146285
2319 4845 2.65553 3.8483 0.146313
2320 4845 2.65586 3.8483 0.146317
2321 4845 2.65599 3.8483 0.146328
2322 4845 2.65606 3.8483 0.14632
2323 4846 2.65619 3.8483 0.146308
2324 4847 2.65607 3.8483 0.146298
2325 4847 2.65615 3.8483 0.146296
2326 4847 2.65624 3.8483 0.146312
2327 4847 2.65633 3.8483 0.146325
2328 4847 2.65641 3.8483 0.146315
2329 4847 2.65658 3.8483 0.146324
2330 4847 2.65666 3.8483 0.146338
2331 4847 2.65677 3.8483 0.14638
2332 4847 2.6568 3.8483 0.146396
2333 4848 2.65681 3.8483 0.146393
2334 4848 2.6569 3.8483 0.146374
2335 4848 2.65706 3.8483 0.146372
2336 4848 2.65718 3.8483 0.146375
2337 4848 2.65725 3.8483 0.146352
2338 4848 2.65744 3.8483 0.146344
2339 4848 2.65746 3.8483 0.14635
2340 4848 2.65764 3.8483 0.146344
2341 4848 2.65781 3.8483 0.146355
2342 4848 2.65802 3.8483 0.146341
2343 4848 2.65805 3.8483 0.146349
2344 4848 2.65815 3.8483 0.146328
2345 4848 2.65823 3.8483 0.146337
2346 4848 2.65832 3.8483 0.146337
2347 4848 2.65844 3.8483 0.146356
2348 4848 2.65856 3.8483 0.146381
2349 4848 2.65859 3.8483 0.146376
2350 4848 2.65871 3.8483 0.146372
2351 4850 2.65874 3.8483 0.146423
2352 4851 2.65876 3.8483 0.146391
2353 4851 2.65879 3.8483 0.146393
2354 4852 2.65899 3.8483 0.146403
2355 4852 2.65913 3.8483 0.146414
2356 4852 2.65913 3.8483 0.146414
2357 4853 2.65902 3.8483 0.146415
2358 4853 2.65919 3.8483 0.14642
2359 4856 2.65904 3.8483 0.146405
2360 4857 2.65887 3.8483 0.146368
2361 4858 2.65893 3.8483 0.146399
2362 4858 2.65901 3.8483 0.146377
2363 4858 2.6592 3.8483 0.146365
2364 4858 2.65951 3.8483 0.14637
2365 4858 2.65975 3.8483 0.146392
2366 4860 2.65972 3.8483 0.146403
2367 4860 2.66007 3.8483 0.146411
2368 4860 2.66038 3.8483 0.146431
2369 4861 2.66051 3.8483 0.146439
2370 4861 2.66078 3.8483 0.146423
2371 4861 2.66083 3.8483 0.146422
2372 4862 2.66121 3.8483 0.14646
2373 4862 2.66128 3.8483 0.146464
2374 4863 2.661 3.8483 0.146472
2375 4865 2.66078 3.8483 0.146484
2376 4866 2.66087 3.8483 0.146462
2377 4866 2.66099 3.8483 0.146436
2378 4866 2.66105 3.8483 0.146403
2379 4867 2.66111 3.8483 0.146403
2380 4867 2.66134 3.8483 0.146416
2381 4867 2.66143 3.8483 0.14643
2382 4867 2.66142 3.8483 0.146428
2383 4867 2.66176 3.8483 0.146474
2384 4867 2.66192 3.8483 0.146466
2385 4867 2.66206 3.8483 0.146487
2386 4867 2.66233 3.8483 0.146495
2387 4867 2.66252 3.8483 0.1465
2388 4867 2.66268 3.8483 0.146469
2389 4867 2.66289 3.8483 0.146457
2390 4867 2.66302 3.8483 0.146419
2391 4868 2.66289 3.8483 0.146434
2392 4870 2.66268 3.8483 0.146447
2393 4870 2.66268 3.8483 0.146446
2394 4870 2.66297 3.8483 0.146457
2395 4873 2.66233 3.8483 0.146461
2396 4874 2.66226 3.8483 0.146434
2397 4874 2.66237 3.8483 0.146419
2398 4875 2.66255 3.8483 0.14642
2399 4875 2.66279 3.8483 0.146436
2400 4875 2.6629 3.8483 0.146448
2401 4875 2.66297 3.8483 0.146417
2402 4875 2.66303 3.8483 0.14641
2403 4876 2.66296 3.8483 0.1464
2404 4876 2.66304 3.8483 0.146399
2405 4877 2.66307 3.8483 0.146375
2406 4877 2.66313 3.8483 0.146365
2407 4877 2.66332 3.8483 0.146357
2408 4878 2.66338 3.8483 0.146354
2409 4880 2.6633 3.8483 0.146352
2410 4880 2.66347 3.8483 0.146353
2411 4880 2.66359 3.8483 0.146352
2412 4881 2.66353 3.8483 0.146366
2413 4882 2.66384 3.8483 0.146386
2414 4885 2.66357 3.8483 0.146412
2415 4886 2.6636 3.8483 0.146419
2416 4886 2.6636 3.8483 0.146418
2417 4888 2.66352 3.8483 0.14645
2418 4888 2.66359 3.8483 0.146429
2419 4889 2.66352 3.8483 0.146417
2420 4889 2.66358 3.8483 0.146415
2421 4890 2.66345 3.8483 0.146399
2422 4890 2.66348 3.8483 0.146394
2423 4890 2.66352 3.8483 0.146384
2424 4890 2.66362 3.8483 0.146396
2425 4890 2.66381 3.8483 0.146407
2426 4891 2.66369 3.8483 0.146387
2427 4892 2.6634 3.8483 0.146354
2428 4892 2.66357 3.8483 0.146371
2429 4892 2.66378 3.8483 0.146341
2430 4893 2.66375 3.8483 0.146338
2431 4893 2.66395 3.8483 0.146327
2432 4893 2.66412 3.8483 0.146319
2433 4893 2.6644 3.8483 0.146327
2434 4894 2.66448 3.8483 0.146294
2435 4894 2.66453 3.8483 0.146295
2436 4894 2.6646 3.8483 0.146275
2437 4895 2.66481 3.8483 0.146267
2438 4896 2.66498 3.8483 0.14632
2439 4896 2.66519 3.8483 0.146315
2440 4896 2.66526 3.8483 0.146321
2441 4897 2.66534 3.8483 0.146307
2442 4897 2.66555 3.8483 0.1463
2443 4897 2.66557 3.8483 0.146287
2444 4897 2.66564 3.8483 0.146291
2445 4898 2.66552 3.8483 0.146287
2446 4898 2.66566 3.8483 0.146268
2447 4898 2.66586 3.8483 0.146239
2448 4898 2.66595 3.8483 0.146262
2449 4899 2.66603 3.8483 0.14627
2450 4899 2.66618 3.8483 0.146264
2451 4899 2.66635 3.8483 0.146269
2452 4899 2.66647 3.8483 0.146246
2453 4899 2.66651 3.8483 0.146228
2454 4899 2.66654 3.8483 0.146219
2455 4899 2.66662 3.8483 0.146187
2456 4899 2.66682 3.8483 0.146208
2457 4899 2.66698 3.8483 0.146213
2458 4901 2.66729 3.8483 0.146202
2459 4901 2.66749 3.8483 0.146175
2460 4901 2.6676 3.8483 0.146169
2461 4901 2.66765 3.8483 0.146147
2462 4901 2.66769 3.8483 0.146144
2463 4901 2.66773 3.8483 0.146134
2464 4901 2.66779 3.8483 0.146138
2465 4901 2.66797 3.8483 0.146137
2466 4902 2.66805 3.8483 0.146148
2467 4903 2.668 3.8483 0.146145
2468 4903 2.66801 3.8483 0.146135
2469 4903 2.66814 3.8483 0.146136
2470 4903 2.66836 3.8483 0.146141
2471 4903 2.66856 3.8483 0.146144
2472 4903 2.6686 3.8483 0.14614
2473 4903 2.66889 3.8483 0.146146
2474 4904 2.66876 3.8483 0.146142
2475 4904 2.66892 3.8483 0.146126
2476 4904 2.66929 3.8483 0.146074
2477 4905 2.66962 3.8483 0.146066
2478 4906 2.66975 3.8483 0.146123
2479 4906 2.67 3.8483 0.146125
2480 4906 2.67021 3.8483 0.146118
2481 4906 2.67029 3.8483 0.146118
2482 4906 2.67039 3.8483 0.14609
2483 4907 2.67034 3.8483 0.146079
2484 4907 2.6704 3.8483 0.146072
2485 4907 2.67053 3.8483 0.146055
2486 4908 2.67031 3.8483 0.146064
2487 4908 2.67032 3.8483 0.14605
2488 4908 2.67039 3.8483 0.146048
2489 4909 2.67041 3.8483 0.146047
2490 4910 2.67064 3.8483 0.146056
2491 4910 2.67074 3.8483 0.146037
2492 4910 2.67075 3.8483 0.146042
2493 4910 2.67088 3.8483 0.146046
2494 4910 2.6709 3.8483 0.146023
2495 4910 2.67113 3.8483 0.146017
2496 4910 2.67135 3.8483 0.146009
2497 4910 2.67164 3.8483 0.145956
2498 4910 2.67197 3.8483 0.145975
2499 4910 2.67209 3.8483 0.145985
2500 4910 2.67212 3.8483 0.145979
2501 4910 2.67217 3.8483 0.145957
2502 4910 2.67236 3.8483 0.145957
2503 4912 2.67244 3.8483 0.145963
2504 4913 2.67249 3.8483 0.145949
2505 4913 2.67274 3.8483 0.145983
2506 4915 2.6726 3.8483 0.145981
2507 4915 2.67265 3.8483 0.145948
2508 4916 2.67264 3.8483 0.145943
2509 4918 2.67271 3.8483 0.145944
2510 4918 2.67279 3.8483 0.145957
2511 4918 2.67284 3.8483 0.145942
2512 4918 2.67293 3.8483 0.145941
2513 4918 2.67297 3.8483 0.145941
2514 4918 2.67304 3.8483 0.145945
2515 4918 2.67312 3.8483 0.145963
2516 4919 2.67338 3.8483 0.14598
2517 4919 2.67359 3.8483 0.145993
2518 4919 2.67364 3.8483 0.145984
2519 4919 2.67368 3.8483 0.145982
2520 4919 2.67374 3.8483 0.145989
2521 4919 2.67387 3.8483 0.145994
2522 4920 2.67385 3.8483 0.145988
2523 4920 2.67394 3.8483 0.145983
2524 4921 2.67381 3.8483 0.145993
2525 4921 2.6739 3.8483 0.145973
2526 4922 2.6739 3.8483 0.145951
2527 4922 2.67404 3.8483 0.145957
2528 4922 2.67422 3.8483 0.145976
2529 4922 2.67433 3.8483 0.145979
2530 4923 2.67419 3.8483 0.145974
2531 4923 2.67432 3.8483 0.145966
2532 4923 2.67448 3.8483 0.145965
2533 4923 2.67453 3.8483 0.145964
2534 4925 2.67446 3.8483 0.145991
2535 4925 2.67454 3.8483 0.145998
2536 4926 2.67455 3.8483 0.145995
2537 4927 2.67449 3.8483 0.146002
2538 4927 2.67455 3.8483 0.145986
2539 4928 2.67473 3.8483 0.145977
2540 4928 2.6748 3.8483 0.145982
2541 4928 2.67497 3.8483 0.145971
2542 4928 2.67504 3.8483 0.145952
2543 4928 2.67509 3.8483 0.145947
2544 4928 2.67524 3.8483 0.145959
2545 4929 2.67526 3.8483 0.145955
2546 4930 2.6752 3.8483 0.145946
2547 4930 2.67521 3.8483 0.145921
2548 4930 2.67534 3.8483 0.14594
2549 4931 2.67509 3.8483 0.145953
2550 4933 2.67527 3.8483 0.145919
2551 4933 2.67539 3.8483 0.145918
2552 4933 2.67557 3.8483 0.145935
2553 4933 2.67564 3.8483 0.145927
2554 4933 2.67582 3.8483 0.145963
2555 4934 2.67566 3.8483 0.145963
2556 4934 2.67596 3.8483 0.14596
2557 4934 2.67607 3.8483 0.14596
2558 4934 2.67622 3.8483 0.14593
2559 4934 2.67639 3.8483 0.145935
2560 4934 2.67661 3.8483 0.14594
2561 4934 2.67681 3.8483 0.145934
2562 4934 2.677 3.8483 0.145942
2563 4934 2.67704 3.8483 0.14594
2564 4934 2.67707 3.8483 0.14594
2565 4934 2.67722 3.8483 0.145928
2566 4934 2.67738 3.8483 0.145949
2567 4934 2.67738 3.8483 0.145949
2568 4934 2.67746 3.8483 0.145927
2569 4934 2.67749 3.8483 0.14592
2570 4934 2.67764 3.8483 0.14592
2571 4934 2.67792 3.8483 0.145929
2572 4934 2.67796 3.8483 0.145935
2573 4935 2.67767 3.8483 0.145966
2574 4935 2.67778 3.8483 0.145968
2575 4935 2.67788 3.8483 0.145971
2576 4935 2.67795 3.8483 0.145961
2577 4935 2.67809 3.8483 0.145962
2578 4935 2.67814 3.8483 0.145966
2579 4935 2.6782 3.8483 0.145958
2580 4935 2.6782 3.8483 0.145952
2581 4935 2.67832 3.8483 0.145963
2582 4935 2.6785 3.8483 0.14595
2583 4935 2.67871 3.8483 0.145969
2584 4935 2.67874 3.8483 0.145956
2585 4935 2.67902 3.8483 0.145922
2586 4935 2.67912 3.8483 0.145901
2587 4935 2.67933 3.8483 0.145908
2588 4935 2.6794 3.8483 0.145889
2589 4935 2.67941 3.8483 0.145875
2590 4936 2.6795 3.8483 0.145839
2591 4936 2.67962 3.8483 0.145882
2592 4936 2.67977 3.8483 0.145902
2593 4936 2.67977 3.8483 0.145902
2594 4936 2.67986 3.8483 0.14588
2595 4937 2.67998 3.8483 0.145861
2596 4937 2.68015 3.8483 0.145874
2597 4938 2.67987 3.8483 0.145908
2598 4938 2.67992 3.8483 0.145915
2599 4938 2.68008 3.8483 0.145913
2600 4939 2.67988 3.8483 0.145893
2601 4939 2.68006 3.8483 0.145918
2602 4939 2.68021 3.8483 0.145907
2603 4940 2.68029 3.8483 0.145911
2604 4940 2.68053 3.8483 0.14587
2605 4940 2.68074 3.8483 0.145874
2606 4940 2.68095 3.8483 0.145922
2607 4940 2.681 3.8483 0.145907
2608 4940 2.68132 3.8483 0.1459
2609 4940 2.68156 3.8483 0.145875
2610 4942 2.68123 3.8483 0.145878
2611 4942 2.68146 3.8483 0.145883
2612 4942 2.68155 3.8483 0.145895
2613 4943 2.68119 3.8483 0.145919
2614 4943 2.6812 3.8483 0.14591
2615 4944 2.68126 3.8483 0.145893
2616 4945 2.6815 3.8483 0.145875
2617 4946 2.68148 3.8483 0.145868
2618 4946 2.68197 3.8483 0.145821
2619 4946 2.68196 3.8483 0.14582
2620 4947 2.68227 3.85324 0.145811
2621 4948 2.68244 3.85324 0.14581
2622 4948 2.68271 3.85324 0.145784
2623 4948 2.68288 3.85324 0.145805
2624 4949 2.68282 3.85324 0.145811
2625 4949 2.68292 3.85324 0.145809
2626 4952 2.68282 3.85324 0.145804
2627 4953 2.68278 3.85324 0.145788
2628 4953 2.68299 3.85324 0.145804
2629 4953 2.68301 3.85324 0.145808
2630 4954 2.68285 3.85324 0.145809
2631 4955 2.68283 3.85324 0.145798
2632 4956 2.68241 3.85324 0.145807
2633 4957 2.6826 3.85324 0.145811
2634 4957 2.68288 3.85324 0.145821
2635 4957 2.68288 3.85324 0.145816
2636 4958 2.6831 3.85324 0.14581
2637 4958 2.68315 3.85324 0.145796
2638 4959 2.68313 3.85324 0.145782
2639 4959 2.6833 3.85324 0.14579
2640 4960 2.68346 3.85324 0.145788
2641 4960 2.68352 3.85324 0.14578
2642 4961 2.68342 3.85324 0.145761
2643 4961 2.68351 3.85324 0.14578
2644 4961 2.68354 3.85324 0.145795
2645 4962 2.6836 3.85324 0.145797
2646 4962 2.68368 3.85324 0.145786
2647 4962 2.68379 3.85324 0.145781
2648 4962 2.68386 3.85324 0.145777
2649 4962 2.68398 3.85324 0.145778
2650 4962 2.68414 3.85324 0.145774
2651 4962 2.68423 3.85324 0.145764
2652 4962 2.68438 3.85324 0.145766
2653 4962 2.68444 3.85324 0.145755
2654 4962 2.68451 3.85324 0.145734
2655 4962 2.68466 3.85324 0.145742
2656 4963 2.68484 3.85324 0.145706
2657 4964 2.68502 3.85324 0.145715
2658 4964 2.68512 3.85324 0.145702
2659 4964 2.68539 3.85324 0.145678
2660 4965 2.6853 3.85324 0.145673
2661 4966 2.68528 3.85324 0.145692
2662 4966 2.68528 3.85324 0.145691
2663 4966 2.68527 3.85324 0.145686
2664 4966 2.68545 3.85324 0.145662
2665 4966 2.68561 3.85324 0.145667
2666 4966 2.68565 3.85324 0.145669
2667 4966 2.68582 3.85324 0.145658
2668 4966 2.68587 3.85324 0.145651
2669 4966 2.68611 3.85324 0.145666
2670 4966 2.68643 3.92987 0.145659
2671 4968 2.68657 3.92987 0.145647
2672 4969 2.68668 3.92987 0.145649
2673 4969 2.68669 3.92987 0.145646
2674 4969 2.68671 3.92987 0.145643
2675 4969 2.6868 3.92987 0.145631
2676 4969 2.68684 3.92987 0.145644
2677 4971 2.68676 3.92987 0.145629
2678 4971 2.68685 3.92987 0.145648
2679 4971 2.6869 3.92987 0.145647
2680 4972 2.68675 3.92987 0.145635
2681 4972 2.68697 3.92987 0.145672
2682 4972 2.68702 3.92987 0.145667
2683 4973 2.68721 3.92987 0.145703
2684 4973 2.6873 3.92987 0.14572
2685 4973 2.68737 3.92987 0.145716
2686 4974 2.6874 3.92987 0.145727
2687 4974 2.68746 3.92987 0.145705
2688 4974 2.68776 3.92987 0.145714
2689 4974 2.6879 3.92987 0.145712
2690 4975 2.68779 3.92987 0.14571
2691 4976 2.68794 3.92987 0.145694
2692 4976 2.68799 3.92987 0.145697
2693 4976 2.68801 3.92987 0.145697
2694 4977 2.68799 3.92987 0.145695
2695 4977 2.68802 3.92987 0.145696
2696 4977 2.68801 3.92987 0.14568
2697 4978 2.6879 3.92987 0.145689
2698 4980 2.6878 3.92987 0.14568
2699 4981 2.68781 3.92987 0.145664
2700 4982 2.68762 3.92987 0.145684
2701 4982 2.68762 3.92987 0.145665
2702 4982 2.68765 3.92987 0.145648
2703 4983 2.68733 3.92987 0.145658
2704 4984 2.68722 3.92987 0.145688
2705 4984 2.68728 3.92987 0.145679
2706 4985 2.68725 3.92987 0.145678
2707 4986 2.68739 3.92987 0.145705
2708 4986 2.68744 3.92987 0.145681
2709 4986 2.68773 3.92987 0.145695
2710 4986 2.6878 3.92987 0.145688
2711 4986 2.68784 3.92987 0.145689
2712 4986 2.68786 3.92987 0.145686
2713 4986 2.688 3.92987 0.145673
2714 4986 2.68815 3.92987 0.145645
2715 4986 2.68823 3.92987 0.14563
2716 4986 2.68829 3.92987 0.14563
2717 4986 2.68836 3.92987 0.145613
2718 4986 2.68854 3.92987 0.145609
2719 4986 2.68882 3.92987 0.145622
2720 4986 2.68891 3.92987 0.145648
2721 4987 2.68859 3.92987 0.145615
2722 4987 2.6886 3.92987 0.145601
2723 4987 2.68867 3.92987 0.145592
2724 4989 2.68852 3.92987 0.145602
2725 4989 2.68853 3.92987 0.145596
2726 4989 2.68858 3.92987 0.145606
2727 4989 2.68867 3.92987 0.145614
2728 4989 2.68867 3.92987 0.145607
2729 4990 2.68892 3.92987 0.145624
2730 4990 2.68897 3.92987 0.145612
2731 4991 2.68892 3.92987 0.145584
2732 4991 2.68901 3.92987 0.145585
2733 4992 2.68866 3.92987 0.145592
2734 4992 2.68869 3.92987 0.145608
2735 4992 2.68876 3.92987 0.145595
2736 4992 2.68889 3.92987 0.145599
2737 4992 2.68888 3.92987 0.145593
2738 4992 2.68901 3.92987 0.145582
2739 4992 2.68916 3.92987 0.145606
2740 4993 2.68922 3.92987 0.1456
2741 4993 2.68937 3.92987 0.145593
2742 4993 2.68958 3.92987 0.145616
2743 4993 2.68961 3.92987 0.145613
2744 4993 2.68973 3.92987 0.145611
2745 4993 2.68981 3.92987 0.145586
2746 4993 2.69005 3.92987 0.145581
2747 4993 2.69022 3.92987 0.145572
2748 4993 2.69023 3.92987 0.145572
2749 4994 2.69032 3.92987 0.145582
2750 4995 2.68993 3.92987 0.145574
2751 4995 2.68993 3.92987 0.145574
2752 4995 2.69004 3.92987 0.145541
2753 4995 2.69022 3.92987 0.145545
2754 4997 2.69014 3.92987 0.145562
2755 4997 2.69018 3.92987 0.145546
2756 4997 2.69038 3.92987 0.145566
2757 4997 2.69041 3.92987 0.145568
2758 4997 2.69061 3.92987 0.145556
2759 4997 2.69064 3.92987 0.145553
2760 4998 2.69054 3.92987 0.145527
2761 4998 2.69079 3.92987 0.145489
2762 4999 2.69075 3.92987 0.145482
2763 4999 2.69085 3.92987 0.145492
2764 4999 2.69096 3.92987 0.145468
2765 4999 2.69112 3.92987 0.145498
2766 4999 2.69131 3.92987 0.145504
2767 5000 2.69142 3.92987 0.145516
2768 5002 2.6915 3.92987 0.145519
2769 5002 2.69149 3.92987 0.145515
2770 5003 2.69141 3.92987 0.145507
2771 5003 2.69151 3.92987 0.145494
2772 5003 2.69166 3.92987 0.145464
2773 5003 2.69209 3.92987 0.145452
2774 5004 2.69209 3.92987 0.14545
2775 5004 2.69219 3.92987 0.145456
2776 5004 2.69228 3.92987 0.145456
2777 5004 2.69236 3.92987 0.145437
2778 5004 2.69236 3.92987 0.145437
2779 5004 2.69245 3.92987 0.145442
2780 5004 2.69265 3.92987 0.145403
2781 5004 2.69288 3.92987 0.145409
2782 5005 2.69295 3.92987 0.14542
2783 5005 2.69303 3.92987 0.145425
2784 5006 2.6927 3.92987 0.145429
2785 5008 2.69271 3.92987 0.145414
2786 5008 2.69279 3.92987 0.145415
2787 5008 2.69296 3.92987 0.1454
2788 5008 2.69306 3.92987 0.145387
2789 5009 2.69298 3.92987 0.145376
2790 5009 2.69313 3.92987 0.145371
2791 5010 2.69315 3.92987 0.145394
2792 5010 2.69324 3.92987 0.145393
2793 5010 2.69339 3.92987 0.145427
2794 5010 2.69343 3.92987 0.145416
2795 5010 2.69344 3.92987 0.14541
2796 5011 2.69325 3.92987 0.145409
2797 5011 2.69339 3.92987 0.145413
2798 5011 2.69347 3.92987 0.145388
2799 5011 2.69359 3.92987 0.145372
2800 5012 2.69348 3.92987 0.145361
2801 5012 2.69352 3.92987 0.145364
2802 5014 2.69334 3.92987 0.145377
2803 5014 2.69337 3.92987 0.145382
2804 5014 2.69346 3.92987 0.145381
2805 5015 2.69328 3.92987 0.145389
2806 5015 2.6933 3.92987 0.145388
2807 5015 2.69341 3.92987 0.145379
2808 5015 2.69349 3.92987 0.145371
2809 5015 2.69358 3.92987 0.145353
2810 5015 2.69364 3.92987 0.145358
2811 5015 2.69366 3.92987 0.145363
2812 5015 2.69389 3.92987 0.14536
2813 5015 2.6939 3.92987 0.145351
2814 5015 2.69396 3.92987 0.145364
2815 5015 2.69437 3.92987 0.145364
2816 5015 2.69438 3.92987 0.145362
2817 5016 2.69448 3.92987 0.145357
2818 5017 2.69432 3.92987 0.145374
2819 5017 2.6944 3.92987 0.145376
2820 5017 2.69447 3.92987 0.145391
2821 5018 2.69448 3.92987 0.145396
2822 5018 2.69478 3.92987 0.145344
2823 5018 2.69486 3.92987 0.14534
2824 5018 2.69495 3.92987 0.145355
2825 5019 2.69491 3.92987 0.145368
2826 5019 2.69497 3.92987 0.145361
2827 5020 2.69499 3.92987 0.145387
2828 5021 2.69527 3.92987 0.145376
2829 5021 2.69558 3.92987 0.145373
2830 5021 2.69561 3.92987 0.145371
2831 5021 2.69563 3.92987 0.145367
2832 5021 2.69588 3.92987 0.145399
2833 5021 2.69601 3.92987 0.145402
2834 5021 2.69606 3.92987 0.1454
2835 5021 2.69634 3.92987 0.145385
2836 5021 2.6964 3.92987 0.145393
2837 5021 2.69645 3.92987 0.145403
2838 5021 2.69653 3.92987 0.145376
2839 5022 2.69643 3.92987 0.145355
2840 5022 2.69655 3.92987 0.145369
2841 5022 2.69657 3.92987 0.14536
2842 5023 2.69646 3.92987 0.145358
2843 5024 2.69647 3.92987 0.14541
2844 5024 2.69649 3.92987 0.14542
2845 5024 2.6965 3.92987 0.145423
2846 5024 2.69654 3.92987 0.145441
2847 5024 2.6967 3.92987 0.145465
2848 5024 2.69672 3.92987 0.145461
2849 5024 2.69673 3.92987 0.145449
2850 5024 2.69679 3.92987 0.145443
2851 5024 2.69687 3.92987 0.145448
2852 5025 2.69714 3.92987 0.145441
2853 5027 2.69724 3.92987 0.145438
2854 5027 2.69748 3.92987 0.14544
2855 5027 2.69779 3.92987 0.145436
2856 5027 2.69804 3.92987 0.145436
2857 5027 2.69816 3.92987 0.14543
2858 5027 2.69828 3.92987 0.145415
2859 5027 2.69866 3.92987 0.145425
2860 5027 2.69883 3.92987 0.145425
2861 5027 2.69909 3.92987 0.1454
2862 5027 2.69916 3.92987 0.14538
2863 5027 2.69935 3.92987 0.145347
2864 5028 2.69925 3.92987 0.145377
2865 5028 2.69931 3.92987 0.145362
2866 5028 2.69952 3.92987 0.145357
2867 5028 2.69952 3.92987 0.145347
2868 5028 2.69972 3.92987 0.145343
2869 5028 2.69973 3.92987 0.145338
2870 5028 2.69981 3.92987 0.145351
2871 5028 2.69986 3.92987 0.145347
