0 45 4.39657 6.5152 0.176073
1 84 4.71439 6.78981 0.175745
2 115 4.86147 6.78981 0.17395
3 143 4.91995 6.78981 0.17341
4 164 4.99563 6.78981 0.172748
5 180 5.02961 6.78981 0.172815
6 194 5.07248 6.78981 0.173685
7 204 5.11953 6.78981 0.171582
8 221 5.16932 6.94132 0.172886
9 232 5.22186 6.94132 0.172239
10 245 5.25289 6.94132 0.17145
11 260 5.29124 6.94132 0.169587
12 275 5.30653 6.94132 0.169897
13 285 5.30173 6.94132 0.169853
14 298 5.34383 6.94132 0.170135
15 310 5.40496 6.94132 0.1706
16 323 5.39979 6.94132 0.170004
17 334 5.41132 6.94132 0.169846
18 346 5.43011 6.97737 0.169045
19 359 5.43734 6.97737 0.169266
20 371 5.44352 6.97737 0.168516
21 383 5.44126 6.97737 0.168653
22 397 5.44289 6.97737 0.168203
23 410 5.44721 6.97737 0.168752
24 425 5.46975 7.01118 0.167496
25 433 5.48143 7.01118 0.167176
26 440 5.49877 7.01118 0.167285
27 446 5.52146 7.09116 0.166798
28 453 5.52815 7.09116 0.167143
29 459 5.54884 7.09116 0.167481
30 464 5.55725 7.09116 0.167526
31 470 5.55382 7.12812 0.167688
32 474 5.56597 7.22646 0.16714
33 477 5.57721 7.22646 0.166841
34 482 5.58529 7.22646 0.166809
35 489 5.57645 7.22646 0.167322
36 499 5.59945 7.22646 0.167164
37 502 5.61454 7.22646 0.166949
38 507 5.61772 7.22646 0.166811
39 516 5.63114 7.22646 0.166872
40 521 5.63439 7.22646 0.16686
41 526 5.64325 7.22646 0.1669
42 530 5.65004 7.22646 0.166837
43 533 5.66355 7.22646 0.166648
44 538 5.68221 7.22646 0.165788
45 543 5.67715 7.22646 0.165803
46 548 5.68584 7.22646 0.165717
47 554 5.6859 7.22646 0.165698
48 554 5.69659 7.3731 0.165946
49 557 5.70757 7.3731 0.165946
50 558 5.71858 7.3731 0.165935
51 562 5.72511 7.3731 0.165672
52 567 5.7298 7.3731 0.166184
53 573 5.72297 7.3731 0.166217
54 574 5.73102 7.3731 0.166071
55 579 5.73651 7.3731 0.166057
56 588 5.73781 7.3731 0.166004
57 589 5.74539 7.3731 0.166333
58 593 5.75114 7.3731 0.166092
59 594 5.76682 7.3731 0.165949
60 598 5.76974 7.3731 0.165807
61 602 5.77607 7.3731 0.165833
62 606 5.78446 7.3731 0.166099
63 613 5.78422 7.3731 0.166331
64 614 5.80272 7.3731 0.166449
65 618 5.80867 7.3731 0.166712
66 619 5.81638 7.3731 0.166657
67 624 5.81759 7.6076 0.166577
68 625 5.82951 7.6076 0.166355
69 629 5.83059 7.6076 0.166154
70 639 5.82433 7.6076 0.166282
71 643 5.82859 7.6076 0.166589
72 646 5.83542 7.95466 0.166793
73 649 5.84038 7.95466 0.166964
74 653 5.83841 7.95466 0.166583
75 655 5.84341 7.95466 0.166637
76 661 5.84508 7.95466 0.166397
77 663 5.85353 7.95466 0.166536
78 667 5.86427 7.95466 0.166397
79 670 5.86689 7.95466 0.166352
80 673 5.86984 7.95466 0.166433
81 677 5.87572 7.95466 0.166794
82 678 5.88066 7.95466 0.166745
83 682 5.88256 7.95466 0.166435
84 685 5.88762 7.95466 0.16672
85 686 5.89424 7.95466 0.166836
86 687 5.89684 7.95466 0.166797
87 688 5.90133 7.95466 0.166736
88 690 5.90378 7.95466 0.166848
89 693 5.90462 7.95466 0.166754
90 696 5.91093 7.95466 0.166604
91 697 5.91776 7.95466 0.16662
92 699 5.92045 7.95466 0.167081
93 703 5.92349 7.95466 0.166736
94 705 5.92798 7.95466 0.166592
95 707 5.93066 7.95466 0.166839
96 707 5.93589 7.95466 0.166648
97 711 5.93923 7.95466 0.166433
98 714 5.94061 7.95466 0.166249
99 715 5.94209 7.95466 0.166119
100 719 5.94966 7.95466 0.166326
101 723 5.9535 7.95466 0.166139
102 725 5.95585 7.95466 0.166015
103 729 5.96125 7.95466 0.165951
104 733 5.96575 7.95466 0.166023
105 734 5.96773 7.95466 0.166158
106 736 5.97307 7.95466 0.166139
107 737 5.97913 7.95466 0.166236
108 737 5.98182 7.95466 0.166063
109 737 5.99216 7.95466 0.166143
110 739 5.99132 7.95466 0.166071
111 740 5.99257 7.95466 0.166078
112 742 5.99375 7.95466 0.166467
113 742 5.99808 7.95466 0.16647
114 742 5.99902 7.95466 0.166386
115 747 5.99874 7.95466 0.166534
116 751 5.99531 7.95466 0.166522
117 753 5.9993 7.95466 0.166502
118 756 6.00785 7.95466 0.166291
119 757 6.0077 7.95466 0.166201
120 761 6.00931 7.95466 0.166286
121 762 6.01139 7.95466 0.166376
122 763 6.01285 7.95466 0.166196
123 764 6.0142 7.95466 0.166171
124 764 6.01996 7.95466 0.166274
125 766 6.02418 7.95466 0.166553
126 767 6.03117 7.95466 0.166285
127 768 6.0334 7.95466 0.166181
128 769 6.03376 7.95466 0.166108
129 771 6.03494 7.95466 0.166059
130 773 6.03489 7.95466 0.166069
131 778 6.0413 7.95466 0.165998
132 780 6.04248 7.95466 0.165929
133 782 6.04663 7.95466 0.165996
134 786 6.04948 7.95466 0.165838
135 787 6.05018 7.95466 0.166049
136 791 6.048 7.95466 0.166277
137 793 6.0541 7.95466 0.16609
138 794 6.05673 7.95466 0.165988
139 795 6.05968 7.95466 0.166031
140 799 6.05886 7.95466 0.166035
141 800 6.06068 7.95466 0.16611
142 801 6.06337 7.95466 0.166177
143 803 6.06537 7.95466 0.166091
144 807 6.06848 7.95466 0.165999
145 807 6.06886 7.95466 0.165971
146 812 6.06623 7.95466 0.165787
147 815 6.06954 7.95466 0.165607
148 816 6.07252 7.95466 0.165715
149 818 6.0715 7.95466 0.165874
150 818 6.0749 7.95466 0.165985
151 819 6.07716 7.95466 0.165874
152 822 6.07491 7.95466 0.16581
153 824 6.08124 7.95466 0.165758
154 828 6.08123 7.95466 0.166094
155 830 6.08048 7.95466 0.165967
156 830 6.08727 7.95466 0.165884
157 834 6.08308 7.95466 0.165696
158 834 6.08587 7.95466 0.165763
159 834 6.08675 7.95466 0.165714
160 834 6.08974 7.95466 0.165786
161 836 6.08666 7.95466 0.165977
162 836 6.08822 7.95466 0.166068
163 839 6.09087 7.95466 0.166006
164 841 6.09494 8.01797 0.166213
165 842 6.09929 8.01797 0.166208
166 846 6.09777 8.01797 0.166241
167 850 6.09404 8.01797 0.166149
168 851 6.09662 8.01797 0.166116
169 854 6.09914 8.01797 0.165983
170 856 6.09962 8.01797 0.165939
171 857 6.10173 8.01797 0.165748
172 857 6.1029 8.01797 0.165737
173 858 6.10659 8.01797 0.165779
174 858 6.11277 8.01797 0.165602
175 859 6.11837 8.01797 0.165381
176 861 6.11983 8.01797 0.165396
177 863 6.12228 8.01797 0.165475
178 863 6.12312 8.01797 0.165487
179 864 6.12273 8.01797 0.16545
180 865 6.12254 8.01797 0.165338
181 866 6.12419 8.01797 0.165364
182 868 6.12582 8.01797 0.165255
183 871 6.11986 8.01797 0.165154
184 874 6.12255 8.01797 0.165017
185 874 6.12474 8.01797 0.164971
186 874 6.12984 8.01797 0.164976
187 878 6.12791 8.01797 0.165122
188 878 6.13039 8.01797 0.16497
189 880 6.13206 8.01797 0.164842
190 882 6.13251 8.01797 0.164879
191 883 6.13291 8.01797 0.164948
192 885 6.13609 8.01797 0.164956
193 888 6.13884 8.01797 0.165022
194 892 6.13369 8.01797 0.164789
195 893 6.13387 8.01797 0.164813
196 896 6.13752 8.01797 0.164783
197 897 6.13641 8.01797 0.164912
198 899 6.1387 8.01797 0.164728
199 902 6.14239 8.01797 0.164806
200 903 6.14761 8.01797 0.164841
201 905 6.15023 8.01797 0.164966
202 906 6.15101 8.01797 0.164879
203 908 6.15588 8.01797 0.164845
204 911 6.1553 8.01797 0.164803
205 914 6.15369 8.01797 0.164617
206 918 6.15512 8.01797 0.16442
207 923 6.15164 8.01797 0.164435
208 925 6.14836 8.01797 0.164232
209 927 6.15044 8.01797 0.164001
210 929 6.14864 8.01797 0.163988
211 929 6.15433 8.01797 0.164041
212 931 6.15246 8.01797 0.163995
213 933 6.1492 8.01797 0.163891
214 933 6.15349 8.01797 0.163704
215 937 6.15288 8.01797 0.163888
216 937 6.15606 8.01797 0.163926
217 940 6.15918 8.01797 0.16394
218 945 6.15985 8.01797 0.163783
219 946 6.15972 8.01797 0.163707
220 948 6.15766 8.01797 0.163721
221 949 6.15874 8.01797 0.163551
222 950 6.16017 8.01797 0.163466
223 954 6.16046 8.01797 0.163491
224 955 6.16158 8.01797 0.163702
225 956 6.16257 8.01797 0.16375
226 956 6.16584 8.01797 0.163625
227 957 6.16767 8.01797 0.163619
228 958 6.17081 8.01797 0.163575
229 962 6.16809 8.01797 0.16366
230 963 6.16704 8.01797 0.163685
231 963 6.16869 8.01797 0.163815
232 966 6.16973 8.01797 0.163838
233 968 6.16586 8.01797 0.163857
234 970 6.16766 8.01797 0.163764
235 973 6.16916 8.01797 0.163775
236 974 6.17227 8.3817 0.16394
237 976 6.17345 8.3817 0.163945
238 976 6.1743 8.3817 0.163965
239 977 6.17177 8.3817 0.163849
240 979 6.17073 8.3817 0.163937
241 982 6.1651 8.3817 0.163754
242 984 6.16543 8.3817 0.163805
243 985 6.16597 8.3817 0.163736
244 986 6.16616 8.3817 0.163768
245 986 6.16723 8.3817 0.163782
246 987 6.16806 8.3817 0.163772
247 988 6.16822 8.3817 0.163733
248 991 6.16969 8.3817 0.163719
249 991 6.17565 8.3817 0.163518
250 992 6.17954 8.3817 0.163381
251 994 6.18253 8.3817 0.163324
252 995 6.18472 8.3817 0.163404
253 996 6.18545 8.3817 0.163381
254 998 6.18834 8.3817 0.163376
255 1000 6.18771 8.3817 0.163461
256 1004 6.18584 8.3817 0.163425
257 1007 6.18628 8.3817 0.163452
258 1008 6.18831 8.3817 0.163469
259 1008 6.1893 8.3817 0.163488
260 1009 6.19035 8.3817 0.163418
261 1009 6.19203 8.3817 0.1635
262 1009 6.19578 8.3817 0.163458
263 1011 6.19436 8.3817 0.163446
264 1013 6.19391 8.3817 0.163403
265 1013 6.19558 8.3817 0.163401
266 1015 6.19947 8.3817 0.163364
267 1016 6.20064 8.3817 0.163454
268 1018 6.19659 8.3817 0.163462
269 1021 6.19578 8.3817 0.163507
270 1023 6.19814 8.3817 0.163425
271 1025 6.19729 8.3817 0.16337
272 1026 6.20097 8.3817 0.163406
273 1027 6.20178 8.3817 0.163376
274 1029 6.20964 8.3817 0.16323
275 1030 6.20938 8.3817 0.163095
276 1032 6.21044 8.3817 0.163055
277 1033 6.21133 8.3817 0.163016
278 1034 6.21401 8.3817 0.163103
279 1037 6.21479 8.3817 0.1631
280 1037 6.21501 8.3817 0.163113
281 1039 6.21278 8.3817 0.163173
282 1040 6.21362 8.3817 0.163095
283 1042 6.21443 8.3817 0.16301
284 1045 6.21354 8.3817 0.162997
285 1045 6.21855 8.3817 0.162931
286 1046 6.2198 8.3817 0.162908
287 1047 6.21964 8.3817 0.162932
288 1048 6.22263 8.3817 0.162768
289 1050 6.22533 8.3817 0.162681
290 1052 6.22506 8.3817 0.162887
291 1052 6.22637 8.3817 0.162941
292 1054 6.22824 8.3817 0.162991
293 1054 6.22906 8.3817 0.163073
294 1056 6.23003 8.3817 0.163128
295 1058 6.2286 8.3817 0.163233
296 1059 6.23453 8.3817 0.163083
297 1061 6.23156 8.3817 0.163012
298 1064 6.23102 8.3817 0.163043
299 1066 6.23079 8.3817 0.162993
300 1066 6.23314 8.3817 0.163042
301 1067 6.23131 8.3817 0.162987
302 1068 6.23206 8.3817 0.163047
303 1069 6.23564 8.3817 0.162974
304 1071 6.23427 8.3817 0.163048
305 1071 6.23577 8.3817 0.162844
306 1071 6.23711 8.3817 0.162881
307 1071 6.23828 8.3817 0.162842
308 1072 6.2383 8.3817 0.162884
309 1073 6.23999 8.3817 0.162866
310 1076 6.23882 8.3817 0.162907
311 1081 6.2345 8.3817 0.162974
312 1082 6.23974 8.3817 0.163044
313 1085 6.24093 8.3817 0.162944
314 1086 6.24214 8.3817 0.163066
315 1087 6.24167 8.3817 0.162991
316 1088 6.24296 8.3817 0.162877
317 1090 6.24491 8.3817 0.162837
318 1091 6.24488 8.3817 0.162698
319 1093 6.24479 8.3817 0.162699
320 1094 6.24407 8.3817 0.162715
321 1094 6.2474 8.3817 0.162865
322 1094 6.25014 8.3817 0.162885
323 1095 6.24965 8.3817 0.162943
324 1095 6.2503 8.3817 0.16298
325 1096 6.25437 8.3817 0.162966
326 1097 6.25525 8.3817 0.162948
327 1097 6.26085 8.3817 0.163013
328 1097 6.26085 8.3817 0.163013
329 1098 6.26125 8.3817 0.16301
330 1100 6.26019 8.3817 0.163042
331 1101 6.25999 8.3817 0.16303
332 1101 6.26165 8.3817 0.162983
333 1101 6.26337 8.3817 0.162868
334 1105 6.26378 8.3817 0.162946
335 1108 6.25885 8.3817 0.162901
336 1109 6.25873 8.3817 0.162851
337 1109 6.26105 8.3817 0.162763
338 1113 6.26089 8.3817 0.162736
339 1113 6.26291 8.3817 0.162676
340 1113 6.26397 8.3817 0.162726
341 1115 6.2658 8.3817 0.162775
342 1115 6.2673 8.3817 0.162723
343 1119 6.26683 8.3817 0.162675
344 1120 6.26902 8.3817 0.162541
345 1120 6.27228 8.3817 0.162645
346 1121 6.27296 8.3817 0.16261
347 1122 6.27667 8.3817 0.162672
348 1122 6.27883 8.3817 0.162683
349 1122 6.28088 8.3817 0.162514
350 1123 6.28257 8.3817 0.162494
351 1123 6.28545 8.3817 0.162536
352 1126 6.28361 8.3817 0.16261
353 1127 6.28147 8.3817 0.162641
354 1130 6.28312 8.3817 0.162788
355 1131 6.28314 8.3817 0.1629
356 1135 6.27938 8.3817 0.163004
357 1136 6.27926 8.3817 0.163053
358 1137 6.27828 8.3817 0.163049
359 1138 6.27843 8.3817 0.163138
360 1139 6.28009 8.3817 0.1632
361 1139 6.28302 8.3817 0.163113
362 1140 6.28206 8.3817 0.163174
363 1142 6.2855 8.3817 0.163173
364 1145 6.28513 8.3817 0.163062
365 1148 6.28209 8.3817 0.163056
366 1149 6.2821 8.3817 0.163019
367 1152 6.28269 8.3817 0.162982
368 1152 6.28384 8.3817 0.162941
369 1152 6.28418 8.3817 0.162905
370 1153 6.28318 8.52537 0.162911
371 1157 6.27955 8.52537 0.163
372 1159 6.27574 8.52537 0.163018
373 1160 6.27824 8.52537 0.162916
374 1161 6.27703 8.52537 0.162902
375 1162 6.27674 8.52537 0.162845
376 1162 6.27789 8.52537 0.162896
377 1162 6.28097 8.52537 0.163011
378 1163 6.28127 8.52537 0.162908
379 1166 6.28296 8.52537 0.163026
380 1167 6.28115 8.52537 0.163081
381 1167 6.28222 8.52537 0.163036
382 1168 6.28215 8.52537 0.163061
383 1169 6.28377 8.52537 0.163007
384 1169 6.28478 8.52537 0.162959
385 1170 6.28423 8.52537 0.162794
386 1170 6.28471 8.52537 0.162792
387 1172 6.28254 8.52537 0.162875
388 1173 6.2831 8.52537 0.162807
389 1177 6.27917 8.52537 0.16283
390 1179 6.279 8.52537 0.162712
391 1179 6.27971 8.52537 0.162621
392 1180 6.28144 8.52537 0.162629
393 1182 6.28001 8.52537 0.162687
394 1182 6.2819 8.52537 0.162708
395 1183 6.28456 8.52537 0.162616
396 1183 6.28673 8.52537 0.162621
397 1184 6.28667 8.52537 0.162642
398 1186 6.28208 8.52537 0.162651
399 1186 6.28709 8.52537 0.162542
400 1190 6.28912 8.52537 0.162459
401 1195 6.2852 8.52537 0.162574
402 1195 6.28766 8.52537 0.162564
403 1195 6.28968 8.52537 0.162539
404 1197 6.28768 8.52537 0.162587
405 1198 6.28827 8.52537 0.162472
406 1198 6.28827 8.52537 0.162472
407 1198 6.28923 8.52537 0.162424
408 1199 6.29111 8.52537 0.16232
409 1203 6.28958 8.52537 0.162221
410 1204 6.28923 8.52537 0.162248
411 1205 6.29145 8.52537 0.162227
412 1205 6.29319 8.52537 0.162249
413 1205 6.2941 8.52537 0.162248
414 1205 6.29711 8.52537 0.162249
415 1207 6.29746 8.52537 0.162182
416 1209 6.29626 8.52537 0.162297
417 1210 6.29804 8.52537 0.162416
418 1212 6.29762 8.52537 0.162415
419 1214 6.2961 8.52537 0.162422
420 1215 6.29493 8.52537 0.162495
421 1216 6.29562 8.52537 0.162446
422 1216 6.29653 8.52537 0.162358
423 1219 6.29415 8.52537 0.162343
424 1220 6.29315 8.52537 0.162228
425 1223 6.28881 8.52537 0.16242
426 1224 6.28992 8.52537 0.162399
427 1226 6.29097 8.52537 0.162499
428 1226 6.29226 8.52537 0.162486
429 1228 6.2914 8.52537 0.162492
430 1229 6.29228 8.52537 0.162552
431 1230 6.29142 8.85564 0.1625
432 1231 6.29199 8.85564 0.162509
433 1232 6.29279 8.85564 0.162626
434 1233 6.2929 8.85564 0.162649
435 1233 6.29455 8.85564 0.162702
436 1235 6.29144 8.85564 0.162745
437 1236 6.28955 8.85564 0.162752
438 1237 6.29155 8.85564 0.162679
439 1238 6.29304 8.85564 0.162656
440 1238 6.29451 8.85564 0.162622
441 1238 6.29618 8.85564 0.16258
442 1238 6.29631 8.85564 0.162583
443 1238 6.29681 8.85564 0.162544
444 1238 6.30156 8.85564 0.162546
445 1239 6.30334 8.85564 0.162523
446 1239 6.30711 8.85564 0.162447
447 1240 6.307 8.85564 0.162434
448 1241 6.30561 8.85564 0.162562
449 1245 6.30171 8.85564 0.162557
450 1248 6.29977 8.85564 0.162539
451 1248 6.3013 8.85564 0.162536
452 1249 6.29956 8.85564 0.162582
453 1250 6.29883 8.85564 0.162575
454 1251 6.29985 8.85564 0.162604
455 1251 6.30044 8.85564 0.162642
456 1252 6.30215 8.85564 0.162732
457 1255 6.30086 8.85564 0.162668
458 1257 6.29955 8.85564 0.162669
459 1258 6.30181 8.85564 0.162611
460 1259 6.30305 8.85564 0.162558
461 1261 6.2998 8.85564 0.162637
462 1261 6.30067 8.85564 0.162766
463 1261 6.30307 8.85564 0.162847
464 1263 6.30207 8.85564 0.162847
465 1265 6.30063 8.85564 0.162766
466 1267 6.29889 8.85564 0.162762
467 1269 6.29706 8.85564 0.162685
468 1270 6.29811 8.85564 0.162612
469 1272 6.29926 8.85564 0.162577
470 1273 6.29834 8.85564 0.16256
471 1273 6.30018 8.85564 0.162659
472 1274 6.30243 8.85564 0.162622
473 1278 6.29706 8.85564 0.16261
474 1278 6.29827 8.85564 0.162558
475 1280 6.29468 8.85564 0.162577
476 1281 6.29251 8.85564 0.162601
477 1282 6.29309 8.85564 0.162561
478 1284 6.29074 8.85564 0.162591
479 1284 6.29085 8.85564 0.162535
480 1284 6.29099 8.85564 0.162575
481 1285 6.28966 8.85564 0.162615
482 1286 6.28886 8.85564 0.16258
483 1287 6.28652 8.85564 0.162593
484 1288 6.28798 8.85564 0.162505
485 1290 6.28557 8.85564 0.162514
486 1290 6.28709 8.85564 0.162534
487 1292 6.28843 8.85564 0.162529
488 1294 6.28744 8.85564 0.162487
489 1295 6.28532 8.85564 0.162497
490 1299 6.2798 8.85564 0.162529
491 1300 6.28234 8.85564 0.162416
492 1302 6.28384 8.85564 0.162397
493 1304 6.28186 8.85564 0.162415
494 1308 6.27608 8.85564 0.162515
495 1308 6.27733 8.85564 0.162565
496 1309 6.27907 8.85564 0.16258
497 1310 6.27873 8.85564 0.162504
498 1315 6.27578 8.85564 0.162576
499 1316 6.27751 8.85564 0.162483
500 1318 6.27833 8.85564 0.162463
501 1321 6.27588 8.85564 0.162495
502 1321 6.27652 8.85564 0.162514
503 1322 6.27562 8.85564 0.16259
504 1324 6.27639 8.85564 0.162604
505 1325 6.27625 8.85564 0.162577
506 1326 6.276 8.85564 0.162576
507 1327 6.27776 8.85564 0.162576
508 1328 6.27726 8.85564 0.162557
509 1330 6.27587 8.85564 0.162416
510 1332 6.27293 8.85564 0.162464
511 1333 6.27128 8.85564 0.162504
512 1333 6.27254 8.85564 0.162456
513 1333 6.27252 8.85564 0.162441
514 1334 6.27378 8.85564 0.162451
515 1336 6.27288 8.85564 0.162436
516 1336 6.27544 8.85564 0.162379
517 1338 6.27542 8.85564 0.162318
518 1340 6.27436 8.85564 0.162335
519 1340 6.2759 8.85564 0.162243
520 1342 6.2734 8.85564 0.162257
521 1342 6.27339 8.85564 0.162247
522 1342 6.27386 8.85564 0.16231
523 1342 6.27476 8.85564 0.162334
524 1343 6.27625 8.85564 0.162262
525 1344 6.27471 8.85564 0.162285
526 1344 6.27731 8.85564 0.162304
527 1346 6.27525 8.85564 0.162333
528 1346 6.27958 8.85564 0.162476
529 1348 6.27885 8.85564 0.1625
530 1349 6.27758 8.85564 0.162398
531 1349 6.27758 8.85564 0.162398
532 1350 6.27616 8.85564 0.162382
533 1352 6.27521 8.85564 0.162366
534 1354 6.27537 8.85564 0.162292
535 1355 6.27374 8.85564 0.162297
536 1358 6.27375 8.85564 0.16227
537 1359 6.27403 8.85564 0.162289
538 1360 6.27351 8.85564 0.162306
539 1361 6.27333 8.85564 0.162327
540 1362 6.27371 8.85564 0.162352
541 1363 6.27257 8.85564 0.16241
542 1363 6.27312 8.85564 0.162405
543 1364 6.27514 8.85564 0.162373
544 1364 6.2757 8.85564 0.162474
545 1364 6.27678 8.85564 0.162457
546 1364 6.27705 8.85564 0.162392
547 1364 6.27821 8.85564 0.162401
548 1364 6.2796 8.85564 0.162405
549 1364 6.2796 8.85564 0.162405
550 1364 6.28182 8.85564 0.162442
551 1364 6.28221 8.85564 0.162426
552 1364 6.28287 8.85564 0.162458
553 1365 6.28387 8.85564 0.162513
554 1365 6.28577 8.85564 0.162473
555 1366 6.28773 8.85564 0.162525
556 1366 6.28936 8.85564 0.16261
557 1366 6.28938 8.85564 0.162603
558 1366 6.29066 8.85564 0.162608
559 1367 6.28972 8.85564 0.162613
560 1368 6.29051 8.85564 0.162657
561 1368 6.29155 8.85564 0.162641
562 1369 6.2915 8.85564 0.162584
563 1369 6.29184 8.85564 0.162567
564 1369 6.29211 8.85564 0.162618
565 1369 6.29231 8.85564 0.162646
566 1370 6.29284 8.85564 0.162561
567 1372 6.29082 8.85564 0.162586
568 1373 6.29053 8.85564 0.162674
569 1375 6.29196 8.85564 0.16275
570 1375 6.29234 8.85564 0.162697
571 1375 6.29525 8.85564 0.162664
572 1376 6.29644 8.85564 0.162747
573 1377 6.29531 8.85564 0.162726
574 1378 6.29463 8.85564 0.162723
575 1379 6.29434 8.85564 0.162637
576 1381 6.29296 8.85564 0.162597
577 1382 6.29486 8.85564 0.162639
578 1383 6.29307 8.85564 0.162543
579 1383 6.29408 8.85564 0.162625
580 1386 6.29303 8.85564 0.162688
581 1388 6.29059 8.85564 0.162699
582 1388 6.29056 8.85564 0.162692
583 1389 6.28976 8.85564 0.162766
584 1391 6.28697 8.85564 0.162792
585 1391 6.28838 8.85564 0.162777
586 1391 6.28913 8.85564 0.16267
587 1392 6.29032 8.85564 0.16265
588 1393 6.2901 8.85564 0.162664
589 1396 6.28845 8.85564 0.162743
590 1398 6.28665 8.85564 0.16277
591 1402 6.28566 8.85564 0.162631
592 1403 6.28506 8.85564 0.162514
593 1404 6.28318 8.85564 0.16251
594 1404 6.28467 8.85564 0.162491
595 1404 6.28592 8.85564 0.162488
596 1405 6.28644 8.85564 0.162493
597 1406 6.28555 8.85564 0.162494
598 1408 6.28523 8.85564 0.162424
599 1410 6.28345 8.85564 0.162426
600 1411 6.28131 8.85564 0.162473
601 1414 6.28071 8.85564 0.162455
602 1417 6.27956 8.85564 0.162452
603 1417 6.28001 8.85564 0.162453
604 1418 6.28019 8.85564 0.162428
605 1418 6.28185 8.85564 0.162452
606 1418 6.28185 8.85564 0.162452
607 1420 6.27955 8.85564 0.162411
608 1422 6.28017 8.85564 0.162417
609 1422 6.28077 8.85564 0.162474
610 1423 6.27997 8.85564 0.162464
611 1424 6.28006 8.85564 0.162423
612 1425 6.27984 8.85564 0.162434
613 1428 6.27873 8.85564 0.162492
614 1428 6.27937 8.85564 0.162495
615 1431 6.27626 8.85564 0.162502
616 1434 6.27762 8.85564 0.162478
617 1435 6.27622 8.85564 0.162458
618 1436 6.27539 8.85564 0.162375
619 1437 6.27459 8.85564 0.162372
620 1437 6.27489 8.85564 0.162344
621 1437 6.27504 8.85564 0.162342
622 1437 6.27525 8.85564 0.162305
623 1438 6.27596 8.85564 0.16229
624 1441 6.27745 8.85564 0.162339
625 1441 6.27778 8.85564 0.162304
626 1442 6.27682 8.85564 0.162352
627 1442 6.27748 8.85564 0.162383
628 1442 6.27749 8.85564 0.162359
629 1443 6.27775 8.85564 0.162338
630 1444 6.27712 8.85564 0.162298
631 1444 6.2783 8.85564 0.162282
632 1447 6.27563 8.85564 0.162252
633 1448 6.27372 8.85564 0.16232
634 1449 6.27203 8.85564 0.162356
635 1449 6.27343 8.85564 0.162371
636 1450 6.27187 8.85564 0.16236
637 1451 6.27217 8.85564 0.162359
638 1451 6.27315 8.85564 0.162299
639 1452 6.27177 8.85564 0.162203
640 1452 6.27289 8.85564 0.162129
641 1452 6.27387 8.85564 0.162061
642 1454 6.27197 8.85564 0.162123
643 1454 6.2725 8.85564 0.162102
644 1454 6.2733 8.85564 0.162162
645 1456 6.27441 8.85564 0.162181
646 1456 6.27538 8.85564 0.162188
647 1456 6.27567 8.85564 0.16226
648 1456 6.27668 8.85564 0.162242
649 1457 6.27679 8.85564 0.162245
650 1458 6.27853 8.85564 0.162193
651 1461 6.27528 8.85564 0.162202
652 1462 6.27477 8.85564 0.162238
653 1462 6.27711 8.85564 0.162175
654 1462 6.2795 8.85564 0.16216
655 1462 6.28028 8.85564 0.162153
656 1464 6.27869 8.85564 0.162097
657 1465 6.27722 8.85564 0.162154
658 1467 6.27615 8.85564 0.162203
659 1467 6.2765 8.85564 0.162213
660 1468 6.27608 8.85564 0.16214
661 1470 6.27495 8.85564 0.162128
662 1470 6.27537 8.85564 0.16211
663 1472 6.27435 8.85564 0.162151
664 1474 6.27234 8.85564 0.162161
665 1475 6.27145 8.85564 0.162225
666 1476 6.27038 8.85564 0.162212
667 1477 6.27266 8.85564 0.162215
668 1477 6.27479 8.85564 0.162138
669 1478 6.27316 8.85564 0.162127
670 1478 6.27482 8.85564 0.162134
671 1479 6.27329 8.85564 0.162097
672 1479 6.27392 8.85564 0.162111
673 1480 6.27497 8.85564 0.162157
674 1480 6.27503 8.85564 0.162168
675 1480 6.27551 8.85564 0.162174
676 1481 6.27591 8.85564 0.162079
677 1481 6.27625 8.85564 0.162035
678 1483 6.2752 8.85564 0.161991
679 1484 6.27515 8.85564 0.162022
680 1484 6.2762 8.85564 0.162045
681 1485 6.27615 8.85564 0.162077
682 1486 6.2749 8.85564 0.162135
683 1487 6.27368 8.85564 0.162165
684 1492 6.27053 8.85564 0.16218
685 1492 6.27137 8.85564 0.162152
686 1492 6.27173 8.85564 0.162141
687 1492 6.27239 8.85564 0.162157
688 1493 6.27203 8.85564 0.162148
689 1493 6.27341 8.85564 0.162226
690 1495 6.2741 8.85564 0.162256
691 1496 6.27224 8.85564 0.162309
692 1496 6.27224 8.85564 0.162309
693 1497 6.27247 8.85564 0.162359
694 1497 6.27263 8.85564 0.162327
695 1497 6.27323 8.85564 0.162337
696 1498 6.27232 8.85564 0.162314
697 1498 6.2743 8.85564 0.16236
698 1499 6.27387 8.85564 0.16243
699 1500 6.27624 8.85564 0.162471
700 1501 6.2764 8.85564 0.162461
701 1501 6.27695 8.85564 0.16253
702 1502 6.27667 8.85564 0.162531
703 1502 6.27746 8.85564 0.162501
704 1502 6.27766 8.85564 0.162599
705 1504 6.27528 8.85564 0.162618
706 1504 6.27647 8.85564 0.162608
707 1505 6.27712 8.85564 0.162418
708 1508 6.27456 8.85564 0.162482
709 1508 6.27509 8.85564 0.162409
710 1509 6.27596 8.85564 0.162385
711 1510 6.2753 8.85564 0.162385
712 1511 6.27611 8.85564 0.162347
713 1512 6.27479 8.85564 0.162386
714 1513 6.27501 8.85564 0.162521
715 1514 6.27377 8.85564 0.162505
716 1514 6.27433 8.85564 0.162447
717 1514 6.27649 8.85564 0.162413
718 1516 6.27392 8.85564 0.162458
719 1516 6.27547 8.85564 0.162525
720 1518 6.27369 8.85564 0.16248
721 1519 6.27465 8.85564 0.162498
722 1520 6.27423 8.85564 0.162471
723 1522 6.27281 8.85564 0.162536
724 1522 6.27345 8.85564 0.162549
725 1522 6.27371 8.85564 0.162534
726 1523 6.27455 8.85564 0.162525
727 1524 6.27571 8.85564 0.162533
728 1524 6.27626 8.85564 0.162504
729 1525 6.27622 8.85564 0.162365
730 1526 6.27552 8.85564 0.162464
731 1528 6.27621 8.85564 0.162537
732 1529 6.27732 8.85564 0.162556
733 1531 6.27884 8.85564 0.162517
734 1533 6.27763 8.85564 0.162577
735 1534 6.27914 8.85564 0.1626
736 1535 6.27925 8.85564 0.162564
737 1537 6.27737 8.85564 0.162608
738 1538 6.27604 8.85564 0.162582
739 1538 6.27636 8.85564 0.162618
740 1539 6.27664 8.85564 0.162592
741 1541 6.27461 8.85564 0.162611
742 1541 6.27469 8.85564 0.162622
743 1541 6.27514 8.85564 0.162598
744 1542 6.27437 8.85564 0.162608
745 1542 6.27611 8.85564 0.162648
746 1542 6.27644 8.85564 0.162581
747 1542 6.27691 8.85564 0.16259
748 1542 6.27736 8.85564 0.162548
749 1542 6.27752 8.85564 0.162543
750 1543 6.27704 8.85564 0.162502
751 1543 6.27745 8.85564 0.16252
752 1545 6.27865 8.85564 0.162522
753 1546 6.27766 8.85564 0.162506
754 1546 6.27775 8.85564 0.162519
755 1549 6.277 8.85564 0.162511
756 1549 6.27803 8.85564 0.162526
757 1550 6.27752 8.85564 0.16255
758 1550 6.27834 8.85564 0.162507
759 1550 6.27863 8.85564 0.162501
760 1550 6.28175 8.85564 0.16255
761 1552 6.27961 8.85564 0.162567
762 1552 6.28027 8.85564 0.162605
763 1553 6.27932 8.85564 0.162625
764 1553 6.27976 8.85564 0.162545
765 1554 6.28107 8.85564 0.162509
766 1556 6.28219 8.85564 0.162449
767 1557 6.28181 8.85564 0.162432
768 1557 6.28281 8.85564 0.162474
769 1557 6.28443 8.85564 0.162466
770 1558 6.28521 8.85564 0.162476
771 1559 6.28485 8.85564 0.162456
772 1559 6.28516 8.85564 0.162457
773 1560 6.28444 8.85564 0.162489
774 1562 6.28725 8.85564 0.162508
775 1562 6.28794 8.85564 0.162519
776 1563 6.28698 8.85564 0.162497
777 1565 6.28646 8.85564 0.162523
778 1567 6.28654 8.85564 0.162489
779 1568 6.28599 8.85564 0.162537
780 1571 6.28557 8.85564 0.162632
781 1572 6.28359 8.85564 0.162654
782 1573 6.28356 8.85564 0.162667
783 1573 6.28395 8.85564 0.162666
784 1575 6.28328 8.85564 0.162706
785 1576 6.2838 8.85564 0.162741
786 1578 6.28343 8.85564 0.16277
787 1578 6.28379 8.85564 0.162722
788 1578 6.28679 8.85564 0.162705
789 1579 6.28871 8.85564 0.162689
790 1579 6.28944 8.85564 0.162697
791 1580 6.28942 8.85564 0.162715
792 1582 6.28723 8.85564 0.162712
793 1583 6.28631 8.85564 0.162683
794 1585 6.28395 8.85564 0.162758
795 1587 6.2825 8.85564 0.162771
796 1587 6.28353 8.85564 0.162739
797 1588 6.28157 8.85564 0.162707
798 1590 6.27954 8.85564 0.162685
799 1591 6.27923 8.85564 0.162731
800 1591 6.2809 8.85564 0.16274
801 1593 6.27764 8.85564 0.162692
802 1593 6.27892 8.85564 0.16268
803 1594 6.27691 8.85564 0.162653
804 1596 6.2747 8.85564 0.162693
805 1597 6.2747 8.85564 0.16267
806 1597 6.2747 8.85564 0.16267
807 1597 6.27583 8.85564 0.162621
808 1598 6.27572 8.85564 0.16262
809 1599 6.27423 8.85564 0.162634
810 1602 6.27268 8.85564 0.16263
811 1603 6.27256 8.85564 0.16265
812 1604 6.27335 8.85564 0.162634
813 1604 6.27348 8.85564 0.162655
814 1604 6.27445 8.85564 0.162668
815 1605 6.27432 8.85564 0.162618
816 1606 6.27503 8.85564 0.162683
817 1608 6.27507 8.85564 0.162704
818 1608 6.2762 8.85564 0.162668
819 1608 6.27704 8.85564 0.162609
820 1610 6.27473 8.85564 0.162679
821 1611 6.27326 8.85564 0.162668
822 1614 6.27024 8.85564 0.162654
823 1615 6.268 8.85564 0.162627
824 1616 6.2679 8.85564 0.162619
825 1617 6.26764 8.85564 0.162612
826 1618 6.2673 8.85564 0.162625
827 1620 6.26518 8.85564 0.162658
828 1620 6.26547 8.85564 0.162698
829 1620 6.26547 8.85564 0.162698
830 1621 6.26498 8.85564 0.162726
831 1621 6.2651 8.85564 0.162699
832 1622 6.2643 8.85564 0.162671
833 1622 6.26539 8.85564 0.162672
834 1622 6.26622 8.85564 0.162689
835 1622 6.26622 8.85564 0.162685
836 1624 6.26422 8.85564 0.162702
837 1626 6.26453 8.85564 0.162691
838 1628 6.26263 8.85564 0.162635
839 1629 6.26125 8.85564 0.162674
840 1630 6.26089 8.85564 0.162708
841 1630 6.26283 8.85564 0.162753
842 1631 6.26188 8.85564 0.162717
843 1631 6.26232 8.85564 0.162731
844 1632 6.26137 8.85564 0.162761
845 1634 6.25995 8.85564 0.162747
846 1634 6.26174 8.85564 0.162745
847 1635 6.26085 8.85564 0.162817
848 1638 6.25782 8.85564 0.162902
849 1639 6.25851 8.85564 0.162922
850 1639 6.25945 8.85564 0.16285
851 1639 6.25985 8.85564 0.162866
852 1640 6.25884 8.85564 0.162842
853 1642 6.25833 8.85564 0.162826
854 1644 6.25631 8.85564 0.162787
855 1644 6.25707 8.85564 0.16278
856 1645 6.25704 8.85564 0.162755
857 1645 6.25919 8.85564 0.162747
858 1645 6.25959 8.85564 0.162702
859 1645 6.25998 8.85564 0.162718
860 1645 6.25998 8.85564 0.162718
861 1647 6.25714 8.85564 0.162726
862 1647 6.25731 8.85564 0.162694
863 1647 6.25758 8.85564 0.162703
864 1647 6.2578 8.85564 0.162701
865 1647 6.25915 8.85564 0.162691
866 1647 6.25995 8.85564 0.162672
867 1648 6.26001 8.85564 0.162628
868 1649 6.25963 8.85564 0.162663
869 1650 6.26161 8.85564 0.162605
870 1651 6.26011 8.85564 0.162663
871 1652 6.26061 8.85564 0.162666
872 1653 6.26421 8.85564 0.16265
873 1655 6.26315 8.85564 0.162682
874 1655 6.26372 8.85564 0.162661
875 1655 6.26372 8.85564 0.162661
876 1655 6.26575 8.85564 0.162596
877 1655 6.26586 8.85564 0.162603
878 1656 6.2651 8.85564 0.162661
879 1656 6.26666 8.85564 0.162686
880 1656 6.26692 8.85564 0.162647
881 1656 6.26713 8.85564 0.16264
882 1657 6.26701 8.85564 0.16264
883 1660 6.26833 8.85564 0.162619
884 1661 6.26859 8.85564 0.16262
885 1663 6.26684 8.85564 0.162578
886 1666 6.26432 8.85564 0.162622
887 1667 6.26322 8.85564 0.162641
888 1668 6.26321 8.85564 0.1627
889 1669 6.26254 8.85564 0.162652
890 1670 6.26279 8.85564 0.162687
891 1672 6.26356 8.85564 0.16264
892 1674 6.26258 8.85564 0.162706
893 1674 6.26312 8.85564 0.162723
894 1675 6.26249 8.85564 0.162679
895 1675 6.2627 8.85564 0.162678
896 1676 6.26124 8.85564 0.162697
897 1677 6.26184 8.85564 0.162565
898 1677 6.26254 8.85564 0.162524
899 1677 6.26425 8.85564 0.162519
900 1677 6.26488 8.85564 0.162446
901 1677 6.26599 8.85564 0.162449
902 1677 6.26615 8.85564 0.162527
903 1677 6.2662 8.85564 0.162493
904 1678 6.26829 8.85564 0.162467
905 1678 6.26847 8.85564 0.162436
906 1680 6.26517 8.85564 0.162439
907 1681 6.26498 8.85564 0.162481
908 1682 6.26613 8.85564 0.162448
909 1682 6.2669 8.85564 0.162372
910 1682 6.26814 8.85564 0.162333
911 1682 6.26826 8.85564 0.16239
912 1682 6.26847 8.85564 0.162397
913 1685 6.26705 8.85564 0.162333
914 1687 6.26461 8.85564 0.16233
915 1687 6.26582 8.85564 0.162296
916 1687 6.26584 8.85564 0.162271
917 1688 6.26522 8.85564 0.162289
918 1689 6.26707 8.85564 0.162288
919 1689 6.26711 8.85564 0.162296
920 1689 6.26986 8.85564 0.162272
921 1689 6.26986 8.85564 0.162272
922 1690 6.26976 8.85564 0.162354
923 1690 6.27108 8.85564 0.162352
924 1691 6.26879 8.85564 0.162352
925 1691 6.26879 8.85564 0.162352
926 1692 6.26994 8.85564 0.162347
927 1695 6.26768 8.85564 0.162364
928 1697 6.26862 8.85564 0.162414
929 1697 6.26923 8.85564 0.162409
930 1697 6.2707 8.85564 0.162383
931 1697 6.27079 8.85564 0.162379
932 1699 6.27043 8.85564 0.162421
933 1700 6.27156 8.85564 0.162388
934 1701 6.27191 8.85564 0.162379
935 1702 6.27112 8.85564 0.162424
936 1704 6.26872 8.85564 0.162443
937 1704 6.27043 8.85564 0.16245
938 1705 6.27215 8.85564 0.1624
939 1707 6.27178 8.85564 0.162411
940 1709 6.26999 8.85564 0.162437
941 1709 6.27059 8.85564 0.162477
942 1709 6.27116 8.85564 0.162456
943 1711 6.27095 8.85564 0.162455
944 1713 6.26878 8.85564 0.162494
945 1713 6.26961 8.85564 0.162496
946 1715 6.26901 8.85564 0.162498
947 1718 6.26802 8.85564 0.162488
948 1719 6.26725 8.85564 0.162487
949 1719 6.26785 8.85564 0.162484
950 1721 6.26537 8.85564 0.162503
951 1721 6.26548 8.85564 0.162523
952 1721 6.26548 8.85564 0.162523
953 1722 6.26591 8.85564 0.162537
954 1722 6.26667 8.85564 0.162473
955 1722 6.26667 8.85564 0.162473
956 1723 6.26586 8.85564 0.162476
957 1723 6.26709 8.85564 0.162472
958 1724 6.26648 8.85564 0.162463
959 1724 6.26813 8.85564 0.162441
960 1725 6.2669 8.85564 0.162442
961 1726 6.26649 8.85564 0.162388
962 1729 6.26454 8.85564 0.162419
963 1729 6.26535 8.85564 0.162427
964 1732 6.26461 8.85564 0.162417
965 1733 6.26299 8.85564 0.162376
966 1733 6.26363 8.85564 0.162369
967 1736 6.26213 8.85564 0.162303
968 1737 6.26132 8.85564 0.16226
969 1738 6.2607 8.85564 0.162287
970 1738 6.26222 8.85564 0.162297
971 1738 6.26242 8.85564 0.162315
972 1738 6.26288 8.85564 0.162276
973 1739 6.26202 8.85564 0.162244
974 1739 6.26202 8.85564 0.162244
975 1739 6.26288 8.85564 0.162273
976 1742 6.25981 8.85564 0.162296
977 1743 6.25838 8.85564 0.162255
978 1745 6.2576 8.85564 0.162236
979 1746 6.25626 8.85564 0.162215
980 1746 6.25634 8.85564 0.162232
981 1746 6.25632 8.85564 0.162227
982 1747 6.25677 8.85564 0.162098
983 1748 6.25533 8.85564 0.16204
984 1749 6.25498 8.85564 0.162085
985 1749 6.25536 8.85564 0.162078
986 1750 6.2559 8.85564 0.162054
987 1750 6.25611 8.85564 0.162054
988 1750 6.25674 8.85564 0.162013
989 1752 6.25535 8.85564 0.161986
990 1753 6.25574 8.85564 0.161973
991 1754 6.25676 8.85564 0.161969
992 1754 6.25676 8.85564 0.161969
993 1754 6.25696 8.85564 0.161998
994 1754 6.25696 8.85564 0.161998
995 1754 6.25696 8.85564 0.161998
996 1755 6.25698 8.85564 0.161947
997 1755 6.25766 8.85564 0.161879
998 1755 6.25795 8.85564 0.161852
999 1755 6.25803 8.85564 0.161822
1000 1755 6.25881 8.85564 0.161841
1001 1755 6.25921 8.85564 0.161863
1002 1757 6.25848 8.85564 0.161887
1003 1758 6.25751 8.85564 0.161885
1004 1760 6.25544 8.85564 0.161895
1005 1761 6.25446 8.85564 0.161923
1006 1761 6.25463 8.85564 0.161926
1007 1761 6.25535 8.85564 0.161893
1008 1762 6.25428 8.85564 0.16192
1009 1764 6.25284 8.85564 0.161887
1010 1764 6.25312 8.85564 0.161853
1011 1764 6.25312 8.85564 0.161853
1012 1764 6.25312 8.85564 0.161853
1013 1764 6.25449 8.85564 0.161902
1014 1765 6.2553 8.85564 0.16189
1015 1765 6.25547 8.85564 0.161895
1016 1765 6.25553 8.85564 0.161866
1017 1767 6.25216 8.85564 0.161879
1018 1767 6.25226 8.85564 0.16189
1019 1767 6.25297 8.85564 0.16186
1020 1768 6.2541 8.85564 0.1619
1021 1768 6.25474 8.85564 0.161823
1022 1768 6.2549 8.85564 0.161844
1023 1768 6.2549 8.85564 0.161844
1024 1768 6.25501 8.85564 0.161876
1025 1768 6.25512 8.85564 0.161868
1026 1769 6.2541 8.85564 0.161837
1027 1770 6.25356 8.85564 0.16186
1028 1771 6.25441 8.85564 0.161856
1029 1771 6.25488 8.85564 0.161855
1030 1771 6.25553 8.85564 0.161875
1031 1772 6.25429 8.85564 0.161838
1032 1772 6.25429 8.85564 0.161838
1033 1772 6.25429 8.85564 0.161814
1034 1774 6.25248 8.85564 0.16185
1035 1775 6.25282 8.85564 0.161865
1036 1775 6.25321 8.85564 0.162016
1037 1776 6.25294 8.85564 0.162079
1038 1777 6.25288 8.85564 0.162064
1039 1777 6.25304 8.85564 0.162042
1040 1777 6.25367 8.85564 0.162073
1041 1777 6.2554 8.85564 0.162088
1042 1777 6.25544 8.85564 0.162083
1043 1778 6.25569 8.85564 0.161992
1044 1780 6.253 8.85564 0.162061
1045 1781 6.25223 8.85564 0.162075
1046 1781 6.25361 8.85564 0.162097
1047 1781 6.25665 8.85564 0.161992
1048 1782 6.25673 8.85564 0.162003
1049 1784 6.25482 8.85564 0.162059
1050 1785 6.25565 8.85564 0.162074
1051 1785 6.25579 8.85564 0.162126
1052 1785 6.25607 8.85564 0.162139
1053 1785 6.25624 8.85564 0.162185
1054 1785 6.25649 8.85564 0.162195
1055 1785 6.25669 8.85564 0.162166
1056 1785 6.25691 8.85564 0.162122
1057 1785 6.25711 8.85564 0.162134
1058 1785 6.25729 8.85564 0.162151
1059 1785 6.25753 8.85564 0.162205
1060 1785 6.2576 8.85564 0.16222
1061 1785 6.25946 8.85564 0.162156
1062 1786 6.25879 8.85564 0.1622
1063 1787 6.2592 8.85564 0.162226
1064 1789 6.25604 8.85564 0.162262
1065 1789 6.25627 8.85564 0.162242
1066 1789 6.25646 8.85564 0.162237
1067 1789 6.25712 8.85564 0.16229
1068 1792 6.25421 8.85564 0.162301
1069 1792 6.25478 8.85564 0.162236
1070 1792 6.25512 8.85564 0.162239
1071 1792 6.25591 8.85564 0.162248
1072 1792 6.2563 8.85564 0.162234
1073 1792 6.25643 8.85564 0.1622
1074 1793 6.25761 8.85564 0.162212
1075 1793 6.25935 8.85564 0.162291
1076 1793 6.25971 8.85564 0.162319
1077 1794 6.2584 8.85564 0.162287
1078 1795 6.25782 8.85564 0.162282
1079 1795 6.25822 8.85564 0.162285
1080 1798 6.25381 8.85564 0.16216
1081 1800 6.25266 8.85564 0.162137
1082 1800 6.25305 8.85564 0.162185
1083 1802 6.2506 8.85564 0.162131
1084 1804 6.24992 8.85564 0.162129
1085 1806 6.2486 8.85564 0.162106
1086 1806 6.2489 8.85564 0.162082
1087 1807 6.24828 8.85564 0.162089
1088 1807 6.2487 8.85564 0.162143
1089 1807 6.24966 8.85564 0.162192
1090 1807 6.2507 8.85564 0.162262
1091 1809 6.24857 8.85564 0.162261
1092 1810 6.24836 8.85564 0.162298
1093 1810 6.24876 8.85564 0.162272
1094 1811 6.24759 8.85564 0.162288
1095 1811 6.24768 8.85564 0.162263
1096 1811 6.24778 8.85564 0.162271
1097 1811 6.24783 8.85564 0.162275
1098 1811 6.24827 8.85564 0.162311
1099 1811 6.24827 8.85564 0.162311
1100 1811 6.24833 8.85564 0.16229
1101 1813 6.24725 8.85564 0.162304
1102 1815 6.24807 8.85564 0.162337
1103 1815 6.24833 8.85564 0.162357
1104 1818 6.24593 8.85564 0.162366
1105 1818 6.24593 8.85564 0.162366
1106 1818 6.24593 8.85564 0.162366
1107 1819 6.24402 8.85564 0.162371
1108 1820 6.24472 8.85564 0.162327
1109 1822 6.24459 8.85564 0.162302
1110 1823 6.24522 8.85564 0.162327
1111 1824 6.24411 8.85564 0.16236
1112 1824 6.24451 8.85564 0.162342
1113 1825 6.24252 8.85564 0.162314
1114 1825 6.24285 8.85564 0.162321
1115 1826 6.24323 8.85564 0.162339
1116 1827 6.24253 8.85564 0.162334
1117 1827 6.24253 8.85564 0.162334
1118 1827 6.24272 8.85564 0.162331
1119 1827 6.24459 8.85564 0.162313
1120 1829 6.24337 8.85564 0.162392
1121 1829 6.24337 8.85564 0.162392
1122 1829 6.24378 8.85564 0.162411
1123 1829 6.24414 8.85564 0.162378
1124 1830 6.2455 8.85564 0.16237
1125 1831 6.24422 8.85564 0.162356
1126 1831 6.24476 8.85564 0.162355
1127 1833 6.24783 8.85564 0.162204
1128 1834 6.24807 8.85564 0.162205
1129 1834 6.24833 8.85564 0.162226
1130 1835 6.24799 8.85564 0.162173
1131 1835 6.24923 8.85564 0.162118
1132 1837 6.24657 8.85564 0.162135
1133 1838 6.24587 8.85564 0.162099
1134 1839 6.24454 8.85564 0.162087
1135 1841 6.24551 8.85564 0.162069
1136 1841 6.24584 8.85564 0.162065
1137 1843 6.24288 8.85564 0.162057
1138 1844 6.24384 8.85564 0.162028
1139 1845 6.24327 8.85564 0.162026
1140 1845 6.24389 8.85564 0.162019
1141 1845 6.24388 8.85564 0.161966
1142 1846 6.24396 8.85564 0.162119
1143 1846 6.24466 8.85564 0.162111
1144 1847 6.24351 8.85564 0.162153
1145 1848 6.2441 8.85564 0.162132
1146 1850 6.24375 8.85564 0.162093
1147 1850 6.24383 8.85564 0.16213
1148 1851 6.24308 8.85564 0.162125
1149 1852 6.24387 8.85564 0.162079
1150 1854 6.24355 8.85564 0.162019
1151 1855 6.24198 8.85564 0.16201
1152 1857 6.24088 8.85564 0.161976
1153 1857 6.2417 8.85564 0.162012
1154 1858 6.24172 8.85564 0.162023
1155 1858 6.24207 8.85564 0.162013
1156 1858 6.24293 8.85564 0.162063
1157 1859 6.24319 8.85564 0.162086
1158 1860 6.24155 8.85564 0.162121
1159 1861 6.24017 8.85564 0.162165
1160 1862 6.24054 8.85564 0.162057
1161 1862 6.24058 8.85564 0.162019
1162 1863 6.23929 8.85564 0.162018
1163 1864 6.23813 8.85564 0.162049
1164 1865 6.23736 8.85564 0.162029
1165 1865 6.23806 8.85564 0.162009
1166 1865 6.2381 8.85564 0.161955
1167 1865 6.23854 8.85564 0.161945
1168 1867 6.23943 8.85564 0.161995
1169 1868 6.23847 8.85564 0.161964
1170 1868 6.23865 8.85564 0.161968
1171 1869 6.23918 8.85564 0.161951
1172 1870 6.23927 8.85564 0.161974
1173 1870 6.23977 8.85564 0.162006
1174 1870 6.24004 8.85564 0.161972
1175 1871 6.23891 8.85564 0.16198
1176 1871 6.24049 8.85564 0.162116
1177 1872 6.2401 8.85564 0.162143
1178 1872 6.24141 8.85564 0.162198
1179 1873 6.24079 8.85564 0.162145
1180 1875 6.24037 8.85564 0.162129
1181 1875 6.24049 8.85564 0.16211
1182 1876 6.2401 8.85564 0.162131
1183 1877 6.24075 8.85564 0.162083
1184 1877 6.24082 8.85564 0.162066
1185 1877 6.24082 8.85564 0.162065
1186 1878 6.24115 8.85564 0.162047
1187 1878 6.2417 8.85564 0.162036
1188 1879 6.24103 8.85564 0.162059
1189 1879 6.24108 8.85564 0.162049
1190 1880 6.24032 8.85564 0.162058
1191 1880 6.24032 8.85564 0.162058
1192 1880 6.24038 8.85564 0.162054
1193 1880 6.24038 8.85564 0.162054
1194 1881 6.24069 8.85564 0.162073
1195 1881 6.24106 8.85564 0.162064
1196 1883 6.23918 8.85564 0.162093
1197 1884 6.23896 8.85564 0.162029
1198 1884 6.23923 8.85564 0.16205
1199 1884 6.23963 8.85564 0.161997
1200 1884 6.24021 8.85564 0.162011
1201 1884 6.24051 8.85564 0.161984
1202 1884 6.24085 8.85564 0.161999
1203 1885 6.24015 8.85564 0.161999
1204 1885 6.24064 8.85564 0.161996
1205 1885 6.24239 8.85564 0.162042
1206 1885 6.24293 8.85564 0.162037
1207 1885 6.24299 8.85564 0.162037
1208 1885 6.24313 8.85564 0.162067
1209 1885 6.2434 8.85564 0.162046
1210 1885 6.24397 8.85564 0.162059
1211 1887 6.24349 8.85564 0.16212
1212 1887 6.2439 8.85564 0.162157
1213 1887 6.24479 8.85564 0.162097
1214 1887 6.24609 8.85564 0.162083
1215 1888 6.24742 8.85564 0.162055
1216 1888 6.2477 8.85564 0.162021
1217 1888 6.2478 8.85564 0.162011
1218 1888 6.248 8.85564 0.161993
1219 1888 6.2483 8.85564 0.162045
1220 1889 6.24984 8.85564 0.161968
1221 1889 6.2511 8.85564 0.161961
1222 1891 6.24844 8.85564 0.162014
1223 1891 6.24868 8.85564 0.161977
1224 1891 6.24895 8.85564 0.162004
1225 1891 6.24906 8.85564 0.162007
1226 1891 6.24933 8.85564 0.162038
1227 1892 6.2481 8.85564 0.161998
1228 1892 6.24946 8.85564 0.161985
1229 1894 6.24704 8.85564 0.161957
1230 1894 6.24704 8.85564 0.161957
1231 1895 6.24639 8.85564 0.161913
1232 1896 6.24763 8.85564 0.161915
1233 1897 6.24724 8.85564 0.161847
1234 1899 6.24742 8.85564 0.161855
1235 1899 6.24807 8.85564 0.16176
1236 1900 6.24686 8.85564 0.16176
1237 1900 6.24727 8.85564 0.16175
1238 1901 6.25014 8.85564 0.161806
1239 1901 6.25029 8.85564 0.161805
1240 1901 6.25043 8.85564 0.16179
1241 1902 6.24961 8.85564 0.161772
1242 1903 6.24851 8.85564 0.161825
1243 1903 6.25003 8.85564 0.161852
1244 1904 6.24995 8.85564 0.161839
1245 1904 6.25 8.85564 0.161834
1246 1904 6.25171 8.85564 0.161848
1247 1904 6.25171 8.85564 0.161848
1248 1904 6.25223 8.85564 0.161769
1249 1904 6.2523 8.85564 0.161742
1250 1904 6.25318 8.85564 0.16176
1251 1904 6.2533 8.85564 0.16175
1252 1904 6.25436 8.85564 0.161743
1253 1904 6.25434 8.85564 0.161734
1254 1904 6.25512 8.85564 0.161776
1255 1905 6.25575 8.85564 0.161826
1256 1905 6.25641 8.85564 0.161789
1257 1906 6.25646 8.85564 0.161773
1258 1908 6.25426 8.85564 0.161767
1259 1908 6.25449 8.85564 0.161794
1260 1908 6.25516 8.85564 0.161809
1261 1908 6.25516 8.85564 0.161809
1262 1909 6.25363 8.85564 0.161827
1263 1909 6.25442 8.85564 0.161913
1264 1909 6.25571 8.85564 0.161913
1265 1909 6.25575 8.85564 0.161914
1266 1909 6.25588 8.85564 0.161976
1267 1910 6.25551 8.85564 0.162018
1268 1910 6.25612 8.85564 0.162058
1269 1910 6.25611 8.85564 0.162038
1270 1911 6.25519 8.85564 0.161993
1271 1911 6.25519 8.85564 0.161993
1272 1912 6.25501 8.85564 0.161948
1273 1914 6.2537 8.85564 0.161904
1274 1915 6.25289 8.85564 0.161898
1275 1915 6.25321 8.85564 0.16192
1276 1915 6.25365 8.85564 0.161867
1277 1916 6.25458 8.85564 0.161841
1278 1917 6.25331 8.85564 0.161828
1279 1917 6.25382 8.85564 0.161808
1280 1917 6.25498 8.85564 0.161748
1281 1917 6.25518 8.85564 0.161675
1282 1918 6.25554 8.85564 0.161693
1283 1920 6.25488 8.85564 0.161635
1284 1920 6.25516 8.85564 0.16162
1285 1920 6.25568 8.85564 0.161644
1286 1920 6.25568 8.85564 0.161644
1287 1920 6.25633 8.85564 0.161481
1288 1920 6.25637 8.85564 0.161511
1289 1922 6.25446 8.85564 0.161491
1290 1923 6.25331 8.85564 0.161473
1291 1925 6.25227 8.85564 0.161442
1292 1925 6.25283 8.85564 0.161434
1293 1925 6.25309 8.85564 0.161448
1294 1925 6.25347 8.85564 0.161394
1295 1925 6.25522 8.85564 0.161379
1296 1926 6.25389 8.85564 0.161315
1297 1926 6.25393 8.85564 0.161301
1298 1928 6.25347 8.85564 0.161294
1299 1928 6.25374 8.85564 0.161214
1300 1928 6.25461 8.85564 0.161238
1301 1929 6.25359 8.85564 0.161272
1302 1930 6.25418 8.85564 0.161296
1303 1930 6.25503 8.85564 0.161327
1304 1931 6.25423 8.85564 0.161216
1305 1931 6.25461 8.85564 0.161189
1306 1931 6.25475 8.85564 0.161206
1307 1932 6.25447 8.85564 0.161235
1308 1932 6.2546 8.85564 0.161254
1309 1933 6.2542 8.85564 0.161236
1310 1935 6.25265 8.85564 0.161269
1311 1935 6.2529 8.85564 0.161287
1312 1935 6.25317 8.85564 0.161309
1313 1935 6.25366 8.85564 0.161264
1314 1935 6.25366 8.85564 0.161263
1315 1936 6.25205 8.85564 0.161272
1316 1936 6.25242 8.85564 0.161274
1317 1936 6.25242 8.85564 0.161274
1318 1936 6.25277 8.85564 0.161271
1319 1936 6.25327 8.85564 0.161292
1320 1936 6.25413 8.85564 0.161296
1321 1936 6.25444 8.85564 0.16126
1322 1936 6.25444 8.85564 0.16126
1323 1936 6.25706 8.85564 0.161302
1324 1936 6.25749 8.85564 0.161253
1325 1937 6.25781 8.85564 0.161277
1326 1938 6.25661 8.85564 0.16131
1327 1938 6.25735 8.85564 0.161334
1328 1940 6.25543 8.85564 0.16138
1329 1941 6.25416 8.85564 0.1614
1330 1942 6.25249 8.85564 0.161398
1331 1942 6.2527 8.85564 0.16139
1332 1943 6.25065 8.85564 0.161406
1333 1944 6.24902 8.85564 0.161398
1334 1945 6.24787 8.85564 0.16139
1335 1945 6.248 8.85564 0.161389
1336 1945 6.24943 8.85564 0.161457
1337 1945 6.24971 8.85564 0.161457
1338 1945 6.24975 8.85564 0.161474
1339 1945 6.24991 8.85564 0.161468
1340 1945 6.24996 8.85564 0.161494
1341 1945 6.25044 8.85564 0.161501
1342 1946 6.24922 8.85564 0.161497
1343 1946 6.24939 8.85564 0.1615
1344 1946 6.24974 8.85564 0.161531
1345 1946 6.24974 8.85564 0.161531
1346 1946 6.25008 8.85564 0.16157
1347 1946 6.25008 8.85564 0.16157
1348 1946 6.25072 8.85564 0.161566
1349 1948 6.25174 8.85564 0.161522
1350 1949 6.25091 8.85564 0.161574
1351 1949 6.25091 8.85564 0.161574
1352 1950 6.25046 8.85564 0.1616
1353 1951 6.24923 8.85564 0.161615
1354 1952 6.24937 8.85564 0.16159
1355 1955 6.24613 8.85564 0.16159
1356 1955 6.24691 8.85564 0.161586
1357 1955 6.24758 8.85564 0.161552
1358 1955 6.24767 8.85564 0.161594
1359 1955 6.24929 8.85564 0.161559
1360 1956 6.24879 8.85564 0.161576
1361 1956 6.24916 8.85564 0.161581
1362 1956 6.24979 8.85564 0.161571
1363 1957 6.25072 8.85564 0.161633
1364 1957 6.25091 8.85564 0.161623
1365 1957 6.25094 8.85564 0.161625
1366 1957 6.25094 8.85564 0.161625
1367 1958 6.24963 8.85564 0.161658
1368 1959 6.24834 8.85564 0.161647
1369 1959 6.24835 8.85564 0.161646
1370 1960 6.24671 8.85564 0.161634
1371 1960 6.24712 8.85564 0.16165
1372 1960 6.24723 8.85564 0.161637
1373 1960 6.24723 8.85564 0.161637
1374 1961 6.24782 8.85564 0.161646
1375 1961 6.24791 8.85564 0.161677
1376 1963 6.24614 8.85564 0.161699
1377 1964 6.24552 8.85564 0.161653
1378 1964 6.24587 8.85564 0.161627
1379 1964 6.24652 8.85564 0.161607
1380 1964 6.24658 8.85564 0.16163
1381 1965 6.24732 8.85564 0.161615
1382 1965 6.24816 8.85564 0.161609
1383 1965 6.24828 8.85564 0.161587
1384 1965 6.24924 8.85564 0.161573
1385 1966 6.2491 8.85564 0.161561
1386 1969 6.24509 8.85564 0.16158
1387 1969 6.24549 8.85564 0.161617
1388 1969 6.24587 8.85564 0.161575
1389 1971 6.24322 8.85564 0.161569
1390 1971 6.24336 8.85564 0.161502
1391 1972 6.24227 8.85564 0.161529
1392 1972 6.24431 8.85564 0.161514
1393 1972 6.2444 8.85564 0.161489
1394 1972 6.2444 8.85564 0.161489
1395 1974 6.24497 8.85564 0.16146
1396 1974 6.24507 8.85564 0.161539
1397 1975 6.24347 8.85564 0.161529
1398 1975 6.24351 8.85564 0.161558
1399 1975 6.24378 8.85564 0.161509
1400 1975 6.24422 8.85564 0.161499
1401 1975 6.2444 8.85564 0.16147
1402 1975 6.24491 8.85564 0.161496
1403 1975 6.24503 8.85564 0.161473
1404 1975 6.24502 8.85564 0.161442
1405 1975 6.2451 8.85564 0.161416
1406 1975 6.24542 8.85564 0.16145
1407 1975 6.24556 8.85564 0.161421
1408 1975 6.24585 8.85564 0.161418
1409 1975 6.24608 8.85564 0.161434
1410 1976 6.24561 8.85564 0.161382
1411 1976 6.24561 8.85564 0.161382
1412 1978 6.24371 8.85564 0.161328
1413 1978 6.24371 8.85564 0.161328
1414 1978 6.24398 8.85564 0.161336
1415 1978 6.24401 8.85564 0.161348
1416 1978 6.24469 8.85564 0.161315
1417 1978 6.24482 8.85564 0.161308
1418 1978 6.24703 8.85564 0.16128
1419 1978 6.24738 8.85564 0.161284
1420 1978 6.24856 8.85564 0.161283
1421 1979 6.24785 8.85564 0.161282
1422 1980 6.24684 8.85564 0.161287
1423 1981 6.24734 8.85564 0.161276
1424 1982 6.24848 8.85564 0.161352
1425 1982 6.25 8.85564 0.161331
1426 1982 6.25076 8.85564 0.161329
1427 1982 6.25125 8.85564 0.16126
1428 1983 6.24994 8.85564 0.161269
1429 1983 6.25075 8.85564 0.161282
1430 1983 6.25141 8.85564 0.161285
1431 1985 6.25056 8.85564 0.161293
1432 1986 6.24971 8.85564 0.161304
1433 1986 6.24988 8.85564 0.161319
1434 1987 6.24869 8.85564 0.161364
1435 1989 6.24717 8.85564 0.161357
1436 1989 6.24724 8.85564 0.161361
1437 1989 6.24787 8.85564 0.161378
1438 1989 6.24861 8.85564 0.161381
1439 1989 6.24914 8.85564 0.1614
1440 1989 6.2493 8.85564 0.1614
1441 1989 6.24957 8.85564 0.161399
1442 1990 6.24851 8.85564 0.161392
1443 1991 6.24881 8.85564 0.161356
1444 1991 6.24952 8.85564 0.161373
1445 1991 6.24972 8.85564 0.161367
1446 1992 6.24752 8.85564 0.161352
1447 1992 6.24793 8.85564 0.161375
1448 1993 6.24644 8.85564 0.16142
1449 1993 6.24662 8.85564 0.161396
1450 1997 6.24296 8.85564 0.161386
1451 1997 6.24358 8.85564 0.161366
1452 1997 6.24388 8.85564 0.16136
1453 1999 6.24116 8.85564 0.161352
1454 1999 6.24131 8.85564 0.161403
1455 1999 6.24163 8.85564 0.161391
1456 1999 6.24209 8.85564 0.161388
1457 1999 6.24234 8.85564 0.161353
1458 1999 6.2425 8.85564 0.16134
1459 1999 6.24274 8.85564 0.161305
1460 1999 6.24353 8.85564 0.161315
1461 1999 6.24484 8.85564 0.161313
1462 2000 6.24339 8.85564 0.161333
1463 2001 6.24324 8.85564 0.161286
1464 2001 6.24371 8.85564 0.161308
1465 2001 6.24407 8.85564 0.161295
1466 2001 6.24467 8.85564 0.161267
1467 2002 6.24338 8.85564 0.161226
1468 2002 6.24342 8.85564 0.161273
1469 2003 6.24265 8.85564 0.161275
1470 2003 6.24428 8.85564 0.161276
1471 2003 6.24524 8.85564 0.161292
1472 2004 6.24641 8.85564 0.161352
1473 2005 6.24541 8.85564 0.16134
1474 2005 6.2457 8.85564 0.161332
1475 2007 6.24389 8.85564 0.161359
1476 2008 6.24373 8.85564 0.161388
1477 2009 6.24426 8.85564 0.161356
1478 2010 6.24311 8.85564 0.161311
1479 2010 6.24318 8.85564 0.161313
1480 2011 6.24188 8.85564 0.161318
1481 2012 6.24044 8.85564 0.161344
1482 2013 6.24043 8.85564 0.161339
1483 2014 6.23896 8.85564 0.161323
1484 2014 6.23978 8.85564 0.16131
1485 2014 6.23978 8.85564 0.16131
1486 2014 6.2401 8.85564 0.161318
1487 2015 6.2393 8.85564 0.161334
1488 2016 6.23844 8.85564 0.161354
1489 2018 6.23747 8.85564 0.161376
1490 2018 6.23747 8.85564 0.161363
1491 2018 6.2388 8.85564 0.161417
1492 2019 6.23835 8.85564 0.161366
1493 2019 6.23886 8.85564 0.161342
1494 2020 6.23913 8.85564 0.161336
1495 2020 6.23916 8.85564 0.161327
1496 2021 6.23815 8.85564 0.161309
1497 2022 6.23828 8.85564 0.161221
1498 2022 6.23839 8.85564 0.161201
1499 2022 6.23854 8.85564 0.161209
1500 2022 6.23853 8.85564 0.161194
1501 2022 6.23919 8.85564 0.161202
1502 2024 6.2376 8.85564 0.161219
1503 2025 6.2366 8.85564 0.161206
1504 2025 6.23672 8.85564 0.161218
1505 2025 6.23679 8.85564 0.161234
1506 2026 6.23703 8.85564 0.161255
1507 2026 6.23905 8.85564 0.161287
1508 2026 6.23903 8.85564 0.161283
1509 2028 6.23992 8.85564 0.161303
1510 2029 6.24112 8.85564 0.161312
1511 2030 6.2411 8.85564 0.161295
1512 2030 6.24204 8.85564 0.161267
1513 2030 6.24285 8.85564 0.161238
1514 2031 6.24267 8.85564 0.161265
1515 2031 6.24306 8.85564 0.161257
1516 2033 6.23978 8.85564 0.161268
1517 2033 6.24004 8.85564 0.161286
1518 2035 6.23698 8.85564 0.161344
1519 2036 6.23726 8.85564 0.161389
1520 2036 6.23725 8.85564 0.161386
1521 2036 6.23777 8.85564 0.161369
1522 2036 6.2382 8.85564 0.161383
1523 2036 6.23964 8.85564 0.161369
1524 2036 6.23964 8.85564 0.161369
1525 2037 6.23883 8.85564 0.16134
1526 2037 6.23956 8.85564 0.161339
1527 2037 6.23967 8.85564 0.161325
1528 2037 6.23967 8.85564 0.161325
1529 2037 6.23983 8.85564 0.161342
1530 2037 6.24025 8.85564 0.161348
1531 2037 6.24025 8.85564 0.161348
1532 2037 6.2404 8.85564 0.16134
1533 2038 6.23925 8.85564 0.161339
1534 2039 6.23796 8.85564 0.161367
1535 2039 6.23844 8.85564 0.161381
1536 2039 6.23864 8.85564 0.161379
1537 2039 6.23897 8.85564 0.161403
1538 2039 6.23897 8.85564 0.161403
1539 2039 6.23967 8.85564 0.161416
1540 2039 6.2401 8.85564 0.161415
1541 2040 6.2408 8.85564 0.161399
1542 2041 6.23985 8.85564 0.1614
1543 2041 6.23985 8.85564 0.1614
1544 2041 6.24014 8.85564 0.161423
1545 2042 6.23854 8.85564 0.161512
1546 2042 6.23859 8.85564 0.161501
1547 2043 6.23735 8.85564 0.161465
1548 2044 6.23667 8.85564 0.161458
1549 2045 6.23752 8.85564 0.161468
1550 2045 6.23752 8.85564 0.161468
1551 2046 6.23691 8.85564 0.16147
1552 2046 6.23701 8.85564 0.161451
1553 2047 6.23714 8.85564 0.161437
1554 2047 6.23714 8.85564 0.161437
1555 2047 6.23747 8.85564 0.161363
1556 2047 6.23751 8.85564 0.161334
1557 2047 6.23751 8.85564 0.161334
1558 2047 6.23902 8.85564 0.16134
1559 2048 6.23816 8.85564 0.161313
1560 2048 6.23867 8.85564 0.16131
1561 2048 6.23898 8.85564 0.161307
1562 2048 6.23936 8.85564 0.161297
1563 2048 6.23989 8.85564 0.161337
1564 2048 6.24067 8.85564 0.16134
1565 2048 6.2408 8.85564 0.161333
1566 2049 6.24037 8.85564 0.161317
1567 2049 6.24043 8.85564 0.1613
1568 2049 6.24092 8.85564 0.161292
1569 2050 6.24 8.85564 0.161285
1570 2050 6.24015 8.85564 0.161273
1571 2050 6.24063 8.85564 0.161259
1572 2051 6.23924 8.85564 0.161292
1573 2051 6.2402 8.85564 0.161299
1574 2052 6.23932 8.85564 0.161325
1575 2054 6.23791 8.85564 0.161272
1576 2055 6.23873 8.85564 0.161274
1577 2055 6.23886 8.85564 0.161308
1578 2056 6.2384 8.85564 0.161301
1579 2057 6.23896 8.85564 0.161296
1580 2058 6.23813 8.85564 0.161322
1581 2059 6.23713 8.85564 0.161295
1582 2059 6.2389 8.85564 0.161314
1583 2060 6.2384 8.85564 0.161266
1584 2060 6.23892 8.85564 0.161234
1585 2060 6.23892 8.85564 0.161234
1586 2060 6.23965 8.85564 0.161229
1587 2060 6.23984 8.85564 0.161269
1588 2060 6.24019 8.85564 0.161245
1589 2060 6.24055 8.85564 0.161252
1590 2060 6.24069 8.85564 0.161245
1591 2060 6.24069 8.85564 0.161245
1592 2060 6.24078 8.85564 0.161271
1593 2060 6.2409 8.85564 0.161323
1594 2060 6.2409 8.85564 0.161323
1595 2060 6.24106 8.85564 0.161318
1596 2060 6.24205 8.85564 0.161308
1597 2061 6.24158 8.85564 0.16132
1598 2061 6.24171 8.85564 0.161286
1599 2063 6.24137 8.85564 0.161239
1600 2064 6.24043 8.85564 0.16118
1601 2065 6.24032 8.85564 0.161168
1602 2066 6.23963 8.85564 0.161143
1603 2069 6.23786 8.85564 0.161193
1604 2069 6.23802 8.85564 0.161198
1605 2069 6.23848 8.85564 0.161216
1606 2069 6.23847 8.85564 0.1612
1607 2069 6.23881 8.85564 0.161196
1608 2069 6.23894 8.85564 0.161188
1609 2069 6.23893 8.85564 0.161173
1610 2070 6.23828 8.85564 0.161156
1611 2070 6.2384 8.85564 0.161178
1612 2070 6.23882 8.85564 0.161247
1613 2071 6.23759 8.85564 0.161239
1614 2071 6.23786 8.85564 0.161248
1615 2071 6.23811 8.85564 0.161257
1616 2071 6.23832 8.85564 0.161225
1617 2071 6.2384 8.85564 0.161211
1618 2073 6.23649 8.85564 0.161232
1619 2073 6.23661 8.85564 0.161244
1620 2073 6.23689 8.85564 0.161217
1621 2073 6.23733 8.85564 0.161234
1622 2073 6.23817 8.85564 0.161256
1623 2074 6.23766 8.85564 0.161211
1624 2074 6.23784 8.85564 0.161198
1625 2076 6.23464 8.85564 0.161165
1626 2076 6.23462 8.85564 0.161161
1627 2076 6.23507 8.85564 0.161156
1628 2077 6.23305 8.85564 0.161156
1629 2078 6.2327 8.85564 0.16115
1630 2078 6.23305 8.85564 0.161157
1631 2079 6.23247 8.85564 0.161159
1632 2079 6.23298 8.85564 0.161139
1633 2079 6.23379 8.85564 0.16112
1634 2079 6.23402 8.85564 0.161136
1635 2080 6.23303 8.85564 0.16117
1636 2080 6.23425 8.85564 0.161173
1637 2080 6.23432 8.85564 0.161158
1638 2080 6.23432 8.85564 0.161158
1639 2081 6.23322 8.85564 0.161192
1640 2082 6.23209 8.85564 0.16121
1641 2082 6.23273 8.85564 0.161197
1642 2083 6.23355 8.85564 0.161235
1643 2083 6.23366 8.85564 0.161187
1644 2083 6.23366 8.85564 0.161187
1645 2083 6.23458 8.85564 0.1612
1646 2083 6.23492 8.85564 0.161129
1647 2083 6.23493 8.85564 0.161121
1648 2083 6.23583 8.85564 0.161157
1649 2084 6.23546 8.85564 0.161145
1650 2084 6.23617 8.85564 0.16114
1651 2086 6.23484 8.85564 0.161144
1652 2087 6.23357 8.85564 0.161093
1653 2088 6.23242 8.85564 0.161034
1654 2088 6.23255 8.85564 0.161037
1655 2090 6.2304 8.85564 0.16109
1656 2091 6.23089 8.85564 0.161066
1657 2092 6.22999 8.85564 0.16108
1658 2092 6.23023 8.85564 0.161083
1659 2092 6.23097 8.85564 0.1611
1660 2092 6.23111 8.85564 0.161122
1661 2092 6.23111 8.85564 0.161122
1662 2093 6.23145 8.85564 0.161114
1663 2093 6.23193 8.85564 0.161118
1664 2093 6.23218 8.85564 0.161133
1665 2093 6.23276 8.85564 0.161136
1666 2093 6.23284 8.85564 0.161148
1667 2093 6.23299 8.85564 0.161146
1668 2095 6.23193 8.85564 0.161119
1669 2096 6.23166 8.85564 0.161124
1670 2098 6.23117 8.85564 0.161107
1671 2098 6.23117 8.85564 0.161107
1672 2099 6.23198 8.85564 0.161088
1673 2100 6.23078 8.85564 0.161099
1674 2101 6.23104 8.85564 0.161099
1675 2101 6.23104 8.85564 0.161099
1676 2102 6.22989 8.85564 0.161124
1677 2102 6.23026 8.85564 0.161117
1678 2102 6.23026 8.85564 0.161117
1679 2103 6.22959 8.85564 0.161141
1680 2103 6.22997 8.85564 0.161148
1681 2103 6.23047 8.85564 0.161118
1682 2103 6.23175 8.85564 0.161161
1683 2105 6.22969 8.85564 0.161182
1684 2107 6.22894 8.85564 0.161137
1685 2107 6.23006 8.85564 0.161141
1686 2107 6.23004 8.85564 0.161097
1687 2108 6.22947 8.85564 0.16108
1688 2108 6.23009 8.85564 0.161088
1689 2109 6.22958 8.85564 0.16105
1690 2109 6.22978 8.85564 0.160988
1691 2110 6.22923 8.85564 0.161006
1692 2110 6.22974 8.85564 0.160963
1693 2112 6.22729 8.85564 0.160966
1694 2112 6.22748 8.85564 0.160958
1695 2112 6.22768 8.85564 0.160995
1696 2113 6.22597 8.85564 0.160985
1697 2114 6.22431 8.85564 0.160944
1698 2114 6.22431 8.85564 0.160944
1699 2116 6.22194 8.85564 0.160936
1700 2116 6.22194 8.85564 0.160936
1701 2116 6.22202 8.85564 0.160944
1702 2116 6.22209 8.85564 0.160924
1703 2116 6.22227 8.85564 0.160913
1704 2117 6.22106 8.85564 0.160931
1705 2117 6.22135 8.85564 0.160894
1706 2117 6.22179 8.85564 0.160907
1707 2117 6.22184 8.85564 0.160872
1708 2117 6.22238 8.85564 0.160891
1709 2117 6.22276 8.85564 0.160926
1710 2117 6.22297 8.85564 0.160963
1711 2118 6.22141 8.85564 0.160975
1712 2118 6.22159 8.85564 0.161011
1713 2118 6.22217 8.85564 0.160994
1714 2118 6.22247 8.85564 0.16099
1715 2118 6.22279 8.85564 0.160979
1716 2118 6.22284 8.85564 0.160991
1717 2119 6.22249 8.85564 0.160975
1718 2119 6.22283 8.85564 0.160973
1719 2120 6.22223 8.85564 0.161008
1720 2120 6.22229 8.85564 0.16101
1721 2121 6.22153 8.85564 0.160968
1722 2122 6.22049 8.85564 0.160962
1723 2122 6.22067 8.85564 0.160963
1724 2123 6.21979 8.85564 0.160966
1725 2124 6.21862 8.85564 0.160989
1726 2124 6.21868 8.85564 0.160979
1727 2124 6.21876 8.85564 0.160952
1728 2124 6.21932 8.85564 0.16097
1729 2124 6.21939 8.85564 0.160948
1730 2124 6.21949 8.85564 0.160928
1731 2126 6.21777 8.85564 0.16091
1732 2126 6.21785 8.85564 0.160916
1733 2126 6.21914 8.85564 0.160917
1734 2126 6.21937 8.85564 0.160909
1735 2126 6.22025 8.85564 0.160893
1736 2126 6.22062 8.85564 0.160916
1737 2126 6.22176 8.85564 0.160895
1738 2126 6.2219 8.85564 0.160895
1739 2126 6.22339 8.85564 0.1609
1740 2126 6.22365 8.85564 0.160905
1741 2127 6.2238 8.85564 0.160905
1742 2127 6.22469 8.85564 0.160883
1743 2127 6.225 8.85564 0.160896
1744 2127 6.22535 8.85564 0.160936
1745 2127 6.22552 8.85564 0.160968
1746 2129 6.22351 8.85564 0.160984
1747 2129 6.22389 8.85564 0.161
1748 2129 6.22389 8.85564 0.161
1749 2132 6.22135 8.85564 0.161044
1750 2132 6.22133 8.85564 0.16104
1751 2132 6.22153 8.85564 0.161063
1752 2132 6.222 8.85564 0.161114
1753 2133 6.22063 8.85564 0.161119
1754 2133 6.2215 8.85564 0.161167
1755 2133 6.22174 8.85564 0.161184
1756 2133 6.2228 8.85564 0.161199
1757 2134 6.22162 8.85564 0.161221
1758 2134 6.22264 8.85564 0.161218
1759 2134 6.22406 8.85564 0.161165
1760 2134 6.22483 8.85564 0.161142
1761 2136 6.22317 8.85564 0.161144
1762 2136 6.2236 8.85564 0.161098
1763 2136 6.22437 8.85564 0.161149
1764 2136 6.22442 8.85564 0.161146
1765 2136 6.22442 8.85564 0.161146
1766 2137 6.22347 8.85564 0.161169
1767 2137 6.22347 8.85564 0.161169
1768 2137 6.22347 8.85564 0.161169
1769 2138 6.22206 8.85564 0.161162
1770 2138 6.22206 8.85564 0.161162
1771 2138 6.22206 8.85564 0.161162
1772 2138 6.22384 8.85564 0.16115
1773 2138 6.22384 8.85564 0.16115
1774 2138 6.22405 8.85564 0.161205
1775 2138 6.22434 8.85564 0.161211
1776 2138 6.2247 8.85564 0.161189
1777 2138 6.22568 8.85564 0.16119
1778 2138 6.22595 8.85564 0.16116
1779 2139 6.2247 8.85564 0.161167
1780 2140 6.22389 8.85564 0.16114
1781 2140 6.22427 8.85564 0.161149
1782 2140 6.22519 8.85564 0.161112
1783 2140 6.22588 8.85564 0.161078
1784 2140 6.22586 8.85564 0.161041
1785 2140 6.22595 8.85564 0.161039
1786 2140 6.22682 8.85564 0.161036
1787 2140 6.22682 8.85564 0.161036
1788 2140 6.22709 8.85564 0.16108
1789 2140 6.22718 8.85564 0.161119
1790 2141 6.22561 8.85564 0.161158
1791 2142 6.22561 8.85564 0.161171
1792 2142 6.22562 8.85564 0.161167
1793 2142 6.22585 8.85564 0.161179
1794 2142 6.22584 8.85564 0.161171
1795 2142 6.22588 8.85564 0.161161
1796 2143 6.22445 8.85564 0.161207
1797 2143 6.22445 8.85564 0.161207
1798 2143 6.22448 8.85564 0.161197
1799 2143 6.22628 8.85564 0.161209
1800 2143 6.22652 8.85564 0.161167
1801 2144 6.22624 8.85564 0.161154
1802 2144 6.22624 8.85564 0.161154
1803 2145 6.22503 8.85564 0.161156
1804 2146 6.22438 8.85564 0.161172
1805 2146 6.22463 8.85564 0.161163
1806 2146 6.22468 8.85564 0.161144
1807 2146 6.22516 8.85564 0.161145
1808 2146 6.22601 8.85564 0.161059
1809 2147 6.22538 8.85564 0.161
1810 2148 6.22532 8.85564 0.161
1811 2148 6.22532 8.85564 0.161
1812 2149 6.22552 8.85564 0.161003
1813 2150 6.22516 8.85564 0.161004
1814 2151 6.22455 8.85564 0.161048
1815 2152 6.2243 8.85564 0.161066
1816 2152 6.22502 8.85564 0.16112
1817 2152 6.22535 8.85564 0.161104
1818 2152 6.2257 8.85564 0.161103
1819 2152 6.22738 8.85564 0.161121
1820 2152 6.22744 8.85564 0.161129
1821 2153 6.22624 8.85564 0.161129
1822 2153 6.22645 8.85564 0.161116
1823 2153 6.22653 8.85564 0.161133
1824 2153 6.22653 8.85564 0.161119
1825 2154 6.22652 8.85564 0.161136
1826 2154 6.22754 8.85564 0.16113
1827 2155 6.2271 8.85564 0.161138
1828 2155 6.22728 8.85564 0.161173
1829 2155 6.22743 8.85564 0.161156
1830 2155 6.22773 8.85564 0.1612
1831 2156 6.22609 8.85564 0.161163
1832 2156 6.22627 8.85564 0.161173
1833 2156 6.22627 8.85564 0.161173
1834 2156 6.22631 8.85564 0.16118
1835 2156 6.22724 8.85564 0.161101
1836 2156 6.22756 8.85564 0.161104
1837 2156 6.22771 8.85564 0.161091
1838 2156 6.22779 8.85564 0.1611
1839 2156 6.22806 8.85564 0.161092
1840 2156 6.2281 8.85564 0.16107
1841 2156 6.2281 8.85564 0.16107
1842 2156 6.22836 8.85564 0.161051
1843 2156 6.22856 8.85564 0.161065
1844 2157 6.22907 8.85564 0.161064
1845 2157 6.22905 8.85564 0.161045
1846 2158 6.22804 8.85564 0.161016
1847 2158 6.22825 8.85564 0.161017
1848 2158 6.22885 8.85564 0.161089
1849 2159 6.22752 8.85564 0.161099
1850 2160 6.22639 8.85564 0.161037
1851 2160 6.22661 8.85564 0.16099
1852 2160 6.22661 8.85564 0.16099
1853 2160 6.22772 8.85564 0.160951
1854 2160 6.22783 8.85564 0.160968
1855 2160 6.22785 8.85564 0.160969
1856 2161 6.22696 8.85564 0.16097
1857 2161 6.227 8.85564 0.160919
1858 2161 6.22773 8.85564 0.160934
1859 2161 6.22813 8.85564 0.160915
1860 2161 6.22881 8.85564 0.160932
1861 2161 6.22893 8.85564 0.160911
1862 2161 6.22893 8.85564 0.160911
1863 2162 6.22777 8.85564 0.160899
1864 2162 6.22796 8.85564 0.160919
1865 2162 6.22887 8.85564 0.160902
1866 2162 6.22887 8.85564 0.160902
1867 2162 6.22886 8.85564 0.160855
1868 2163 6.22763 8.85564 0.160861
1869 2163 6.22783 8.85564 0.160871
1870 2164 6.22743 8.85564 0.160853
1871 2165 6.22605 8.85564 0.160882
1872 2165 6.22646 8.85564 0.160875
1873 2165 6.22663 8.85564 0.160869
1874 2166 6.22545 8.85564 0.160874
1875 2166 6.22565 8.85564 0.160883
1876 2166 6.22575 8.85564 0.160909
1877 2166 6.22575 8.85564 0.160909
1878 2167 6.22501 8.85564 0.160899
1879 2167 6.22533 8.85564 0.160947
1880 2167 6.22577 8.85564 0.160916
1881 2168 6.22618 8.85564 0.160906
1882 2169 6.22555 8.85564 0.160887
1883 2170 6.22472 8.85564 0.160933
1884 2170 6.22492 8.85564 0.160954
1885 2171 6.22398 8.85564 0.160946
1886 2172 6.22316 8.85564 0.160915
1887 2173 6.22257 8.85564 0.160957
1888 2173 6.22323 8.85564 0.160946
1889 2173 6.22392 8.85564 0.160977
1890 2174 6.22454 8.85564 0.160965
1891 2174 6.22507 8.85564 0.160873
1892 2174 6.22524 8.85564 0.160906
1893 2174 6.22583 8.85564 0.160859
1894 2174 6.22616 8.85564 0.160914
1895 2175 6.22572 8.85564 0.160899
1896 2176 6.22483 8.85564 0.160864
1897 2177 6.22365 8.85564 0.160908
1898 2178 6.22359 8.85564 0.160911
1899 2178 6.2236 8.85564 0.160898
1900 2178 6.22374 8.85564 0.160899
1901 2178 6.22414 8.85564 0.160895
1902 2179 6.22298 8.85564 0.160902
1903 2179 6.22319 8.85564 0.160916
1904 2180 6.22209 8.85564 0.160934
1905 2180 6.22226 8.85564 0.160952
1906 2180 6.22292 8.85564 0.160991
1907 2180 6.22318 8.85564 0.161022
1908 2181 6.22117 8.85564 0.161018
1909 2182 6.22074 8.85564 0.161014
1910 2182 6.22118 8.85564 0.160989
1911 2182 6.22187 8.85564 0.160963
1912 2183 6.22148 8.85564 0.160931
1913 2183 6.222 8.85564 0.160955
1914 2183 6.22218 8.85564 0.160978
1915 2183 6.22235 8.85564 0.160995
1916 2183 6.22235 8.85564 0.160995
1917 2183 6.22242 8.85564 0.161007
1918 2183 6.22305 8.85564 0.161028
1919 2183 6.22305 8.85564 0.161008
1920 2183 6.22374 8.85564 0.160969
1921 2184 6.22344 8.85564 0.160958
1922 2185 6.22397 8.85564 0.16097
1923 2185 6.22411 8.85564 0.160958
1924 2185 6.22411 8.85564 0.160958
1925 2187 6.22366 8.85564 0.160986
1926 2188 6.22153 8.85564 0.161007
1927 2188 6.22161 8.85564 0.161044
1928 2188 6.22197 8.85564 0.161051
1929 2188 6.22204 8.85564 0.161037
1930 2189 6.22288 8.85564 0.161015
1931 2189 6.22291 8.85564 0.161029
1932 2190 6.22282 8.85564 0.161021
1933 2190 6.22281 8.85564 0.161018
1934 2190 6.22396 8.85564 0.161065
1935 2190 6.22498 8.85564 0.16107
1936 2191 6.22368 8.85564 0.161091
1937 2191 6.22383 8.85564 0.161114
1938 2191 6.22393 8.85564 0.161139
1939 2191 6.22393 8.85564 0.161139
1940 2191 6.22393 8.85564 0.161139
1941 2191 6.22447 8.85564 0.161129
1942 2193 6.22177 8.85564 0.161108
1943 2194 6.22083 8.85564 0.161116
1944 2194 6.22083 8.85564 0.16111
1945 2194 6.22239 8.85564 0.161108
1946 2194 6.22239 8.85564 0.161108
1947 2194 6.22288 8.85564 0.161104
1948 2194 6.223 8.85564 0.161105
1949 2195 6.22117 8.85564 0.161095
1950 2195 6.22138 8.85564 0.161111
1951 2195 6.22143 8.85564 0.161148
1952 2196 6.22131 8.85564 0.161146
1953 2196 6.22208 8.85564 0.161096
1954 2197 6.22046 8.85564 0.161099
1955 2198 6.2189 8.85564 0.161093
1956 2198 6.21893 8.85564 0.161118
1957 2199 6.21766 8.85564 0.161083
1958 2199 6.21823 8.85564 0.16109
1959 2199 6.21828 8.85564 0.161096
1960 2200 6.21707 8.85564 0.16111
1961 2204 6.21437 8.85564 0.161096
1962 2204 6.21437 8.85564 0.161096
1963 2204 6.21459 8.85564 0.161069
1964 2204 6.21489 8.85564 0.161094
1965 2204 6.21531 8.85564 0.161076
1966 2204 6.21569 8.85564 0.161077
1967 2205 6.21482 8.85564 0.161093
1968 2206 6.21537 8.85564 0.161105
1969 2206 6.21549 8.85564 0.161105
1970 2206 6.21552 8.85564 0.161121
1971 2206 6.21552 8.85564 0.161121
1972 2207 6.2139 8.85564 0.161091
1973 2207 6.21417 8.85564 0.161084
1974 2207 6.21445 8.85564 0.161106
1975 2207 6.21467 8.85564 0.161113
1976 2207 6.21606 8.85564 0.161159
1977 2210 6.21306 8.85564 0.16113
1978 2211 6.21284 8.85564 0.161159
1979 2212 6.21221 8.85564 0.161121
1980 2213 6.2108 8.85564 0.161134
1981 2213 6.21087 8.85564 0.161135
1982 2213 6.21087 8.85564 0.161135
1983 2213 6.21087 8.85564 0.161135
1984 2214 6.20951 8.85564 0.16111
1985 2214 6.20971 8.85564 0.161155
1986 2215 6.20879 8.85564 0.161198
1987 2216 6.20783 8.85564 0.161209
1988 2216 6.20791 8.85564 0.161193
1989 2216 6.20812 8.85564 0.1612
1990 2216 6.20838 8.85564 0.161239
1991 2216 6.20848 8.85564 0.161239
1992 2216 6.20889 8.85564 0.161195
1993 2216 6.20914 8.85564 0.161207
1994 2217 6.20727 8.85564 0.161249
1995 2217 6.208 8.85564 0.161256
1996 2217 6.208 8.85564 0.161256
1997 2217 6.208 8.85564 0.161256
1998 2218 6.20753 8.85564 0.161284
1999 2218 6.20767 8.85564 0.161248
2000 2219 6.2072 8.85564 0.161238
2001 2219 6.20726 8.85564 0.161209
2002 2219 6.2073 8.85564 0.161184
2003 2219 6.20743 8.85564 0.161185
2004 2219 6.20838 8.85564 0.161226
2005 2219 6.20909 8.85564 0.161167
2006 2219 6.20954 8.85564 0.16112
2007 2219 6.2099 8.85564 0.161097
2008 2219 6.21015 8.85564 0.161131
2009 2219 6.21095 8.85564 0.161126
2010 2219 6.21095 8.85564 0.161126
2011 2219 6.21148 8.85564 0.161136
2012 2219 6.21147 8.85564 0.161103
2013 2219 6.21156 8.85564 0.161105
2014 2220 6.21042 8.85564 0.161112
2015 2220 6.21045 8.85564 0.161073
2016 2220 6.21047 8.85564 0.161084
2017 2220 6.21049 8.85564 0.161082
2018 2221 6.21039 8.85564 0.161091
2019 2221 6.21039 8.85564 0.161091
2020 2221 6.21045 8.85564 0.161072
2021 2221 6.21058 8.85564 0.16106
2022 2223 6.20815 8.85564 0.16108
2023 2224 6.20709 8.85564 0.161088
2024 2225 6.20512 8.85564 0.161096
2025 2226 6.2043 8.85564 0.161153
2026 2226 6.2043 8.85564 0.161153
2027 2226 6.20457 8.85564 0.161138
2028 2226 6.20516 8.85564 0.161132
2029 2226 6.20577 8.85564 0.161124
2030 2227 6.20696 8.85564 0.161146
2031 2229 6.20638 8.85564 0.161156
2032 2229 6.20648 8.85564 0.161174
2033 2229 6.20648 8.85564 0.161174
2034 2229 6.20648 8.85564 0.161174
2035 2229 6.20753 8.85564 0.161182
2036 2230 6.20798 8.85564 0.161157
2037 2230 6.20851 8.85564 0.161141
2038 2230 6.20851 8.85564 0.161141
2039 2230 6.2085 8.85564 0.161126
2040 2230 6.2085 8.85564 0.161126
2041 2230 6.2085 8.85564 0.161126
2042 2230 6.20882 8.85564 0.161125
2043 2231 6.20756 8.85564 0.161124
2044 2231 6.20789 8.85564 0.161099
2045 2231 6.20977 8.85564 0.161113
2046 2231 6.21029 8.85564 0.161088
2047 2232 6.20914 8.85564 0.1611
2048 2233 6.20822 8.85564 0.161098
2049 2235 6.20891 8.85564 0.161109
2050 2235 6.20896 8.85564 0.161105
2051 2235 6.20904 8.85564 0.161088
2052 2235 6.20936 8.85564 0.161096
2053 2236 6.20882 8.85564 0.161077
2054 2236 6.20912 8.85564 0.16105
2055 2236 6.2094 8.85564 0.161048
2056 2237 6.20801 8.85564 0.161046
2057 2237 6.20799 8.85564 0.161026
2058 2238 6.20726 8.85564 0.161021
2059 2239 6.20552 8.85564 0.161025
2060 2239 6.2056 8.85564 0.161026
2061 2239 6.2061 8.85564 0.161051
2062 2240 6.20567 8.85564 0.16102
2063 2240 6.20595 8.85564 0.161037
2064 2241 6.20477 8.85564 0.161038
2065 2241 6.20477 8.85564 0.161038
2066 2241 6.20477 8.85564 0.161038
2067 2241 6.20563 8.85564 0.16102
2068 2242 6.20552 8.85564 0.161027
2069 2242 6.20554 8.85564 0.161026
2070 2242 6.20554 8.85564 0.161026
2071 2243 6.2044 8.85564 0.16103
2072 2243 6.20463 8.85564 0.161035
2073 2243 6.20464 8.85564 0.161028
2074 2243 6.20478 8.85564 0.161052
2075 2244 6.2034 8.85564 0.161021
2076 2244 6.2034 8.85564 0.161021
2077 2245 6.20228 8.85564 0.161033
2078 2245 6.20276 8.85564 0.161057
2079 2245 6.20326 8.85564 0.161011
2080 2245 6.20346 8.85564 0.161029
2081 2245 6.20381 8.85564 0.161032
2082 2245 6.20418 8.85564 0.161035
2083 2245 6.20445 8.85564 0.161011
2084 2245 6.20541 8.85564 0.160999
2085 2245 6.20659 8.85564 0.160984
2086 2245 6.20659 8.85564 0.160968
2087 2246 6.20634 8.85564 0.160992
2088 2247 6.20573 8.85564 0.160955
2089 2248 6.20488 8.85564 0.160944
2090 2250 6.20195 8.85564 0.160901
2091 2250 6.20194 8.85564 0.160888
2092 2250 6.20252 8.85564 0.16091
2093 2250 6.20289 8.85564 0.160918
2094 2250 6.20308 8.85564 0.160898
2095 2250 6.20371 8.85564 0.1609
2096 2250 6.2038 8.85564 0.160881
2097 2250 6.20413 8.85564 0.160889
2098 2250 6.20425 8.85564 0.160913
2099 2250 6.20448 8.85564 0.16089
2100 2250 6.20477 8.85564 0.160859
2101 2250 6.20515 8.85564 0.160898
2102 2250 6.20515 8.85564 0.160857
2103 2251 6.20473 8.85564 0.160839
2104 2251 6.20514 8.85564 0.160863
2105 2254 6.20143 8.85564 0.160888
2106 2256 6.19848 8.85564 0.160899
2107 2256 6.19848 8.85564 0.160899
2108 2256 6.19857 8.85564 0.160942
2109 2256 6.19868 8.85564 0.160931
2110 2257 6.19702 8.85564 0.160935
2111 2257 6.19708 8.85564 0.160927
2112 2257 6.19727 8.85564 0.160931
2113 2257 6.19733 8.85564 0.160947
2114 2258 6.19551 8.85564 0.160958
2115 2259 6.1957 8.85564 0.160946
2116 2259 6.19575 8.85564 0.160943
2117 2260 6.19593 8.85564 0.160965
2118 2260 6.19593 8.85564 0.160965
2119 2260 6.19607 8.85564 0.160968
2120 2262 6.19433 8.85564 0.161028
2121 2263 6.19245 8.85564 0.161021
2122 2264 6.19126 8.85564 0.161004
2123 2264 6.19126 8.85564 0.161004
2124 2264 6.19164 8.85564 0.161039
2125 2266 6.19089 8.85564 0.161058
2126 2266 6.19089 8.85564 0.161058
2127 2266 6.19089 8.85564 0.161058
2128 2268 6.18842 8.85564 0.161085
2129 2269 6.18758 8.85564 0.161064
2130 2269 6.18758 8.85564 0.161064
2131 2269 6.18758 8.85564 0.161064
2132 2270 6.18644 8.85564 0.161075
2133 2270 6.18664 8.85564 0.161085
2134 2270 6.1867 8.85564 0.161082
2135 2270 6.18755 8.85564 0.161123
2136 2270 6.18753 8.85564 0.161121
2137 2270 6.18752 8.85564 0.161117
2138 2270 6.18752 8.85564 0.161117
2139 2271 6.18685 8.85564 0.161121
2140 2272 6.18739 8.85564 0.161087
2141 2272 6.18739 8.85564 0.161087
2142 2273 6.18646 8.85564 0.161081
2143 2273 6.18659 8.85564 0.161105
2144 2273 6.18724 8.85564 0.161084
2145 2274 6.18674 8.85564 0.161046
2146 2275 6.18599 8.85564 0.161027
2147 2275 6.18599 8.85564 0.161027
2148 2276 6.18506 8.85564 0.161024
2149 2277 6.18442 8.85564 0.161015
2150 2278 6.18332 8.85564 0.161018
2151 2279 6.18319 8.85564 0.161009
2152 2279 6.18325 8.85564 0.161018
2153 2280 6.18248 8.85564 0.161014
2154 2280 6.18276 8.85564 0.16099
2155 2281 6.18087 8.85564 0.160994
2156 2282 6.17862 8.85564 0.161021
2157 2282 6.1787 8.85564 0.161032
2158 2284 6.17656 8.85564 0.161047
2159 2285 6.17605 8.85564 0.161058
2160 2286 6.17468 8.85564 0.161087
2161 2287 6.17355 8.85564 0.16108
2162 2288 6.17192 8.85564 0.161067
2163 2288 6.17222 8.85564 0.16106
2164 2288 6.17283 8.85564 0.161108
2165 2289 6.17195 8.85564 0.161135
2166 2290 6.17096 8.85564 0.161133
2167 2290 6.17101 8.85564 0.161082
2168 2291 6.17027 8.85564 0.161047
2169 2292 6.16913 8.85564 0.161036
2170 2293 6.16964 8.85564 0.161033
2171 2293 6.17002 8.85564 0.161023
2172 2293 6.17014 8.85564 0.161016
2173 2295 6.16923 8.85564 0.160985
2174 2295 6.16923 8.85564 0.160985
2175 2295 6.16927 8.85564 0.160995
2176 2296 6.16892 8.85564 0.160983
2177 2296 6.16896 8.85564 0.160966
2178 2298 6.16535 8.85564 0.160969
2179 2298 6.16548 8.85564 0.160973
2180 2298 6.16648 8.85564 0.16096
2181 2299 6.16455 8.85564 0.160969
2182 2299 6.16521 8.85564 0.160998
2183 2299 6.16549 8.85564 0.161009
2184 2299 6.16621 8.85564 0.161009
2185 2300 6.16545 8.85564 0.161028
2186 2300 6.16545 8.85564 0.161028
2187 2300 6.16586 8.85564 0.161056
2188 2302 6.16442 8.85564 0.161082
2189 2302 6.16443 8.85564 0.161062
2190 2302 6.16449 8.85564 0.161042
2191 2302 6.16448 8.85564 0.161025
2192 2302 6.1653 8.85564 0.161011
2193 2302 6.16539 8.85564 0.161027
2194 2302 6.16549 8.85564 0.161058
2195 2302 6.16564 8.85564 0.161085
2196 2302 6.16601 8.85564 0.1611
2197 2302 6.16605 8.85564 0.161079
2198 2302 6.16605 8.85564 0.161079
2199 2302 6.16619 8.85564 0.161055
2200 2302 6.16619 8.85564 0.161055
2201 2302 6.16619 8.85564 0.161055
2202 2303 6.16505 8.85564 0.16107
2203 2303 6.16529 8.85564 0.161075
2204 2304 6.16527 8.85564 0.161079
2205 2304 6.16529 8.85564 0.161078
2206 2305 6.16625 8.85564 0.161144
2207 2306 6.16536 8.85564 0.16113
2208 2306 6.16541 8.85564 0.161127
2209 2306 6.16613 8.85564 0.161131
2210 2307 6.16549 8.85564 0.161086
2211 2307 6.16563 8.85564 0.161104
2212 2307 6.16563 8.85564 0.161104
2213 2307 6.16638 8.85564 0.161113
2214 2308 6.16562 8.85564 0.161138
2215 2309 6.16521 8.85564 0.161125
2216 2310 6.16424 8.85564 0.161121
2217 2311 6.16304 8.85564 0.161127
2218 2312 6.1614 8.85564 0.161103
2219 2312 6.1614 8.85564 0.161103
2220 2312 6.1614 8.85564 0.161103
2221 2313 6.15959 8.85564 0.161116
2222 2313 6.16068 8.85564 0.161151
2223 2313 6.16072 8.85564 0.161137
2224 2313 6.16206 8.85564 0.16114
2225 2313 6.16206 8.85564 0.16114
2226 2313 6.16311 8.85564 0.161172
2227 2313 6.16366 8.85564 0.161204
2228 2313 6.16412 8.85564 0.161196
2229 2313 6.16437 8.85564 0.161135
2230 2313 6.16454 8.85564 0.161141
2231 2314 6.16285 8.85564 0.161147
2232 2314 6.16287 8.85564 0.161142
2233 2314 6.16289 8.85564 0.161136
2234 2314 6.16314 8.85564 0.161143
2235 2314 6.16316 8.85564 0.161119
2236 2314 6.16323 8.85564 0.161112
2237 2315 6.16146 8.85564 0.161112
2238 2315 6.16146 8.85564 0.161112
2239 2315 6.1619 8.85564 0.161114
2240 2315 6.16206 8.85564 0.161113
2241 2315 6.16234 8.85564 0.161096
2242 2315 6.1624 8.85564 0.161093
2243 2315 6.16274 8.85564 0.161072
2244 2316 6.16189 8.85564 0.161072
2245 2316 6.16189 8.85564 0.161072
2246 2317 6.1622 8.85564 0.161076
2247 2317 6.16258 8.85564 0.161072
2248 2317 6.16301 8.85564 0.161062
2249 2317 6.16379 8.85564 0.161054
2250 2318 6.16336 8.85564 0.161051
2251 2318 6.16365 8.85564 0.161073
2252 2318 6.16369 8.85564 0.161057
2253 2318 6.16369 8.85564 0.161057
2254 2319 6.16332 8.85564 0.161063
2255 2319 6.16369 8.85564 0.161053
2256 2321 6.16074 8.85564 0.161061
2257 2321 6.16075 8.85564 0.161058
2258 2322 6.15915 8.85564 0.161058
2259 2322 6.16011 8.85564 0.161045
2260 2322 6.16023 8.85564 0.161057
2261 2322 6.16023 8.85564 0.161057
2262 2322 6.16046 8.85564 0.161049
2263 2322 6.16056 8.85564 0.161072
2264 2322 6.16056 8.85564 0.161072
2265 2322 6.16068 8.85564 0.161079
2266 2322 6.16083 8.85564 0.161102
2267 2322 6.1614 8.85564 0.161137
2268 2322 6.1614 8.85564 0.161137
2269 2323 6.16184 8.85564 0.161169
2270 2323 6.16214 8.85564 0.16118
2271 2323 6.16215 8.85564 0.161156
2272 2323 6.16256 8.85564 0.161177
2273 2323 6.16256 8.85564 0.161177
2274 2323 6.16254 8.85564 0.16117
2275 2323 6.16269 8.85564 0.161169
2276 2323 6.16348 8.85564 0.161208
2277 2324 6.16388 8.85564 0.161213
2278 2326 6.16199 8.85564 0.161225
2279 2326 6.16202 8.85564 0.161236
2280 2326 6.16207 8.85564 0.161244
2281 2327 6.16215 8.85564 0.161269
2282 2328 6.16128 8.85564 0.161267
2283 2331 6.15724 8.85564 0.161282
2284 2331 6.1586 8.85564 0.161297
2285 2331 6.1586 8.85564 0.161297
2286 2331 6.15862 8.85564 0.161291
2287 2332 6.15858 8.85564 0.161263
2288 2332 6.15858 8.85564 0.161263
2289 2333 6.15895 8.85564 0.161251
2290 2334 6.15814 8.85564 0.161252
2291 2334 6.15828 8.85564 0.161258
2292 2334 6.1584 8.85564 0.161234
2293 2334 6.1586 8.85564 0.161229
2294 2334 6.15926 8.85564 0.161217
2295 2334 6.15926 8.85564 0.161217
2296 2334 6.15975 8.85564 0.161234
2297 2334 6.16061 8.85564 0.161199
2298 2334 6.16069 8.85564 0.161195
2299 2334 6.16076 8.85564 0.161198
2300 2334 6.16168 8.85564 0.161202
2301 2335 6.16134 8.85564 0.161202
2302 2336 6.16029 8.85564 0.161203
2303 2337 6.15917 8.85564 0.161192
2304 2337 6.15948 8.85564 0.161168
2305 2337 6.16016 8.85564 0.16116
2306 2338 6.15872 8.85564 0.161155
2307 2340 6.1562 8.85564 0.161154
2308 2341 6.15457 8.85564 0.161123
2309 2343 6.15158 8.85564 0.161109
2310 2343 6.1521 8.85564 0.161103
2311 2344 6.15123 8.85564 0.161093
2312 2344 6.15122 8.85564 0.161075
2313 2344 6.15168 8.85564 0.161068
2314 2345 6.15103 8.85564 0.161062
2315 2345 6.15103 8.85564 0.161062
2316 2346 6.14933 8.85564 0.161076
2317 2346 6.14991 8.85564 0.161054
2318 2346 6.14995 8.85564 0.161073
2319 2346 6.14999 8.85564 0.161081
2320 2346 6.15019 8.85564 0.161044
2321 2346 6.15112 8.85564 0.161048
2322 2349 6.14983 8.85564 0.161048
2323 2350 6.14854 8.85564 0.161083
2324 2350 6.14858 8.85564 0.161082
2325 2352 6.14574 8.85564 0.161118
2326 2354 6.14508 8.85564 0.161179
2327 2354 6.14542 8.85564 0.161186
2328 2355 6.1445 8.85564 0.161164
2329 2356 6.14335 8.85564 0.161183
2330 2357 6.14399 8.85564 0.161187
2331 2357 6.14769 8.85564 0.161163
2332 2357 6.14803 8.85564 0.161165
2333 2360 6.14523 8.85564 0.161165
2334 2360 6.14588 8.85564 0.161196
2335 2360 6.14592 8.85564 0.161168
2336 2363 6.14241 8.85564 0.16116
2337 2364 6.14228 8.85564 0.161159
2338 2364 6.14228 8.85564 0.161159
2339 2365 6.1413 8.85564 0.161148
2340 2366 6.1411 8.85564 0.161192
2341 2367 6.14034 8.85564 0.161204
2342 2368 6.1386 8.85564 0.161166
2343 2368 6.13932 8.85564 0.16119
2344 2370 6.13692 8.85564 0.161165
2345 2370 6.1387 8.85564 0.161218
2346 2370 6.13882 8.85564 0.161236
2347 2370 6.13924 8.85564 0.161282
2348 2370 6.13947 8.85564 0.16126
2349 2370 6.1399 8.85564 0.161236
2350 2370 6.1399 8.85564 0.161236
2351 2370 6.14004 8.85564 0.161248
2352 2370 6.14034 8.85564 0.161251
2353 2370 6.14036 8.85564 0.16125
2354 2371 6.13948 8.85564 0.161278
2355 2371 6.13948 8.85564 0.161278
2356 2371 6.13973 8.85564 0.161295
2357 2371 6.13986 8.85564 0.161277
2358 2371 6.13988 8.85564 0.161262
2359 2372 6.14016 8.85564 0.161239
2360 2373 6.14052 8.85564 0.161223
2361 2373 6.14058 8.85564 0.161225
2362 2373 6.14105 8.85564 0.161224
2363 2373 6.14122 8.85564 0.161253
2364 2373 6.14173 8.85564 0.16124
2365 2373 6.14173 8.85564 0.16124
2366 2373 6.14206 8.85564 0.161212
2367 2373 6.14213 8.85564 0.161199
2368 2373 6.14252 8.85564 0.161197
2369 2374 6.14071 8.85564 0.161214
2370 2374 6.14101 8.85564 0.161201
2371 2374 6.14137 8.85564 0.161197
2372 2374 6.14146 8.85564 0.161212
2373 2375 6.13969 8.85564 0.161223
2374 2375 6.14016 8.85564 0.161242
2375 2376 6.13935 8.85564 0.161227
2376 2378 6.13802 8.85564 0.16122
2377 2378 6.13869 8.85564 0.161247
2378 2378 6.13869 8.85564 0.161247
2379 2378 6.13906 8.85564 0.161246
2380 2379 6.13876 8.85564 0.161255
2381 2379 6.13874 8.85564 0.161236
2382 2379 6.13874 8.85564 0.161236
2383 2379 6.1393 8.85564 0.161228
2384 2379 6.13937 8.85564 0.161216
2385 2379 6.13953 8.85564 0.161218
2386 2379 6.13966 8.85564 0.161216
2387 2379 6.13992 8.85564 0.161198
2388 2379 6.13992 8.85564 0.161198
2389 2379 6.14024 8.85564 0.161193
2390 2379 6.14024 8.85564 0.161193
2391 2379 6.14087 8.85564 0.161211
2392 2379 6.14106 8.85564 0.161206
2393 2379 6.1415 8.85564 0.161212
2394 2379 6.1415 8.85564 0.161212
2395 2379 6.14157 8.85564 0.161223
2396 2379 6.14157 8.85564 0.161223
2397 2379 6.14157 8.85564 0.161223
2398 2380 6.14092 8.85564 0.161228
2399 2380 6.14091 8.85564 0.161226
2400 2380 6.1414 8.85564 0.16126
2401 2380 6.14185 8.85564 0.161251
2402 2380 6.1427 8.85564 0.161241
2403 2380 6.14285 8.85564 0.161247
2404 2380 6.14289 8.85564 0.161274
2405 2382 6.14052 8.85564 0.161317
2406 2382 6.14055 8.85564 0.161295
2407 2382 6.14097 8.85564 0.161305
2408 2383 6.14046 8.85564 0.161307
2409 2383 6.14052 8.85564 0.161321
2410 2383 6.14068 8.85564 0.161305
2411 2385 6.13781 8.85564 0.161308
2412 2386 6.13814 8.85564 0.161296
2413 2387 6.13709 8.85564 0.161287
2414 2388 6.13651 8.85564 0.161297
2415 2388 6.13667 8.85564 0.161288
2416 2389 6.13668 8.85564 0.161268
2417 2389 6.13668 8.85564 0.161268
2418 2389 6.1369 8.85564 0.161274
2419 2389 6.13704 8.85564 0.161287
2420 2390 6.13565 8.85564 0.161318
2421 2390 6.13565 8.85564 0.161318
2422 2390 6.13608 8.85564 0.161308
2423 2390 6.1363 8.85564 0.161322
2424 2392 6.13493 8.85564 0.16133
2425 2392 6.13653 8.85564 0.161292
2426 2392 6.13735 8.85564 0.161251
2427 2393 6.13775 8.85564 0.161228
2428 2395 6.13619 8.85564 0.161256
2429 2396 6.13731 8.85564 0.161272
2430 2396 6.13739 8.85564 0.161226
2431 2396 6.13778 8.85564 0.161234
2432 2396 6.13846 8.85564 0.161203
2433 2397 6.13885 8.85564 0.1612
2434 2399 6.13678 8.85564 0.161193
2435 2402 6.13245 8.85564 0.161189
2436 2402 6.13284 8.85564 0.161204
2437 2403 6.13153 8.85564 0.161236
2438 2403 6.13153 8.85564 0.161236
2439 2403 6.13175 8.85564 0.161199
2440 2403 6.13175 8.85564 0.161199
2441 2404 6.13017 8.85564 0.161196
2442 2404 6.13026 8.85564 0.161188
2443 2404 6.13084 8.85564 0.161194
2444 2406 6.12874 8.85564 0.161169
2445 2406 6.12932 8.85564 0.161165
2446 2406 6.12942 8.85564 0.161144
2447 2407 6.12756 8.85564 0.161173
