12602    0.8 0 0 0.8 0 0.4  0.00811134 0.025 0.525 0.225 0.625 1 0.075 0.35 0.025 0.275 0.85 0 0.725 0.975 0.025 1 0.5 0.05 1 0.8 0.875 0.425 0.6 0.975 
12603    0.8 0 0 0.8 0 0.6  -0.0188406 0.275 0.675 0.925 0.425 1 0.6 0.95 0.45 0.25 0.85 0 0.925 0.975 0.025 1 0.5 0.05 1 0.775 0.575 0.3 0.3 0.25 
12604    0.8 0 0 0.8 0 0.8  0.322498 0.475 0.2 0.875 0.6 1 0.45 0.775 0.625 0.375 0.825 0 0 0.975 0.875 0.55 0.5 0.25 1 0.575 0.075 0.45 0.15 0 
12607    0.8 0 0 0.8 0.2 0.4  -0.000496904 0.075 0.2 0.15 0.575 0.75 0.075 0.9 0.625 0.6 0.5 0.225 0.9 0.975 0.025 0.575 0.975 0.05 1 0.8 0.875 0.775 0.125 0.975 
12608    0.8 0 0 0.8 0.2 0.6  0.0479892 0.025 0.675 0 0.625 0.1 0.075 0.65 0.55 0.25 0.05 0.3 0.35 0.975 0.025 0.6 0 0.05 1 0.8 0.425 0.075 0.275 0 
12609    0.8 0 0 0.8 0.2 0.8  0.270155 0.125 0.675 0.1 0.35 0.1 0.075 0.7 0.55 0.9 0.925 0.525 0.35 0.975 0.025 0.6 0.625 0.05 1 0.8 0.7 0.075 0.275 0 
12610    0.8 0 0 0.8 0.4 0  0.0134062 0.3 0.2 0.65 0.625 0.75 0.075 0.075 0.575 0.75 0.35 0.3 0.025 0.975 0.9 0.45 0.575 0.05 0.425 0.25 0.8 0.075 0.05 0.8 
12611    0.8 0 0 0.8 0.4 0.2  0.257531 0.05 0.325 0.1 0.625 0.675 0.075 0.15 0.1 0.75 0.85 0.175 0.7 0.975 0.025 1 0.975 0.05 1 0.8 0.875 0.65 0.25 0.925 
12612    0.8 0 0 0.8 0.4 0.4  -0.00233262 0.125 0.2 0.15 0.575 0.75 0.075 0.9 0.625 0.6 0.5 0.225 0.625 0.975 0.025 0.575 0.975 0.05 1 0.8 0.875 0.775 0.125 0.975 
12613    0.8 0 0 0.8 0.4 0.6  0.252289 0.125 0.675 0.1 0.35 0.1 0.075 0.7 0.55 0.9 0.925 0.525 0.575 0.975 0.025 0.6 0.625 0.05 1 0.8 0.525 0.075 0.275 0 
12614    0.8 0 0 0.8 0.4 0.8  0.238363 0.35 0.2 0.1 0.625 0.75 0.3 0.6 0.175 0.35 0.075 0.05 0.725 0.975 0.025 0.5 0.975 0.05 1 0.8 0.75 0.825 0.05 0.05 
12615    0.8 0 0 0.8 0.6 0  -0.0273281 0.3 0.2 0.65 0.625 0.75 0.05 0.55 0.575 0.75 0.35 0.3 0.875 0.975 0.9 0.45 0.575 0.05 0.425 0.25 0.8 0.075 0.05 0.8 
12616    0.8 0 0 0.8 0.6 0.2  0.256712 0.225 0.2 0.1 0.625 0.8 0.075 0.825 0.8 0.725 0.275 0.3 0.925 0.975 0.025 0.6 0.15 0.05 1 0.975 0.8 0.075 0.4 0 
12617    0.8 0 0 0.8 0.6 0.4  -0.00824006 0.225 0 0.75 0.675 1 0.075 0.7 0 0.375 0.85 0.025 0.55 1 0.075 0.675 0.3 0.05 1 0.55 0.9 0.75 0.125 0.85 
12618    0.8 0 0 0.8 0.6 0.6  -0.00747006 0.225 0 0.75 0.675 1 0.075 0.7 0 0.375 0.85 0.025 0.55 1 0.075 0.675 0.3 0.05 1 0.55 0.9 0.75 0.75 0.85 
12619    0.8 0 0 0.8 0.6 0.8  0.25954 0.125 0.675 0.1 0.35 0.1 0.075 0.75 0.55 0.9 0.925 0.525 0.35 0.975 0.025 0.6 0.625 0.05 1 0.8 0.7 0.075 0.275 0 
12620    0.8 0 0 0.8 0.8 0  0.278696 0.375 0.525 0.975 0.575 0.75 0.075 0.675 0.025 0.3 0.675 0.025 0.55 0.975 0.025 1 0.5 0.05 1 0.8 0.15 0.425 0 0.85 
12621    0.8 0 0 0.8 0.8 0.2  0.317316 0.35 0.2 0.225 0.675 0.875 0.45 0.975 0.075 0.075 0.775 0.025 0.35 0.975 0.025 1 0.975 0.05 1 0.8 0.725 0.075 0.175 0 
12622    0.8 0 0 0.8 0.8 0.4  0.294139 0.05 0.2 0.1 0.625 0.1 0.075 0.65 0.8 0.725 0.7 0.4 0.175 0.975 0.175 0.45 0 0.05 0.925 0.8 0.775 0.075 0.275 0.3 
12623    0.8 0 0 0.8 0.8 0.6  0.273346 0.525 0.55 0.1 0.35 0.1 0.25 0.3 0.55 0.9 0.925 0.7 0.35 0.975 0.025 0.6 0.625 0.775 1 0.8 0.7 0.075 1 0 
12624    0.8 0 0 0.8 0.8 0.8  0.279153 0.725 0.2 0.35 0.625 0.75 0.15 0.775 0.075 0.4 0.425 0.3 0.925 0.575 0.8 0.6 0.6 0.05 0.4 0.8 0.875 0.675 0.125 1 
12726    0.8 0 0.2 0.8 0 0.2  0.0023366 0.475 0.675 0.475 0.35 1 0.075 0.375 0.6 0.25 0.85 0 0.575 0.975 0.025 1 0.5 0.05 1 0.9 0.375 0.5 0.225 0.1 
12727    0.8 0 0.2 0.8 0 0.4  0.00341288 0.25 0.525 0.1 0.275 1 0.075 0.175 0 0.525 0.85 0 0.55 0.975 0.075 0.575 0.325 0.05 1 0.8 0.875 0.55 0.1 0.85 
12728    0.8 0 0.2 0.8 0 0.6  0.301986 0.125 0.2 0.575 0.625 0.75 0.075 0.75 0.8 0.15 0.575 0.975 0.925 0.775 0.025 0.6 0.075 0.05 0.925 0.8 0.875 0 0.4 0 
12729    0.8 0 0.2 0.8 0 0.8  0.31066 0.05 0.2 0.775 0.575 0.775 0.325 0.2 0.625 0.2 0.025 0.225 0.925 0.975 0.025 0.575 0.925 0.05 1 0.8 0.875 0.55 0.125 0.975 
12731    0.8 0 0.2 0.8 0.2 0.2  0.00274819 0.475 0.725 0.975 0.35 0.525 0.125 0.375 0.6 0.25 0.85 0 0.575 0.975 0.025 1 0.5 0.05 1 0.9 0.375 0.5 0.225 0.975 
12732    0.8 0 0.2 0.8 0.2 0.4  -0.00501918 0.275 0.95 0.925 0.425 1 0.2 0.95 0.3 0.25 0.925 0 0.4 0.975 0.025 1 0.5 0.3 0.9 1 0.5 0.3 0 0.25 
12733    0.8 0 0.2 0.8 0.2 0.6  0.22168 0.025 0.2 0.6 0.6 0.8 0.4 0.1 0.875 0.475 0.875 0.6 0.825 0.975 0.325 0.15 0 0.05 1 0.7 0.125 0.925 0.425 0 
12734    0.8 0 0.2 0.8 0.2 0.8  0.234575 0.1 0.675 0.1 0.35 0.1 0.075 0.025 0.55 0.5 0.925 0.3 0.35 0.975 0.025 0.6 0.625 0.05 1 0.8 0.775 0.075 0.275 0 
12735    0.8 0 0.2 0.8 0.4 0  0.389405 0.15 0.2 0.65 0.625 0.75 0.075 0.075 0.575 0.75 0.35 0.3 0.025 0.975 0.9 0.45 0.575 0.05 0.425 0.1 0.8 0.075 0.05 0.8 
12736    0.8 0 0.2 0.8 0.4 0.2  -0.00890593 0.35 0.45 0.525 0.45 0.925 0.075 0.375 0.075 0.175 0.275 0.075 0.65 0.975 0.025 0.625 0.825 0.05 1 0.8 0.725 0.175 0.25 0 
12737    0.8 0 0.2 0.8 0.4 0.4  0.28808 0.475 0.725 0.975 0.35 0.525 0.125 0.375 0.6 0.25 0.85 0.225 0.1 0.975 0.025 1 0.5 0 1 0.9 0.375 0.5 0.225 0.975 
12738    0.8 0 0.2 0.8 0.4 0.6  0.217192 0.125 0.675 0.1 0.35 0.1 0.075 0.65 0.55 0.25 0.925 0.525 0.35 0.975 0.025 0.6 0.625 0.05 1 0.8 0.7 0.075 0.275 0 
12739    0.8 0 0.2 0.8 0.4 0.8  0.366786 0.125 0.2 0.1 0.625 0.1 0.075 0.65 0.8 0.725 0.875 0.75 0.3 0.975 0.025 0.6 0 0.05 1 0.8 0.875 0.075 0.275 0 
12740    0.8 0 0.2 0.8 0.6 0  0.229502 0.125 0.85 0.1 0.625 0.1 0.25 0.65 0.8 0.725 0.45 0.225 0.925 0.825 0.025 0.525 0.225 0.05 1 0.8 0.875 0.075 0.275 0 
12741    0.8 0 0.2 0.8 0.6 0.2  0.259123 0.225 0.2 0.1 0.625 0.8 0.075 0.65 0.8 0.725 0.275 0.3 0.925 0.975 0.025 0.6 0.15 0.05 1 0.975 0.8 0.075 0.4 0 
12742    0.8 0 0.2 0.8 0.6 0.4  0.230052 0.35 0.375 0.1 0.575 0.75 0.075 0.65 0.625 0.35 0.85 0.225 0.925 0.975 0.025 1 0.975 0.05 1 0.8 0.875 0.075 0.125 0 
12743    0.8 0 0.2 0.8 0.6 0.6  0.253344 0.275 0.925 0.925 0.425 1 0.2 0.95 0.3 0.25 0.875 0 0.4 0.975 0.025 1 0.5 0.925 0.9 1 0.5 0.3 0 0.25 
12744    0.8 0 0.2 0.8 0.6 0.8  0.23449 0.35 0.2 0.1 0.625 0.75 0.075 0.65 0.175 0.35 0.075 0.05 0.725 0.975 0.025 0.5 0.975 0.05 1 0.8 0.875 0.825 0.05 0.05 
12745    0.8 0 0.2 0.8 0.8 0  0.39464 0.325 0.2 0.45 0.55 0.8 0.175 0.325 0.175 0.125 0.225 0.25 0.15 1 0.85 0.625 0.725 0.05 1 0.975 0.075 0.1 0.25 0 
12746    0.8 0 0.2 0.8 0.8 0.2  0.305177 0.125 0.675 0.1 0.625 0.1 0.025 0.65 0.55 0.25 0.05 0.3 0.35 0.975 0.075 0.6 0 0.05 1 0.8 0.7 0.075 0.3 0 
12747    0.8 0 0.2 0.8 0.8 0.4  -0.00233773 0.375 0.525 0.925 0.575 1 0.075 0.675 0.125 0.3 0.825 0.025 0.55 0.975 0.025 1 0.5 0.05 0.6 0.8 0.775 0.425 0.3 0.85 
12748    0.8 0 0.2 0.8 0.8 0.6  -0.132311 0.125 0.675 0.1 0.35 0.1 0.075 0.025 0.55 0.25 0.925 0.3 0.35 0.975 0.025 0.6 0.625 0.05 1 0.8 0.7 0.075 0.275 0 
12749    0.8 0 0.2 0.8 0.8 0.8  0.258268 0.425 0.2 0 0.625 0.75 0.075 0.025 0.8 0.725 0.875 0.425 0.925 0.975 0.025 0.6 0 0.9 0.925 0.8 0.875 0 0.125 0 
12851    0.8 0 0.4 0.8 0 0.2  0.0136397 0.375 0.675 0.225 0.35 1 0.075 0.05 0.5 0.25 0.85 0 0.4 0.975 0.025 1 0.5 0.05 1 0.1 0.375 0.5 0.6 0.1 
12852    0.8 0 0.4 0.8 0 0.4  0.00147633 0.25 0.525 0.775 0.275 1 0.075 0.3 0 0.525 0.85 0 0.55 0.975 0.075 0.575 0.9 0.05 1 0.8 0.9 0.75 0.1 0.85 
12853    0.8 0 0.4 0.8 0 0.6  0.241993 0.05 0.2 0.775 0.575 0.75 0.325 0.2 0.625 0.2 0.075 0.225 0.925 0.975 0.025 0.575 0.925 0.05 1 0.8 0.875 0.45 0.125 0.975 
12854    0.8 0 0.4 0.8 0 0.8  0.263345 0.05 0.2 0.65 0.625 0.75 0.325 0.35 0.625 0.2 0.375 0.425 0.925 0.975 0.025 0.575 0.925 0.05 1 0.8 0.875 0.55 0.125 0.975 
12857    0.8 0 0.4 0.8 0.2 0.4  0.0306308 0.125 0.675 0.1 0.35 0.1 0.075 0.65 0.55 0.25 0.05 0.3 0.35 0.975 0.025 0.6 0 0.05 1 0.8 0.7 0.075 0.275 0 
12858    0.8 0 0.4 0.8 0.2 0.6  0.0396912 0.125 0.675 0.1 0.35 0.1 0.025 0.475 0.55 0.25 0.05 0.3 0.6 0.975 0.025 0.6 0 0.05 1 0.8 0.7 0.075 0.3 0 
12859    0.8 0 0.4 0.8 0.2 0.8  0.0281686 0.35 0.2 0.525 0.65 0.85 0.075 0.375 0.075 0.175 0.275 0.125 0.65 0.975 0.025 0.625 0.975 0.05 1 0.8 0.725 0.075 0.075 0 
12862    0.8 0 0.4 0.8 0.4 0.4  0.225489 0.6 0.2 0.1 0.625 0.675 0.075 0.1 0.075 0.125 0.85 1 0.7 0.975 0.025 1 0.975 0.05 1 0.8 0.875 0.9 0.25 0 
12863    0.8 0 0.4 0.8 0.4 0.6  0.0308908 0.125 0.675 0.1 0.325 0.1 0.075 0.025 0.55 0.175 0.05 0.3 0.35 0.975 0.025 0.6 0 0.05 1 0.8 0.4 0.075 0.275 0 
12976    0.8 0 0.6 0.8 0 0.2  0.0233908 0.35 0.225 0.1 0.175 0.825 0.075 0.525 0.625 0.35 0.725 0.25 0.6 0.975 0.025 1 0.975 0.05 1 0.8 0.275 0.075 0.125 0 
12977    0.8 0 0.6 0.8 0 0.4  0.144298 0.05 0.2 0.775 0.4 0.75 0.325 0.2 0.625 0.2 0.075 0.225 0.925 0.975 0.025 0.575 0.925 0.05 1 0.8 0.875 0.45 0.125 0.975 
12978    0.8 0 0.6 0.8 0 0.6  0.0160673 0.05 0.2 0.7 0.575 0.75 0.025 0.2 0.625 0.2 0.075 0.225 0.925 0.975 0.025 0.575 0.925 0.05 1 0.8 0.875 0.55 0.125 0.975 
12979    0.8 0 0.6 0.8 0 0.8  0.0171329 0.35 0.225 0.525 0.175 0.825 0.075 0.525 0.625 0.35 0.725 0.25 0.6 0.975 0.025 1 0.975 0.05 1 0.8 0.275 0.2 0.125 0 
12981    0.8 0 0.6 0.8 0.2 0.2  0.0469912 0.375 0.2 0.625 0.65 0.125 0.075 0.15 0.725 0.375 0.325 0 0.875 0.975 0.275 1 0.5 0.275 1 0.8 0.1 0.5 0 0.975 
12982    0.8 0 0.6 0.8 0.2 0.4  0.0499138 0.375 0.2 0.625 0.65 0.125 0.075 0.3 0.725 0.375 0.325 0 0.875 0.975 0.275 1 0.5 0.275 1 0.8 0.075 0.5 0 0.9 
12983    0.8 0 0.6 0.8 0.2 0.6  0.021414 0.225 0.2 0.775 0.4 0.575 0.325 0.2 0.625 0.2 0.025 0.225 0.925 0.975 0.025 0.575 0.925 0.05 1 0.8 0.875 0.55 0.125 0 
13100    0.8 0 0.8 0.8 0 0  0.194641 0.35 0.2 0.95 0.625 0.35 0.075 0.75 0.075 0.075 0.95 0.025 0.475 0.55 0.025 1 0.975 0.05 1 0.675 0.45 0.075 0.125 0 
13101    0.8 0 0.8 0.8 0 0.2  0.245187 0.05 0.2 0.775 0.575 0.75 0.325 0.2 0.625 0.2 0.075 0.225 0.925 0.975 0.025 0.575 0.95 0.05 1 0.8 0.875 0.45 0.125 0.975 
13102    0.8 0 0.8 0.8 0 0.4  0.016597 0.35 0.2 0.1 0.575 0.75 0.075 0.225 0.625 0.325 0.4 0.45 0.925 0.975 0.025 1 0.975 0.05 1 0.8 0.875 0.45 0.125 0 
13103    0.8 0 0.8 0.8 0 0.6  0.0185576 0.35 0.2 0.1 0.575 0.925 0.075 0.675 0.625 0.325 0.4 0.125 0.625 0.975 0.025 1 0.975 0.05 1 0.8 0.1 0.425 0.1 0.9 
13104    0.8 0 0.8 0.8 0 0.8  0.205582 0.5 0.2 0.1 0.625 0.675 0.075 0.65 0.075 0.125 0.025 0.225 0.7 0.975 0.925 1 0.975 0.05 1 0.05 0.05 0.075 0.25 0 
13106    0.8 0 0.8 0.8 0.2 0.2  0.0178413 0.35 0.2 0.1 0.575 0.5 0.075 0.675 0.625 0.325 0.4 0.125 0.625 0.975 0.025 1 0.975 0.05 1 0.8 0.1 0.45 0.125 0 
13107    0.8 0 0.8 0.8 0.2 0.4  0.0206399 0.225 0.2 0.775 0.7 0.575 0.325 0.2 0.625 0.2 0.025 0.225 0.925 0.975 0.025 0.575 0.925 0.05 1 0.8 0.875 0.55 0.125 0 
13225    0.8 0.2 0 0.8 0 0  -0.0257116 0.125 0.2 0.8 0.625 0.75 0.075 0.35 0.8 0.725 0.9 0.325 0.7 0.975 0.025 0.425 0.975 0.05 0.425 0.8 0.875 0.075 0.05 0.8 
13226    0.8 0.2 0 0.8 0 0.2  -0.0216479 0.125 0.2 0.6 0.625 0.9 0.075 0.35 0.8 0.725 0.35 0.325 0.7 0.975 0.025 0.425 0.975 0.05 0.425 0.8 0.875 0.525 0.05 0.8 
13227    0.8 0.2 0 0.8 0 0.4  -0.0237247 0.275 0.7 0.925 0.425 1 0.2 0.95 0.45 0.25 0.875 0 0.4 0.975 0.825 1 0.5 0.05 1 1 0.5 0.3 0.3 0.25 
13229    0.8 0.2 0 0.8 0 0.8  0.307372 0.325 0.2 0.65 0.625 1 0.075 0.475 0.35 0.375 0.45 0 0.95 0.975 0.425 1 0.5 0.25 1 0.8 1 0.5 0.125 0.925 
13230    0.8 0.2 0 0.8 0.2 0  -0.0299935 0.125 0.2 0.8 0.625 0.75 0.075 0.35 0.8 0.725 0.35 0.325 0.7 0.975 0.025 0.425 0.975 0.05 0.425 0.8 0.875 0.075 0.05 0.8 
13231    0.8 0.2 0 0.8 0.2 0.2  0.450966 0.3 0.2 0.875 0.625 0.8 0.075 0.775 0.8 0.725 0.05 0.325 0.3 0.975 0.025 0.425 0.975 0.05 0.425 0.8 0.875 0.55 0.05 0.75 
13233    0.8 0.2 0 0.8 0.2 0.6  0.000195172 0.3 0.2 1 0.625 1 0.075 0.55 0.125 0.375 0.3 0 0.075 0.975 0.025 1 0.5 0.25 1 0.8 1 0.5 0.525 0.025 
13234    0.8 0.2 0 0.8 0.2 0.8  0.0872651 0.05 0.2 0.775 0.55 0.75 0.325 0.35 0.625 0.95 0.2 0.125 0.925 0.975 0.025 0.825 0.925 0.05 1 0.8 0.875 0.55 0.125 0.975 
13235    0.8 0.2 0 0.8 0.4 0  0.319068 0.325 0.2 0.525 0.6 0.675 0.525 0.575 0.8 0.775 0.45 0.3 0.375 0.975 0.025 0.425 0.975 0.05 0.425 0.8 0.85 0.075 0.05 0.975 
13236    0.8 0.2 0 0.8 0.4 0.2  0.246686 0.4 0.875 0.425 0.3 0.75 0.3 0.775 0.075 1 0.7 0.725 0.925 0.85 0.025 0.6 0.975 0.875 0.4 0.8 0.625 0.95 0.175 1 
13237    0.8 0.2 0 0.8 0.4 0.4  0.0461445 0.35 0.2 0.1 0.025 0.625 0.075 1 0.625 0.975 0.75 0.375 1 0.975 0.025 1 0.975 0.05 1 0.8 0.875 0.075 0.125 0 
13238    0.8 0.2 0 0.8 0.4 0.6  0.0339101 0.35 0.2 0.1 0.025 0.625 0.075 1 0.625 0.325 0.85 0.4 1 0.975 0.025 1 0.975 0.05 1 0.8 0.875 0.075 0.125 0 
13240    0.8 0.2 0 0.8 0.6 0  0.201871 0.375 0.5 0.975 0.575 1 0.075 0.675 0.025 0.3 0.825 0.025 0.55 0.975 0.025 1 0.5 0.05 1 0.8 0.15 0.425 0 0.85 
13241    0.8 0.2 0 0.8 0.6 0.2  -0.0178704 0.15 0.2 0.575 0.475 0.8 0.075 0.975 0.225 0.125 0.675 0.6 0.15 0.975 0.85 0.6 0.225 0.05 1 0.975 0.125 0.925 0.45 0 
13242    0.8 0.2 0 0.8 0.6 0.4  0.252354 0.725 0.2 0.4 0.625 0.1 0.1 0.275 0.8 0.675 0.7 0.4 0.925 0.975 1 0.45 0 0.05 1 0.825 0.875 0.65 1 0 
13243    0.8 0.2 0 0.8 0.6 0.6  0.00153478 0.375 0.525 0.925 0.325 1 0.075 0.675 0.125 0.3 0.825 0.025 0.55 0.975 0.025 1 0.5 0.05 0.6 0.8 0.775 0.425 0.3 0.85 
13244    0.8 0.2 0 0.8 0.6 0.8  0.00221042 0.375 0.5 0.975 0.575 1 0.075 0.675 0.425 0.3 0.825 0.025 0.725 0.975 0.025 0.975 0.5 0.05 1 0.8 0.15 0.425 0 0 
13245    0.8 0.2 0 0.8 0.8 0  0.396973 0.125 0.2 0.8 0.625 0.75 0.075 0.975 0.275 0.725 0.35 0.35 0 0.975 0.075 0.425 0.025 0.05 0.425 0.8 0.85 0.075 0.375 0.8 
13246    0.8 0.2 0 0.8 0.8 0.2  0.316701 0.75 0.6 0.025 0.625 0.25 0.075 0.15 0.8 0.725 0.025 0.3 0.7 0.975 0.075 1 0.95 0.05 0.6 0.8 0.9 0.675 0.85 0.7 
13247    0.8 0.2 0 0.8 0.8 0.4  0.309629 0.75 0.6 0.025 0.675 0.25 0.075 0.15 0.8 0.725 0.15 0.3 0.7 0.975 0.075 1 0.95 0.05 0.6 0.8 0.9 0.675 0.85 0.7 
13248    0.8 0.2 0 0.8 0.8 0.6  0.00138387 0.375 0.2 0.975 0.625 1 0.25 0.775 0.775 0.375 0.925 0.225 0.95 0.975 0.025 1 0.5 0.25 1 0.8 1 0.5 0.675 0 
13249    0.8 0.2 0 0.8 0.8 0.8  0.00243284 0.225 0.1 0.725 0.375 0.425 0.075 0.15 0.15 0.725 0.875 0.125 0.525 0.975 0.475 0.175 0.725 0.05 1 0.75 0.2 0.125 0.3 1 
13351    0.8 0.2 0.2 0.8 0 0.2  0.264919 0.4 0.875 0.425 0.35 0.75 0.3 0.775 0.075 1 0.7 0.725 0.925 0.85 0.025 0.6 0.975 0.875 0.4 0.8 0.625 0.95 0.175 1 
13352    0.8 0.2 0.2 0.8 0 0.4  0.288951 0.25 0.525 0.775 0.275 1 0.075 0.875 0 0.525 0.85 0 0.55 0.975 0.075 0.575 0.325 0.05 1 0.8 0.875 0.75 0 0.85 
13353    0.8 0.2 0.2 0.8 0 0.6  0.244005 0.05 0.2 0.775 0.55 0.75 0.325 0.6 0.625 0.95 0.7 0.225 0.925 0.975 0.025 0.575 0.925 0.05 1 0.8 0.875 0.55 0.125 0.975 
13354    0.8 0.2 0.2 0.8 0 0.8  0.214513 0.375 0.2 0.25 0.5 1 0.075 0.65 0.825 0.15 0.875 0 1 0.95 0.025 0.25 0.075 0.05 0.925 0.025 0.875 0.5 0.225 0 
13355    0.8 0.2 0.2 0.8 0.2 0  0.248957 0.125 0.2 0.5 0.625 0.75 0.15 0.65 0.075 0.125 0.375 0.3 0.925 0.575 0.8 0.6 0.6 0.05 0.8 0.8 0.875 0.675 0.125 0.95 
13356    0.8 0.2 0.2 0.8 0.2 0.2  0.245992 0.4 0.875 0.425 0.35 0.75 0.3 0.775 0.075 1 1 0.3 0.925 0.85 0.025 0.6 0.975 0.875 0.45 0.8 0.575 0.95 0.175 1 
13357    0.8 0.2 0.2 0.8 0.2 0.4  0.0602932 0.35 0.2 0.825 0.325 0.725 0.4 0.825 0.2 0.025 0.275 0.225 0.075 0.975 0.025 1 0.975 0.05 1 0.8 0.875 0.075 0.125 0.375 
13358    0.8 0.2 0.2 0.8 0.2 0.6  0.407819 0.05 0.2 0.775 0.55 0.75 0.325 0.35 0.625 0.95 0.675 0.125 0.925 0.975 0.025 0.575 0.925 0.05 1 0.8 0.875 0.55 0.125 0.975 
13359    0.8 0.2 0.2 0.8 0.2 0.8  0.109791 0.35 0.2 0.1 0.35 0.95 0.35 0.55 0.075 0.125 0.225 0.1 0.875 0.975 0.025 1 0.975 0.05 1 0.8 0.875 0.075 0.25 0 
13360    0.8 0.2 0.2 0.8 0.4 0  0.284418 0.4 0.375 0.1 0.575 0.75 0.075 0.75 0.625 0.35 0.65 0.1 1 0.975 0.4 0.925 0.975 0.05 1 0.775 0.875 0.8 0.125 0 
13361    0.8 0.2 0.2 0.8 0.4 0.2  0.225977 0.125 0.85 0.1 0.625 0.1 0.35 0.65 0.8 0.725 0.45 0.225 0.925 0.825 0.025 0.525 0.225 0.05 1 0.8 0.875 0.075 0.275 0 
13362    0.8 0.2 0.2 0.8 0.4 0.4  0.0443801 0.125 0.25 0.05 0.775 0.75 0.3 0.775 0.075 0.35 0 0.3 0.9 0.85 0.025 0.6 0.45 0.05 0.375 0.8 0.575 0.95 0.175 1 
13363    0.8 0.2 0.2 0.8 0.4 0.6  0.0477703 0.125 0.25 0.05 0.775 0.75 0.3 0.775 0.075 0.675 0 0.025 0.9 0.85 0.025 0.6 0.45 0.05 0.375 0.8 0.575 0.95 0.175 1 
13364    0.8 0.2 0.2 0.8 0.4 0.8  0.0360697 0.35 0.2 0.525 0.45 0.925 0.075 0.375 0.075 0.175 0.2 0.075 0.65 0.975 0.025 0.625 0.975 0.05 1 0.8 0.725 0.075 0.25 0 
13365    0.8 0.2 0.2 0.8 0.6 0  0.272475 0.125 0.2 0.35 0.625 0.75 0.15 0.65 0.075 0.375 0.775 0.3 0.925 0.575 0.8 0.825 0.6 0.05 0.8 0.8 0.3 0.675 0.125 0.95 
13366    0.8 0.2 0.2 0.8 0.6 0.2  0.306553 0.725 0.95 0.55 0.625 1 0.075 0.65 0 0.45 0.6 0.025 0.425 1 0.525 0.725 0.3 0.05 1 0.8 0.35 0.75 0 0.85 
13367    0.8 0.2 0.2 0.8 0.6 0.4  0.0535986 0.35 0.2 0.1 0.025 0.625 0.075 1 0.625 0.325 0.85 0.4 0.05 1 0.025 1 0.975 0.05 1 0.8 0.875 0.075 0.125 0 
13368    0.8 0.2 0.2 0.8 0.6 0.6  0.040209 0.125 0.3 0.05 0.775 0.75 0.3 0.775 0.075 0.35 0 0.3 0.9 0.85 0.025 0.6 0.45 0.05 0.375 0.8 0.575 0.95 0.175 1 
13369    0.8 0.2 0.2 0.8 0.6 0.8  -0.00438733 0.375 0.225 0.975 0.575 1 0.075 0.675 0.025 0.3 0.85 0.025 0.55 0.975 0.025 1 0.5 0.05 1 0.8 0 0.425 0.5 0.85 
13370    0.8 0.2 0.2 0.8 0.8 0  0.303119 0.7 0.2 0.65 0.55 0.8 0.175 0.675 0.475 0.125 0.225 0.6 0.375 1 0.85 0.625 0.725 0.05 1 0.975 0.075 0.925 0.25 0.925 
13371    0.8 0.2 0.2 0.8 0.8 0.2  0.397598 0.9 0.2 0.725 1 0.95 0.175 0.1 0.4 0.125 0.075 0.55 0.15 1 0.85 0.625 0.725 0.05 1 0.975 0.075 0.925 0.25 0 
13372    0.8 0.2 0.2 0.8 0.8 0.4  -0.0310484 0.25 0.2 0.525 0.625 1 0.075 0.575 0.8 0.075 0.125 0.3 0.975 0.9 0.025 0.6 0.75 0.05 1 0.8 0.875 0.45 0.475 0 
13476    0.8 0.2 0.4 0.8 0 0.2  0.273023 0.25 0.525 0.775 0.275 1 0.075 0.175 0 0.525 0.85 0 0.55 0.975 0.075 0.575 0.325 0.05 1 0.8 0.875 0.75 0.1 0.85 
13477    0.8 0.2 0.4 0.8 0 0.4  -0.00421468 0.575 0.2 0.775 0.425 1 0.225 0.05 0.6 0.25 0.9 0 0.95 0.975 0.025 1 0.375 0.05 1 0 0.875 0.475 0.55 0 
13478    0.8 0.2 0.4 0.8 0 0.6  0.175309 0.05 0.2 0.775 0.575 0.75 0.325 0.2 0.625 0.2 0.075 0.225 0.925 0.975 0.025 0.575 0.925 0.05 1 0.8 0.875 0.55 0.125 0.975 
13479    0.8 0.2 0.4 0.8 0 0.8  0.0235591 0.05 0.2 0.1 0.625 0.675 0.075 0.125 0.125 0.125 0.85 0.225 0.7 0.975 0.025 1 0.975 0.05 1 0.8 0.875 0.05 0.25 1 
13481    0.8 0.2 0.4 0.8 0.2 0.2  0.0268093 0.125 0.275 0.575 0.625 0.25 0.475 0.425 0.8 0.725 0.025 0.3 0.7 0.975 0.075 0.6 0.5 0.05 0.775 0.8 0.875 0.975 0.05 0.8 
13482    0.8 0.2 0.4 0.8 0.2 0.4  0.210746 0.05 0.2 0.775 0.575 0.575 0.325 0.2 0.625 0.2 0.025 0.225 0.925 0.975 0.025 0.575 0.925 0.05 1 0.8 0.875 0.55 0.125 0.975 
13483    0.8 0.2 0.4 0.8 0.2 0.6  0.207726 0.225 0.2 0.775 0.7 0.575 0.325 0.2 0.625 0.2 0.025 0.225 0.925 0.975 0.025 0.575 0.925 0.05 1 0.8 0.875 0.55 0.125 0.975 
13484    0.8 0.2 0.4 0.8 0.2 0.8  0.0418646 0.35 0.2 0.525 0.725 0.925 0.075 0.375 0.075 0.175 0.275 0.325 0.25 0.975 0.025 0.625 0.975 0.05 1 0.8 0.725 0.075 0.25 0 
13486    0.8 0.2 0.4 0.8 0.4 0.2  0.0595915 0.15 0.2 0.1 0.025 0.75 0.125 0.525 0.15 0.35 0.65 0.3 0.7 1 0.025 0.6 0.975 0.05 0.375 0.775 0.725 0.925 0.175 1 
13487    0.8 0.2 0.4 0.8 0.4 0.4  0.0516847 0.125 0.2 0.1 0.775 0.75 0.3 0.775 0.075 0.35 0.325 0.3 0.9 0.85 0.025 0.6 0.45 0.05 0.375 0.8 0.575 0.95 0.125 1 
13488    0.8 0.2 0.4 0.8 0.4 0.6  0.225692 0.05 0.2 0.775 0.725 0.575 0.325 0.2 0.625 0.275 0.025 0.225 0.925 0.975 0.025 0.725 0.925 0.05 1 0.8 0.875 0.55 0.125 0.975 
13489    0.8 0.2 0.4 0.8 0.4 0.8  0.0372503 0.35 0.2 0.675 0.45 0.775 0.075 0.375 0.075 0.175 0 0.075 0.65 0.975 0.025 1 0.975 0.05 1 0.8 0.725 0.075 0.05 0 
13490    0.8 0.2 0.4 0.8 0.6 0  -0.0104455 0.9 0.9 0.475 0.875 0.8 0.2 0.15 0.175 0.425 0.375 0.15 0.225 0.975 0.85 0.6 0.625 0.05 1 0.1 0.45 0.875 0.025 0.3 
13491    0.8 0.2 0.4 0.8 0.6 0.2  0.016297 0.425 0.2 0.925 0 1 0.2 0.85 0.45 0.325 0.875 0 0.375 0.975 0.025 1 0.5 0.6 1 0.225 0.5 0.3 0.15 0.975 
13492    0.8 0.2 0.4 0.8 0.6 0.4  0.0158461 0.425 0.2 0.925 0 1 0.2 0.65 0.45 0.325 0.875 0 0.375 0.975 0.025 1 0.5 0.6 1 0.225 0.5 0.3 0.15 0.975 
13601    0.8 0.2 0.6 0.8 0 0.2  0.270619 0.525 0.275 0.525 0.625 0.25 0.075 0.2 0.8 0.1 0.95 0.3 0.7 0.975 0.075 0.6 0.95 0.05 0.625 0.8 0.875 0.675 0.05 0.8 
13602    0.8 0.2 0.6 0.8 0 0.4  0.259937 0.45 0.275 0.025 0.7 0.25 0.075 0.525 0.8 0.025 0.875 0.225 0.175 0.975 0.075 0.975 0.875 0.05 0.6 0.8 0.9 0.675 0.05 0.8 
13603    0.8 0.2 0.6 0.8 0 0.6  0.299187 0.05 0.2 0.775 0.575 0.75 0.325 0.2 0.625 0.2 0.075 0.225 0.925 0.975 0.025 0.575 0.95 0.05 1 0.8 0.875 0.65 0.125 0.975 
13606    0.8 0.2 0.6 0.8 0.2 0.2  0.213052 0.4 0.875 0.425 0.35 0.75 0.5 0.775 0.075 1 0.975 0.3 0.925 0.85 0.025 0.6 0.975 0.875 0.45 0.8 0.575 0.95 0.175 1 
13607    0.8 0.2 0.6 0.8 0.2 0.4  0.249827 0.125 0.275 0.525 0.625 0.25 0.475 0.425 0.8 0.725 0.025 0.3 0.7 0.975 0.075 0.6 0.5 0.05 0.775 0.8 0.875 0.675 0.05 0.8 
13608    0.8 0.2 0.6 0.8 0.2 0.6  0.015412 0.45 0.275 0.025 0.625 0.25 0.075 0.15 0.8 0.725 0.025 0.3 0.7 0.975 0.075 1 0.95 0.05 0.6 0.8 0.9 0.675 0.05 0.8 
13612    0.8 0.2 0.6 0.8 0.4 0.4  0.0356387 0.05 0.2 0.775 0.575 0.575 0.325 0.125 0.625 0.2 0.025 0.225 0.075 0.975 0.025 0.575 0.925 0.05 1 0.8 0.875 0.55 0.125 0.2 
13725    0.8 0.2 0.8 0.8 0 0  0.255534 0.725 0.2 0.7 0.625 0.1 0.175 0.275 0.8 0.375 0.7 0.4 0.925 0.975 0.025 0.45 0 0.05 1 0.8 0.875 0.65 0.275 0 
13726    0.8 0.2 0.8 0.8 0 0.2  0.429127 0.45 0.275 0.025 0.7 0.25 0.075 0.125 0.8 0.025 0.875 0.225 0.7 0.975 0.075 0.975 0.875 0.05 0.6 0.8 0.9 0.675 0.05 0.8 
13727    0.8 0.2 0.8 0.8 0 0.4  0.0139605 0.45 0.275 0.025 0.7 0.25 0.075 0.15 0.8 0.725 0.875 0.3 0.7 0.975 0.075 1 0.95 0.05 0.6 0.8 0.9 0.675 0.05 0.8 
13730    0.8 0.2 0.8 0.8 0.2 0  0.0151504 0.125 0.275 0.525 0.475 0.25 0.475 0.975 0.8 0.725 0.025 0.3 0.7 0.975 0.075 0.6 0.5 0.05 0.85 0.8 0.875 0.675 0.05 0.7 
13731    0.8 0.2 0.8 0.8 0.2 0.2  0.0328561 0.35 0.2 0.1 0.15 0.625 0.075 0.35 0.625 0.325 0.125 0.275 0.05 1 0.025 0.525 0.975 0.05 1 0.8 0.875 0.075 0.075 0 
13732    0.8 0.2 0.8 0.8 0.2 0.4  0.0255544 0.125 0.2 0.3 0.575 0.75 0.075 0.225 0.625 0.35 0.625 0.225 0.925 0.975 0.025 0.575 0.975 0.05 1 0.8 0.875 0.55 0.125 0.975 
13850    0.8 0.4 0 0.8 0 0  -0.00407535 0.125 0.2 0.8 0.625 0.75 0.075 0.35 0.8 0.725 0.625 0.325 0.7 0.975 0.025 0.425 0.975 0.05 0.425 0.8 0.875 0.25 0.05 0.8 
13851    0.8 0.4 0 0.8 0 0.2  -0.0234493 0.275 0.75 0.925 0.425 1 0.5 0.95 0.45 0.225 0.625 0 0.925 0.975 0.025 1 0.5 0.05 1 0.875 0.575 0.3 0.3 0.25 
13852    0.8 0.4 0 0.8 0 0.4  -0.0241636 0.275 0.75 0.925 0.425 1 0.2 0.95 0.45 0.25 0.875 0 0.4 0.975 0.15 1 0.5 0.05 1 1 0.5 0.3 0.3 0.25 
13853    0.8 0.4 0 0.8 0 0.6  -0.00135666 0.575 0.2 0.775 0.425 1 0.225 0.05 0.6 0.25 0.6 0 0.95 0.975 0.025 1 0.375 0.05 1 0.8 0.875 0.475 0.175 0 
13854    0.8 0.4 0 0.8 0 0.8  0.00141695 0.375 0.2 1 0.65 1 0.075 0.775 0.725 0.375 0.325 0 0.875 0.975 0.025 1 0.5 0.275 1 0.8 1 0.5 0 0 
13855    0.8 0.4 0 0.8 0.2 0  0.336134 0.325 0.2 0.425 0.6 0.675 0.525 0.25 0.8 0.6 0.5 0.225 0.7 0.975 0.025 0.425 0.975 0.05 0.425 0.8 0.875 0.075 0.05 0.975 
13856    0.8 0.4 0 0.8 0.2 0.2  0.237048 0.3 0.2 0.875 0.625 0.8 0.075 0.775 0.8 0.725 0.35 0.325 0.3 0.975 0.025 0.425 0.975 0.05 0.425 0.8 0.875 0.325 0.05 0.75 
13857    0.8 0.4 0 0.8 0.2 0.4  0.000825126 0.3 0.2 1 0.625 1 0.075 0.525 0.125 0.375 0.3 0 0.15 0.975 0.025 1 0.5 0.25 1 0.8 1 0.5 0.275 0.025 
13858    0.8 0.4 0 0.8 0.2 0.6  -0.00333696 0.325 0.2 1 0.625 1 0.075 0.775 0.275 0.375 0.3 0 0.4 0.975 0.025 1 0.5 0.25 1 0.8 1 0.5 0.775 0 
13859    0.8 0.4 0 0.8 0.2 0.8  0.000322422 0.375 0.2 1 0.625 1 0.075 0.775 0.5 0.375 0.2 0 0.075 0.975 0.025 1 0.5 0.25 1 0.8 1 0.5 0.75 0 
13860    0.8 0.4 0 0.8 0.4 0  0.430581 0.325 0.2 0.525 0.6 0.675 0.525 0.575 0.8 0.35 0.45 0.3 0.375 0.975 0.025 0.425 0.975 0.05 0.425 0.8 0.85 0.075 0.05 0.975 
13861    0.8 0.4 0 0.8 0.4 0.2  0.416575 0.325 0.2 0.525 0.6 0.675 0.525 0.6 0.8 0.6 0.325 0.225 0.325 0.975 0.025 0.425 0.975 0.05 0.425 0.8 0.875 0.075 0.05 0.975 
13862    0.8 0.4 0 0.8 0.4 0.4  -0.000885561 0.375 0.275 1 0.625 1 0.075 0.925 0.425 0.375 0.55 0 0.125 0.975 0.025 1 0.5 0.275 1 0.8 1 0.5 0.35 0 
13863    0.8 0.4 0 0.8 0.4 0.6  -0.00164483 0.375 0.2 0.975 0.625 1 0.25 0.775 0.25 0.375 0.3 0 0.95 0.975 0.025 1 0.5 0.25 1 0.8 1 0.5 0.125 0 
13865    0.8 0.4 0 0.8 0.6 0  0.420419 0.325 0.2 0.05 0.575 0.675 0.525 0.625 0.8 0.125 0.5 0.225 0.6 0.975 0.025 0.425 0.975 0.05 0.425 0.8 0.875 0.075 0.05 0.975 
13866    0.8 0.4 0 0.8 0.6 0.2  0.29933 0.725 0.2 0.4 0.625 0.1 0.1 0.275 0.8 0.675 0.7 0.4 0.925 0.975 1 0.7 0 0.05 1 0.825 0.875 0.65 1 0 
13867    0.8 0.4 0 0.8 0.6 0.4  0.000615261 0.375 0.2 1 0.625 1 0.075 0.775 0.25 0.375 0.3 0 0.25 0.975 0.025 1 0.5 0.25 1 0.8 1 0.5 0.75 0 
13868    0.8 0.4 0 0.8 0.6 0.6  0.00581871 0.25 0.375 0.775 0.425 1 0.075 0.65 0 0.25 0.975 0.025 0.575 0.975 0.85 1 0.5 0.05 1 0.8 0.875 0.5 0.075 0 
13870    0.8 0.4 0 0.8 0.8 0  0.401114 0.125 0.2 0.8 0.625 0.75 0.075 0.775 0.275 0.725 0.35 0.35 0 0.975 0.075 0.425 0.025 0.05 0.425 0.8 0.85 0.075 0.375 0.8 
13871    0.8 0.4 0 0.8 0.8 0.2  0.244689 0.225 0.2 0.45 0.55 0.775 0.175 0.725 0.175 0.125 0.225 0.6 0.15 1 0.85 0.625 0.725 0.05 1 0.975 0.075 0.1 0.25 0 
13872    0.8 0.4 0 0.8 0.8 0.4  0.00111455 0.375 0.2 0.825 0.475 0.95 0.4 0.8 0.075 0.025 0.275 0.225 0.7 0.975 0.025 1 0.35 0.05 1 0.8 1 0.625 0.5 0.275 
13873    0.8 0.4 0 0.8 0.8 0.6  0.00432111 0.075 0.125 0.975 0.625 1 0.25 0.375 0.775 0.375 0.925 0.225 0.925 0.975 0.025 1 0.5 0.25 1 0.8 1 0.5 0.675 0.075 
13874    0.8 0.4 0 0.8 0.8 0.8  0.00316741 0.225 0.1 0.725 0.375 0.425 0.075 0.4 0 0.725 0.875 0.125 0.25 0.975 0.475 0.175 0.725 0.05 0.45 0.9 0.2 0.125 0.3 0.75 
13976    0.8 0.4 0.2 0.8 0 0.2  0.209578 0.4 0.875 0.425 0.35 0.75 0.3 0.775 0.075 1 0.975 0.3 0.925 0.85 0.025 0.6 0.975 0.875 0.45 0.8 0.575 0.95 0.175 1 
13977    0.8 0.4 0.2 0.8 0 0.4  0.330069 0.375 0.2 0.05 0.45 0.775 0.075 0.525 0 0.475 0.25 0.075 0.65 0.975 0.025 0.625 0.975 0.05 1 0.8 0.55 0.075 0.375 0.125 
13978    0.8 0.4 0.2 0.8 0 0.6  0.342958 0.375 0.675 0.225 0.35 1 0.15 0.05 0.5 0.25 0.85 0 0.4 0.975 0.025 1 0.575 0.05 0.55 0.1 0.375 0.5 0.6 0.1 
13979    0.8 0.4 0.2 0.8 0 0.8  0.0220055 0.35 0.2 0.525 0.45 0.675 0.075 0.3 0.075 0.075 0.1 0.15 0.65 0.975 0.025 0.625 0.975 0.05 1 0.8 0.875 0.075 0.25 0 
13980    0.8 0.4 0.2 0.8 0.2 0  0.297863 0.125 0.2 0.75 0.6 0.75 0.15 0.65 0.075 0.1 0.625 0.3 0.925 0.575 0.8 0.6 0.6 0.05 0.8 0.8 0.875 0.675 0.125 0.95 
13981    0.8 0.4 0.2 0.8 0.2 0.2  0.213496 0.375 0.525 0.575 0.625 0.325 0.075 0.35 0.025 0.175 0.85 0 0.8 0.825 0.025 1 0.5 0.05 1 0.95 0.025 0.425 0 0.075 
13982    0.8 0.4 0.2 0.8 0.2 0.4  0.143067 0.35 0.25 0.825 0.575 0.675 0.075 0.65 0.075 0.35 0.9 0.3 0.925 0.975 0.025 1 0.975 0.05 1 0.8 0.05 0.075 0.125 0 
13983    0.8 0.4 0.2 0.8 0.2 0.6  0.0482737 0.375 0.2 0.1 0.325 0.75 0.025 0.825 0.625 0.6 0.125 0.25 0.75 0.95 0.025 1 0.975 0.05 1 0.8 0.875 0.075 0.175 0 
13984    0.8 0.4 0.2 0.8 0.2 0.8  0.000608231 0.375 0.2 1 0.625 1 0.075 0.775 0.625 0.375 0.475 0 0.95 0.975 0.025 1 0.5 0.225 1 0.8 1 0.5 0.125 0 
13985    0.8 0.4 0.2 0.8 0.4 0  0.231019 0.125 0.2 0.5 0.625 0.75 0.15 0.65 0.075 0.125 0.625 0.3 0.925 0.575 0.8 0.6 0.6 0.05 0.8 0.8 0.875 0.675 0.125 0.95 
13986    0.8 0.4 0.2 0.8 0.4 0.2  0.304265 0.325 0.2 0.175 0.6 0.675 0.525 0.25 0.8 0.375 0.475 0.225 0.7 0.975 0.025 0.425 0.975 0.05 0.425 0.8 0.825 0.075 0.05 0.975 
13987    0.8 0.4 0.2 0.8 0.4 0.4  0.0513117 0.35 0.2 0.775 0.575 0.875 0.075 0.75 0.075 0.075 0.85 0.025 0.25 0.975 0.025 1 0.975 0.05 1 0.8 0.725 0.075 0.125 0 
13988    0.8 0.4 0.2 0.8 0.4 0.6  0.0999338 0.35 0.2 0.1 0.45 0.9 0.35 0.3 0.075 0.125 0.225 0.1 0.875 0.975 0.025 1 0.975 0.05 1 0.8 0.875 0.075 0.25 0 
13989    0.8 0.4 0.2 0.8 0.4 0.8  0.0405726 0.35 0.2 0.675 0.45 0.75 0.075 0.525 0.075 0.175 0 0.075 0.65 0.975 0.025 1 0.975 0.05 1 0.8 0.725 0.075 0.05 0 
13990    0.8 0.4 0.2 0.8 0.6 0  0.27395 0.125 0.2 0.45 0.65 0.75 0.15 0.65 0.075 0.1 0.625 0.3 0.925 0.575 0.8 0.4 0.6 0.05 0.8 0.8 0.875 0.675 0.125 0.95 
13991    0.8 0.4 0.2 0.8 0.6 0.2  0.292792 0.375 0.525 0.975 0.575 1 0.075 0.675 0.025 0.3 0.675 0.025 0.55 0.975 0.025 1 0.5 0.05 1 0.8 0.15 0.425 0 0.85 
13992    0.8 0.4 0.2 0.8 0.6 0.4  0.0462121 0.35 0.225 0.1 0.45 0.825 0.075 0.525 0.625 0.35 0.45 0.25 0.625 0.975 0.025 1 0.975 0.05 1 0.8 0.275 0.075 0.125 0 
13993    0.8 0.4 0.2 0.8 0.6 0.6  0.0550803 0.375 0.2 0.675 0.45 0.775 0.075 0.875 0 0.475 0.25 0.075 0.65 0.975 0.025 0.625 0.975 0.05 1 0.8 0.725 0.075 0.05 0 
13995    0.8 0.4 0.2 0.8 0.8 0  0.352344 0.325 0.2 0.575 0.55 0.8 0.175 0.55 0.175 0.125 0.225 0.6 0.15 1 0.85 0.625 0.725 0.05 1 0.975 0.075 0.925 0.25 0 
13996    0.8 0.4 0.2 0.8 0.8 0.2  0.306376 0.775 0.2 0.725 0.35 0.95 0.175 0 0.4 0.45 0.075 0.025 0.15 1 0.85 0.625 0.725 0.05 1 0.975 0.075 0.875 0.1 0 
13997    0.8 0.4 0.2 0.8 0.8 0.4  -0.0321021 0.025 0.075 0 0.9 0.75 0.075 0.675 0.425 0.4 0.025 0.3 0.05 0.95 0.025 0.425 0.725 0.05 1 0.8 0.875 0.55 0.525 0 
14101    0.8 0.4 0.4 0.8 0 0.2  0.223158 0.4 0.875 0.425 0.35 0.75 0.3 0.775 0.075 1 0.975 0.725 0.925 0.85 0.025 0.6 0.975 0.875 0.375 0.8 0.575 0.95 0.175 1 
14102    0.8 0.4 0.4 0.8 0 0.4  0.269837 0.525 0.275 0.25 0.575 0.25 0.475 0.175 0.8 0.725 0.025 0.3 0.7 0.975 0.075 0.6 0.5 0.05 0.775 0.8 0.875 0.675 0.05 0.7 
14103    0.8 0.4 0.4 0.8 0 0.6  0.0240574 0.05 0.175 0.1 0.625 0.675 0.075 0.15 0.1 0.75 0.85 0.1 0.7 0.975 0.025 1 0.975 0.05 1 0.8 0.875 0.075 0.25 1 
14104    0.8 0.4 0.4 0.8 0 0.8  0.0235313 0.35 0.2 0.525 0.45 0.675 0.075 0.3 0.075 0.7 0.05 0.1 0.65 0.975 0.025 0.625 0.975 0.05 1 0.8 0.875 0.075 0.25 0 
14105    0.8 0.4 0.4 0.8 0.2 0  0.00382495 0.125 0.2 0.1 0.625 0.75 0.15 0.625 0.075 0.425 0.075 0.075 0.925 0.575 0.025 0.6 0.6 0.05 1 0.8 0.875 0.65 0.125 0.7 
14106    0.8 0.4 0.4 0.8 0.2 0.2  0.211092 0.4 0.875 0.425 0.35 0.75 0.3 0.775 0.075 1 0.975 0.3 0.925 0.85 0.025 0.6 0.975 0.875 0.375 0.8 0.575 0.95 0.175 1 
14107    0.8 0.4 0.4 0.8 0.2 0.4  0.319759 0.125 0.275 0.475 0.575 0.25 0.35 0.85 0.8 1 0.025 0.3 0.725 0.925 0.075 0.6 0.5 0.05 0.475 0.8 0.875 0.675 0.05 0.7 
14108    0.8 0.4 0.4 0.8 0.2 0.6  0.0326003 0.325 0.2 0.1 0.025 0.75 0.075 0.225 0.625 0.35 0.075 0.225 0.925 0.975 0.025 0.575 0.975 0.05 1 0.8 0.775 0.9 0.175 0.975 
14110    0.8 0.4 0.4 0.8 0.4 0  -0.0145329 0.125 0.2 0.35 0.7 0.65 0.35 0.65 0.075 0.35 0.15 0.3 0.925 0.575 0.8 0.6 0.6 0.05 0.8 0.8 0.875 0.8 0.125 0.95 
14111    0.8 0.4 0.4 0.8 0.4 0.2  0.287651 0.35 0.2 0.1 0.575 0.75 0.075 0.775 0.075 0.425 0.925 0.45 0.725 0.975 0.025 1 0.975 0.05 0.225 0.8 0.875 0.05 0.125 0.975 
14112    0.8 0.4 0.4 0.8 0.4 0.4  0.298922 0.35 0.2 0.1 0.45 0.95 0.35 0.55 0.075 0.125 0.225 0.1 0.875 0.975 0.025 1 0.975 0.05 1 0.8 0.875 0.075 0.25 0 
14113    0.8 0.4 0.4 0.8 0.4 0.6  0.19917 0.05 0.2 0.775 0.775 0.575 0.325 0.2 0.625 0.2 0.025 0.225 0.925 0.975 0.025 0.575 0.925 0.05 1 0.8 0.875 0.55 0.125 0.975 
14116    0.8 0.4 0.4 0.8 0.6 0.2  0.052496 0.35 0.2 0.775 0.625 0.875 0.075 0.75 0.05 0.075 0.95 0.025 0.475 0.975 0.025 1 0.975 0.05 1 0.8 0.725 0.075 0.125 0 
14117    0.8 0.4 0.4 0.8 0.6 0.4  0.0501355 0.35 0.2 0.775 0.625 0.875 0.075 0.525 0.05 0.075 0.95 0.025 0.475 0.975 0.025 1 0.975 0.05 1 0.8 0.725 0.075 0.125 0 
14118    0.8 0.4 0.4 0.8 0.6 0.6  0.0469172 0.35 0.2 0.525 0.45 0.775 0.075 0.375 0.075 0.175 0.25 0.075 0.65 0.975 0.025 0.625 0.975 0.05 1 0.8 0.725 0.075 0.05 0 
14121    0.8 0.4 0.4 0.8 0.8 0.2  0.4624 0.9 0.2 0.725 1 0.95 0.175 0 0.4 0.125 0.075 0.55 0.15 1 0.85 0.625 0.725 0.05 1 0.975 0.075 0.925 0.3 0 
14122    0.8 0.4 0.4 0.8 0.8 0.4  0.253501 0.8 0.2 0.725 0.525 0.95 0.175 0 0.4 0.375 0.075 0.275 0.15 1 0.85 0.625 0.725 0.05 1 0.975 0.075 0.175 0.3 0 
14226    0.8 0.4 0.6 0.8 0 0.2  0.230776 0.35 0.2 0.15 0.45 0.675 0.075 0.3 0.075 0.375 0.45 0.85 0.65 0.975 0.025 0.625 0.975 0.05 1 0.8 0.875 0.075 0.4 0 
14227    0.8 0.4 0.6 0.8 0 0.4  0.0346699 0.175 0.2 0.1 0.625 0.675 0.075 0.1 0.075 0.125 0.85 0.225 0.7 0.975 0.025 1 0.975 0.05 1 0.8 0.875 0.075 0.25 0 
14231    0.8 0.4 0.6 0.8 0.2 0.2  0.0155426 0.125 0.275 0.475 0.575 0.25 0.35 0.975 0.8 0.725 0.175 0.3 0.725 0.975 0.075 0.6 0.5 0.05 0.475 0.8 0.875 0.675 0.05 0.7 
14232    0.8 0.4 0.6 0.8 0.2 0.4  0.0154024 0.125 0.275 0.475 0.575 0.25 0.35 0.975 0.8 0.725 0.025 0.3 0.725 0.975 0.075 0.6 0.5 0.05 0.475 0.8 0.875 0.675 0.05 0.7 
14233    0.8 0.4 0.6 0.8 0.2 0.6  0.0504455 0.35 0.175 0.525 0.45 0.925 0.075 0.375 0.075 0.175 0.2 0.2 0.65 0.975 0.025 0.625 0.975 0.05 1 0.8 0.725 1 0.25 0 
14236    0.8 0.4 0.6 0.8 0.4 0.2  0.0891143 0.125 0.275 0.475 0.575 0.25 0.475 0.975 0.8 0.725 0.025 0.3 0.7 0.975 0.075 0.6 0.5 0.05 0.475 0.8 0.875 0.675 0.05 0.7 
14350    0.8 0.4 0.8 0.8 0 0  0.261293 0.725 0.2 0.725 0.625 0.1 0.175 0.275 0.8 0.35 0.7 0.4 0.925 0.975 0.025 0.45 0 0.05 1 0.8 0.85 0.65 0.275 0 
14351    0.8 0.4 0.8 0.8 0 0.2  0.235613 0.35 0.2 0.15 0.45 0.675 0.075 0.3 0.075 0.375 0.425 0.85 0.65 0.975 0.025 0.625 0.975 0.05 1 0.8 0.875 0.075 0.4 0 
14475    0.8 0.6 0 0.8 0 0  0.229252 0.125 0.2 0.4 0.575 0.75 0.15 0.65 0.075 0.1 0.625 0.3 0.925 0.575 0.8 0.6 0.6 0.05 0.8 0.8 0.875 0.675 0.125 0.95 
14476    0.8 0.6 0 0.8 0 0.2  0.291666 0.125 0.2 0.75 0.575 0.75 0.15 0.65 0.075 0.1 0.625 0.3 0.925 0.575 0.8 0.6 0.6 0.05 0.8 0.8 0.875 0.675 0.125 0.95 
14477    0.8 0.6 0 0.8 0 0.4  -0.00587727 0.25 0.075 0.925 0.425 1 0.2 0.95 0.45 0.25 0.875 0 0.4 0.975 0.025 1 0.5 0.05 0.9 1 0.5 0.3 0 0.25 
14478    0.8 0.6 0 0.8 0 0.6  0.000150157 0.375 0.2 0.85 0.625 1 0.075 0.775 0.35 0.375 0.3 0 0.95 0.975 0.025 0.325 0.5 0.25 0.9 0.8 1 0.5 0.325 0 
14479    0.8 0.6 0 0.8 0 0.8  -0.000603037 0.575 0.075 0.775 0.425 1 0.225 0.05 0.7 0.25 0.6 0 0.95 0.975 0.025 1 0.375 0.05 1 0.8 0.875 0.475 0.175 0.925 
14480    0.8 0.6 0 0.8 0.2 0  0.422224 0.325 0.2 0.175 0.6 0.675 0.525 0.25 0.8 0.375 0.475 0.225 0.7 0.975 0.025 0.425 0.975 0.05 0.425 0.8 0.825 0.675 0.05 0.975 
14481    0.8 0.6 0 0.8 0.2 0.2  0.289456 0.4 0.875 0.95 0.3 0.75 0.3 0.775 0.075 1 0.7 0.725 0.925 0.85 0.025 0.9 0.975 0.875 0.4 0.8 0.625 0.95 0.175 1 
14482    0.8 0.6 0 0.8 0.2 0.4  0.0189464 0.375 0.375 1 0.625 1 0.075 0.775 0.025 0.375 0.2 0 0.775 0.975 0.025 1 0.5 0.275 1 0.8 1 0.5 0.85 0 
14483    0.8 0.6 0 0.8 0.2 0.6  -0.000113217 0.375 0.2 1 0.625 1 0.075 0.55 0.25 0.375 0.45 0 0.075 0.975 0.025 1 0.5 0.25 1 0.8 1 0.5 0.75 0 
14484    0.8 0.6 0 0.8 0.2 0.8  0.0183979 0.375 0.2 1 0.625 1 0.075 0.825 0.175 0.375 0.45 0 0.075 0.975 0.025 1 0.5 0.25 1 0.8 1 0.5 0.75 0 
14485    0.8 0.6 0 0.8 0.4 0  0.394533 0.325 0.2 0.05 0.6 0.675 0.525 0.25 0.8 0.6 0.5 0.225 0.7 0.975 0.025 0.425 0.975 0.05 0.425 0.8 0.875 0.075 0.05 0.975 
14486    0.8 0.6 0 0.8 0.4 0.2  0.460791 0.325 0.2 0.775 0.6 0.8 0.525 0.95 0.8 0.6 0.5 0.225 0.475 0.975 0.025 0.75 0.975 0.05 0.425 0.8 0.875 0.525 0.05 0.975 
14487    0.8 0.6 0 0.8 0.4 0.4  -0.000505947 0.3 0.2 1 0.625 1 0.075 0.875 0.35 0.375 0.3 0 0.65 0.975 0.025 1 0.5 0.25 1 0.8 1 0.5 0.175 0.075 
14488    0.8 0.6 0 0.8 0.4 0.6  0.000572555 0.375 0.2 1 0.625 1 0.075 0.775 0.25 0.375 0.3 0 0.95 0.975 0.025 1 0.5 0.25 1 0.8 1 0.5 0.125 0 
14489    0.8 0.6 0 0.8 0.4 0.8  0.000792619 0.375 0.2 1 0.625 1 0.075 0.775 0.35 0.375 0.3 0 0.95 0.975 0.025 1 0.5 0.25 1 0.8 1 0.5 0.85 0 
14490    0.8 0.6 0 0.8 0.6 0  0.386739 0.325 0.2 0.05 0.575 0.675 0.525 0.625 0.8 0.6 0.5 0.225 0.7 0.975 0.025 0.425 0.975 0.05 0.425 0.8 0.875 0.075 0.05 0.975 
14491    0.8 0.6 0 0.8 0.6 0.2  0.292811 0.325 0.2 0.775 0.6 0.8 0.525 0.95 0.8 0.625 0.5 0.3 0.35 0.975 0.025 0.8 0.975 0.05 0.425 0.8 0.875 0.525 0.05 0.975 
14492    0.8 0.6 0 0.8 0.6 0.4  0.0194862 0.3 0.2 1 0.625 1 0.075 0.475 0.35 0.375 0.3 0 0.075 0.975 0.025 1 0.5 0.25 1 0.8 1 0.5 0.175 0.075 
14495    0.8 0.6 0 0.8 0.8 0  0.315202 0.125 0.2 0.1 0.625 0.75 0.15 0.1 0.075 0.1 0.625 0.3 0.925 0.575 0.8 0.6 0.775 0.05 0.8 0.8 0.875 0.675 0.125 0.95 
14496    0.8 0.6 0 0.8 0.8 0.2  0.24273 0.325 0.2 0.45 0.55 0.775 0.175 0.725 0.175 0.125 0.225 0.6 0.15 1 0.85 0.625 0.725 0.05 1 0.975 0.075 0.1 0.25 0 
14497    0.8 0.6 0 0.8 0.8 0.4  -0.00563556 0.375 0.2 1 0.625 1 0.075 0.775 0.625 0.375 0.425 0.275 0.3 0.975 0.025 1 0.5 0.225 1 0.8 1 0.5 0.725 0 
14498    0.8 0.6 0 0.8 0.8 0.6  0.00214867 0.225 0.1 0.725 0.375 0.425 0.075 0.15 0.575 0.725 0.875 0.15 0.925 0.975 0.325 0.175 0.725 0.05 1 0.975 0.2 0.125 0.3 1 
14499    0.8 0.6 0 0.8 0.8 0.8  0.00329305 0.225 0.1 0.725 0.375 0.425 0.425 0.35 0.225 0.725 0.875 0.15 0.85 0.975 0.325 0.175 0.725 0.05 0.4 0.975 0.2 0.125 0.3 1 
14600    0.8 0.6 0.2 0.8 0 0  0.243066 0.725 0.2 0.6 0.625 0.1 0.175 0.275 0.8 0.35 0.7 0.4 0.225 0.975 0.025 0.45 0 0.05 1 0.8 0.95 0.65 0.275 0 
14601    0.8 0.6 0.2 0.8 0 0.2  0.194838 0.175 0.2 0.1 0.625 0.825 0.075 0.125 0.075 0.125 0.85 0.225 0.7 0.15 0.025 1 0.975 0.05 1 0.8 0.875 0.075 0.25 0 
14602    0.8 0.6 0.2 0.8 0 0.4  0.0368641 0.375 0.15 0.8 0.45 0.775 0 0.95 0 0.475 0.35 0.075 0.65 0.975 0.025 0.625 0.975 0.05 1 0.8 0.9 0.075 0.375 0.125 
14603    0.8 0.6 0.2 0.8 0 0.6  0.0379871 0.375 0.2 0.15 0.45 0.775 0.075 0.875 0 0.475 0.25 0.075 0.65 0.975 0.025 0.625 0.975 0.05 1 0.8 0.725 0.075 0.375 0 
14604    0.8 0.6 0.2 0.8 0 0.8  0.00232238 0.3 0.2 1 0.625 1 0.075 0.875 0.35 0.375 0.3 0 0.7 0.975 0.7 1 0.5 0.25 1 0.8 1 0.5 0.175 0.075 
14605    0.8 0.6 0.2 0.8 0.2 0  0.260799 0.125 0.075 0.775 0.85 0.025 0.35 0.975 0.425 0.725 0.025 0.3 0.8 0.975 1 0.6 0 0.05 1 0.8 0.875 0.375 0.525 0 
14606    0.8 0.6 0.2 0.8 0.2 0.2  0.241657 0.4 0.875 0.425 0.35 0.75 0.3 0.775 0.075 1 0.975 0.725 0.925 0.85 0.025 0.6 0.975 0.875 0.4 0.8 0.575 0.95 0.175 1 
14607    0.8 0.6 0.2 0.8 0.2 0.4  0.0469577 0.375 0.2 0.1 0.575 0.75 0.075 0.7 0.625 0.35 0.85 0.225 0.925 0.95 0.025 1 0.975 0.05 1 0.8 0.875 0.075 0.125 0 
14608    0.8 0.6 0.2 0.8 0.2 0.6  0.0440971 0.375 0.2 0.1 0.325 0.75 0.025 0.975 0.625 0.6 0.075 0.25 0.75 0.95 0.025 1 0.975 0.05 1 0.8 0.875 0.075 0.175 0 
14609    0.8 0.6 0.2 0.8 0.2 0.8  0.00109621 0.325 0.2 1 0.625 1 0.075 0.3 0.35 0.375 0.1 0 0.95 0.975 0.025 1 0.5 0.25 1 0.8 1 0.5 0.125 0.925 
14610    0.8 0.6 0.2 0.8 0.4 0  0.314925 0.325 0.2 0.05 0.575 0.675 0.525 0.375 0.8 0.6 0.5 0.225 0.7 0.975 0.025 0.425 0.975 0.05 0.425 0.8 0.875 0.075 0.05 0.975 
14611    0.8 0.6 0.2 0.8 0.4 0.2  0.263035 0.35 0.2 0.525 0.45 0.925 0.075 0.375 0.075 0.175 0.275 0.125 0.65 0.975 0.025 0.625 0.975 0.05 1 0.8 0.725 0.075 0.075 0 
14612    0.8 0.6 0.2 0.8 0.4 0.4  0.11899 0.375 0.2 0.1 0.525 0.75 0.075 0.7 0.625 0.35 0.85 0.225 0.925 0.95 0.025 1 0.975 0.05 1 0.8 0.875 0.075 0.125 0 
14615    0.8 0.6 0.2 0.8 0.6 0  0.267719 0.125 0.2 0.35 0.625 0.75 0.15 0.65 0.075 0.375 0.15 0.3 0.925 0.575 0.8 0.6 0.6 0.05 0.8 0.8 0.875 0.675 0.125 0.95 
14616    0.8 0.6 0.2 0.8 0.6 0.2  0.273794 0.125 0.2 0.35 0.625 0.75 0.15 0.65 0.075 0.45 0.625 0.3 0.925 0.575 0.8 0.6 0.6 0.05 0.8 0.8 0.875 0.675 0.125 0.95 
14617    0.8 0.6 0.2 0.8 0.6 0.4  -0.0251725 0.375 0.525 0.7 0.575 1 0.075 0.425 0.025 0.3 0.675 0.025 0.575 0.975 0.025 1 0.5 0.05 1 0.8 0.775 0.5 0 0.85 
14620    0.8 0.6 0.2 0.8 0.8 0  0.365703 0.7 0.2 0.475 0.45 0.95 0.175 0 0.4 0.45 0.075 0.275 0.15 1 0.85 0.625 0.725 0.05 1 0.975 0.25 0.775 0.3 0 
14621    0.8 0.6 0.2 0.8 0.8 0.2  0.416748 0.325 0.175 0.575 0.55 0.8 0.175 0.25 0.15 0.075 0.225 0.55 0.15 1 0.85 0.625 0.725 0.05 1 0.975 0.075 0.975 0.25 0 
14622    0.8 0.6 0.2 0.8 0.8 0.4  0.419797 0.15 0.2 0.725 0.35 0.95 0.175 0 0.4 0.45 0.075 0.275 0.15 1 0.85 0.625 0.725 0.05 1 0.975 0.075 0.925 0.3 0 
14725    0.8 0.6 0.4 0.8 0 0  0.233017 0.725 0.2 0.4 0.625 0.1 0.175 0.275 0.8 0.225 0.7 0.4 0.4 0.975 0.025 0.45 0 0.05 1 0.8 0.85 0.65 0.275 0 
14726    0.8 0.6 0.4 0.8 0 0.2  0.275268 0.725 0.2 0.725 0.625 0.1 0.175 0.275 0.8 0.35 0.7 0.4 0.925 0.975 0.025 0.45 0 0.05 1 0.8 1 0.65 0.275 0 
14727    0.8 0.6 0.4 0.8 0 0.4  0.0437885 0.125 0.2 0.1 0.325 0.75 0.125 0.525 0.15 0.65 0.825 0.3 0.925 1 0.025 0.6 0.975 0 0.375 0.8 0.575 0.95 0.5 0.975 
14728    0.8 0.6 0.4 0.8 0 0.6  0.0409867 0.375 0.15 0.8 0.45 0.775 0.075 0.95 0 0.475 0.25 0.075 0.65 0.975 0.025 0.625 0.975 0.05 1 0.8 0.9 0.075 0.375 0.125 
14729    0.8 0.6 0.4 0.8 0 0.8  -0.0193731 0.375 0.2 0.825 0.5 1 0.075 0.65 0.825 0.15 0.875 0 1 0.95 0.025 0.25 0.5 0.05 0.925 0.8 0.875 0.5 0.125 0 
14731    0.8 0.6 0.4 0.8 0.2 0.2  0.271175 0.125 0.2 0.35 0.7 0.75 0.15 0.65 0.075 0.375 0.15 0.3 0.925 0.575 0.8 0.6 0.6 0.05 0.8 0.8 0.875 0.675 0.125 0.95 
14732    0.8 0.6 0.4 0.8 0.2 0.4  0.0474291 0.35 0.2 0.15 0.575 0.75 0.075 0.45 0.625 0.35 0.85 0.225 0.3 0.975 0.025 1 0.975 0.05 1 0.8 0.875 0.075 0.2 0 
14735    0.8 0.6 0.4 0.8 0.4 0  0.27715 0.125 0.2 0.35 0.7 0.75 0.15 0.65 0.075 0.375 0.15 0.3 0.925 0.575 0.8 0.65 0.6 0.05 0.8 0.8 0.875 0.675 0.125 0.95 
14736    0.8 0.6 0.4 0.8 0.4 0.2  0.277176 0.125 0.2 0.35 0.625 0.75 0.15 0.65 0.075 0.4 0.425 0.3 0.925 0.575 0.8 0.6 0.6 0.05 0.8 0.8 0.875 0.675 0.125 0.95 
14737    0.8 0.6 0.4 0.8 0.4 0.4  0.0477838 0.35 0.2 0.1 0.575 0.75 0.075 0.65 0.625 0.625 0.725 0.225 0.925 0.975 0.025 0.975 0.975 0.05 1 0.8 0.875 0.075 0.125 0 
14740    0.8 0.6 0.4 0.8 0.6 0  0.00124091 0.9 0.875 0.45 0.875 0.725 0.225 0.15 0.675 0.5 0.2 0.25 0.225 0.975 0.85 0.6 0.55 0.05 1 0.1 0.45 0.875 0.1 0.25 
14745    0.8 0.6 0.4 0.8 0.8 0  0.000798844 0.9 0.875 0.45 0.85 0.725 0.075 0.15 0.85 0.6 0.05 0.15 0.05 0.975 0.85 0.6 0.55 0.05 1 0.1 0.45 0.875 0.025 0.025 
14746    0.8 0.6 0.4 0.8 0.8 0.2  0.45413 0.9 0.2 0.725 1 0.95 0.175 0.1 0.4 0.125 0.075 0.55 0.15 1 0.85 0.625 0.725 0.05 1 0.975 0.225 0.925 0.25 0 
14747    0.8 0.6 0.4 0.8 0.8 0.4  0.368016 0.275 0.2 0.675 0.525 0.95 0.175 0 0.4 0.3 0.075 0.375 0.15 1 0.85 0.625 0.725 0.05 1 0.975 0.075 0.925 0.3 0 
14748    0.8 0.6 0.4 0.8 0.8 0.6  -0.0017801 0.375 0.2 0.825 0.5 0.875 0.075 0.65 0.825 0.15 0.875 0 1 0.95 0.025 0.25 0.5 0.05 0.925 0.8 0.875 0.5 0.125 0 
14850    0.8 0.6 0.6 0.8 0 0  0.266135 0.725 0.2 0.7 0.625 0.1 0.175 0.275 0.8 0.525 0.7 0.4 0.925 0.975 0.025 0.45 0 0.05 1 0.8 0.875 0.65 0.275 0 
14851    0.8 0.6 0.6 0.8 0 0.2  0.204716 0.125 0.675 0.1 0.125 0.1 0.075 0.65 0.575 0.875 0.05 0.3 0.85 0.45 0.025 0.6 0 0.05 1 0.8 0.425 0.1 0.275 0.875 
14852    0.8 0.6 0.6 0.8 0 0.4  0.0401934 0.125 0.2 0.1 0.325 0.75 0.125 0.525 0.15 0.65 0.625 0.3 0.925 1 0.025 0.6 0.975 0 0.375 0.8 0.575 0.95 0.5 0.975 
14975    0.8 0.6 0.8 0.8 0 0  0.258544 0.725 0.2 0.725 0.625 0.1 0.175 0.275 0.8 0.325 0.7 0.4 0.925 0.975 0.025 0.475 0 0.05 1 0.8 0.775 0.65 0.275 0.1 
14976    0.8 0.6 0.8 0.8 0 0.2  0.26073 0.725 0.2 0.6 0.625 0.1 0.1 0.275 0.8 0.75 0.7 0.4 0.925 0.975 0.025 0.45 0 0.05 1 0.8 0.875 0.65 0.275 0 
15100    0.8 0.8 0 0.8 0 0  0.249347 0.55 0.1 0.9 0.225 1 0.075 0.65 0.05 0.525 0.85 0 0.35 0.975 0.075 1 0.35 0.05 1 0.8 0.875 0.75 0.275 0.85 
15101    0.8 0.8 0 0.8 0 0.2  0.264382 0.55 0.525 0.75 0.625 1 0.075 0.65 0.05 0.525 0.85 0 0.35 0.975 0.075 1 0.35 0.05 1 0.8 0.875 0.75 0.275 0.85 
15102    0.8 0.8 0 0.8 0 0.4  0.314559 0.475 0.2 0.825 0.625 1 0.35 0.775 0.625 0.375 0.425 0 0.975 0.975 0.875 1 0.5 0.2 1 0.575 0.7 0.025 0.15 0 
15103    0.8 0.8 0 0.8 0 0.6  -0.00284289 0.375 0.2 0.975 0.625 1 0.25 0.775 0.25 0.375 0.3 0 0.95 0.975 0.025 1 0.5 0.05 1 0.85 1 0.5 0.125 0 
15104    0.8 0.8 0 0.8 0 0.8  0.0015635 0.25 0.375 0.775 0.425 1 0.075 0.65 0 0.25 0.85 0 0.575 0.975 0 1 0.5 0.05 1 0.8 0.875 0.5 0.075 0 
15105    0.8 0.8 0 0.8 0.2 0  0.285167 0.125 0.075 0.775 0.85 0.025 0.35 0.975 0.425 0.725 0.025 0.3 0.925 0.975 1 0.6 0 0.05 1 0.8 0.875 0.375 0.525 0 
15106    0.8 0.8 0 0.8 0.2 0.2  0.315803 0.125 0.2 0.1 0.625 0.75 0.15 0.1 0.075 0.1 0.625 0.3 0.925 0.575 0.8 0.6 0.8 0.05 0.8 0.8 0.875 0.675 0.125 0.95 
15107    0.8 0.8 0 0.8 0.2 0.4  0.316875 0.475 0.2 0.825 0.625 1 0.35 0.775 0.625 0.375 0.425 0 0.975 0.975 0.875 1 0.5 0.2 1 0.575 0.7 0.025 0.05 0 
15108    0.8 0.8 0 0.8 0.2 0.6  -0.00267891 0.375 0.075 1 0.625 1 0.075 0.925 0.025 0.375 0.2 0 0.125 0.975 0.025 1 0.5 0.275 1 0.8 1 0.5 0.85 0 
15109    0.8 0.8 0 0.8 0.2 0.8  -0.0024406 0.375 0.2 0.75 0.625 1 0.075 0.25 0.1 0.75 0.9 0 0 1 0.025 1 0.5 0.275 1 0.8 1 0.5 0.85 0 
15110    0.8 0.8 0 0.8 0.4 0  0.265515 0.65 0.2 0.1 0.625 0.1 0.25 0.725 0.625 0.725 0.7 0.95 0.925 0.975 0.025 0.45 0 0.05 1 0.8 0.875 0.075 0.275 0 
15111    0.8 0.8 0 0.8 0.4 0.2  -0.0090284 0.9 0.9 0.475 0.875 0.8 0.35 0.15 0.8 0.6 0.375 0.15 0.975 0.975 0.85 0.85 0.4 0.05 0.975 0.1 0.175 0.875 0.025 0.225 
15112    0.8 0.8 0 0.8 0.4 0.4  -0.00396811 0.375 0.2 0.85 0.625 1 0.075 0.775 0.35 0.4 0.3 0 0.95 0.975 0.7 0.325 0.5 0.25 0.9 0.8 1 0.5 0.325 0 
15113    0.8 0.8 0 0.8 0.4 0.6  -0.00360322 0.375 0.2 0.85 0.625 1 0.075 0.775 0.35 0.4 0.3 0 0.95 0.975 0.7 0.325 0.5 0.25 0.9 0.8 1 0.5 0.275 0 
15115    0.8 0.8 0 0.8 0.6 0  0.263921 0.35 0.2 0.525 0.45 0.675 0.075 0.3 0.075 0.075 0.1 0.275 0.65 0.975 0.025 0.625 0.975 0.05 1 0.8 0.875 0.075 0.25 0 
15116    0.8 0.8 0 0.8 0.6 0.2  0.293537 0.125 0.2 0.75 0.625 0.75 0.15 0.65 0.075 0.1 0.625 0.3 0.925 0.575 0.8 0.6 0.6 0.05 0.8 0.8 0.875 0.675 0.125 0.95 
15117    0.8 0.8 0 0.8 0.6 0.4  0.0665964 0.375 0.225 0.975 0.575 1 0.075 0.675 0.025 0.725 0.875 0.025 0.55 0.975 0.025 1 0.5 0.05 1 0.8 0 0.425 0.5 0.85 
15120    0.8 0.8 0 0.8 0.8 0  0.240431 0.55 0.525 0.575 0.625 1 0.075 0.65 0.05 0.525 0.85 0.05 0.35 0.975 0.075 1 0.35 0.05 1 0.8 0.875 0.75 0.525 0.85 
15121    0.8 0.8 0 0.8 0.8 0.2  0.471434 0.325 0.2 0.575 0.55 0.8 0.175 0.25 0.15 0.075 0.225 0.55 0.15 1 0.85 0.625 0.725 0.05 1 0.975 0.075 0.975 0.25 0 
15122    0.8 0.8 0 0.8 0.8 0.4  -0.0214055 0.225 0.2 0.575 0.55 0.8 0.075 0.75 0.4 0.125 0.675 0.6 0.15 0.975 0.85 0.6 0.225 0.05 1 0.975 0.125 0.925 0.45 0 
15123    0.8 0.8 0 0.8 0.8 0.6  0.00193771 0.1 0.1 0.725 0.375 0.425 0.075 0.15 0.15 0.725 0.875 0.125 0.525 0.975 0.475 0.175 0.725 0.05 1 0.75 0.2 0.125 0.3 1 
15124    0.8 0.8 0 0.8 0.8 0.8  0.00546792 0.225 0.1 0.725 0.375 0.425 0.075 0.4 0 0.725 0.875 0.125 0.525 0.975 0.475 0.175 0.725 0.05 0.45 0.9 0.2 0.125 0.3 0.8 
15225    0.8 0.8 0.2 0.8 0 0  0.237658 0.725 0.2 0.725 0.625 0.1 0.175 0.275 0.8 0.425 0.7 0.4 0.925 0.975 0.025 0.5 0 0.05 1 0.8 0.875 0.65 0.275 0 
15226    0.8 0.8 0.2 0.8 0 0.2  0.294639 0.55 0.525 0.575 0.625 1 0.075 0.65 0.05 0.525 0.875 0 0.35 0.975 0.075 1 0.35 0.05 1 0.8 0.875 0.75 0 0.85 
15227    0.8 0.8 0.2 0.8 0 0.4  0.255068 0.1 0.2 0.875 0.6 1 0.35 0.7 0.625 0.375 0.825 0 0.975 0.975 0.875 1 0.5 0.25 1 0.575 0.075 0.45 0.15 0 
15228    0.8 0.8 0.2 0.8 0 0.6  0.286182 0.55 0.525 0.575 0.625 1 0.075 0.65 0.05 0.525 0.85 0 0.35 0.975 0.075 1 0.35 0.05 1 0.8 0.875 0.75 0 0.85 
15229    0.8 0.8 0.2 0.8 0 0.8  0.34078 0.475 0.2 0.825 0.625 1 0.325 0.775 0.625 0.375 0.425 0 0.975 0.975 0.875 1 0.5 0.2 1 0.575 0.7 0.025 0.15 0 
15230    0.8 0.8 0.2 0.8 0.2 0  0.308546 0.125 0.475 0.775 0.85 0.025 0.35 0.975 0.425 0.725 0.025 0.3 0.925 0.075 1 0.6 0 0.05 1 0.8 0.875 0.375 0.525 0 
15231    0.8 0.8 0.2 0.8 0.2 0.2  0.273195 0.125 0.2 0.35 0.7 0.75 0.15 0.65 0.075 0.35 0.15 0.3 0.925 0.575 0.8 0.6 0.6 0.05 0.8 0.8 0.875 0.675 0.125 0.95 
15232    0.8 0.8 0.2 0.8 0.2 0.4  0.275397 0.25 0.2 0.875 0.6 1 0.35 0.35 0.625 0.375 0.825 0 0.975 0.975 0.875 1 0.5 0.25 1 0.575 0.075 0.45 0.15 0 
15233    0.8 0.8 0.2 0.8 0.2 0.6  0.275121 0.475 0.2 0.825 0.625 1 0.35 0.775 0.625 0.375 0.825 0 0.975 0.975 0.875 1 0.5 0.25 1 0.575 0.075 0.45 0.15 0 
15234    0.8 0.8 0.2 0.8 0.2 0.8  -0.0254246 0.325 0.2 0.775 0.625 1 0.075 0.6 0.35 0.375 0.1 0 0.95 0.975 0.15 1 0.5 0.25 1 0.8 1 0.5 0.125 0.925 
15235    0.8 0.8 0.2 0.8 0.4 0  0.288353 0.125 0.2 0.5 0.625 0.75 0.15 0.65 0.075 0.4 0.725 0.3 0.925 0.575 0.8 0.6 0.6 0.05 0.8 0.8 0.8 0.675 0.125 0.95 
15236    0.8 0.8 0.2 0.8 0.4 0.2  0.271734 0.125 0.2 0.35 0.625 0.75 0.15 0.65 0.075 0.45 0.65 0.3 0.925 0.575 0.8 0.6 0.6 0.05 0.8 0.8 0.875 0.675 0.125 0.95 
15237    0.8 0.8 0.2 0.8 0.4 0.4  0.291447 0.475 0.2 0.825 0.625 1 0.35 0.775 0.625 0.45 0.825 0 0.975 0.975 0.875 1 0.5 0.25 1 0.575 0.075 0.45 0.425 0 
15238    0.8 0.8 0.2 0.8 0.4 0.6  -0.025978 0.475 0.2 0.875 0.6 1 0.35 0.775 0.625 0.375 0.825 0 0.975 0.975 0.875 1 0.5 0.25 1 0.575 0.075 0.45 0.15 0 
15240    0.8 0.8 0.2 0.8 0.6 0  0.285644 0.55 0.525 0.575 0.625 1 0.075 0.65 0.05 0.525 0.85 0.05 0.35 0.975 0.075 1 0.35 0.05 1 0.8 0.875 0.75 0 0.85 
15241    0.8 0.8 0.2 0.8 0.6 0.2  0.242105 0.225 0 0.75 0.625 1 0.075 0.375 0 0.45 0.85 0.025 0.425 1 0.075 0.725 0.3 0.05 1 0.8 0.875 0.75 0 0.85 
15242    0.8 0.8 0.2 0.8 0.6 0.4  0.251503 0.375 0.225 0.975 0.575 1 0.075 0.675 0.725 0.9 0.875 0.025 0.55 0.975 0.15 1 0.5 0.05 1 0.8 0 0.425 0.5 0.85 
15245    0.8 0.8 0.2 0.8 0.8 0  0.428292 0.325 0.45 0.525 0.625 0.3 0.075 0.3 0 0.525 0.85 0 0.35 0.975 0.075 0.325 0.35 0.05 1 0.925 0.875 0.75 0 0.85 
15246    0.8 0.8 0.2 0.8 0.8 0.2  0.339994 0.15 0.2 0.725 0.35 0.95 0.175 0 0.4 0.45 0.075 0.025 0.15 1 0.85 0.625 0.725 0.05 1 0.975 0.075 0.925 0.3 0 
15247    0.8 0.8 0.2 0.8 0.8 0.4  0.320274 0.325 0.2 0.45 0.55 0.8 0.175 0.55 0.175 0.125 0.225 0.6 0.15 1 0.85 0.625 0.725 0.05 1 0.975 0.075 0.1 0.25 0 
15248    0.8 0.8 0.2 0.8 0.8 0.6  -0.0345283 0.2 0.2 0.55 0.6 0.8 0.075 1 0.875 0.725 0.875 0.6 1 0.975 0.325 0.15 0 0.05 1 0.7 0.125 0.925 0.4 0 
15249    0.8 0.8 0.2 0.8 0.8 0.8  -0.0340907 0.2 0.2 0.55 0.6 0.8 0.075 0.1 0.875 0.725 0.875 0.6 1 0.975 0.325 0.15 0 0.05 1 0.7 0.125 0.925 0.4 0 
15350    0.8 0.8 0.4 0.8 0 0  0.236213 0.725 0.2 0.4 0.625 0.1 0.1 0.275 0.8 0.375 0.7 0.4 0.925 0.975 0.025 0.45 0 0.05 1 0.8 0.875 0.65 0.275 0 
15351    0.8 0.8 0.4 0.8 0 0.2  0.249118 0.725 0.2 0.4 0.625 0.1 0.175 0.275 0.8 0.625 0.7 0.4 0.225 0.975 0.025 0.45 0 0.05 1 0.8 0.85 0.65 0.275 0 
15352    0.8 0.8 0.4 0.8 0 0.4  0.295683 0.375 0.5 0.9 0.625 1 0.075 0.875 0 0.525 0.85 0 0.35 0.975 0.075 1 0.35 0.05 1 0.8 0.875 0.75 0.25 0.85 
15353    0.8 0.8 0.4 0.8 0 0.6  0.243222 0.325 0.525 0.75 0.625 1 0.075 0.95 0 0.525 0.85 0 0.35 0.975 0.075 1 0.35 0.05 1 0.8 0.875 0.75 0.65 0.85 
15354    0.8 0.8 0.4 0.8 0 0.8  -0.0208679 0.45 0.2 1 0.65 1 0.075 0.775 0.725 0.375 0.325 0 0 0.975 0.275 1 0.5 0.275 1 0.8 0.1 0.5 0.45 0 
15356    0.8 0.8 0.4 0.8 0.2 0.2  -0.0253392 0.375 0.375 1 0.625 1 0.25 0.775 0.025 0.625 0.2 0 0.775 0.975 0.025 1 0.7 0.275 1 0.8 1 0.5 0.85 0 
15357    0.8 0.8 0.4 0.8 0.2 0.4  -0.0246755 0.375 0.2 0.975 0.625 1 0.075 0.775 0.1 0.375 0.9 0 0 0.975 0.025 1 0.5 0.275 1 0.8 1 0.5 0.85 0 
15358    0.8 0.8 0.4 0.8 0.2 0.6  -0.0221697 0.375 0.6 0.1 0.625 1 0.075 0.775 0.25 0.375 0.3 0 0.95 0.975 0.025 0.075 0.5 0.25 1 0.8 1 0.5 0.325 1 
15359    0.8 0.8 0.4 0.8 0.2 0.8  0.177909 0.175 0.2 0.875 0.6 1 0.35 0.775 0.975 0.375 0.825 0 0.975 0.975 0.875 1 0.5 0.25 1 0.775 0.05 0.45 0.15 0 
15360    0.8 0.8 0.4 0.8 0.4 0  -0.00144603 0.9 0.875 0.45 0.875 0.725 0.225 0.15 0.675 0.5 0.2 0.15 0.225 0.975 0.85 0.6 0.55 0.05 1 0.1 0.45 0.875 0.025 0.25 
15361    0.8 0.8 0.4 0.8 0.4 0.2  -0.0291625 0.125 0.2 0.1 0.625 0.6 0.075 0.35 0.075 0.9 0.6 0.225 0.3 0.575 0.1 0.4 0.975 0.05 0.425 0.7 0.875 0.075 0.125 0.925 
15362    0.8 0.8 0.4 0.8 0.4 0.4  -0.0281964 0.325 0.2 0.775 0.625 1 0.075 0.6 0.35 0.375 0.5 0 0 0.975 0.15 1 0.5 0.25 1 0.8 1 0.5 0.125 0.925 
15363    0.8 0.8 0.4 0.8 0.4 0.6  -0.0253055 0.15 0.2 0.875 0.6 1 0.35 0.775 0.35 0.9 0.825 0 0.975 0.975 0.875 1 0.5 0.25 1 0.575 0.075 0.45 0.15 0 
15365    0.8 0.8 0.4 0.8 0.6 0  0.00194157 0.9 0.875 0.45 0.875 0.725 0.225 0.15 0.675 0.5 0.2 0.15 0.225 0.975 0.85 0.6 0.55 0.05 1 0.1 0.45 0.875 0.15 0.25 
15366    0.8 0.8 0.4 0.8 0.6 0.2  -0.0234042 0.225 0 0.75 0.625 1 0.075 0.65 0 0.45 0.85 0.025 0.425 1 0.075 0.725 0.3 0.05 1 0.8 0.35 0.75 0 0.85 
15367    0.8 0.8 0.4 0.8 0.6 0.4  0.0882212 0.375 0.225 0.975 0.575 1 0.075 0.675 0.725 0.725 0.875 0.025 0.55 0.975 0.15 1 0.5 0.05 1 0.8 0 0.425 0.5 0.85 
15370    0.8 0.8 0.4 0.8 0.8 0  0.00717302 0.125 0.2 0.1 0.575 0.3 0.075 0.65 0.075 0.975 0.8 0.3 0.925 0.575 0.025 0.6 0.975 0.05 1 0.8 0.875 0.3 0.125 0.7 
15371    0.8 0.8 0.4 0.8 0.8 0.2  0.365868 0.575 0.2 0.425 1 0.95 0.175 0 0.4 0.125 0.225 0.55 0.15 1 0.85 0.625 0.725 0.05 1 0.975 0.075 0.925 0.3 0 
15372    0.8 0.8 0.4 0.8 0.8 0.4  0.405697 0.125 0.525 0.575 0.625 0.925 0.075 0.65 0.05 0.525 0.85 0.05 0.35 0.975 0.075 1 0.35 0.05 1 0.8 0.875 0.75 0 0.85 
15373    0.8 0.8 0.4 0.8 0.8 0.6  -0.0598291 0.325 0.2 0.575 0.55 0.8 0.175 0.55 0.175 0.1 0.225 0.6 0.15 1 0.85 0.675 0.725 0.05 1 0.975 0.075 0.95 0.25 0 
15374    0.8 0.8 0.4 0.8 0.8 0.8  -0.032821 0.325 0.2 0.55 0.6 0.8 0.275 0.85 0.875 0.725 0.875 0.6 0.825 0.975 0.325 0.15 0 0.05 1 0.7 0.125 0.925 0.4 0 
15475    0.8 0.8 0.6 0.8 0 0  0.257895 0.725 0.2 0.725 0.625 0.1 0.175 0.275 0.8 0.325 0.7 0.4 0.925 0.975 0.025 0.45 0 0.05 1 0.8 0.85 0.65 0.275 0 
15476    0.8 0.8 0.6 0.8 0 0.2  0.229138 0.725 0.2 0.725 0.625 0.1 0.175 0.275 0.8 0.35 0.7 0.4 0.925 0.975 0.025 0.45 0 0.05 1 0.8 0.95 0.65 0.275 0 
15477    0.8 0.8 0.6 0.8 0 0.4  -0.0159073 0.375 0.375 1 0.625 1 0.25 0.775 0.025 0.625 0.4 0 0.775 0.975 0.025 1 0.7 0.275 1 0.8 1 0.5 0.475 0 
15481    0.8 0.8 0.6 0.8 0.2 0.2  0.00929599 0.125 0.2 0.1 0.625 0.75 0.075 0.65 0.075 0.975 0.8 0.3 0.925 0.575 0.025 0.6 0.975 0.05 1 0.8 0.875 0.65 0.125 0.7 
15482    0.8 0.8 0.6 0.8 0.2 0.4  -0.024834 0.375 0.2 0.25 0.5 1 0.075 0.2 0.225 0.375 0.875 0 0.95 0.975 0.025 0.025 0.5 0.25 1 0.8 1 0.5 0.175 0.05 
15487    0.8 0.8 0.6 0.8 0.4 0.4  -0.0245193 0.325 0.2 0.25 0.5 1 0.075 0.4 0.35 0.375 0.875 0 0.5 0.975 0.025 0.025 0.5 0.25 1 0.8 1 0.5 0.125 0 
15499    0.8 0.8 0.6 0.8 0.8 0.8  -0.0329183 0.225 0.2 0.55 0.6 0.8 0.275 0.85 0.875 0.725 0.875 0.6 0.825 0.975 0.325 0.15 0 0.05 1 0.7 0.125 0.925 0.4 0 
15600    0.8 0.8 0.8 0.8 0 0  0.321284 0.725 0.2 0.4 0.625 0.1 0.175 0.275 0.8 0.575 0.7 0.4 0.4 0.975 0.025 0.45 0 0.05 1 0.8 0.85 0.65 0.275 0 
15601    0.8 0.8 0.8 0.8 0 0.2  -0.00268016 0.375 0.9 0.775 0.675 1 0.075 0.65 0 0.25 0.85 0 0.55 0.975 0.75 0.675 0.9 0.05 1 0.8 0 0.5 0 0.85 
15602    0.8 0.8 0.8 0.8 0 0.4  -0.0231229 0.375 0.2 0.25 0.5 1 0.075 0.725 0.225 0.375 0.925 0 0.95 0.975 0.025 0.025 0.5 0.25 1 0.8 1 0.5 0.175 0 
15607    0.8 0.8 0.8 0.8 0.2 0.4  -0.0251493 0.375 0.2 0.25 0.5 1 0.075 0.625 0.35 0.375 0.875 0 0.95 0.975 0.025 0.025 0.5 0.25 1 0.8 1 0.5 0.175 0 
