12602    0.8 0 0 0.8 0 0.4  -0.00265053 0.275 0.75 0.925 0.425 1 0.5 0.95 0.45 0.25 0.625 0 0.925 0.975 0.025 1 0.5 0.05 1 0.875 0.575 0.3 0.3 0.25 
12604    0.8 0 0 0.8 0 0.8  0.222817 0.375 0.2 0.375 0.325 1 0.25 0.6 0.375 0.25 0.85 0 0.575 0.975 0.025 1 0.5 0.05 1 0.8 0.375 0.5 0.075 0 
12607    0.8 0 0 0.8 0.2 0.4  0.000305692 0.125 0.375 0.1 0.575 0.75 0.075 0.75 0.625 0.35 0.65 0.1 1 0.975 0.025 1 0.975 0.05 1 0.8 0.875 0.8 0.125 0 
12608    0.8 0 0 0.8 0.2 0.6  0.0479892 0.025 0.675 0 0.625 0.1 0.075 0.65 0.55 0.25 0.05 0.3 0.35 0.975 0.025 0.6 0 0.05 1 0.8 0.425 0.075 0.275 0 
12609    0.8 0 0 0.8 0.2 0.8  0.0287886 0.125 0.2 0.1 0.625 0.1 0.075 0.65 0.8 0.25 0.875 0.3 0.35 0.975 0.025 0.6 0 0.05 1 0.8 0.425 0.075 0.275 0 
12611    0.8 0 0 0.8 0.4 0.2  0.257531 0.05 0.325 0.1 0.625 0.675 0.075 0.15 0.1 0.75 0.85 0.175 0.7 0.975 0.025 1 0.975 0.05 1 0.8 0.875 0.65 0.25 0.925 
12612    0.8 0 0 0.8 0.4 0.4  -0.00233262 0.125 0.2 0.15 0.575 0.75 0.075 0.9 0.625 0.6 0.5 0.225 0.625 0.975 0.025 0.575 0.975 0.05 1 0.8 0.875 0.775 0.125 0.975 
12613    0.8 0 0 0.8 0.4 0.6  0.00907739 0.125 0.675 0.1 0.625 0.1 0.075 0.65 0.575 0.2 0.05 0.3 0.2 0.975 0.025 0.6 0 0.05 1 0.8 0.425 0.225 0.275 0.875 
12614    0.8 0 0 0.8 0.4 0.8  0.0268816 0.2 0.2 0.1 0.625 0.1 0.075 0.275 0.8 0.725 0.7 0.4 0.925 0.975 0.025 0.45 0 0.05 1 0.8 0.875 0.075 0.275 0 
12615    0.8 0 0 0.8 0.6 0  -0.0294794 0.35 0.2 0.775 0.625 0.6 0.225 0.35 0.075 0.075 0.85 0.025 0.925 0.975 0.025 1 0.875 0.05 1 0.8 0.725 0.075 0.125 0.925 
12616    0.8 0 0 0.8 0.6 0.2  0.251847 0.225 0.2 0.1 0.625 0.8 0.075 0.75 0.8 0.725 0.275 0.3 0.925 0.975 0.025 0.6 0.15 0.05 1 0.975 0.8 0.075 0.4 0 
12617    0.8 0 0 0.8 0.6 0.4  -0.00449078 0.375 0.525 0.975 0.575 1 0.075 0.675 0.025 0.625 0.675 0.025 0.55 0.975 0.025 1 0.5 0.05 1 0.8 0.15 0.425 0 0.85 
12618    0.8 0 0 0.8 0.6 0.6  -0.00814311 0.225 0 0.75 0.675 1 0.075 0.375 0 0.45 0.85 0.025 0.425 1 0.075 0.675 0.3 0.05 1 0.55 0.9 0.75 0.75 0.85 
12619    0.8 0 0 0.8 0.6 0.8  -0.00755667 0.225 0 0.75 0.675 1 0.075 0.375 0 0.45 0.85 0.025 0.425 1 0.075 0.725 0.3 0.05 1 0.55 0.875 0.75 0 0.85 
12620    0.8 0 0 0.8 0.8 0  0.289245 0.1 0.2 0.1 0.625 0.1 0.075 0.65 0.8 0.725 0.7 0.4 0.175 0.975 0.175 0.45 0 0.05 0.925 0.8 0.875 0.075 0.275 0.3 
12621    0.8 0 0 0.8 0.8 0.2  0.259908 0.175 0.2 0.1 0.625 0.8 0.075 0.15 0.8 0.725 0.275 0.3 0.925 0.975 0.025 0.6 0.15 0.05 1 0.975 0.8 0.075 0.4 0 
12622    0.8 0 0 0.8 0.8 0.4  0.291166 0.05 0.2 0.1 0.625 0.1 0.075 0.65 0.8 0.725 0.7 0.4 0.175 0.975 0.175 0.45 0 0.05 0.925 0.8 0.875 0.075 0.275 0.3 
12623    0.8 0 0 0.8 0.8 0.6  -0.00636283 0.225 0.1 0.725 0.375 0.425 0.275 0.15 0.575 0.875 0.875 0.075 0.925 0.975 0.325 0.175 0.05 0.05 1 0.975 0.125 0.1 0.3 0.075 
12624    0.8 0 0 0.8 0.8 0.8  0.322134 0.225 0.1 0.725 0.375 0.425 0.425 0.35 0.3 0.725 0.875 0.15 0.925 0.975 0.325 0.175 0.725 0.05 0.4 0.975 0.2 0.875 0.3 1 
12726    0.8 0 0.2 0.8 0 0.2  0.0023366 0.475 0.675 0.475 0.35 1 0.075 0.375 0.6 0.25 0.85 0 0.575 0.975 0.025 1 0.5 0.05 1 0.9 0.375 0.5 0.225 0.1 
12727    0.8 0 0.2 0.8 0 0.4  0.00701567 0.475 0.675 0.35 0.35 1 0.075 0.05 0.6 0.25 0.85 0 0.575 0.975 0.025 1 0.5 0.05 1 0.9 0.375 0.5 0.225 0.1 
12728    0.8 0 0.2 0.8 0 0.6  0.323693 0.125 0.2 0.575 0.625 0.75 0.075 0.75 0.8 0.725 0.575 0.975 0.925 0.775 0.025 0.6 0.075 0.05 0.925 0.8 0.875 0 0.4 0 
12729    0.8 0 0.2 0.8 0 0.8  0.31786 0.375 0.2 0.825 0.625 1 0.3 0.775 0.625 0.375 0.475 0 0.975 0.975 0.875 1 0.5 0.25 1 0.85 0.075 0.5 0.125 0 
12731    0.8 0 0.2 0.8 0.2 0.2  0.0152662 0.375 0.675 0.225 0.35 1 0.075 0.05 0.5 0.25 0.85 0.125 0.4 0.975 0.025 1 0.5 0.05 1 0.1 0.375 0.5 0.6 0.1 
12733    0.8 0 0.2 0.8 0.2 0.6  0.0341691 0.125 0.675 0.1 0.35 0.1 0.075 0.65 0.55 0.25 0.05 0.3 0.35 0.975 0.025 0.825 0 0.05 1 0.8 0.075 0.075 0.275 0 
12734    0.8 0 0.2 0.8 0.2 0.8  0.0349863 0.375 0.2 0.1 0.5 0.1 0.075 0.65 0.8 0.725 0.825 0.3 0.925 0.975 0.025 0.6 0 0.05 1 0.8 0.65 0.075 0.275 0 
12735    0.8 0 0.2 0.8 0.4 0  0.222 0.125 0.2 0.65 0.625 0.75 0.075 0.075 0.575 0.75 0.35 0.3 0.025 0.975 0.9 0.45 0.575 0.05 0.425 0.1 0.8 0.075 0.05 0.8 
12737    0.8 0 0.2 0.8 0.4 0.4  0.0409301 0.125 0.675 0.1 0.35 0.1 0.025 0.65 0.55 0.25 0.05 0.3 0.35 0.975 0.025 0.6 0 0.05 1 0.8 0.7 0.075 0.3 0 
12738    0.8 0 0.2 0.8 0.4 0.6  0.0266937 0.125 0.2 0.675 0.625 0.1 0.25 0.65 0.8 0.725 0.875 0.675 0.925 0.825 0.025 0.6 0 0.05 1 0.8 0.875 0.075 0.275 0 
12739    0.8 0 0.2 0.8 0.4 0.8  0.366786 0.125 0.2 0.1 0.625 0.1 0.075 0.65 0.8 0.725 0.875 0.75 0.3 0.975 0.025 0.6 0 0.05 1 0.8 0.875 0.075 0.275 0 
12740    0.8 0 0.2 0.8 0.6 0  0.229502 0.125 0.85 0.1 0.625 0.1 0.25 0.65 0.8 0.725 0.45 0.225 0.925 0.825 0.025 0.525 0.225 0.05 1 0.8 0.875 0.075 0.275 0 
12741    0.8 0 0.2 0.8 0.6 0.2  0.259123 0.225 0.2 0.1 0.625 0.8 0.075 0.65 0.8 0.725 0.275 0.3 0.925 0.975 0.025 0.6 0.15 0.05 1 0.975 0.8 0.075 0.4 0 
12742    0.8 0 0.2 0.8 0.6 0.4  0.230052 0.35 0.375 0.1 0.575 0.75 0.075 0.65 0.625 0.35 0.85 0.225 0.925 0.975 0.025 1 0.975 0.05 1 0.8 0.875 0.075 0.125 0 
12743    0.8 0 0.2 0.8 0.6 0.6  0.0188773 0.125 0.675 0.1 0.625 0.1 0.075 0.65 0.575 0.2 0.05 0.3 0.2 0.975 0.025 0.6 0 0.05 1 0.8 0.425 0.1 0.275 0.875 
12744    0.8 0 0.2 0.8 0.6 0.8  0.23449 0.35 0.2 0.1 0.625 0.75 0.075 0.65 0.175 0.35 0.075 0.05 0.725 0.975 0.025 0.5 0.975 0.05 1 0.8 0.875 0.825 0.05 0.05 
12745    0.8 0 0.2 0.8 0.8 0  0.347089 0.35 0.275 0.1 0.85 0.675 0.125 0.275 0.075 0.375 0.425 0.1 0.225 0.975 0.025 1 0.9 0.05 1 0.8 0.05 0.075 0.425 0 
12746    0.8 0 0.2 0.8 0.8 0.2  0.268013 0.125 0.2 0.525 0.625 0.175 0.075 0.275 0.8 0.725 0.025 0.3 0.7 0.15 0.025 0.6 0.95 0.05 1 0.8 0.875 0.675 0.05 0.8 
12749    0.8 0 0.2 0.8 0.8 0.8  0.263161 0.425 0.2 0.575 0.625 0.75 0.075 0.025 0.8 0.725 0.875 0.425 0.925 0.975 0.025 0.6 0 0.9 0.925 0.8 0.875 0 0.125 0 
12851    0.8 0 0.4 0.8 0 0.2  0.0136397 0.375 0.675 0.225 0.35 1 0.075 0.05 0.5 0.25 0.85 0 0.4 0.975 0.025 1 0.5 0.05 1 0.1 0.375 0.5 0.6 0.1 
12852    0.8 0 0.4 0.8 0 0.4  0.0185467 0.375 0.525 0.225 0.625 1 0.075 0.65 0.025 0.275 0.85 0 0.725 0.975 0.025 1 0.5 0.05 1 0.8 0.875 0.425 0.125 0.975 
12853    0.8 0 0.4 0.8 0 0.6  0.241993 0.05 0.2 0.775 0.575 0.75 0.325 0.2 0.625 0.2 0.075 0.225 0.925 0.975 0.025 0.575 0.925 0.05 1 0.8 0.875 0.45 0.125 0.975 
12854    0.8 0 0.4 0.8 0 0.8  0.0176 0.375 0.2 0.775 0.45 1 0.075 0.65 0 0.25 0.85 0 0.525 0.975 0.025 1 0.975 0.05 1 0.8 0.725 0.5 0.125 0 
12857    0.8 0 0.4 0.8 0.2 0.4  0.0306308 0.125 0.675 0.1 0.35 0.1 0.075 0.65 0.55 0.25 0.05 0.3 0.35 0.975 0.025 0.6 0 0.05 1 0.8 0.7 0.075 0.275 0 
12858    0.8 0 0.4 0.8 0.2 0.6  0.037898 0.125 0.675 0.1 0.35 0.1 0.075 0.025 0.55 0.175 0.05 0.3 0.35 0.975 0.025 0.6 0 0.05 1 0.8 0.4 0.075 0.275 0 
12859    0.8 0 0.4 0.8 0.2 0.8  0.0157519 0.05 0.2 0.7 0.575 0.55 0.175 0.2 0.625 0.2 0.075 0.225 0.225 0.975 0.025 0.575 0.925 0.05 1 0.8 0.875 0.55 0.125 0.975 
12862    0.8 0 0.4 0.8 0.4 0.4  0.0352251 0.125 0.675 0.1 0.35 0.1 0.075 0.65 0.55 0.25 0.05 0.3 0.35 0.975 0.025 0.6 0 0.05 1 0.8 0.4 0.075 0.275 0 
12863    0.8 0 0.4 0.8 0.4 0.6  0.0333633 0.125 0.2 0.1 0.625 0.1 0.25 0.65 0.8 0.725 0.875 0.225 0.925 0.825 0.025 0.6 0 0.05 1 0.8 0.875 0.075 0.275 0 
12976    0.8 0 0.6 0.8 0 0.2  0.0322518 0.35 0.225 0.1 0.175 0.825 0.075 0.525 0.625 0.35 0.45 0.25 0.6 0.975 0.025 1 0.975 0.05 1 0.8 0.275 0.075 0.125 0 
12977    0.8 0 0.6 0.8 0 0.4  0.0225391 0.05 0.2 0.7 0.45 0.75 0.075 0.225 0.625 0.2 0.075 0.225 0.925 0.975 0.025 0.575 0.925 0.05 1 0.8 0.875 0.55 0.125 0.075 
12978    0.8 0 0.6 0.8 0 0.6  0.0160673 0.05 0.2 0.7 0.575 0.75 0.025 0.2 0.625 0.2 0.075 0.225 0.925 0.975 0.025 0.575 0.925 0.05 1 0.8 0.875 0.55 0.125 0.975 
12981    0.8 0 0.6 0.8 0.2 0.2  0.0348083 0.35 0.2 0.1 0.025 0.75 0.075 0.225 0.625 0.35 0.075 0.225 0.925 0.975 0.025 0.575 0.975 0.05 1 0.8 0.875 0 0.125 0.975 
12982    0.8 0 0.6 0.8 0.2 0.4  0.0210523 0.35 0.275 0.95 0.325 0.675 0.125 0.7 0.075 0.125 0.65 0.1 0.275 0.975 0.025 1 0.9 0.05 1 0.8 0.725 0.375 0.25 0 
12983    0.8 0 0.6 0.8 0.2 0.6  0.0374247 0.35 0.2 0.1 0.575 0.75 0.075 0.775 0.625 0.475 0.125 0.225 0.7 0.975 0.025 0.425 0.975 0.05 1 0.8 0.875 0.25 0.125 0.975 
13100    0.8 0 0.8 0.8 0 0  0.0283262 0.125 0.175 0.475 0.625 0.75 0.525 0.125 0.325 0.075 0.2 0.25 0.7 0.575 0.025 0.625 0.975 0.05 1 0.8 0.875 0.175 0.125 0.175 
13101    0.8 0 0.8 0.8 0 0.2  0.0149085 0.35 0.2 0.1 0.025 0.65 0.075 1 0.625 0.325 0.85 0.45 0.925 0.975 0.025 1 0.975 0.05 1 0.8 0.875 0.075 0.125 0 
13102    0.8 0 0.8 0.8 0 0.4  0.016597 0.35 0.2 0.1 0.575 0.75 0.075 0.225 0.625 0.325 0.4 0.45 0.925 0.975 0.025 1 0.975 0.05 1 0.8 0.875 0.45 0.125 0 
13106    0.8 0 0.8 0.8 0.2 0.2  0.0178413 0.35 0.2 0.1 0.575 0.5 0.075 0.675 0.625 0.325 0.4 0.125 0.625 0.975 0.025 1 0.975 0.05 1 0.8 0.1 0.45 0.125 0 
13107    0.8 0 0.8 0.8 0.2 0.4  0.0230918 0.3 0.2 0.15 0.575 0.75 0.075 0.575 0.625 0.6 0.5 0.225 0.925 0.975 0.025 0.575 0.975 0.05 0.3 0.8 0.875 0.55 0.125 0.975 
13227    0.8 0.2 0 0.8 0 0.4  -0.0194358 0.275 0.75 0.925 0.425 1 0.2 0.95 0.45 0.25 0.875 0 0.4 0.975 0.825 1 0.5 0.05 1 1 0.5 0.3 0.3 0.25 
13229    0.8 0.2 0 0.8 0 0.8  0.307372 0.325 0.2 0.65 0.625 1 0.075 0.475 0.35 0.375 0.45 0 0.95 0.975 0.425 1 0.5 0.25 1 0.8 1 0.5 0.125 0.925 
13230    0.8 0.2 0 0.8 0.2 0  -0.0299935 0.125 0.2 0.8 0.625 0.75 0.075 0.35 0.8 0.725 0.35 0.325 0.7 0.975 0.025 0.425 0.975 0.05 0.425 0.8 0.875 0.075 0.05 0.8 
13231    0.8 0.2 0 0.8 0.2 0.2  0.129687 0.1 0.2 0.65 0.625 1 0.075 0.225 0.8 0.375 0.025 0.3 0.65 0.975 0.025 0.65 0.95 0.05 1 0.8 0.875 0.675 0.05 0.8 
13233    0.8 0.2 0 0.8 0.2 0.6  0.0374252 0.35 0.2 0.1 0.225 0.75 0.075 0.65 0.075 0.25 0.85 0.225 0.925 0.975 0.025 1 0.975 0.05 1 0.8 0.875 0.075 0.125 0 
13234    0.8 0.2 0 0.8 0.2 0.8  0.0295241 0.35 0.2 0.1 0.625 0.775 0.075 0.65 0.075 0.35 0.85 0.225 0.925 0.975 0.025 1 0.975 0.05 1 0.8 0.875 0.25 0.125 0 
13235    0.8 0.2 0 0.8 0.4 0  0.235191 0.325 0.2 0.525 0.6 0.675 0.525 0.25 0.8 0.6 0.5 0.225 0.325 0.975 0.025 0.425 0.975 0.05 0.425 0.8 0.875 0.075 0.05 0.975 
13236    0.8 0.2 0 0.8 0.4 0.2  0.240011 0.025 0.2 0.1 0.325 0.75 0.075 1 0.15 0.375 0.025 0.3 0.975 0.95 0.025 0.35 0.975 0.05 0.775 0.8 0.875 0.675 0.2 0.175 
13237    0.8 0.2 0 0.8 0.4 0.4  -0.000847923 0.575 0.2 0.775 0.425 1 0.225 0.05 0 0.25 0.875 0 0.575 0.975 0.025 1 0.375 0.05 1 0.8 0.875 0.475 0.175 0 
13238    0.8 0.2 0 0.8 0.4 0.6  0.0339101 0.35 0.2 0.1 0.025 0.625 0.075 1 0.625 0.325 0.85 0.4 1 0.975 0.025 1 0.975 0.05 1 0.8 0.875 0.075 0.125 0 
13240    0.8 0.2 0 0.8 0.6 0  -0.00285241 0.125 0.2 0.525 0.15 0.675 0.075 0.85 0.8 0.325 0.075 0.325 0.7 0.975 0.025 0.425 0.975 0.05 0.525 0.8 0.875 0.075 0.05 0.8 
13241    0.8 0.2 0 0.8 0.6 0.2  -0.0178704 0.15 0.2 0.575 0.475 0.8 0.075 0.975 0.225 0.125 0.675 0.6 0.15 0.975 0.85 0.6 0.225 0.05 1 0.975 0.125 0.925 0.45 0 
13245    0.8 0.2 0 0.8 0.8 0  0.249978 0.325 0.65 0.675 0.625 0.3 0.075 0.3 0 0.525 0.85 0 0.35 0.975 0.075 1 0.35 0.05 1 0.925 0.875 0.75 0 0.85 
13246    0.8 0.2 0 0.8 0.8 0.2  0.234104 0.425 0.2 0.575 0.625 0.75 0.55 0.025 0.8 0.725 0.875 0.425 0.925 0.975 0.775 0.8 0.45 0.9 0.925 0.8 0.875 0 0.125 0 
13247    0.8 0.2 0 0.8 0.8 0.4  -0.000628617 0.375 0.2 0.825 0.475 0.95 0.4 0.35 0.075 0.025 0.275 0.225 0.7 0.975 0.025 1 0.35 0.05 1 0.8 1 0.625 0.725 0.275 
13248    0.8 0.2 0 0.8 0.8 0.6  -0.00065771 0.35 0.2 0.825 0.475 0.95 0.4 0.35 0.075 0.025 0.275 0.225 0.7 0.975 0.025 1 0.35 0.05 1 0.8 1 0.625 0.725 0.275 
13249    0.8 0.2 0 0.8 0.8 0.8  0.00243284 0.225 0.1 0.725 0.375 0.425 0.075 0.15 0.15 0.725 0.875 0.125 0.525 0.975 0.475 0.175 0.725 0.05 1 0.75 0.2 0.125 0.3 1 
13351    0.8 0.2 0.2 0.8 0 0.2  0.00113037 0.375 0.2 0.375 0.325 1 0.25 0.05 0.6 0.25 0.85 0 0.575 0.975 0.025 1 0.5 0.05 1 0.8 0.375 0.5 0.125 0 
13352    0.8 0.2 0.2 0.8 0 0.4  0.288951 0.25 0.525 0.775 0.275 1 0.075 0.875 0 0.525 0.85 0 0.55 0.975 0.075 0.575 0.325 0.05 1 0.8 0.875 0.75 0 0.85 
13353    0.8 0.2 0.2 0.8 0 0.6  0.0404314 0.35 0.2 0.525 0.45 0.675 0.075 0.3 0.075 0.175 0.2 0.1 0.65 0.975 0.025 0.625 0.975 0.05 1 0.8 0.725 0.075 0.25 0 
13354    0.8 0.2 0.2 0.8 0 0.8  0.0212476 0.35 0.2 0.525 0.45 0.675 0.075 0.3 0.075 0.075 0.1 0.1 0.65 0.975 0.025 0.625 0.975 0.05 1 0.8 0.875 0.075 0.25 0 
13355    0.8 0.2 0.2 0.8 0.2 0  0.248957 0.125 0.2 0.5 0.625 0.75 0.15 0.65 0.075 0.125 0.375 0.3 0.925 0.575 0.8 0.6 0.6 0.05 0.8 0.8 0.875 0.675 0.125 0.95 
13356    0.8 0.2 0.2 0.8 0.2 0.2  0.236607 0.125 0.2 0.5 0.625 0.75 0.15 0.65 0.075 0.175 0.625 0.3 0.925 0.575 0.8 0.6 0.6 0.05 0.8 0.8 0.875 0.675 0.125 0.95 
13357    0.8 0.2 0.2 0.8 0.2 0.4  0.0602932 0.35 0.2 0.825 0.325 0.725 0.4 0.825 0.2 0.025 0.275 0.225 0.075 0.975 0.025 1 0.975 0.05 1 0.8 0.875 0.075 0.125 0.375 
13358    0.8 0.2 0.2 0.8 0.2 0.6  0.0342797 0.35 0.2 0.1 0.6 0.75 0.075 0.2 0.625 0.625 0.7 0.225 0.925 0.975 0.025 1 0.975 0.05 1 0.8 0.875 0.075 0.125 0 
13359    0.8 0.2 0.2 0.8 0.2 0.8  0.0360478 0.35 0.2 0.1 0.325 0.75 0.075 0.675 0.075 0.375 0.025 0.3 0.925 0.975 0.025 1 0.975 0.05 1 0.8 0.875 0.075 0.125 0 
13360    0.8 0.2 0.2 0.8 0.4 0  0.284418 0.4 0.375 0.1 0.575 0.75 0.075 0.75 0.625 0.35 0.65 0.1 1 0.975 0.4 0.925 0.975 0.05 1 0.775 0.875 0.8 0.125 0 
13361    0.8 0.2 0.2 0.8 0.4 0.2  0.0563774 0.15 0.2 0.1 0.025 0.75 0.125 0.475 0.15 0.35 0.5 0.5 0.7 1 0.025 0.6 0.975 0.05 0.375 0.775 0.725 0.925 0.175 1 
13362    0.8 0.2 0.2 0.8 0.4 0.4  0.0443801 0.125 0.25 0.05 0.775 0.75 0.3 0.775 0.075 0.35 0 0.3 0.9 0.85 0.025 0.6 0.45 0.05 0.375 0.8 0.575 0.95 0.175 1 
13363    0.8 0.2 0.2 0.8 0.4 0.6  0.0468673 0.025 0.2 0.1 0.775 0.75 0.3 0.775 0.075 0.625 0 0.3 0.9 0.85 0.025 0.6 0.45 0.05 0.6 0.8 0.575 0.95 0.175 1 
13364    0.8 0.2 0.2 0.8 0.4 0.8  0.0462377 0.05 0.2 0.7 0.575 0.75 0.075 0.225 0.625 0.2 0.075 0.225 0.925 0.975 0.025 0.575 0.925 0.05 1 0.8 0.875 0.55 0.125 0.975 
13365    0.8 0.2 0.2 0.8 0.6 0  0.225019 0.125 0.85 0.1 0.625 0.1 0.25 0.65 0.8 0.725 0.45 0.225 0.925 0.825 0.025 0.6 0.225 0.05 1 0.8 0.875 0.075 0.275 0 
13366    0.8 0.2 0.2 0.8 0.6 0.2  0.0570405 0.375 0.525 0.975 0.575 1 0.075 0.675 0.025 0.3 0.85 0.025 0.55 0.975 0.025 1 0.5 0.05 1 0.8 0.15 0.425 0.7 0.85 
13367    0.8 0.2 0.2 0.8 0.6 0.4  0.0535986 0.35 0.2 0.1 0.025 0.625 0.075 1 0.625 0.325 0.85 0.4 0.05 1 0.025 1 0.975 0.05 1 0.8 0.875 0.075 0.125 0 
13370    0.8 0.2 0.2 0.8 0.8 0  0.291365 0.125 0.2 0.8 0.625 0.75 0.075 0.775 0.275 0.725 0.35 0.325 0 0.975 0.025 0.425 0.025 0.05 0.425 0.8 0.875 0.075 0.375 0.8 
13371    0.8 0.2 0.2 0.8 0.8 0.2  0.239445 0.9 0.2 0.725 0.525 0.95 0.175 0 0.4 0.125 0.1 0.275 0.15 1 0.85 0.625 0.725 0.05 1 0.975 0.075 0.925 0.3 0 
13372    0.8 0.2 0.2 0.8 0.8 0.4  -0.0310484 0.25 0.2 0.525 0.625 1 0.075 0.575 0.8 0.075 0.125 0.3 0.975 0.9 0.025 0.6 0.75 0.05 1 0.8 0.875 0.45 0.475 0 
13476    0.8 0.2 0.4 0.8 0 0.2  0.2611 0.25 0.525 0.775 0.275 1 0.075 0.3 0 0.525 0.85 0 0.55 0.975 0.075 0.575 0.325 0.05 1 0.8 0.875 0.75 0.1 0.85 
13477    0.8 0.2 0.4 0.8 0 0.4  0.0188421 0.375 0.2 1 0.625 1 0.075 0.7 0.35 0.175 0.3 0 0.95 0.975 0.025 1 0.5 0.25 1 0.35 0.8 0.5 0.025 0 
13478    0.8 0.2 0.4 0.8 0 0.6  0.175309 0.05 0.2 0.775 0.575 0.75 0.325 0.2 0.625 0.2 0.075 0.225 0.925 0.975 0.025 0.575 0.925 0.05 1 0.8 0.875 0.55 0.125 0.975 
13479    0.8 0.2 0.4 0.8 0 0.8  0.0235591 0.05 0.2 0.1 0.625 0.675 0.075 0.125 0.125 0.125 0.85 0.225 0.7 0.975 0.025 1 0.975 0.05 1 0.8 0.875 0.05 0.25 1 
13481    0.8 0.2 0.4 0.8 0.2 0.2  0.0363578 0.375 0.2 0.1 0.325 0.75 0.025 0.825 0.625 0.6 0.85 0.25 0.75 0.95 0.025 1 0.975 0.05 1 0.8 0.875 0.075 0.175 0 
13482    0.8 0.2 0.4 0.8 0.2 0.4  0.210746 0.05 0.2 0.775 0.575 0.575 0.325 0.2 0.625 0.2 0.025 0.225 0.925 0.975 0.025 0.575 0.925 0.05 1 0.8 0.875 0.55 0.125 0.975 
13483    0.8 0.2 0.4 0.8 0.2 0.6  0.0269648 0.125 0.275 0.5 0.625 0.25 0.075 0.45 0.8 0.725 0.025 0.3 0.7 0.975 0.075 0.6 0.95 0.05 1 0.8 0.875 0.675 0.05 0.8 
13486    0.8 0.2 0.4 0.8 0.4 0.2  0.0595915 0.15 0.2 0.1 0.025 0.75 0.125 0.525 0.15 0.35 0.65 0.3 0.7 1 0.025 0.6 0.975 0.05 0.375 0.775 0.725 0.925 0.175 1 
13487    0.8 0.2 0.4 0.8 0.4 0.4  0.0516847 0.125 0.2 0.1 0.775 0.75 0.3 0.775 0.075 0.35 0.325 0.3 0.9 0.85 0.025 0.6 0.45 0.05 0.375 0.8 0.575 0.95 0.125 1 
13488    0.8 0.2 0.4 0.8 0.4 0.6  0.043053 0.35 0.2 0.775 0.675 0.875 0.075 0.75 0.075 0.075 0.85 0.025 0.35 0.975 0.025 1 0.975 0.05 1 0.8 0.725 0.075 0.125 0 
13490    0.8 0.2 0.4 0.8 0.6 0  -0.0104455 0.9 0.9 0.475 0.875 0.8 0.2 0.15 0.175 0.425 0.375 0.15 0.225 0.975 0.85 0.6 0.625 0.05 1 0.1 0.45 0.875 0.025 0.3 
13601    0.8 0.2 0.6 0.8 0 0.2  0.0133739 0.45 0.275 0.525 0.625 0.25 0.075 0.2 0.8 0.725 0.025 0.3 0.7 0.975 0.075 0.6 0.95 0.05 0.625 0.8 0.875 0.675 0.05 0.8 
13602    0.8 0.2 0.6 0.8 0 0.4  0.0237223 0.05 0.2 0.1 0.625 0.675 0.075 0.15 0.1 0.75 0.85 0.1 0.7 0.975 0.025 1 0.975 0.05 1 0.8 0.875 0.075 0.25 0.925 
13603    0.8 0.2 0.6 0.8 0 0.6  0.0168711 0.35 0.275 0.525 0.625 0.25 0.075 0.2 0.8 0.25 0.025 0.3 0.7 0.975 0.075 0.6 0.95 0.05 0.625 0.8 0.875 0.675 0.05 0.8 
13606    0.8 0.2 0.6 0.8 0.2 0.2  0.0181575 0.125 0.275 0.525 0.625 0.25 0.475 0.35 0.8 0.725 0.025 0.3 0.7 0.975 0.075 0.6 0.5 0.05 0.775 0.8 0.875 0.675 0.05 0.8 
13607    0.8 0.2 0.6 0.8 0.2 0.4  0.249827 0.125 0.275 0.525 0.625 0.25 0.475 0.425 0.8 0.725 0.025 0.3 0.7 0.975 0.075 0.6 0.5 0.05 0.775 0.8 0.875 0.675 0.05 0.8 
13608    0.8 0.2 0.6 0.8 0.2 0.6  0.031874 0.35 0.2 0.1 0.575 0.75 0.075 1 0.625 0.325 0.4 0.45 0.925 0.975 0.025 1 0.975 0.05 1 0.8 0.875 0.45 0.125 0 
13725    0.8 0.2 0.8 0.8 0 0  0.255534 0.725 0.2 0.7 0.625 0.1 0.175 0.275 0.8 0.375 0.7 0.4 0.925 0.975 0.025 0.45 0 0.05 1 0.8 0.875 0.65 0.275 0 
13726    0.8 0.2 0.8 0.8 0 0.2  0.0263089 0.35 0.2 0.1 0.575 0.75 0.075 0.775 0.625 0.425 0.925 0.225 0.725 0.975 0.025 1 0.975 0.05 1 0.8 0.875 0.55 0.125 0.975 
13727    0.8 0.2 0.8 0.8 0 0.4  0.0263151 0.35 0.2 0.1 0.575 0.75 0.075 0.85 0.625 0.325 0.4 0.45 0.625 0.975 0.025 1 0.975 0.05 1 0.8 0.875 0.45 0.125 0 
13731    0.8 0.2 0.8 0.8 0.2 0.2  0.0234595 0.35 0.2 0.1 0.575 0.75 0.075 0.325 0.625 0.75 0.4 0.45 0.575 0.975 0.025 1 0.925 0.05 1 0.8 0.875 0.45 0.125 0 
13732    0.8 0.2 0.8 0.8 0.2 0.4  0.0255544 0.125 0.2 0.3 0.575 0.75 0.075 0.225 0.625 0.35 0.625 0.225 0.925 0.975 0.025 0.575 0.975 0.05 1 0.8 0.875 0.55 0.125 0.975 
13850    0.8 0.4 0 0.8 0 0  -0.00380138 0.125 0.2 0.8 0.625 0.75 0.075 0.775 0.8 0.725 0.35 0.325 0 0.975 0.025 0.425 0.975 0.05 0.425 0.8 0.875 0.075 0.05 0.8 
13851    0.8 0.4 0 0.8 0 0.2  -0.0193012 0.125 0.2 0.8 0.625 0.975 0.075 0.35 0.8 0.725 0.35 0.325 0.7 0.975 0.025 0.425 0.975 0.05 0.425 0.8 0.875 0.075 0.1 0.8 
13852    0.8 0.4 0 0.8 0 0.4  -0.0241636 0.275 0.75 0.925 0.425 1 0.2 0.95 0.45 0.25 0.875 0 0.4 0.975 0.15 1 0.5 0.05 1 1 0.5 0.3 0.3 0.25 
13853    0.8 0.4 0 0.8 0 0.6  -0.00135666 0.575 0.2 0.775 0.425 1 0.225 0.05 0.6 0.25 0.6 0 0.95 0.975 0.025 1 0.375 0.05 1 0.8 0.875 0.475 0.175 0 
13854    0.8 0.4 0 0.8 0 0.8  0.00192329 0.025 0.375 0.775 0.425 1 0.075 0.65 0.075 0.25 0.85 0 0.575 0.975 0 1 0.5 0.05 1 0.8 0.875 0.5 0.075 0 
13855    0.8 0.4 0 0.8 0.2 0  0.0466282 0.125 0.2 0.8 0.625 0.8 0.075 0.35 0.8 0.725 0.35 0.325 0.3 0.975 0.025 0.425 0.975 0.05 0.425 0.8 0.875 0.075 0.05 0.75 
13856    0.8 0.4 0 0.8 0.2 0.2  0.24339 0.125 0.2 0.5 0.625 0.75 0.15 0.65 0.075 0.125 0.075 0.3 0.925 0.575 0.8 0.6 0.6 0.05 0.8 0.8 0.875 0.675 0.125 0.95 
13857    0.8 0.4 0 0.8 0.2 0.4  -0.00156273 0.175 0.2 1 0.625 1 0.075 0.775 0.35 0.375 0.3 0 0.95 0.975 0.025 0.375 0.5 0.25 1 0.8 1 0.5 0.85 0 
13858    0.8 0.4 0 0.8 0.2 0.6  -0.00333696 0.325 0.2 1 0.625 1 0.075 0.775 0.275 0.375 0.3 0 0.4 0.975 0.025 1 0.5 0.25 1 0.8 1 0.5 0.775 0 
13860    0.8 0.4 0 0.8 0.4 0  0.414646 0.325 0.2 0.525 0.6 0.675 0.525 0.75 0.8 0.35 0.425 0.3 0.375 0.975 0.025 0.425 0.975 0.05 0.425 0.8 0.875 0.075 0.05 0.975 
13861    0.8 0.4 0 0.8 0.4 0.2  0.211901 0.325 0.2 0.525 0.6 0.675 0.525 0.25 0.8 0.6 0.5 0.225 0.7 0.975 0.025 0.425 0.975 0.05 0.425 0.8 0.875 0.075 0.05 0.975 
13862    0.8 0.4 0 0.8 0.4 0.4  0.0174313 0.025 0.2 0.925 0 1 0.2 0.65 0.45 0.325 0.875 0 0.375 0.975 0.025 1 0.5 0.6 1 0.225 0.5 0.3 0.15 0.975 
13863    0.8 0.4 0 0.8 0.4 0.6  0.0185033 0.3 0.2 1 0.625 1 0.075 0.825 0.35 0.375 0.3 0 0.95 0.975 0.025 1 0.5 0.25 1 0.8 1 0.5 0.125 0 
13865    0.8 0.4 0 0.8 0.6 0  0.257019 0.35 0.225 0.625 0.175 0.825 0.125 0.575 0.625 0.375 0.85 0.225 0.925 0 0.025 1 0.975 0.05 1 0.8 0.575 0.3 0.125 0 
13866    0.8 0.4 0 0.8 0.6 0.2  0.22296 0.325 0.2 0.05 0.6 0.675 0.525 0.25 0.8 0.6 0.5 0.225 0.475 0.975 0.025 0.95 0.975 0.05 0.425 0.8 0.875 0.075 0.05 0.975 
13867    0.8 0.4 0 0.8 0.6 0.4  0.000615261 0.375 0.2 1 0.625 1 0.075 0.775 0.25 0.375 0.3 0 0.25 0.975 0.025 1 0.5 0.25 1 0.8 1 0.5 0.75 0 
13870    0.8 0.4 0 0.8 0.8 0  0.289015 0.325 0.2 0.45 0.55 0.8 0.175 0.55 0.175 0.125 0.225 0.6 0.15 1 0.85 0.625 0.725 0.05 1 0.975 0.075 0.925 0.25 0 
13871    0.8 0.4 0 0.8 0.8 0.2  -0.0107104 0.9 0.9 0.475 0.875 0.45 0.35 0.15 0.175 0.6 0.375 0.15 0.325 0.975 0.85 0.85 0.4 0.05 1 0.1 0.175 0.875 0.125 0.225 
13872    0.8 0.4 0 0.8 0.8 0.4  0.00371367 0.225 0.1 0.725 0.375 0.425 0.075 0.825 0.575 0.725 0.875 0.15 0.925 0.975 0.325 0.175 0.725 0.05 1 0.975 0.2 0.125 0.3 1 
13873    0.8 0.4 0 0.8 0.8 0.6  0.00257288 0.225 0.1 0.725 0.375 0.425 0.075 0.15 0 0.725 0.875 0.125 0.525 0.975 0.475 0.175 0.725 0.05 0.45 0.75 0.2 0.125 0.3 0.8 
13874    0.8 0.4 0 0.8 0.8 0.8  0.00316741 0.225 0.1 0.725 0.375 0.425 0.075 0.4 0 0.725 0.875 0.125 0.25 0.975 0.475 0.175 0.725 0.05 0.45 0.9 0.2 0.125 0.3 0.75 
13976    0.8 0.4 0.2 0.8 0 0.2  0.209578 0.4 0.875 0.425 0.35 0.75 0.3 0.775 0.075 1 0.975 0.3 0.925 0.85 0.025 0.6 0.975 0.875 0.45 0.8 0.575 0.95 0.175 1 
13977    0.8 0.4 0.2 0.8 0 0.4  0.253673 0.275 0.525 0.775 0.275 1 0.075 0.8 0 0.525 0.85 0 0.55 0.975 0.075 0.575 0.325 0.05 1 0.8 0.875 0.75 0 0.85 
13978    0.8 0.4 0.2 0.8 0 0.6  0.0435335 0.35 0.2 0.1 0.375 0.675 0.075 0.65 0.075 0.125 0.425 0.1 0.225 0.975 0.025 1 0.975 0.05 1 0.8 0.875 0.075 0.25 0 
13979    0.8 0.4 0.2 0.8 0 0.8  0.0227689 0.35 0.2 0.525 0.45 0.675 0.075 0.3 0.1 0.075 0.1 0.1 0.65 0.975 0.025 0.625 0.975 0.05 1 0.8 0.875 0.075 0.25 0 
13980    0.8 0.4 0.2 0.8 0.2 0  0.297863 0.125 0.2 0.75 0.6 0.75 0.15 0.65 0.075 0.1 0.625 0.3 0.925 0.575 0.8 0.6 0.6 0.05 0.8 0.8 0.875 0.675 0.125 0.95 
13981    0.8 0.4 0.2 0.8 0.2 0.2  0.229693 0.125 0.2 0.5 0.625 0.75 0.15 0.65 0.075 0.4 0.625 0.3 0.925 0.575 0.8 0.6 0.6 0.05 0.8 0.8 0.875 0.675 0.125 0.95 
13982    0.8 0.4 0.2 0.8 0.2 0.4  0.143067 0.35 0.25 0.825 0.575 0.675 0.075 0.65 0.075 0.35 0.9 0.3 0.925 0.975 0.025 1 0.975 0.05 1 0.8 0.05 0.075 0.125 0 
13983    0.8 0.4 0.2 0.8 0.2 0.6  0.03404 0.375 0.2 0.1 0.575 0.75 0.075 0.65 0.625 0.35 0.85 0.225 0.925 0.95 0.025 1 0.975 0.05 1 0.8 0.875 0.075 0.125 0 
13984    0.8 0.4 0.2 0.8 0.2 0.8  0.000608231 0.375 0.2 1 0.625 1 0.075 0.775 0.625 0.375 0.475 0 0.95 0.975 0.025 1 0.5 0.225 1 0.8 1 0.5 0.125 0 
13985    0.8 0.4 0.2 0.8 0.4 0  0.231019 0.125 0.2 0.5 0.625 0.75 0.15 0.65 0.075 0.125 0.625 0.3 0.925 0.575 0.8 0.6 0.6 0.05 0.8 0.8 0.875 0.675 0.125 0.95 
13986    0.8 0.4 0.2 0.8 0.4 0.2  0.229821 0.125 0.2 0.5 0.625 0.75 0.15 0.65 0.075 0.125 0.475 0.3 0.925 0.575 0.8 0.6 0.6 0.05 0.8 0.8 0.875 0.675 0.125 0.95 
13987    0.8 0.4 0.2 0.8 0.4 0.4  0.0474331 0.35 0.2 0.1 0.575 0.75 0.075 0.65 0.625 0.35 0.85 0.25 0.925 0.975 0.025 1 1 0.05 1 0.8 0.875 0.075 0.125 0 
13988    0.8 0.4 0.2 0.8 0.4 0.6  0.0436902 0.125 0.2 0.1 0.775 0.75 0.3 0.775 0.075 0.35 0 0.3 0.9 0.85 0.025 0.6 0.45 0.05 0.375 0.8 0.575 0.95 0.175 1 
13990    0.8 0.4 0.2 0.8 0.6 0  0.27395 0.125 0.2 0.45 0.65 0.75 0.15 0.65 0.075 0.1 0.625 0.3 0.925 0.575 0.8 0.4 0.6 0.05 0.8 0.8 0.875 0.675 0.125 0.95 
13991    0.8 0.4 0.2 0.8 0.6 0.2  0.292792 0.375 0.525 0.975 0.575 1 0.075 0.675 0.025 0.3 0.675 0.025 0.55 0.975 0.025 1 0.5 0.05 1 0.8 0.15 0.425 0 0.85 
13992    0.8 0.4 0.2 0.8 0.6 0.4  0.0462121 0.35 0.225 0.1 0.45 0.825 0.075 0.525 0.625 0.35 0.45 0.25 0.625 0.975 0.025 1 0.975 0.05 1 0.8 0.275 0.075 0.125 0 
13995    0.8 0.4 0.2 0.8 0.8 0  0.352344 0.325 0.2 0.575 0.55 0.8 0.175 0.55 0.175 0.125 0.225 0.6 0.15 1 0.85 0.625 0.725 0.05 1 0.975 0.075 0.925 0.25 0 
13996    0.8 0.4 0.2 0.8 0.8 0.2  0.289951 0.325 0.2 0.575 0.55 0.8 0.175 0.55 0.175 0.075 0.225 0.6 0.15 1 0.85 0.625 0.725 0.05 1 0.975 0.075 0.975 0.25 0 
13997    0.8 0.4 0.2 0.8 0.8 0.4  -0.0321021 0.025 0.075 0 0.9 0.75 0.075 0.675 0.425 0.4 0.025 0.3 0.05 0.95 0.025 0.425 0.725 0.05 1 0.8 0.875 0.55 0.525 0 
14101    0.8 0.4 0.4 0.8 0 0.2  0.223158 0.4 0.875 0.425 0.35 0.75 0.3 0.775 0.075 1 0.975 0.725 0.925 0.85 0.025 0.6 0.975 0.875 0.375 0.8 0.575 0.95 0.175 1 
14102    0.8 0.4 0.4 0.8 0 0.4  0.0441471 0.125 0.2 0.1 0.025 0.75 0.125 0.525 0.15 0.35 0.625 0.3 0.925 1 0.025 0.6 0.975 0 0.375 0.8 0.575 0.925 0.5 1 
14103    0.8 0.4 0.4 0.8 0 0.6  0.0240574 0.05 0.175 0.1 0.625 0.675 0.075 0.15 0.1 0.75 0.85 0.1 0.7 0.975 0.025 1 0.975 0.05 1 0.8 0.875 0.075 0.25 1 
14104    0.8 0.4 0.4 0.8 0 0.8  0.0235313 0.35 0.2 0.525 0.45 0.675 0.075 0.3 0.075 0.7 0.05 0.1 0.65 0.975 0.025 0.625 0.975 0.05 1 0.8 0.875 0.075 0.25 0 
14105    0.8 0.4 0.4 0.8 0.2 0  0.00382495 0.125 0.2 0.1 0.625 0.75 0.15 0.625 0.075 0.425 0.075 0.075 0.925 0.575 0.025 0.6 0.6 0.05 1 0.8 0.875 0.65 0.125 0.7 
14106    0.8 0.4 0.4 0.8 0.2 0.2  0.211092 0.4 0.875 0.425 0.35 0.75 0.3 0.775 0.075 1 0.975 0.3 0.925 0.85 0.025 0.6 0.975 0.875 0.375 0.8 0.575 0.95 0.175 1 
14107    0.8 0.4 0.4 0.8 0.2 0.4  0.0475612 0.35 0.2 0.1 0.575 0.75 0.075 0.45 0.625 0.35 0.85 0.225 0.3 0.975 0.025 1 0.975 0.05 1 0.8 0.875 0.075 0.125 0 
14108    0.8 0.4 0.4 0.8 0.2 0.6  0.0326003 0.325 0.2 0.1 0.025 0.75 0.075 0.225 0.625 0.35 0.075 0.225 0.925 0.975 0.025 0.575 0.975 0.05 1 0.8 0.775 0.9 0.175 0.975 
14110    0.8 0.4 0.4 0.8 0.4 0  0.0179697 0.125 0.2 0.1 0.625 0.55 0.15 0.65 0.075 0.375 0.6 0.3 0.925 0.55 0.025 0.6 0.625 0.05 0.35 0.8 0.875 0.65 0.125 0.7 
14111    0.8 0.4 0.4 0.8 0.4 0.2  0.287651 0.35 0.2 0.1 0.575 0.75 0.075 0.775 0.075 0.425 0.925 0.45 0.725 0.975 0.025 1 0.975 0.05 0.225 0.8 0.875 0.05 0.125 0.975 
14112    0.8 0.4 0.4 0.8 0.4 0.4  0.298922 0.35 0.2 0.1 0.45 0.95 0.35 0.55 0.075 0.125 0.225 0.1 0.875 0.975 0.025 1 0.975 0.05 1 0.8 0.875 0.075 0.25 0 
14113    0.8 0.4 0.4 0.8 0.4 0.6  0.0497532 0.35 0.2 0.525 0.45 0.925 0.075 0.375 0.075 0.175 0.2 0.1 0.65 0.975 0.025 0.625 0.975 0.05 1 0.8 0.725 0.075 0.25 0 
14116    0.8 0.4 0.4 0.8 0.6 0.2  0.0525685 0.35 0.2 0.775 0.625 0.875 0.075 0.75 0.075 0.075 0.85 0.025 0.925 0.975 0.025 1 0.975 0.05 1 0.8 0.725 0.075 0.125 0 
14117    0.8 0.4 0.4 0.8 0.6 0.4  0.050907 0.35 0.2 0.775 0.625 0.875 0.075 0.75 0.075 0.075 0.95 0.025 0.475 0.975 0.025 1 0.975 0.05 1 0.8 0.725 0.075 0.125 0 
14121    0.8 0.4 0.4 0.8 0.8 0.2  0.4624 0.9 0.2 0.725 1 0.95 0.175 0 0.4 0.125 0.075 0.55 0.15 1 0.85 0.625 0.725 0.05 1 0.975 0.075 0.925 0.3 0 
14122    0.8 0.4 0.4 0.8 0.8 0.4  0.224601 0.8 0.2 0.725 0.525 0.95 0.175 0 0.4 0.625 0.075 0.275 0.15 1 0.85 0.625 0.725 0.05 1 0.975 0.075 0.925 0.3 0 
14226    0.8 0.4 0.6 0.8 0 0.2  0.201775 0.125 0.675 0.1 0.125 0.1 0.025 0.65 0.575 0.875 0.05 0.3 0.85 0.45 0.025 0.6 0 0.05 1 0.8 0.425 0.1 0.275 0.875 
14227    0.8 0.4 0.6 0.8 0 0.4  0.0346699 0.175 0.2 0.1 0.625 0.675 0.075 0.1 0.075 0.125 0.85 0.225 0.7 0.975 0.025 1 0.975 0.05 1 0.8 0.875 0.075 0.25 0 
14231    0.8 0.4 0.6 0.8 0.2 0.2  0.0164959 0.125 0.275 0.525 0.625 0.25 0.475 0.1 0.8 0.725 0.025 0.3 0.7 0.975 0.075 0.6 0.5 0.05 0.775 0.8 0.875 0.675 0.05 0.8 
14232    0.8 0.4 0.6 0.8 0.2 0.4  0.0425152 0.175 0.2 0.1 0.625 0.825 0.075 0.125 0.075 0.125 0.85 0.225 0.7 0.975 0.025 1 0.975 0.05 1 0.8 0.875 0.075 0.25 0 
14350    0.8 0.4 0.8 0.8 0 0  0.00412902 0.95 0.275 0.525 0.625 0.85 0.075 0.975 0.8 0.25 0.025 0.3 0.775 0.975 0.075 0.6 0.95 0.05 0.625 0.8 0.875 0.675 0.675 0.8 
14351    0.8 0.4 0.8 0.8 0 0.2  0.260923 0.725 0.2 0.725 0.625 0.1 0.175 0.275 0.8 0.325 0.7 0.4 0.925 0.975 0.025 0.45 0 0.05 1 0.8 0.875 0.65 0.275 0 
14475    0.8 0.6 0 0.8 0 0  -0.0251413 0.125 0.2 0.8 0.625 0.8 0.075 0.35 0.8 0.725 0.35 0.325 0.175 0.975 0.025 0.425 0.975 0.05 0.425 0.8 0.875 0.075 0.05 0.8 
14476    0.8 0.6 0 0.8 0 0.2  -0.0227642 0.275 0.675 0.925 0.425 1 0.6 0.95 0.45 0.25 0.85 0 0.925 0.975 0.025 1 0.5 0.05 1 0.875 0.575 0.3 0.3 0.25 
14477    0.8 0.6 0 0.8 0 0.4  -0.00930257 0.275 0.075 0.925 0.425 1 0.2 0.95 0.45 0.25 0.875 0 0.4 0.975 0.025 1 0.5 0.05 0.9 1 0.5 0.3 0 0.25 
14478    0.8 0.6 0 0.8 0 0.6  0.000150157 0.375 0.2 0.85 0.625 1 0.075 0.775 0.35 0.375 0.3 0 0.95 0.975 0.025 0.325 0.5 0.25 0.9 0.8 1 0.5 0.325 0 
14479    0.8 0.6 0 0.8 0 0.8  -0.000367619 0.375 0.2 1 0.625 1 0.075 0.775 0.35 0.375 0.3 0 0.95 0.975 0.025 1 0.5 0.05 1 0.8 1 0.5 0.125 0 
14480    0.8 0.6 0 0.8 0.2 0  0.275482 0.325 0.2 0.375 0.6 0.675 0.525 0.25 0.8 0.6 0.325 0.225 0.7 0.975 0.025 0.425 0.975 0.05 0.425 0.8 0.875 0.075 0.05 0.975 
14481    0.8 0.6 0 0.8 0.2 0.2  -0.001697 0.175 0.2 1 0.625 1 0.075 0.775 0.35 0.375 0.2 0 0.425 0.975 0.025 0.375 0.5 0.25 1 0.8 1 0.5 0.85 0 
14482    0.8 0.6 0 0.8 0.2 0.4  -0.000336007 0.375 0.2 1 0.625 1 0.075 0.775 0.725 0.375 0.775 0 0.875 0.975 0.025 1 0.5 0.275 1 0.8 1 0.5 0 0 
14483    0.8 0.6 0 0.8 0.2 0.6  -0.0040571 0.375 0.2 1 0.625 1 0.075 0.775 0.175 0.375 0.2 0 0.95 0.975 0.2 1 0.5 0.275 1 0.8 1 0.5 0.85 0 
14484    0.8 0.6 0 0.8 0.2 0.8  0.00171386 0.375 0.2 1 0.625 1 0.075 0.775 0.725 0.5 0.3 0 0.95 0.975 0.025 1 0.5 0.25 1 0.8 1 0.5 0.125 0 
14485    0.8 0.6 0 0.8 0.4 0  0.394533 0.325 0.2 0.05 0.6 0.675 0.525 0.25 0.8 0.6 0.5 0.225 0.7 0.975 0.025 0.425 0.975 0.05 0.425 0.8 0.875 0.075 0.05 0.975 
14486    0.8 0.6 0 0.8 0.4 0.2  0.190404 0.325 0.2 0.05 0.6 0.675 0.525 0.25 0.8 0.6 0.5 0.325 0.4 0.975 0.025 0.425 0.975 0.05 0.425 0.8 0.875 0.425 0.05 0.975 
14487    0.8 0.6 0 0.8 0.4 0.4  0.0195101 0.3 0.2 1 0.625 1 0.075 0.2 0.35 0.375 0.1 0 0.075 0.975 0.025 1 0.5 0.25 1 0.8 1 0.5 0.175 0.075 
14488    0.8 0.6 0 0.8 0.4 0.6  0.000572555 0.375 0.2 1 0.625 1 0.075 0.775 0.25 0.375 0.3 0 0.95 0.975 0.025 1 0.5 0.25 1 0.8 1 0.5 0.125 0 
14489    0.8 0.6 0 0.8 0.4 0.8  0.000792619 0.375 0.2 1 0.625 1 0.075 0.775 0.35 0.375 0.3 0 0.95 0.975 0.025 1 0.5 0.25 1 0.8 1 0.5 0.85 0 
14490    0.8 0.6 0 0.8 0.6 0  -0.0304373 0.125 0.2 0.525 0.15 0.675 0.075 0.85 0.8 0.325 0.375 0.325 0.7 0.975 0.025 0.425 0.975 0.05 0.525 0.8 0.875 0.075 0.05 0.8 
14491    0.8 0.6 0 0.8 0.6 0.2  0.172597 0.225 0 0.75 0.625 1 0.075 0.65 0 0.45 0.85 0.025 0.425 1 0.075 0.725 0.3 0.05 1 0.8 0.875 0.75 0 0.85 
14495    0.8 0.6 0 0.8 0.8 0  0.265311 0.325 0.2 0.575 0.55 0.8 0.175 0.55 0.175 0.125 0.225 0.6 0.15 1 0.85 0.625 0.875 0.05 1 0.975 0.075 0.925 0.25 0 
14496    0.8 0.6 0 0.8 0.8 0.2  0.262466 0.325 0.2 0.45 0.55 0.775 0.175 0.55 0.175 0.125 0.225 0.6 0.15 1 0.85 0.625 0.725 0.05 1 0.975 0.075 0.1 0.25 0 
14497    0.8 0.6 0 0.8 0.8 0.4  0.0046302 0.225 0.1 0.725 0.375 0.425 0.075 0.15 0.15 0.725 0.875 0.125 0.525 0.975 0.475 0.175 0.725 0.05 1 0.975 0.2 0.125 0.3 1 
14498    0.8 0.6 0 0.8 0.8 0.6  0.00214867 0.225 0.1 0.725 0.375 0.425 0.075 0.15 0.575 0.725 0.875 0.15 0.925 0.975 0.325 0.175 0.725 0.05 1 0.975 0.2 0.125 0.3 1 
14499    0.8 0.6 0 0.8 0.8 0.8  0.00329305 0.225 0.1 0.725 0.375 0.425 0.425 0.35 0.225 0.725 0.875 0.15 0.85 0.975 0.325 0.175 0.725 0.05 0.4 0.975 0.2 0.125 0.3 1 
14600    0.8 0.6 0.2 0.8 0 0  0.308675 0.175 0.2 0.1 0.625 0.675 0.6 0.125 0.075 0.175 0.85 0.5 0.7 0.7 0.025 1 0.25 0.05 1 0.8 0.875 0.075 0.25 0 
14601    0.8 0.6 0.2 0.8 0 0.2  0.17733 0.425 0.2 0.275 0.15 0.675 0.075 0.85 0.7 0.6 0.85 0.325 0.7 0.75 0.025 0.425 0.975 0.05 0.6 0.8 0.875 0.075 0.05 0.8 
14602    0.8 0.6 0.2 0.8 0 0.4  0.0382867 0.35 0.2 0.1 0.45 0.675 0.075 0.65 0.075 0.125 0.425 0.1 0.225 0.975 0.025 1 0.975 0.05 1 0.8 0.875 0.075 0.25 0 
14603    0.8 0.6 0.2 0.8 0 0.6  0.0412177 0.35 0.2 0.1 0.45 0.675 0.075 0.55 0.075 0.125 0.1 0.1 0.875 0.975 0.025 1 0.975 0.05 1 0.8 0.9 0.125 0.25 0 
14604    0.8 0.6 0.2 0.8 0 0.8  -0.00412053 0.375 0.525 0.575 0.625 1 0.075 0.35 0.025 0.525 0.85 0 0.8 0.975 0.025 1 0.5 0.05 1 0.95 0.875 0.425 0 0.075 
14605    0.8 0.6 0.2 0.8 0.2 0  0.270951 0.125 0.2 0.35 0.625 0.75 0.15 0.65 0.075 0.375 0.525 0.3 0.925 0.575 0.8 0.6 0.6 0.05 0.8 0.8 0.875 0.675 0.125 0.95 
14606    0.8 0.6 0.2 0.8 0.2 0.2  0.0484282 0.35 0.2 0.1 0.575 0.75 0.075 0.65 0.625 0.35 0.85 0.45 0.925 0.975 0.025 1 0.975 0.05 1 0.8 0.875 0.075 0.125 0 
14607    0.8 0.6 0.2 0.8 0.2 0.4  0.0459149 0.375 0.2 0.1 0.575 0.75 0.075 0.65 0.625 0.6 0.85 0.225 0.95 0.95 0.025 1 0.975 0.05 1 0.8 0.875 0.075 0.175 0 
14608    0.8 0.6 0.2 0.8 0.2 0.6  0.0040906 0.575 0.2 0.775 0.425 1 0.125 0.05 0 0.25 0.225 0 0.575 0.975 0.025 1 0.375 0.05 1 0.8 0.875 0.475 0.175 0 
14609    0.8 0.6 0.2 0.8 0.2 0.8  0.00109621 0.325 0.2 1 0.625 1 0.075 0.3 0.35 0.375 0.1 0 0.95 0.975 0.025 1 0.5 0.25 1 0.8 1 0.5 0.125 0.925 
14610    0.8 0.6 0.2 0.8 0.4 0  0.250782 0.125 0.075 0.775 0.85 0.025 0.35 0.975 0.425 0.725 0.025 0.3 0.925 0.975 1 0.55 0 0.05 1 0.8 0.875 0.375 0.525 0 
14611    0.8 0.6 0.2 0.8 0.4 0.2  0.0534221 0.35 0.2 0.1 0.575 0.75 0.075 0.65 0.625 0.35 0.85 0.225 0.925 0.975 0.025 1 0.975 0.05 1 0.8 0.875 0.075 0.125 0 
14612    0.8 0.6 0.2 0.8 0.4 0.4  0.0455261 0.35 0.225 0.1 0.575 0.75 0.075 0.325 0.625 0.35 0.85 0 0.925 0.975 0.025 0.425 0.975 0.05 1 0.8 0.875 0.075 0.125 0 
14615    0.8 0.6 0.2 0.8 0.6 0  0.267719 0.125 0.2 0.35 0.625 0.75 0.15 0.65 0.075 0.375 0.15 0.3 0.925 0.575 0.8 0.6 0.6 0.05 0.8 0.8 0.875 0.675 0.125 0.95 
14616    0.8 0.6 0.2 0.8 0.6 0.2  0.273794 0.125 0.2 0.35 0.625 0.75 0.15 0.65 0.075 0.45 0.625 0.3 0.925 0.575 0.8 0.6 0.6 0.05 0.8 0.8 0.875 0.675 0.125 0.95 
14620    0.8 0.6 0.2 0.8 0.8 0  0.315503 0.325 0.2 0.65 0.55 0.8 0.175 0.55 0.175 0.125 0.225 0.6 0.15 1 0.85 0.625 0.725 0.05 1 0.975 0.075 0.925 0.25 0 
14621    0.8 0.6 0.2 0.8 0.8 0.2  0.303988 0.275 0.2 0.725 0.525 0.95 0.175 0 0.4 0.125 0.075 0.6 0.15 1 0.85 0.625 0.725 0.05 1 0.975 0.075 0.925 0.3 0 
14622    0.8 0.6 0.2 0.8 0.8 0.4  0.419797 0.15 0.2 0.725 0.35 0.95 0.175 0 0.4 0.45 0.075 0.275 0.15 1 0.85 0.625 0.725 0.05 1 0.975 0.075 0.925 0.3 0 
14725    0.8 0.6 0.4 0.8 0 0  0.227836 0.725 0.2 0.4 0.625 0.1 0.175 0.275 0.8 0.325 0.7 0.4 0.925 0.975 0.025 0.45 0 0.05 1 0.8 0.85 0.65 0.275 0 
14727    0.8 0.6 0.4 0.8 0 0.4  0.0366969 0.35 0.2 0.525 0.45 0.675 0.075 0.3 0.075 0.375 0.45 0.1 0.65 0.975 0.025 0.625 0.975 0.05 1 0.8 0.875 0.075 0.25 0 
14728    0.8 0.6 0.4 0.8 0 0.6  0.0353558 0.35 0.2 0.525 0.45 0.675 0.075 0.3 0.075 0.075 0.3 0.1 0.65 0.975 0.025 0.625 0.975 0.05 1 0.8 0.875 0.075 0.25 0 
14729    0.8 0.6 0.4 0.8 0 0.8  -0.0193731 0.375 0.2 0.825 0.5 1 0.075 0.65 0.825 0.15 0.875 0 1 0.95 0.025 0.25 0.5 0.05 0.925 0.8 0.875 0.5 0.125 0 
14731    0.8 0.6 0.4 0.8 0.2 0.2  0.271175 0.125 0.2 0.35 0.7 0.75 0.15 0.65 0.075 0.375 0.15 0.3 0.925 0.575 0.8 0.6 0.6 0.05 0.8 0.8 0.875 0.675 0.125 0.95 
14732    0.8 0.6 0.4 0.8 0.2 0.4  0.0474291 0.35 0.2 0.15 0.575 0.75 0.075 0.45 0.625 0.35 0.85 0.225 0.3 0.975 0.025 1 0.975 0.05 1 0.8 0.875 0.075 0.2 0 
14735    0.8 0.6 0.4 0.8 0.4 0  0.27715 0.125 0.2 0.35 0.7 0.75 0.15 0.65 0.075 0.375 0.15 0.3 0.925 0.575 0.8 0.65 0.6 0.05 0.8 0.8 0.875 0.675 0.125 0.95 
14736    0.8 0.6 0.4 0.8 0.4 0.2  0.277176 0.125 0.2 0.35 0.625 0.75 0.15 0.65 0.075 0.4 0.425 0.3 0.925 0.575 0.8 0.6 0.6 0.05 0.8 0.8 0.875 0.675 0.125 0.95 
14737    0.8 0.6 0.4 0.8 0.4 0.4  0.0477838 0.35 0.2 0.1 0.575 0.75 0.075 0.65 0.625 0.625 0.725 0.225 0.925 0.975 0.025 0.975 0.975 0.05 1 0.8 0.875 0.075 0.125 0 
14740    0.8 0.6 0.4 0.8 0.6 0  0.000951609 0.9 0.875 0.45 0.875 0.725 0.075 0.15 0.575 0.5 0.9 0.15 0.225 0.975 0.85 0.6 0.55 0.05 1 0.1 0.45 0.875 0.025 0.025 
14746    0.8 0.6 0.4 0.8 0.8 0.2  0.476349 0.9 0.2 0.425 1 0.95 0.175 0 0.4 0.125 0.225 0.55 0.15 1 0.85 0.625 0.725 0.05 1 0.975 0.075 0.925 0.3 0 
14747    0.8 0.6 0.4 0.8 0.8 0.4  0.368016 0.275 0.2 0.675 0.525 0.95 0.175 0 0.4 0.3 0.075 0.375 0.15 1 0.85 0.625 0.725 0.05 1 0.975 0.075 0.925 0.3 0 
14748    0.8 0.6 0.4 0.8 0.8 0.6  -0.0017801 0.375 0.2 0.825 0.5 0.875 0.075 0.65 0.825 0.15 0.875 0 1 0.95 0.025 0.25 0.5 0.05 0.925 0.8 0.875 0.5 0.125 0 
14850    0.8 0.6 0.6 0.8 0 0  0.266135 0.725 0.2 0.7 0.625 0.1 0.175 0.275 0.8 0.525 0.7 0.4 0.925 0.975 0.025 0.45 0 0.05 1 0.8 0.875 0.65 0.275 0 
14851    0.8 0.6 0.6 0.8 0 0.2  0.204716 0.125 0.675 0.1 0.125 0.1 0.075 0.65 0.575 0.875 0.05 0.3 0.85 0.45 0.025 0.6 0 0.05 1 0.8 0.425 0.1 0.275 0.875 
14852    0.8 0.6 0.6 0.8 0 0.4  0.0314498 0.05 0.2 0.1 0.625 0.675 0.075 0.15 0.1 0.125 0.925 0.225 0.925 0.975 0.025 1 0.975 0.05 1 0.8 0.875 0.075 0.25 0 
14975    0.8 0.6 0.8 0.8 0 0  0.258544 0.725 0.2 0.725 0.625 0.1 0.175 0.275 0.8 0.325 0.7 0.4 0.925 0.975 0.025 0.475 0 0.05 1 0.8 0.775 0.65 0.275 0.1 
15100    0.8 0.8 0 0.8 0 0  0.298281 0.35 0.2 0.1 0.575 0.75 0.075 0.75 0.625 0.075 0.4 0.45 0.55 0.975 0.025 1 0.975 0.7 1 0.8 0.475 0.45 0.125 0 
15101    0.8 0.8 0 0.8 0 0.2  0.259726 0.55 0.525 0.75 0.625 1 0.075 0.65 0.05 0.525 0.85 0 0.35 0.975 0.075 1 0.35 0.05 1 0.8 0.875 0.75 0 0.85 
15102    0.8 0.8 0 0.8 0 0.4  0.233907 0.325 0.525 0.75 0.625 1 0.075 0.95 0 0.2 0.85 0 0.45 0.975 0.075 1 0.35 0.05 1 0.8 0.875 0.75 0.65 0.85 
15103    0.8 0.8 0 0.8 0 0.6  -0.00385966 0.575 0.2 0.775 0.425 1 0.225 0.65 0 0.25 0.875 0 0.575 1 0.025 1 0.5 0.05 1 0.8 0.875 0.475 0.175 0 
15104    0.8 0.8 0 0.8 0 0.8  0.0015635 0.25 0.375 0.775 0.425 1 0.075 0.65 0 0.25 0.85 0 0.575 0.975 0 1 0.5 0.05 1 0.8 0.875 0.5 0.075 0 
15105    0.8 0.8 0 0.8 0.2 0  0.285167 0.125 0.075 0.775 0.85 0.025 0.35 0.975 0.425 0.725 0.025 0.3 0.925 0.975 1 0.6 0 0.05 1 0.8 0.875 0.375 0.525 0 
15106    0.8 0.8 0 0.8 0.2 0.2  -0.0122563 0.9 0.9 0.475 0.875 0.8 0.2 0.15 0.175 0.425 0.375 0.15 0.225 0.975 0.85 0.6 0.4 0.05 1 0.1 0.45 0.875 0.025 0.225 
15107    0.8 0.8 0 0.8 0.2 0.4  0.000135291 0.3 0.2 1 0.625 1 0.075 0.2 0.35 0.375 0.3 0 0.075 0.975 0.025 1 0.5 0.25 1 0.8 1 0.5 0.175 0.075 
15108    0.8 0.8 0 0.8 0.2 0.6  -0.00423147 0.375 0.2 0.8 0.575 1 0.075 0.775 0.35 0.375 0.3 0 0.95 0.975 0.025 0.325 0.5 0.25 1 0.8 1 0.5 0.25 0 
15109    0.8 0.8 0 0.8 0.2 0.8  -0.0250268 0.375 0.2 1 0.625 1 0.075 1 0.625 0.1 0.475 0 0.5 0.975 0.025 1 0.5 0.225 1 0.8 1 0.5 0.125 0 
15110    0.8 0.8 0 0.8 0.4 0  0.265515 0.65 0.2 0.1 0.625 0.1 0.25 0.725 0.625 0.725 0.7 0.95 0.925 0.975 0.025 0.45 0 0.05 1 0.8 0.875 0.075 0.275 0 
15111    0.8 0.8 0 0.8 0.4 0.2  -0.0090284 0.9 0.9 0.475 0.875 0.8 0.35 0.15 0.8 0.6 0.375 0.15 0.975 0.975 0.85 0.85 0.4 0.05 0.975 0.1 0.175 0.875 0.025 0.225 
15112    0.8 0.8 0 0.8 0.4 0.4  -0.00977107 0.375 0.2 1 0.575 1 0.075 0.775 0.35 0.375 0.6 0 0.125 0.975 0.025 0.325 0.5 0.25 1 0.8 1 0.5 0.25 0 
15115    0.8 0.8 0 0.8 0.6 0  -0.00588188 0.15 0.075 0.475 0.875 0.8 0.075 0.15 0.175 0.6 0.375 0.15 0.225 0.975 0.675 0.6 0.575 0.05 1 0.975 0.45 0.875 0.025 0.225 
15116    0.8 0.8 0 0.8 0.6 0.2  0.293537 0.125 0.2 0.75 0.625 0.75 0.15 0.65 0.075 0.1 0.625 0.3 0.925 0.575 0.8 0.6 0.6 0.05 0.8 0.8 0.875 0.675 0.125 0.95 
15120    0.8 0.8 0 0.8 0.8 0  0.328114 0.325 0.2 0.575 0.55 0.8 0.175 0.55 0.175 0.125 0.225 0.575 0.15 1 0.85 0.625 0.875 0.05 1 0.975 0 0.925 0.25 0 
15121    0.8 0.8 0 0.8 0.8 0.2  0.252951 0.325 0.2 0.45 0.55 0.775 0.175 0.325 0.175 0.125 0.225 0.6 0.15 1 0.85 0.625 0.725 0.05 1 0.975 0.075 0.1 0.25 0 
15122    0.8 0.8 0 0.8 0.8 0.4  -0.0210943 0.225 0.2 0.575 0.55 0.8 0.075 0.425 0.4 0.125 0.675 0.6 0.15 0.975 0.85 0.6 0.225 0.05 1 0.975 0.125 0.925 0.45 0 
15124    0.8 0.8 0 0.8 0.8 0.8  0.00546792 0.225 0.1 0.725 0.375 0.425 0.075 0.4 0 0.725 0.875 0.125 0.525 0.975 0.475 0.175 0.725 0.05 0.45 0.9 0.2 0.125 0.3 0.8 
15225    0.8 0.8 0.2 0.8 0 0  0.274309 0.725 0.2 0.725 0.625 0.1 0.175 0.275 0.8 0.325 0.7 0.4 0.925 0.975 0.025 0.825 0 0.05 1 0.8 0.775 0.65 0.275 0.1 
15226    0.8 0.8 0.2 0.8 0 0.2  0.298231 0.55 0.525 0.575 0.625 1 0.075 0.65 0 0.525 0.85 0 0.35 0.975 0.075 1 0.35 0.05 1 0.8 0.875 0.75 0 0.85 
15227    0.8 0.8 0.2 0.8 0 0.4  0.11325 0.375 0.525 0.65 0.625 1 0.075 0.35 0 0.525 0.85 0 0.35 0.975 0.075 1 0.35 0.05 1 0.8 0.875 0.75 0.5 0.85 
15228    0.8 0.8 0.2 0.8 0 0.6  0.265289 0.375 0 0.75 0.625 1 0.075 0.375 0 0.525 0.85 0 0.35 0.975 0.075 1 0.35 0.05 1 0.8 0.875 0.75 0 0.85 
15229    0.8 0.8 0.2 0.8 0 0.8  0.0482814 0.375 0.525 0.575 0.625 1 0.075 0.65 0 0.525 0.85 0 0.35 0.975 0.075 1 0.35 0.05 1 0.8 0.875 0.75 0 0.85 
15230    0.8 0.8 0.2 0.8 0.2 0  0.308546 0.125 0.475 0.775 0.85 0.025 0.35 0.975 0.425 0.725 0.025 0.3 0.925 0.075 1 0.6 0 0.05 1 0.8 0.875 0.375 0.525 0 
15231    0.8 0.8 0.2 0.8 0.2 0.2  0.273195 0.125 0.2 0.35 0.7 0.75 0.15 0.65 0.075 0.35 0.15 0.3 0.925 0.575 0.8 0.6 0.6 0.05 0.8 0.8 0.875 0.675 0.125 0.95 
15232    0.8 0.8 0.2 0.8 0.2 0.4  -0.0243542 0.275 0.675 0.7 0.425 1 0.6 0.95 0.45 0.25 0.775 0 0.925 0.975 0.025 1 0.5 0.225 1 0.875 0.575 0.3 0.3 0.25 
15233    0.8 0.8 0.2 0.8 0.2 0.6  -0.0247773 0.325 0.2 0.775 0.625 1 0.075 0.575 0.35 0.375 0.1 0 0.95 0.975 0.15 1 0.5 0.25 1 0.8 1 0.5 0.125 0.925 
15234    0.8 0.8 0.2 0.8 0.2 0.8  -0.0237437 0.375 0.2 1 0.625 1 0.075 0.775 0.025 0.725 0.2 0 0 0.975 0.025 1 0.5 0.275 1 0.8 1 0.5 0.85 0 
15235    0.8 0.8 0.2 0.8 0.4 0  -0.00227247 0.9 0.875 0.45 0.875 0.725 0.075 0.15 0.675 0.5 0.05 0.15 0.225 0.975 0.85 0.6 0.55 0.05 1 0.1 0.45 0.875 0.025 0.025 
15236    0.8 0.8 0.2 0.8 0.4 0.2  -0.0282634 0.375 0.125 0.775 0.625 1 0.075 0.4 0.35 0.375 0.1 0 0.95 0.975 0.125 1 0.5 0.25 0.35 0.8 1 0.5 0.5 0.925 
15237    0.8 0.8 0.2 0.8 0.4 0.4  -0.0265659 0.375 0.125 0.775 0.625 1 0.075 0.4 0.35 0.375 0.1 0 0.95 0.975 0.025 1 0.5 0.25 0.35 0.8 1 0.5 0.5 0.925 
15238    0.8 0.8 0.2 0.8 0.4 0.6  -0.0263477 0.325 0.2 0.775 0.625 1 0.075 0.575 0.35 0.375 0.1 0 0.95 0.975 0.025 1 0.5 0.25 1 0.8 1 0.5 0.125 0.925 
15240    0.8 0.8 0.2 0.8 0.6 0  -0.011139 0.9 0.2 0.425 1 0.95 0.175 0.025 0.4 0.525 0.675 0.55 0.15 1 0.85 0.625 0.725 0.05 1 0.975 0.075 0.925 0.3 0 
15241    0.8 0.8 0.2 0.8 0.6 0.2  0.242105 0.225 0 0.75 0.625 1 0.075 0.375 0 0.45 0.85 0.025 0.425 1 0.075 0.725 0.3 0.05 1 0.8 0.875 0.75 0 0.85 
15242    0.8 0.8 0.2 0.8 0.6 0.4  -0.020804 0.375 0.525 0.975 0.625 1 0.075 0.675 0.025 0.525 0.85 0.025 0.55 0.975 0.025 1 0.5 0.05 1 0.8 0.875 0.425 0 0.85 
15245    0.8 0.8 0.2 0.8 0.8 0  0.33281 0.325 0.6 0.675 0.625 0.3 0.075 0.3 0 0.525 0.85 0 0.35 0.975 0.075 1 0.35 0.05 1 0.925 0.875 0.75 0 0.85 
15246    0.8 0.8 0.2 0.8 0.8 0.2  0.339994 0.15 0.2 0.725 0.35 0.95 0.175 0 0.4 0.45 0.075 0.025 0.15 1 0.85 0.625 0.725 0.05 1 0.975 0.075 0.925 0.3 0 
15247    0.8 0.8 0.2 0.8 0.8 0.4  0.320274 0.325 0.2 0.45 0.55 0.8 0.175 0.55 0.175 0.125 0.225 0.6 0.15 1 0.85 0.625 0.725 0.05 1 0.975 0.075 0.1 0.25 0 
15248    0.8 0.8 0.2 0.8 0.8 0.6  -0.0345283 0.2 0.2 0.55 0.6 0.8 0.075 1 0.875 0.725 0.875 0.6 1 0.975 0.325 0.15 0 0.05 1 0.7 0.125 0.925 0.4 0 
15249    0.8 0.8 0.2 0.8 0.8 0.8  -0.0336472 0.225 0.2 0.55 0.6 0.8 0.075 0.1 0.875 0.475 0.875 0.6 0.825 0.975 0.325 0.15 0 0.05 1 0.7 0.125 0.925 0.4 0 
15350    0.8 0.8 0.4 0.8 0 0  0.239149 0.725 0.2 0.6 0.625 0.1 0.175 0.275 0.8 0.325 0.7 0.4 0.925 0.975 0.025 0.45 0 0.05 1 0.8 0.875 0.65 0.275 0 
15351    0.8 0.8 0.4 0.8 0 0.2  0.249118 0.725 0.2 0.4 0.625 0.1 0.175 0.275 0.8 0.625 0.7 0.4 0.225 0.975 0.025 0.45 0 0.05 1 0.8 0.85 0.65 0.275 0 
15352    0.8 0.8 0.4 0.8 0 0.4  0.276757 0.375 0.525 0.8 0.625 1 0.075 0.35 0 0.525 0.85 0 0.35 0.975 0.075 1 0.35 0.05 1 0.8 0.875 0.75 0.5 0.85 
15353    0.8 0.8 0.4 0.8 0 0.6  0.243222 0.325 0.525 0.75 0.625 1 0.075 0.95 0 0.525 0.85 0 0.35 0.975 0.075 1 0.35 0.05 1 0.8 0.875 0.75 0.65 0.85 
15354    0.8 0.8 0.4 0.8 0 0.8  -0.0244485 0.275 0.675 0.925 0.425 1 0.6 0.95 0.45 0.25 0.775 0 0.925 0.975 0.025 1 0.5 0.225 1 0.875 0.575 0.3 0.3 0.25 
15356    0.8 0.8 0.4 0.8 0.2 0.2  0.00929761 0.125 0.2 0.6 0.625 0.75 0.075 0.65 0.075 0.025 0.8 0.3 0.925 0.575 0.025 0.6 0.975 0.05 1 0.8 0.875 0.6 0.125 0.7 
15357    0.8 0.8 0.4 0.8 0.2 0.4  -0.0237066 0.375 0.2 1 0.625 1 0.075 0.775 0 1 1 0 0.95 0.975 0.025 1 0.5 0.25 1 0.8 1 0.5 0.55 0 
15358    0.8 0.8 0.4 0.8 0.2 0.6  -0.0246644 0.375 0.2 0.9 0.625 1 0.075 0.775 0 1 1 0 0.525 0.975 0.025 1 0.5 0.25 1 0.8 1 0.5 0.375 0 
15359    0.8 0.8 0.4 0.8 0.2 0.8  -0.0231865 0.375 0.6 0.1 0.625 1 0.075 0.775 0.25 0.375 0.3 0 0.95 0.975 0.025 0.7 0.5 0.25 1 0.8 1 0.5 0.125 0 
15361    0.8 0.8 0.4 0.8 0.4 0.2  -0.0289459 0.125 0.2 0.1 0.625 0.6 0.075 0.35 0.075 0.725 0.85 0.225 0.3 0.575 0.1 0.4 0.975 0.05 1 0.7 0.875 0.075 0.125 0.8 
15362    0.8 0.8 0.4 0.8 0.4 0.4  -0.0278507 0.375 0.2 1 0.625 1 0.075 0.775 0.025 0.375 0.2 0 0 0.975 0.025 1 0.5 0.275 1 0.8 1 0.5 0.85 0 
15363    0.8 0.8 0.4 0.8 0.4 0.6  -0.0243358 0.375 0.2 1 0.625 1 0.075 0.775 0.625 0.375 0.2 0 0.95 0.975 0.025 0.85 0.5 0.25 1 0.8 0.2 0.5 0.125 0 
15367    0.8 0.8 0.4 0.8 0.6 0.4  -0.0240112 0.375 0.2 1 0.625 1 0.075 0.775 0.025 0.375 0.775 0 0.575 0.975 0.025 1 0.5 0.275 1 0.8 1 0.5 0.375 0 
15371    0.8 0.8 0.4 0.8 0.8 0.2  0.070622 0.325 0.2 0.575 0.55 0.8 0.175 0.475 0.4 0.125 0.225 0.6 0.15 1 0.85 0.625 0.725 0.05 1 0.975 0.075 0.925 0.25 0 
15372    0.8 0.8 0.4 0.8 0.8 0.4  0.353609 0.275 0.2 0.725 0.525 0.95 0.175 0 0.4 0.3 0.075 0.375 0.15 1 0.85 0.625 0.725 0.05 1 0.975 0.075 0.925 0.3 0 
15374    0.8 0.8 0.4 0.8 0.8 0.8  -0.0339188 0.225 0.2 0.55 0.6 0.8 0.075 0.1 0.825 0.725 0.875 0.6 0.875 0.975 0.325 0.15 0 0.05 1 0.7 0.125 0.925 0.4 0 
15475    0.8 0.8 0.6 0.8 0 0  0.257895 0.725 0.2 0.725 0.625 0.1 0.175 0.275 0.8 0.325 0.7 0.4 0.925 0.975 0.025 0.45 0 0.05 1 0.8 0.85 0.65 0.275 0 
15476    0.8 0.8 0.6 0.8 0 0.2  0.258823 0.125 0.2 0.35 0.625 0.75 0.15 0.65 0.075 0.05 0.525 0.3 0.925 0.575 0.8 0.6 0.6 0.05 0.8 0.8 0.875 0.675 0.125 0.95 
15477    0.8 0.8 0.6 0.8 0 0.4  -0.0206106 0.325 0.2 0.25 0.5 1 0.075 0.125 0.35 0.375 0.875 0 0.95 0.975 0.025 0.025 0.5 0.25 1 0.8 1 0.5 0.125 0 
15481    0.8 0.8 0.6 0.8 0.2 0.2  0.00929599 0.125 0.2 0.1 0.625 0.75 0.075 0.65 0.075 0.975 0.8 0.3 0.925 0.575 0.025 0.6 0.975 0.05 1 0.8 0.875 0.65 0.125 0.7 
15499    0.8 0.8 0.6 0.8 0.8 0.8  -0.0329183 0.225 0.2 0.55 0.6 0.8 0.275 0.85 0.875 0.725 0.875 0.6 0.825 0.975 0.325 0.15 0 0.05 1 0.7 0.125 0.925 0.4 0 
15600    0.8 0.8 0.8 0.8 0 0  0.265462 0.725 0.2 0.725 0.625 0.1 0.175 0.275 0.8 0.325 0.7 0.4 0.925 0.975 0.025 0.475 0 0.05 1 0.8 0.85 0.65 0.275 0 
15601    0.8 0.8 0.8 0.8 0 0.2  -0.00268016 0.375 0.9 0.775 0.675 1 0.075 0.65 0 0.25 0.85 0 0.55 0.975 0.75 0.675 0.9 0.05 1 0.8 0 0.5 0 0.85 
