0 6 -0.0127904 -0.00208596 0.119927
1 10 -0.0116548 0.00851219 0.120261
2 14 -0.00715906 0.0159902 0.121804
3 18 -0.00864202 0.0159902 0.120699
4 19 -0.011851 0.0159902 0.116705
5 24 -0.0109311 0.0174722 0.123805
6 27 -0.0112539 0.0174722 0.125449
7 31 -0.00980442 0.0358005 0.125574
8 35 -0.00967681 0.0358005 0.124974
9 38 -0.00791742 0.0358005 0.127838
10 39 -0.00759172 0.0358005 0.127433
11 43 -0.00767666 0.0358005 0.128799
12 45 -0.00720169 0.0358005 0.128709
13 46 -0.00727015 0.0358005 0.129661
14 46 -0.00703538 0.0358005 0.12851
15 50 -0.00786043 0.0392103 0.126324
16 53 -0.00243843 0.302861 0.125687
17 54 -0.00174582 0.302861 0.124844
18 56 0.00327289 0.323693 0.124729
19 60 0.00319075 0.323693 0.125855
20 60 0.00319075 0.323693 0.125855
21 61 0.00372706 0.323693 0.125267
22 62 0.00643634 0.323693 0.124342
23 66 0.00713988 0.323693 0.125889
24 67 0.00710279 0.323693 0.126224
25 67 0.00740616 0.323693 0.1252
26 69 0.00857439 0.323693 0.125694
27 71 0.00828923 0.323693 0.125075
28 71 0.00858252 0.323693 0.124694
29 72 0.00821449 0.323693 0.125425
30 74 0.00845437 0.323693 0.126025
31 74 0.00845437 0.323693 0.126025
32 75 0.00898889 0.323693 0.126831
33 76 0.00882342 0.323693 0.127109
34 76 0.0118061 0.323693 0.127632
35 77 0.012249 0.323693 0.12984
36 78 0.0119904 0.323693 0.128663
37 80 0.0118103 0.323693 0.12839
38 80 0.011723 0.323693 0.128106
39 80 0.0116752 0.323693 0.127271
40 81 0.0153324 0.323693 0.127366
41 81 0.0149772 0.323693 0.126651
42 81 0.0146203 0.323693 0.126479
43 82 0.0144697 0.323693 0.125818
44 82 0.0144496 0.323693 0.125745
45 82 0.0164364 0.323693 0.126207
46 84 0.0159828 0.323693 0.126354
47 85 0.0154915 0.323693 0.125781
48 87 0.0150635 0.323693 0.125143
49 90 0.0141977 0.323693 0.124996
50 91 0.0141278 0.323693 0.12556
51 92 0.0141622 0.323693 0.125295
52 93 0.0141245 0.323693 0.125633
53 94 0.0135353 0.323693 0.125734
54 96 0.0158598 0.323693 0.126452
55 98 0.0153051 0.323693 0.127087
56 99 0.0149289 0.323693 0.125894
57 99 0.014915 0.323693 0.125711
58 101 0.0171759 0.323693 0.125766
59 106 0.0205882 0.323693 0.128001
60 107 0.0203581 0.323693 0.128324
61 108 0.0203653 0.323693 0.128739
62 110 0.0219401 0.366786 0.128738
63 111 0.0243796 0.366786 0.130004
64 111 0.0243118 0.366786 0.129727
65 113 0.0240873 0.366786 0.129275
66 114 0.0238303 0.366786 0.129651
67 114 0.0239173 0.366786 0.129554
68 114 0.0239173 0.366786 0.129554
69 118 0.0248109 0.366786 0.131266
70 120 0.0246876 0.366786 0.1318
71 120 0.0248383 0.366786 0.131652
72 120 0.0244412 0.366786 0.131427
73 123 0.0246023 0.366786 0.132451
74 125 0.0243253 0.366786 0.132059
75 126 0.0245909 0.366786 0.132493
76 127 0.0246188 0.366786 0.132907
77 128 0.0244874 0.366786 0.132321
78 128 0.0244238 0.366786 0.132276
79 128 0.0265604 0.366786 0.132602
80 128 0.0265511 0.366786 0.132598
81 129 0.0267694 0.366786 0.132
82 129 0.0266756 0.366786 0.131606
83 129 0.0272582 0.366786 0.132012
84 131 0.0271302 0.366786 0.131931
85 131 0.0271131 0.366786 0.131817
86 133 0.0266627 0.366786 0.131917
87 134 0.0285993 0.366786 0.13197
88 135 0.0281452 0.366786 0.131947
89 136 0.0307228 0.366786 0.131602
90 138 0.0313729 0.366786 0.13147
91 141 0.0317565 0.366786 0.13114
92 141 0.0317535 0.366786 0.131049
93 142 0.0329981 0.366786 0.133166
94 144 0.0327358 0.366786 0.133485
95 144 0.0327358 0.366786 0.133485
96 145 0.0323235 0.366786 0.133421
97 146 0.0320219 0.366786 0.133602
98 147 0.0321415 0.366786 0.133171
99 147 0.0321286 0.366786 0.132945
100 147 0.0318837 0.366786 0.132669
101 147 0.0319965 0.366786 0.132574
102 147 0.0319152 0.366786 0.132347
103 147 0.0319576 0.366786 0.1321
104 147 0.0317449 0.366786 0.131924
105 147 0.0317449 0.366786 0.131924
106 147 0.0344166 0.366786 0.130918
107 148 0.0347514 0.366786 0.130975
108 149 0.0347423 0.366786 0.130603
109 150 0.035017 0.366786 0.131003
110 150 0.035017 0.366786 0.131003
111 150 0.0351222 0.366786 0.130695
112 151 0.0377345 0.366786 0.130494
113 152 0.0375474 0.366786 0.130735
114 152 0.0373959 0.366786 0.130554
115 152 0.0373576 0.366786 0.130467
116 153 0.0385571 0.366786 0.130048
117 153 0.0385124 0.366786 0.129673
118 153 0.0385202 0.366786 0.129267
119 154 0.0398915 0.366786 0.130569
120 154 0.0392036 0.366786 0.128936
121 155 0.0390033 0.366786 0.129011
122 156 0.0387938 0.366786 0.128906
123 156 0.0386257 0.366786 0.128839
124 157 0.0386134 0.366786 0.128927
125 157 0.0386134 0.366786 0.128927
126 157 0.0386236 0.366786 0.128686
127 158 0.0384235 0.366786 0.128819
128 160 0.0390618 0.366786 0.128608
129 161 0.0396389 0.366786 0.129566
130 162 0.0393621 0.366786 0.129515
131 162 0.0393335 0.366786 0.129352
132 163 0.0391915 0.366786 0.12921
133 165 0.0385659 0.366786 0.12893
134 165 0.0383899 0.366786 0.128655
135 167 0.0378136 0.366786 0.128601
136 169 0.039178 0.366786 0.128522
137 172 0.0384236 0.366786 0.128155
138 173 0.0396731 0.366786 0.128154
139 173 0.0396369 0.366786 0.128073
140 173 0.0396369 0.366786 0.128073
141 177 0.0400765 0.366786 0.128984
142 177 0.0400545 0.366786 0.128892
143 177 0.0400854 0.366786 0.128622
144 177 0.0416923 0.366786 0.128634
145 178 0.0413335 0.366786 0.128686
146 180 0.0411054 0.366786 0.128354
147 180 0.0416451 0.366786 0.128156
148 182 0.042828 0.366786 0.128232
149 183 0.0425836 0.366786 0.128301
150 183 0.0424233 0.366786 0.128232
151 184 0.0424255 0.366786 0.128117
152 185 0.042252 0.366786 0.12807
153 185 0.0422507 0.366786 0.127861
154 185 0.0435939 0.366786 0.127598
155 186 0.0433479 0.366786 0.127215
156 186 0.0433181 0.366786 0.127047
157 188 0.0428384 0.366786 0.12756
158 188 0.042605 0.366786 0.127285
159 188 0.0425976 0.366786 0.127086
160 189 0.0426938 0.366786 0.126471
161 190 0.0436253 0.366786 0.126932
162 190 0.0438716 0.366786 0.126875
163 190 0.0464932 0.366786 0.127121
164 190 0.0478142 0.366786 0.127399
165 190 0.0478142 0.366786 0.127399
166 190 0.0477971 0.366786 0.127011
167 191 0.0486756 0.366786 0.127323
168 192 0.0511676 0.366786 0.127768
169 192 0.0511294 0.366786 0.127729
170 192 0.0511267 0.366786 0.127668
171 192 0.051341 0.366786 0.12754
172 193 0.0524955 0.366786 0.128158
173 194 0.0526683 0.366786 0.128224
174 194 0.0527361 0.366786 0.128057
175 194 0.0527361 0.366786 0.128057
176 194 0.0527361 0.366786 0.128057
177 196 0.0539552 0.366786 0.128031
178 196 0.0539552 0.366786 0.128031
179 196 0.0539231 0.366786 0.127986
180 196 0.0539231 0.366786 0.127986
181 197 0.0538091 0.366786 0.128041
182 197 0.0537914 0.366786 0.127878
183 197 0.0537107 0.366786 0.127599
184 197 0.0540232 0.366786 0.127778
185 198 0.0547961 0.366786 0.12771
186 199 0.0553943 0.4624 0.127552
187 200 0.0559777 0.4624 0.127573
188 200 0.0578122 0.4624 0.128077
189 201 0.0576454 0.4624 0.127942
190 201 0.0575997 0.4624 0.127766
191 201 0.0576017 0.4624 0.127645
192 201 0.0575926 0.4624 0.127613
193 201 0.0580068 0.4624 0.127881
194 202 0.0578417 0.4624 0.127756
195 203 0.0577994 0.4624 0.1279
196 203 0.060508 0.4624 0.128743
197 203 0.0611414 0.4624 0.12895
198 204 0.0609956 0.4624 0.12912
199 206 0.0606012 0.4624 0.129104
200 207 0.0622264 0.4624 0.129165
201 207 0.0622159 0.4624 0.129156
202 207 0.0622255 0.4624 0.128976
203 207 0.0622081 0.4624 0.128497
204 208 0.0619668 0.4624 0.12801
205 208 0.0619591 0.4624 0.127925
206 208 0.0645224 0.4624 0.128626
207 208 0.0643636 0.4624 0.128537
208 208 0.0643636 0.4624 0.128537
209 208 0.0642452 0.4624 0.128369
210 208 0.064273 0.4624 0.128174
211 209 0.0665351 0.4624 0.12883
212 210 0.0662386 0.4624 0.128285
213 211 0.0669542 0.4624 0.128461
214 211 0.0691664 0.4624 0.129226
215 211 0.0692831 0.4624 0.129158
216 212 0.068916 0.4624 0.128908
217 213 0.0685185 0.4624 0.129091
218 213 0.0684069 0.4624 0.129067
219 214 0.0682014 0.4624 0.128825
220 214 0.0682014 0.4624 0.128825
221 215 0.0688696 0.4624 0.12918
222 217 0.0700605 0.4624 0.12932
223 218 0.0701901 0.4624 0.129923
224 219 0.0699385 0.4624 0.129883
225 220 0.0696455 0.4624 0.13
226 221 0.0695589 0.4624 0.129786
227 221 0.0705857 0.4624 0.130056
228 222 0.0712029 0.4624 0.129953
229 223 0.0707968 0.4624 0.13014
230 223 0.0719295 0.4624 0.130596
231 223 0.0730066 0.4624 0.130859
232 224 0.0729305 0.4624 0.130585
233 224 0.0730157 0.4624 0.130403
234 224 0.0739387 0.4624 0.130564
235 224 0.0751218 0.4624 0.130803
236 224 0.0767336 0.4624 0.13087
237 224 0.0779589 0.4624 0.131161
238 227 0.0778133 0.4624 0.131668
239 229 0.0770405 0.4624 0.131421
240 229 0.0769856 0.4624 0.131354
241 230 0.077578 0.4624 0.130821
242 230 0.077578 0.4624 0.130821
243 231 0.0777152 0.4624 0.130909
244 232 0.077317 0.4624 0.130799
245 233 0.0768398 0.4624 0.130671
246 233 0.077668 0.4624 0.13086
247 234 0.077449 0.4624 0.130349
248 235 0.0770929 0.4624 0.130266
249 235 0.0772099 0.4624 0.130228
250 235 0.0772099 0.4624 0.130228
251 237 0.0777653 0.4624 0.130724
252 238 0.0783918 0.4624 0.130951
253 239 0.0781744 0.4624 0.130894
254 240 0.0785615 0.4624 0.131158
255 240 0.0784379 0.4624 0.130897
256 240 0.0784997 0.4624 0.13072
257 240 0.0783952 0.4624 0.130443
258 240 0.0783952 0.4624 0.130443
259 240 0.0783952 0.4624 0.130443
260 240 0.0783952 0.4624 0.130443
261 241 0.0780932 0.4624 0.130224
262 241 0.0791158 0.4624 0.130107
263 241 0.0790808 0.4624 0.1301
264 241 0.0789794 0.4624 0.129944
265 241 0.0795826 0.4624 0.130487
266 241 0.0795826 0.4624 0.130487
267 243 0.0790836 0.4624 0.130612
268 243 0.0790623 0.4624 0.130433
269 244 0.0788833 0.4624 0.130505
270 246 0.0783884 0.4624 0.130475
271 246 0.0784129 0.4624 0.13046
272 246 0.0783344 0.4624 0.130093
273 246 0.0783344 0.4624 0.130093
274 247 0.079036 0.4624 0.130181
275 247 0.0790329 0.4624 0.130113
276 248 0.0787444 0.4624 0.130075
277 248 0.0787444 0.4624 0.130075
278 248 0.0786359 0.4624 0.12998
279 248 0.0791057 0.4624 0.130258
280 248 0.0801867 0.4624 0.129999
281 249 0.0802459 0.4624 0.129892
282 249 0.0802501 0.4624 0.12986
283 250 0.0799191 0.4624 0.130024
284 250 0.0799191 0.4624 0.130024
285 250 0.0809259 0.4624 0.13009
286 250 0.0812688 0.4624 0.129626
287 250 0.0812688 0.4624 0.129626
288 250 0.0838245 0.4624 0.129781
289 250 0.0838245 0.4624 0.129781
290 251 0.0843721 0.4624 0.129895
291 252 0.0843123 0.4624 0.129896
292 252 0.0843123 0.4624 0.129896
293 252 0.0843123 0.4624 0.129896
294 254 0.0836736 0.4624 0.129649
295 255 0.0843272 0.4624 0.129599
296 256 0.0844841 0.4624 0.129538
297 257 0.0843397 0.4624 0.129258
298 257 0.0843397 0.4624 0.129258
299 259 0.0836456 0.4624 0.129218
300 259 0.0836456 0.4624 0.129218
301 259 0.0836428 0.4624 0.129207
302 259 0.0835534 0.4624 0.129135
303 259 0.0844317 0.4624 0.129543
304 259 0.0844317 0.4624 0.129543
305 259 0.0848053 0.4624 0.129846
306 259 0.0866454 0.4624 0.130036
307 259 0.087415 0.4624 0.130016
308 259 0.0879206 0.4624 0.130308
309 259 0.0879164 0.4624 0.130166
310 261 0.0871025 0.4624 0.13059
311 261 0.0871071 0.4624 0.130559
312 261 0.0871743 0.4624 0.130537
313 261 0.0873106 0.4624 0.130438
314 261 0.0874855 0.4624 0.130214
315 261 0.0875053 0.4624 0.130167
316 262 0.0871159 0.4624 0.130097
317 262 0.0879252 0.4624 0.12986
318 262 0.087997 0.4624 0.129479
319 264 0.0872925 0.4624 0.12966
320 266 0.0875017 0.4624 0.129957
321 266 0.0875017 0.4624 0.129957
322 266 0.0875017 0.4624 0.129957
323 267 0.0870847 0.4624 0.130104
324 267 0.0869605 0.4624 0.129945
325 267 0.0868269 0.4624 0.129846
326 269 0.086286 0.4624 0.12993
327 270 0.0869201 0.4624 0.130356
328 271 0.08644 0.4624 0.130505
329 272 0.086113 0.4624 0.130216
330 273 0.0857089 0.4624 0.130303
331 273 0.0866889 0.4624 0.130514
332 273 0.086642 0.4624 0.130371
333 274 0.086504 0.4624 0.130624
334 275 0.086985 0.4624 0.13128
335 275 0.086985 0.4624 0.13128
336 276 0.0879759 0.4624 0.131235
337 276 0.0877937 0.4624 0.130809
338 276 0.0877937 0.4624 0.130809
339 276 0.0877937 0.4624 0.130809
340 276 0.0877937 0.4624 0.130809
341 277 0.0875522 0.4624 0.130786
342 277 0.0875522 0.4624 0.130786
343 277 0.0875522 0.4624 0.130786
344 277 0.0876272 0.4624 0.130623
345 277 0.0876272 0.4624 0.130623
346 278 0.0877206 0.4624 0.130508
347 278 0.0893479 0.4624 0.130953
348 279 0.0891756 0.4624 0.130955
349 280 0.0904733 0.4624 0.131531
350 280 0.0905197 0.4624 0.131275
351 281 0.0901162 0.4624 0.131494
352 281 0.0903043 0.4624 0.131515
353 281 0.0903043 0.4624 0.131515
354 281 0.0903203 0.4624 0.131481
355 281 0.0913813 0.4624 0.13188
356 281 0.0922618 0.4624 0.132104
357 281 0.0922877 0.4624 0.13209
358 281 0.0927716 0.4624 0.131936
359 282 0.0924319 0.4624 0.131829
360 282 0.0924319 0.4624 0.131829
361 282 0.0922959 0.4624 0.131653
362 282 0.0922624 0.4624 0.131614
363 284 0.0917108 0.4624 0.131536
364 284 0.0917199 0.4624 0.131495
365 284 0.091709 0.4624 0.131467
366 284 0.091784 0.4624 0.131425
367 284 0.0918285 0.4624 0.131407
368 284 0.0926493 0.4624 0.131576
369 285 0.0930322 0.4624 0.131776
370 285 0.093007 0.4624 0.13177
371 285 0.0928481 0.4624 0.131605
372 285 0.0928481 0.4624 0.131605
373 285 0.0928481 0.4624 0.131605
374 285 0.0928481 0.4624 0.131605
375 285 0.0928481 0.4624 0.131605
376 285 0.0946204 0.4624 0.132336
377 285 0.0946578 0.4624 0.132227
378 285 0.0950562 0.4624 0.131821
379 285 0.0953485 0.4624 0.131998
380 285 0.0953393 0.4624 0.131931
381 285 0.0963993 0.4624 0.13237
382 286 0.0961529 0.4624 0.132376
383 286 0.0961529 0.4624 0.132376
384 286 0.09614 0.4624 0.132359
385 286 0.0961403 0.4624 0.132301
386 286 0.0961403 0.4624 0.132301
387 286 0.0961186 0.4624 0.132249
388 286 0.0961186 0.4624 0.132249
389 286 0.0961186 0.4624 0.132249
390 286 0.0970878 0.4624 0.132652
391 286 0.098369 0.4624 0.132955
392 286 0.0989512 0.4624 0.132818
393 286 0.0988948 0.4624 0.132702
394 286 0.0989258 0.4624 0.132539
395 286 0.0989258 0.4624 0.132539
396 287 0.100081 0.476349 0.132932
397 287 0.100081 0.476349 0.132932
398 287 0.100081 0.476349 0.132932
399 287 0.100081 0.476349 0.132932
400 287 0.100993 0.476349 0.132772
401 287 0.100993 0.476349 0.132772
402 288 0.101358 0.476349 0.133051
403 288 0.101358 0.476349 0.133051
404 289 0.10104 0.476349 0.133258
405 289 0.100978 0.476349 0.13318
406 291 0.100194 0.476349 0.133515
407 292 0.0997159 0.476349 0.133418
408 292 0.099727 0.476349 0.13336
409 292 0.0996357 0.476349 0.133357
410 293 0.100366 0.476349 0.133915
411 293 0.101152 0.476349 0.134
412 293 0.101152 0.476349 0.134
413 293 0.101388 0.476349 0.134108
414 293 0.101384 0.476349 0.134056
415 295 0.100848 0.476349 0.133947
416 295 0.101226 0.476349 0.134091
417 295 0.101226 0.476349 0.134091
418 295 0.101461 0.476349 0.134201
419 295 0.101967 0.476349 0.134163
420 295 0.103936 0.476349 0.134306
421 295 0.103905 0.476349 0.134124
422 296 0.103681 0.476349 0.13421
423 296 0.103792 0.476349 0.134042
424 296 0.104468 0.476349 0.134385
425 297 0.104167 0.476349 0.134145
426 297 0.104145 0.476349 0.133915
427 297 0.105113 0.476349 0.134163
428 297 0.105065 0.476349 0.134128
429 297 0.105065 0.476349 0.134128
430 297 0.105952 0.476349 0.134205
431 297 0.10594 0.476349 0.134162
432 297 0.106144 0.476349 0.133982
433 297 0.106135 0.476349 0.133856
434 297 0.106605 0.476349 0.133982
435 297 0.106941 0.476349 0.13381
436 297 0.1072 0.476349 0.133766
437 298 0.107695 0.476349 0.133793
438 298 0.108145 0.476349 0.133753
439 298 0.108019 0.476349 0.133713
440 298 0.107998 0.476349 0.133711
441 298 0.107998 0.476349 0.133711
442 299 0.107524 0.476349 0.133663
443 299 0.107524 0.476349 0.133663
444 299 0.107543 0.476349 0.133582
445 299 0.107505 0.476349 0.133554
446 300 0.10712 0.476349 0.133554
447 300 0.107237 0.476349 0.133355
448 300 0.107219 0.476349 0.133158
449 300 0.107217 0.476349 0.133
450 300 0.107707 0.476349 0.133016
451 300 0.107707 0.476349 0.133016
452 300 0.107707 0.476349 0.133016
453 300 0.107603 0.476349 0.132998
454 300 0.107437 0.476349 0.132928
455 300 0.107463 0.476349 0.132595
456 300 0.107463 0.476349 0.132595
457 300 0.107781 0.476349 0.13263
458 300 0.107798 0.476349 0.132553
459 300 0.107846 0.476349 0.132415
460 300 0.107759 0.476349 0.132382
461 300 0.107759 0.476349 0.132382
462 300 0.107943 0.476349 0.13244
463 300 0.107943 0.476349 0.13244
464 300 0.108025 0.476349 0.132261
465 300 0.108243 0.476349 0.13224
466 300 0.108229 0.476349 0.132134
467 300 0.108208 0.476349 0.132102
468 300 0.108347 0.476349 0.131819
469 300 0.109233 0.476349 0.131841
470 300 0.109253 0.476349 0.131799
471 300 0.109565 0.476349 0.131742
472 300 0.109493 0.476349 0.131727
473 300 0.10949 0.476349 0.131695
474 301 0.109966 0.476349 0.131838
475 301 0.109966 0.476349 0.131838
476 301 0.110153 0.476349 0.131778
477 301 0.110138 0.476349 0.13175
478 301 0.110357 0.476349 0.131859
479 301 0.110211 0.476349 0.131824
480 302 0.110682 0.476349 0.13178
481 303 0.110411 0.476349 0.132137
482 303 0.110757 0.476349 0.131806
483 303 0.110728 0.476349 0.131691
484 303 0.111436 0.476349 0.131845
485 303 0.111436 0.476349 0.131845
486 303 0.111447 0.476349 0.131834
487 303 0.112449 0.476349 0.131887
488 303 0.112482 0.476349 0.131825
489 303 0.112482 0.476349 0.131825
490 303 0.112482 0.476349 0.131825
491 303 0.112499 0.476349 0.131794
492 303 0.112517 0.476349 0.131759
493 303 0.112465 0.476349 0.13163
494 303 0.112471 0.476349 0.131482
495 303 0.112471 0.476349 0.131482
496 303 0.112473 0.476349 0.13143
497 304 0.112221 0.476349 0.131466
498 304 0.113153 0.476349 0.131759
499 306 0.112841 0.476349 0.131781
500 306 0.11327 0.476349 0.131575
501 306 0.11327 0.476349 0.131575
502 306 0.11327 0.476349 0.131575
503 306 0.11327 0.476349 0.131575
504 306 0.11327 0.476349 0.131575
505 306 0.113136 0.476349 0.131571
506 306 0.113132 0.476349 0.131518
507 306 0.113755 0.476349 0.131751
508 306 0.113761 0.476349 0.131585
509 306 0.11376 0.476349 0.131571
510 307 0.113615 0.476349 0.131696
511 307 0.113615 0.476349 0.131696
512 307 0.113628 0.476349 0.131677
513 307 0.113676 0.476349 0.131779
514 307 0.114388 0.476349 0.131731
515 308 0.114014 0.476349 0.131777
516 308 0.114023 0.476349 0.131758
517 308 0.114023 0.476349 0.131758
518 308 0.114023 0.476349 0.131758
519 308 0.113957 0.476349 0.13157
520 308 0.113957 0.476349 0.131538
521 308 0.113928 0.476349 0.131502
522 308 0.113931 0.476349 0.131445
523 308 0.113931 0.476349 0.131445
524 308 0.11461 0.476349 0.131871
525 308 0.11461 0.476349 0.131871
526 308 0.114613 0.476349 0.131862
527 308 0.114613 0.476349 0.131862
528 309 0.114155 0.476349 0.131945
529 309 0.114146 0.476349 0.131927
530 309 0.114188 0.476349 0.131753
531 310 0.113739 0.476349 0.131691
532 310 0.113739 0.476349 0.131691
533 311 0.114041 0.476349 0.131618
534 311 0.114041 0.476349 0.131618
535 311 0.114041 0.476349 0.131604
536 311 0.114748 0.476349 0.131511
537 311 0.114652 0.476349 0.131492
538 311 0.114652 0.476349 0.131492
539 311 0.11465 0.476349 0.131485
540 311 0.11465 0.476349 0.131485
541 312 0.115451 0.476349 0.131844
542 312 0.115704 0.476349 0.131853
543 312 0.115679 0.476349 0.131842
544 312 0.116433 0.476349 0.132339
545 313 0.115987 0.476349 0.132501
546 313 0.116567 0.476349 0.132502
547 314 0.116189 0.476349 0.132519
548 314 0.116189 0.476349 0.132519
549 314 0.116105 0.476349 0.132375
550 314 0.116105 0.476349 0.132375
551 314 0.116105 0.476349 0.132375
552 314 0.116161 0.476349 0.132357
553 314 0.116578 0.476349 0.132406
554 314 0.116578 0.476349 0.132406
555 315 0.116018 0.476349 0.132459
556 315 0.116005 0.476349 0.132457
557 315 0.116066 0.476349 0.13244
558 315 0.115942 0.476349 0.132304
559 315 0.115942 0.476349 0.132304
560 315 0.115942 0.476349 0.132304
561 315 0.115942 0.476349 0.132304
562 315 0.116019 0.476349 0.13228
563 315 0.116668 0.476349 0.132525
564 315 0.116676 0.476349 0.132413
565 315 0.117267 0.476349 0.132269
566 315 0.117267 0.476349 0.132266
567 316 0.116818 0.476349 0.132302
568 316 0.116818 0.476349 0.132302
569 316 0.116818 0.476349 0.132302
570 316 0.116818 0.476349 0.132302
571 316 0.117431 0.476349 0.132147
572 316 0.117431 0.476349 0.132147
573 316 0.118281 0.476349 0.132397
574 316 0.118753 0.476349 0.132556
575 316 0.119095 0.476349 0.13286
576 316 0.120044 0.476349 0.132884
577 316 0.120052 0.476349 0.132844
578 316 0.120721 0.476349 0.133152
579 316 0.120721 0.476349 0.133152
580 316 0.120694 0.476349 0.133149
581 316 0.120694 0.476349 0.133149
582 316 0.12074 0.476349 0.132995
583 317 0.120358 0.476349 0.133076
584 317 0.120822 0.476349 0.133043
585 317 0.120822 0.476349 0.133043
586 319 0.120243 0.476349 0.133244
587 319 0.120243 0.476349 0.133244
588 320 0.119844 0.476349 0.133226
589 320 0.119844 0.476349 0.133226
590 320 0.119841 0.476349 0.133217
591 320 0.119841 0.476349 0.133217
592 322 0.119222 0.476349 0.133107
593 322 0.12014 0.476349 0.133286
594 322 0.120711 0.476349 0.133346
595 322 0.120735 0.476349 0.13334
596 322 0.120735 0.476349 0.13334
597 322 0.121404 0.476349 0.133596
598 322 0.121404 0.476349 0.133596
599 322 0.121355 0.476349 0.133516
600 322 0.121355 0.476349 0.133516
601 322 0.121496 0.476349 0.133706
602 322 0.121485 0.476349 0.133552
603 322 0.121485 0.476349 0.133552
604 323 0.12159 0.476349 0.133838
605 323 0.12159 0.476349 0.133838
606 323 0.12168 0.476349 0.133621
607 323 0.12157 0.476349 0.13346
608 323 0.12157 0.476349 0.13346
609 323 0.12157 0.476349 0.13346
610 323 0.12157 0.476349 0.13346
611 323 0.12157 0.476349 0.13346
612 323 0.121553 0.476349 0.133392
613 323 0.121553 0.476349 0.133392
614 323 0.121553 0.476349 0.133392
615 323 0.121553 0.476349 0.133392
616 323 0.121553 0.476349 0.133392
617 323 0.121547 0.476349 0.133327
618 324 0.120639 0.476349 0.133166
619 324 0.120639 0.476349 0.133166
620 324 0.121355 0.476349 0.133148
621 324 0.121355 0.476349 0.133148
622 324 0.121263 0.476349 0.133094
623 324 0.121263 0.476349 0.133094
624 324 0.121263 0.476349 0.133094
625 324 0.12134 0.476349 0.13267
626 324 0.12134 0.476349 0.13267
627 324 0.12134 0.476349 0.13267
628 324 0.12134 0.476349 0.13267
629 324 0.12134 0.476349 0.13267
630 324 0.121357 0.476349 0.132644
631 324 0.121357 0.476349 0.132644
632 324 0.12131 0.476349 0.132629
633 324 0.12131 0.476349 0.132629
634 325 0.120978 0.476349 0.132435
635 325 0.120975 0.476349 0.132403
636 326 0.1206 0.476349 0.132449
637 326 0.120525 0.476349 0.132446
638 326 0.120525 0.476349 0.132446
639 326 0.120525 0.476349 0.132446
640 327 0.120165 0.476349 0.132456
641 327 0.120165 0.476349 0.132456
642 328 0.119793 0.476349 0.132091
643 328 0.119811 0.476349 0.132065
644 328 0.119848 0.476349 0.132051
645 328 0.120511 0.476349 0.132022
646 328 0.120513 0.476349 0.131891
647 328 0.120431 0.476349 0.131708
648 328 0.120775 0.476349 0.131802
649 328 0.120775 0.476349 0.131802
650 328 0.120664 0.476349 0.131775
651 328 0.121206 0.476349 0.131854
652 328 0.121206 0.476349 0.131854
653 328 0.121285 0.476349 0.131509
654 328 0.121309 0.476349 0.131488
655 328 0.121807 0.476349 0.131722
656 328 0.121807 0.476349 0.131722
657 328 0.121799 0.476349 0.131691
658 329 0.121342 0.476349 0.131788
659 329 0.121334 0.476349 0.131682
660 330 0.121307 0.476349 0.13189
661 330 0.121269 0.476349 0.131889
662 330 0.121232 0.476349 0.131831
663 330 0.121265 0.476349 0.131764
664 330 0.12142 0.476349 0.131908
665 330 0.12142 0.476349 0.131908
666 330 0.121421 0.476349 0.131877
667 330 0.121421 0.476349 0.131877
668 330 0.121908 0.476349 0.131916
669 330 0.121908 0.476349 0.131916
670 330 0.121908 0.476349 0.131903
671 330 0.121908 0.476349 0.131903
672 330 0.121801 0.476349 0.131725
673 330 0.121801 0.476349 0.131725
674 330 0.121714 0.476349 0.131602
675 330 0.121727 0.476349 0.13158
676 330 0.121727 0.476349 0.13158
677 330 0.121763 0.476349 0.131579
678 330 0.121763 0.476349 0.131577
679 330 0.121763 0.476349 0.131577
680 330 0.12269 0.476349 0.131954
681 330 0.12269 0.476349 0.131954
682 330 0.12269 0.476349 0.131954
683 330 0.122927 0.476349 0.132164
684 330 0.122927 0.476349 0.132164
685 330 0.124181 0.476349 0.132318
686 332 0.123492 0.476349 0.132207
687 332 0.123465 0.476349 0.132077
688 332 0.123498 0.476349 0.132064
689 332 0.123606 0.476349 0.132297
690 332 0.12416 0.476349 0.132504
691 332 0.12416 0.476349 0.132504
692 333 0.123712 0.476349 0.132529
693 333 0.12413 0.476349 0.132628
694 333 0.12413 0.476349 0.132628
695 333 0.124599 0.476349 0.132463
696 333 0.125332 0.476349 0.132605
697 334 0.124883 0.476349 0.132648
698 334 0.124883 0.476349 0.132648
699 334 0.1249 0.476349 0.132557
700 334 0.124908 0.476349 0.132545
701 335 0.124495 0.476349 0.132474
702 335 0.124495 0.476349 0.132474
703 335 0.124391 0.476349 0.132445
704 335 0.124391 0.476349 0.132437
705 335 0.124664 0.476349 0.132351
706 335 0.125368 0.476349 0.132273
707 335 0.125811 0.476349 0.132457
708 335 0.125813 0.476349 0.132421
709 335 0.125813 0.476349 0.132421
710 335 0.125813 0.476349 0.132421
711 337 0.125293 0.476349 0.132166
712 337 0.125293 0.476349 0.132166
713 337 0.12533 0.476349 0.132024
714 337 0.125492 0.476349 0.132162
715 337 0.125502 0.476349 0.132145
716 337 0.125502 0.476349 0.132145
717 337 0.125506 0.476349 0.132071
718 337 0.125463 0.476349 0.132042
719 337 0.125463 0.476349 0.132042
720 338 0.125542 0.476349 0.132322
721 338 0.125542 0.476349 0.132322
722 338 0.125432 0.476349 0.132303
723 338 0.125432 0.476349 0.132303
724 338 0.125432 0.476349 0.132303
725 338 0.125432 0.476349 0.132303
726 338 0.125517 0.476349 0.13226
727 338 0.125728 0.476349 0.132312
728 338 0.125728 0.476349 0.132312
729 338 0.126579 0.476349 0.13237
730 338 0.12658 0.476349 0.13235
731 338 0.126582 0.476349 0.13235
732 338 0.127491 0.476349 0.132143
733 338 0.127491 0.476349 0.132143
734 338 0.127491 0.476349 0.132143
735 338 0.127491 0.476349 0.132143
736 338 0.127386 0.476349 0.132136
737 338 0.12724 0.476349 0.132121
738 338 0.12724 0.476349 0.132121
739 338 0.127162 0.476349 0.131898
740 338 0.128204 0.476349 0.132257
741 338 0.128204 0.476349 0.132257
742 338 0.128217 0.476349 0.132236
743 338 0.128217 0.476349 0.132236
744 338 0.128198 0.476349 0.132174
745 338 0.128467 0.476349 0.132291
746 338 0.128421 0.476349 0.132266
747 338 0.128348 0.476349 0.132222
748 338 0.128348 0.476349 0.132222
749 339 0.127976 0.476349 0.132382
750 339 0.127874 0.476349 0.132235
751 339 0.127888 0.476349 0.132214
752 339 0.127888 0.476349 0.132214
753 339 0.12814 0.476349 0.132253
754 339 0.12814 0.476349 0.132253
755 339 0.128961 0.476349 0.132307
756 339 0.128968 0.476349 0.132303
757 339 0.128907 0.476349 0.132218
758 339 0.128888 0.476349 0.132211
759 339 0.128888 0.476349 0.132211
760 339 0.128888 0.476349 0.132211
761 339 0.128888 0.476349 0.132211
762 339 0.129798 0.476349 0.132428
763 339 0.129798 0.476349 0.132428
764 339 0.129803 0.476349 0.132378
765 339 0.129803 0.476349 0.132378
766 339 0.129835 0.476349 0.131987
767 339 0.129835 0.476349 0.131987
768 339 0.129809 0.476349 0.131904
769 339 0.129855 0.476349 0.131843
770 339 0.129855 0.476349 0.131843
771 339 0.1303 0.476349 0.131834
772 339 0.1303 0.476349 0.131834
773 339 0.1303 0.476349 0.131834
774 339 0.130441 0.476349 0.131796
775 339 0.130441 0.476349 0.131796
776 339 0.130441 0.476349 0.131796
777 339 0.130733 0.476349 0.13183
778 339 0.131947 0.476349 0.132183
779 339 0.131947 0.476349 0.132183
780 339 0.132034 0.476349 0.132032
781 339 0.132034 0.476349 0.132032
782 339 0.132878 0.476349 0.132068
783 339 0.13329 0.476349 0.13238
784 339 0.133332 0.476349 0.132315
785 339 0.133521 0.476349 0.132447
786 339 0.133525 0.476349 0.132445
787 339 0.133525 0.476349 0.132445
788 339 0.133561 0.476349 0.132263
789 339 0.133561 0.476349 0.132263
790 339 0.133587 0.476349 0.132249
791 339 0.133587 0.476349 0.132249
792 339 0.133587 0.476349 0.132249
793 339 0.133563 0.476349 0.131858
794 339 0.133564 0.476349 0.131809
795 339 0.133564 0.476349 0.131809
796 339 0.13395 0.476349 0.132086
797 339 0.133963 0.476349 0.132002
798 339 0.133963 0.476349 0.132002
799 339 0.133963 0.476349 0.132002
800 339 0.133869 0.476349 0.131976
801 339 0.133869 0.476349 0.131976
802 339 0.133869 0.476349 0.131976
803 339 0.133869 0.476349 0.131976
804 339 0.133984 0.476349 0.131904
805 341 0.133374 0.476349 0.131993
806 341 0.133374 0.476349 0.131993
807 341 0.133374 0.476349 0.131993
808 342 0.133002 0.476349 0.131949
809 342 0.133675 0.476349 0.131967
810 342 0.133661 0.476349 0.131848
811 342 0.134433 0.476349 0.132054
812 342 0.135157 0.476349 0.132284
813 342 0.135388 0.476349 0.1324
814 342 0.135388 0.476349 0.1324
815 343 0.134854 0.476349 0.132374
816 344 0.135323 0.476349 0.132541
817 344 0.135608 0.476349 0.132672
818 344 0.135462 0.476349 0.132558
819 344 0.135462 0.476349 0.132558
820 344 0.135925 0.476349 0.132593
821 344 0.135914 0.476349 0.132578
822 344 0.136093 0.476349 0.132593
823 344 0.136911 0.476349 0.132827
824 344 0.13691 0.476349 0.132818
825 344 0.137129 0.476349 0.132855
826 344 0.137129 0.476349 0.13282
827 344 0.137129 0.476349 0.13282
828 344 0.137129 0.476349 0.13282
829 344 0.138746 0.476349 0.133572
830 344 0.138746 0.476349 0.133572
831 344 0.138746 0.476349 0.133572
832 344 0.138749 0.476349 0.133561
833 344 0.139434 0.476349 0.133869
834 344 0.139495 0.476349 0.133853
835 344 0.141406 0.476349 0.134009
836 344 0.142114 0.476349 0.133964
837 344 0.142323 0.476349 0.134019
838 344 0.142323 0.476349 0.134019
839 344 0.143275 0.476349 0.134258
840 344 0.143276 0.476349 0.134119
841 344 0.143283 0.476349 0.134064
842 344 0.143283 0.476349 0.134064
843 344 0.143283 0.476349 0.134064
844 344 0.143283 0.476349 0.134064
845 344 0.143283 0.476349 0.134064
846 344 0.143193 0.476349 0.133851
847 344 0.143193 0.476349 0.133851
848 344 0.143354 0.476349 0.134019
849 344 0.143354 0.476349 0.134019
850 344 0.14357 0.476349 0.134318
851 344 0.14357 0.476349 0.134318
852 344 0.14357 0.476349 0.134318
853 344 0.143584 0.476349 0.134258
854 344 0.143584 0.476349 0.134258
855 344 0.143591 0.476349 0.134131
856 344 0.143591 0.476349 0.134131
857 344 0.143591 0.476349 0.134131
858 344 0.143591 0.476349 0.134093
859 344 0.144043 0.476349 0.134116
860 344 0.144043 0.476349 0.134116
861 344 0.144043 0.476349 0.134116
862 344 0.144948 0.476349 0.134367
863 344 0.145197 0.476349 0.134583
864 344 0.145196 0.476349 0.134529
865 344 0.145196 0.476349 0.134529
866 345 0.144781 0.476349 0.134623
867 345 0.144675 0.476349 0.134577
868 345 0.144675 0.476349 0.134577
869 345 0.144782 0.476349 0.13479
870 345 0.144782 0.476349 0.13479
871 345 0.144782 0.476349 0.13479
872 345 0.145325 0.476349 0.134665
873 345 0.145325 0.476349 0.134665
874 345 0.145325 0.476349 0.134665
875 345 0.145341 0.476349 0.134659
876 345 0.145445 0.476349 0.13465
877 345 0.14587 0.476349 0.134703
878 345 0.14587 0.476349 0.134703
879 345 0.14587 0.476349 0.134703
880 345 0.14587 0.476349 0.134703
881 345 0.14587 0.476349 0.134703
882 345 0.14587 0.476349 0.134703
883 345 0.145872 0.476349 0.134683
884 345 0.145941 0.476349 0.134642
885 345 0.146155 0.476349 0.134602
886 345 0.146614 0.476349 0.134846
887 345 0.146614 0.476349 0.134846
888 345 0.146643 0.476349 0.134818
889 345 0.146643 0.476349 0.134818
890 345 0.146643 0.476349 0.134818
891 345 0.147173 0.476349 0.134951
892 345 0.147185 0.476349 0.134848
893 345 0.147188 0.476349 0.134773
894 345 0.147928 0.471434 0.134895
895 345 0.147928 0.471434 0.134895
896 345 0.147928 0.471434 0.134895
897 346 0.147299 0.471434 0.134922
898 346 0.147299 0.471434 0.134922
899 346 0.147869 0.471434 0.134854
900 346 0.147869 0.471434 0.134854
901 346 0.148234 0.471434 0.134755
902 346 0.148225 0.471434 0.13472
903 346 0.148225 0.471434 0.13472
904 346 0.148186 0.471434 0.134705
905 346 0.148076 0.471434 0.134698
906 346 0.148061 0.471434 0.134656
907 346 0.147957 0.471434 0.134578
908 346 0.147941 0.471434 0.134566
909 346 0.147941 0.471434 0.134566
910 346 0.14891 0.471434 0.13462
911 346 0.14891 0.471434 0.13462
912 346 0.14891 0.471434 0.13462
913 346 0.148797 0.471434 0.134559
914 346 0.148797 0.471434 0.134559
915 346 0.148761 0.471434 0.134551
916 346 0.148761 0.471434 0.134551
917 346 0.148758 0.471434 0.134544
918 346 0.148648 0.471434 0.134498
919 346 0.148611 0.471434 0.134485
920 347 0.149106 0.471434 0.134536
921 347 0.14927 0.471434 0.134562
922 347 0.14927 0.471434 0.134562
923 347 0.14927 0.471434 0.134562
924 347 0.149927 0.471434 0.134368
925 347 0.150606 0.471434 0.134423
