0 29 3.64285 5.84625 0.184375
1 54 3.5659 6.16597 0.183649
2 83 3.46095 6.16597 0.180364
3 101 3.48592 6.16597 0.176464
4 118 3.46776 6.16597 0.174924
5 134 3.44423 6.32907 0.173112
6 148 3.43148 6.54683 0.173694
7 159 3.4937 6.54683 0.172633
8 176 3.52656 6.54683 0.17301
9 189 3.50369 6.54683 0.173903
10 210 3.51782 6.54683 0.173326
11 227 3.55031 6.54683 0.171728
12 238 3.55195 6.54683 0.170929
13 248 3.59106 6.54683 0.17022
14 270 3.57751 6.54683 0.168508
15 288 3.58085 6.54683 0.168757
16 302 3.59316 6.54683 0.167765
17 317 3.59061 6.55702 0.168257
18 327 3.59457 6.55702 0.167231
19 340 3.6124 6.55702 0.166582
20 352 3.61717 6.55702 0.166037
21 363 3.62335 6.55702 0.166086
22 379 3.63692 6.71739 0.165842
23 388 3.65131 6.71739 0.165085
24 403 3.65488 6.71739 0.16397
25 412 3.6519 6.71739 0.1636
26 427 3.64418 6.71739 0.162895
27 438 3.64029 6.71739 0.162658
28 447 3.64128 6.71739 0.162405
29 455 3.64496 6.71739 0.162207
30 470 3.63338 6.71739 0.162195
31 485 3.63016 6.71739 0.162029
32 498 3.62941 6.71739 0.162331
33 509 3.62588 6.71739 0.162278
34 518 3.62324 6.71739 0.162029
35 528 3.62385 6.71739 0.160952
36 542 3.61485 6.71739 0.161119
37 555 3.61338 6.71739 0.160577
38 568 3.61371 6.71739 0.159667
39 580 3.61327 6.71739 0.159685
40 597 3.59934 6.71739 0.159957
41 610 3.60983 6.71739 0.159338
42 621 3.61133 6.71739 0.159034
43 633 3.60758 6.71739 0.158896
44 648 3.60453 6.71739 0.158499
45 661 3.60484 6.71739 0.158689
46 672 3.60286 6.71739 0.158747
47 680 3.61235 6.71739 0.158938
48 695 3.61308 6.71739 0.159252
49 703 3.60807 6.71739 0.158769
50 711 3.61398 6.71739 0.158577
51 718 3.61231 6.71739 0.15865
52 725 3.61692 6.71739 0.158382
53 734 3.61845 6.71739 0.15859
54 745 3.62216 6.71739 0.158377
55 755 3.61761 6.71739 0.15803
56 766 3.62147 6.71739 0.157699
57 775 3.62835 6.71739 0.157148
58 790 3.62304 6.71739 0.156958
59 797 3.62106 6.71739 0.156871
60 808 3.61221 6.71739 0.156773
61 819 3.61124 6.71739 0.156721
62 835 3.61549 6.71739 0.156818
63 849 3.61346 6.71739 0.156357
64 856 3.6138 6.71739 0.156269
65 865 3.60996 6.71739 0.156275
66 872 3.60933 6.71739 0.156518
67 876 3.60948 6.71739 0.156525
68 881 3.60918 6.71739 0.156691
69 895 3.61443 6.71739 0.157141
70 900 3.61685 6.71739 0.156754
71 911 3.60865 6.71739 0.156617
72 916 3.6095 6.71739 0.156601
73 929 3.61177 6.71739 0.156329
74 944 3.60774 6.71739 0.156163
75 950 3.60918 6.71739 0.156321
76 956 3.60885 6.71739 0.15661
77 963 3.6106 6.71739 0.156829
78 970 3.61011 6.71739 0.157043
79 978 3.60802 6.71739 0.157135
80 988 3.60487 6.71739 0.157234
81 999 3.60418 6.71739 0.157167
82 1008 3.60462 6.71739 0.156961
83 1017 3.60497 6.71739 0.156492
84 1029 3.60118 6.71739 0.15639
85 1041 3.59867 6.71739 0.156439
86 1053 3.59656 6.71739 0.156105
87 1065 3.59467 6.71739 0.156127
88 1074 3.59172 6.71739 0.156121
89 1082 3.58773 6.71739 0.156344
90 1095 3.58396 6.71739 0.156523
91 1105 3.58031 6.71739 0.156369
92 1112 3.57606 6.71739 0.156311
93 1123 3.57368 6.71739 0.156204
94 1133 3.57114 6.71739 0.156154
95 1142 3.56784 6.71739 0.156084
96 1151 3.56604 6.71739 0.156165
97 1157 3.56948 6.71739 0.156166
98 1165 3.56702 6.71739 0.156255
99 1180 3.55859 6.71739 0.156229
100 1185 3.56339 6.71739 0.156145
101 1193 3.56364 6.71739 0.156124
102 1207 3.56174 6.71739 0.155849
103 1218 3.56087 6.95267 0.155854
104 1224 3.56334 6.95267 0.155558
105 1229 3.56342 6.95267 0.155384
106 1237 3.56312 6.95267 0.155441
107 1245 3.56887 6.95267 0.155148
108 1254 3.56687 6.95267 0.155324
109 1262 3.57154 6.95267 0.155294
110 1265 3.57042 6.95267 0.155198
111 1275 3.57051 6.95267 0.155102
112 1281 3.57146 6.95267 0.154991
113 1293 3.56813 6.95267 0.154918
114 1298 3.56751 6.95267 0.15508
115 1304 3.56774 6.95267 0.155057
116 1309 3.56742 6.95267 0.155178
117 1316 3.56535 6.95267 0.154957
118 1320 3.56864 6.95267 0.154991
119 1327 3.56836 6.95267 0.154925
120 1334 3.57116 6.95267 0.155003
121 1340 3.57345 6.95267 0.15501
122 1349 3.57389 6.95267 0.155062
123 1357 3.57476 6.95267 0.155164
124 1362 3.57673 6.95267 0.1552
125 1371 3.57175 6.95267 0.155159
126 1380 3.56968 6.95267 0.155037
127 1385 3.5707 6.95267 0.155061
128 1391 3.56808 6.95267 0.155147
129 1398 3.57057 6.95267 0.155051
130 1404 3.57178 6.95267 0.155256
131 1412 3.56884 6.95267 0.155335
132 1422 3.56647 6.95267 0.155233
133 1428 3.56808 6.95267 0.155059
134 1437 3.56303 6.95267 0.155034
135 1447 3.56001 6.95267 0.155123
136 1453 3.55901 6.95267 0.155063
137 1458 3.5607 6.95267 0.154964
138 1468 3.56182 6.95267 0.154836
139 1477 3.5642 6.95267 0.154713
140 1486 3.56228 6.95267 0.154745
141 1494 3.56111 6.95267 0.154795
142 1497 3.56475 6.95267 0.15467
143 1501 3.56704 6.95267 0.154698
144 1503 3.57133 6.95267 0.154588
145 1507 3.57101 6.95267 0.154742
146 1513 3.56799 6.95267 0.154821
147 1524 3.57132 6.95267 0.154777
148 1528 3.577 6.95267 0.154824
149 1536 3.57938 6.95267 0.154667
150 1542 3.57959 6.95267 0.154506
151 1547 3.57887 6.95267 0.15441
152 1554 3.58153 6.95267 0.154307
153 1561 3.58111 6.95267 0.154369
154 1567 3.58212 6.95267 0.154396
155 1579 3.5796 6.95267 0.154468
156 1583 3.58373 6.95267 0.154471
157 1593 3.58249 6.95267 0.154112
158 1601 3.58223 6.95267 0.154265
159 1605 3.5852 6.95267 0.154179
160 1611 3.58376 6.95267 0.154073
161 1618 3.58451 6.95267 0.154176
162 1625 3.58434 6.95267 0.154103
163 1632 3.58615 6.95267 0.154189
164 1638 3.58578 6.95267 0.154283
165 1646 3.5859 6.95267 0.154102
166 1654 3.58475 6.95267 0.153847
167 1661 3.58202 6.95267 0.153812
168 1665 3.5835 6.95267 0.153715
169 1669 3.58432 6.95267 0.153791
170 1676 3.58353 6.95267 0.153783
171 1683 3.5858 6.95267 0.153672
172 1689 3.58698 6.95267 0.153688
173 1698 3.58839 6.95267 0.153611
174 1705 3.5874 6.95267 0.153555
175 1712 3.58612 6.95267 0.153482
176 1713 3.58964 6.95267 0.153435
177 1719 3.59121 6.95267 0.153224
178 1724 3.59031 6.95267 0.153226
179 1729 3.58874 6.95267 0.153171
180 1736 3.58839 6.95267 0.153117
181 1743 3.58552 6.95267 0.153014
182 1749 3.58741 6.95267 0.152901
183 1754 3.58671 6.95267 0.152983
184 1758 3.5845 6.95267 0.152984
185 1763 3.58653 6.95267 0.15309
186 1769 3.58593 6.95267 0.153174
187 1774 3.58682 6.95267 0.153033
188 1781 3.58517 6.95267 0.152966
189 1784 3.58787 6.95267 0.152892
190 1789 3.58816 6.95267 0.152879
191 1794 3.59201 6.95267 0.152955
192 1801 3.59146 6.95267 0.153004
193 1808 3.58966 6.95267 0.152991
194 1812 3.59188 6.95267 0.152934
195 1819 3.59267 6.95267 0.152986
196 1825 3.59228 6.95267 0.152997
197 1829 3.59183 6.95267 0.15308
198 1836 3.59016 6.95267 0.153075
199 1848 3.59034 6.95267 0.153047
200 1853 3.59234 6.95267 0.152963
201 1859 3.59344 6.95267 0.153041
202 1864 3.59185 6.95267 0.152946
203 1866 3.59241 6.95267 0.152968
204 1874 3.59021 6.95267 0.152815
205 1877 3.59111 6.95267 0.152848
206 1880 3.59195 6.95267 0.152785
207 1891 3.58939 6.95267 0.152724
208 1898 3.58873 6.95267 0.152615
209 1903 3.58966 6.95267 0.152581
210 1913 3.58896 6.95267 0.152611
211 1918 3.5908 6.95267 0.152506
212 1929 3.58783 6.95267 0.152367
213 1936 3.5886 6.95267 0.152465
214 1939 3.59154 6.95267 0.15252
215 1945 3.58877 6.95267 0.152454
216 1953 3.58577 6.95267 0.152486
217 1956 3.58648 6.95267 0.15254
218 1967 3.58642 6.95267 0.152442
219 1974 3.58831 6.95267 0.152412
220 1979 3.5875 6.95267 0.152535
221 1983 3.58712 6.95267 0.152412
222 1991 3.5861 6.95267 0.152532
223 1998 3.58632 6.95267 0.152535
224 2004 3.58677 6.95267 0.152483
225 2009 3.58638 6.95267 0.152441
226 2013 3.58592 6.95267 0.152304
227 2018 3.58407 6.95267 0.152339
228 2024 3.58287 6.95267 0.152253
229 2029 3.58114 6.95267 0.152122
230 2032 3.58109 6.95267 0.152151
231 2042 3.57798 6.95267 0.152068
232 2048 3.57737 6.95267 0.152039
233 2055 3.57789 6.95267 0.151964
234 2059 3.57908 6.95267 0.151922
235 2067 3.57521 6.95267 0.151826
236 2072 3.57483 6.95267 0.151838
237 2074 3.57684 6.95267 0.15191
238 2081 3.57545 6.95267 0.151929
239 2084 3.57527 6.95267 0.15196
240 2088 3.57576 6.95267 0.151843
241 2091 3.57738 6.95267 0.151885
242 2096 3.57597 6.95267 0.151965
243 2100 3.57673 6.95267 0.15192
244 2109 3.57315 6.95267 0.151817
245 2115 3.57256 6.95267 0.151876
246 2119 3.57356 6.95267 0.151852
247 2124 3.57349 6.95267 0.151912
248 2127 3.57475 6.95267 0.151886
249 2131 3.57558 6.95267 0.151737
250 2133 3.57518 6.95267 0.151811
251 2138 3.57493 6.95267 0.151763
252 2139 3.57651 6.95267 0.151822
253 2147 3.57692 6.95267 0.151887
254 2151 3.5793 6.95267 0.151741
255 2160 3.57849 6.95267 0.151663
256 2166 3.57603 6.95267 0.151656
257 2174 3.57492 6.95267 0.151676
258 2179 3.57504 6.95267 0.151509
259 2181 3.57752 6.95267 0.15146
260 2182 3.57873 6.95267 0.151396
261 2184 3.57857 6.95267 0.151438
262 2192 3.57441 6.95267 0.151407
263 2197 3.57535 6.95267 0.151433
264 2201 3.57509 6.95267 0.151337
265 2209 3.57278 6.95267 0.151294
266 2216 3.57131 6.95267 0.151299
267 2219 3.57256 6.95267 0.151211
268 2222 3.573 6.95267 0.15124
269 2227 3.5706 6.95267 0.151179
270 2233 3.57185 6.95267 0.151097
271 2239 3.57219 6.95267 0.151311
272 2245 3.57175 6.95267 0.151346
273 2248 3.57335 6.95267 0.151367
274 2255 3.5723 6.95267 0.151358
275 2257 3.57322 6.95267 0.151347
276 2263 3.5715 6.95267 0.151411
277 2267 3.5699 6.95267 0.151256
278 2271 3.57065 6.95267 0.151126
279 2275 3.56917 6.95267 0.151169
280 2282 3.5681 6.95267 0.151148
281 2291 3.5654 6.95267 0.151097
282 2297 3.5636 6.95267 0.151064
283 2302 3.56326 6.95267 0.151104
284 2309 3.56166 6.95267 0.150981
285 2312 3.56378 6.95267 0.150987
286 2316 3.56376 6.95267 0.150911
287 2321 3.5611 6.95267 0.150935
288 2326 3.55968 6.95267 0.151062
289 2331 3.55956 6.95267 0.150904
290 2337 3.55877 6.95267 0.150863
291 2340 3.55915 6.95267 0.150862
292 2347 3.55888 6.95267 0.15072
293 2351 3.55774 6.95267 0.150724
294 2358 3.55581 6.95267 0.150691
295 2359 3.55623 6.95267 0.150663
296 2364 3.5561 6.95267 0.150602
297 2367 3.55693 6.95267 0.150543
298 2372 3.55567 6.95267 0.15047
299 2379 3.55443 6.95267 0.150537
300 2382 3.55516 6.95267 0.150482
301 2388 3.55452 6.95267 0.150472
302 2393 3.55478 6.95267 0.150524
303 2398 3.55572 6.95267 0.150571
304 2406 3.55242 6.95267 0.150552
305 2409 3.55395 6.95267 0.150584
306 2415 3.55238 6.95267 0.150593
307 2417 3.55298 6.95267 0.150437
308 2422 3.55118 6.95267 0.150445
309 2425 3.55238 6.95267 0.150502
310 2431 3.55049 6.95267 0.150623
311 2436 3.54985 6.95267 0.150627
312 2440 3.55024 6.95267 0.150538
313 2444 3.54968 6.95267 0.150526
314 2449 3.54943 6.95267 0.150487
315 2452 3.54875 6.95267 0.150504
316 2457 3.54887 6.95267 0.150509
317 2465 3.54901 6.95267 0.150388
318 2472 3.54775 6.95267 0.150326
319 2474 3.54814 6.95267 0.150398
320 2480 3.54917 6.95267 0.150253
321 2482 3.54935 6.95267 0.150249
322 2483 3.55161 6.95267 0.150188
323 2484 3.55189 6.95267 0.150163
324 2485 3.55207 6.95267 0.150123
325 2493 3.54845 6.95267 0.150175
326 2497 3.54981 7.06233 0.150165
327 2501 3.54945 7.06233 0.150097
328 2503 3.54995 7.06233 0.150069
329 2507 3.54966 7.06233 0.150073
330 2512 3.55023 7.06233 0.150115
331 2519 3.54889 7.06233 0.150054
332 2524 3.54863 7.06233 0.149987
333 2526 3.54844 7.06233 0.149956
334 2529 3.54834 7.06233 0.149986
335 2532 3.54712 7.06233 0.149965
336 2534 3.54754 7.06233 0.149856
337 2539 3.54734 7.13509 0.149928
338 2540 3.55007 7.13509 0.149863
339 2548 3.55039 7.13509 0.149839
340 2552 3.55171 7.13509 0.149728
341 2553 3.55286 7.24649 0.149737
342 2555 3.55428 7.24649 0.149795
343 2562 3.55307 7.24649 0.149796
344 2566 3.55141 7.24649 0.149789
345 2570 3.55042 7.24649 0.149782
346 2572 3.55039 7.24649 0.149821
347 2575 3.54988 7.24649 0.149799
348 2579 3.55034 7.24649 0.149806
349 2585 3.54939 7.24649 0.14981
350 2587 3.55055 7.24649 0.149804
351 2594 3.5508 7.24649 0.149827
352 2600 3.55023 7.24649 0.149829
353 2607 3.54969 7.24649 0.149825
354 2613 3.55126 7.24649 0.149915
355 2617 3.55107 7.24649 0.149964
356 2620 3.5506 7.24649 0.149902
357 2628 3.54942 7.24649 0.149821
358 2633 3.55008 7.24649 0.149887
359 2638 3.54938 7.24649 0.149865
360 2640 3.54948 7.24649 0.149868
361 2642 3.55041 7.24649 0.149727
362 2650 3.54826 7.24649 0.149699
363 2655 3.54725 7.24649 0.149663
364 2659 3.5476 7.24649 0.14968
365 2663 3.54883 7.24649 0.149694
366 2668 3.54904 7.24649 0.149691
367 2675 3.54848 7.24649 0.149731
368 2680 3.5487 7.24649 0.149562
369 2688 3.54689 7.24649 0.149497
370 2692 3.54509 7.24649 0.149419
371 2697 3.54498 7.24649 0.149365
372 2701 3.54386 7.24649 0.149331
373 2707 3.54273 7.24649 0.149295
374 2708 3.54454 7.24649 0.149305
375 2711 3.54434 7.24649 0.149302
376 2714 3.5443 7.24649 0.149354
377 2716 3.54501 7.24649 0.149487
378 2720 3.54372 7.24649 0.149523
379 2722 3.54387 7.24649 0.149444
380 2724 3.54428 7.24649 0.14935
381 2730 3.54425 7.24649 0.149311
382 2735 3.54341 7.24649 0.149385
383 2742 3.54208 7.24649 0.149353
384 2744 3.54309 7.24649 0.149272
385 2750 3.54266 7.24649 0.149277
386 2753 3.54181 7.24649 0.149205
387 2758 3.53987 7.24649 0.149192
388 2762 3.53924 7.24649 0.149207
389 2764 3.53845 7.24649 0.149259
390 2774 3.53697 7.24649 0.149205
391 2780 3.53653 7.24649 0.149255
392 2781 3.53736 7.24649 0.149236
393 2786 3.53617 7.24649 0.14924
394 2790 3.5357 7.24649 0.149273
395 2795 3.53398 7.33682 0.149235
396 2797 3.5337 7.33682 0.149282
397 2805 3.53172 7.33682 0.149364
398 2808 3.53316 7.33682 0.149374
399 2812 3.53338 7.33682 0.149444
400 2815 3.53187 7.33682 0.149455
401 2817 3.53174 7.33682 0.149393
402 2822 3.53282 7.33682 0.149391
403 2828 3.53263 7.33682 0.149357
404 2829 3.53419 7.33682 0.149339
405 2831 3.53448 7.33682 0.149334
406 2834 3.53521 7.33682 0.149335
407 2837 3.53515 7.33682 0.149387
408 2842 3.53442 7.33682 0.149335
409 2843 3.5356 7.33682 0.149239
410 2845 3.53571 7.33682 0.149186
411 2847 3.53792 7.33682 0.149178
412 2849 3.5386 7.33682 0.149164
413 2852 3.53808 7.33682 0.149108
414 2854 3.53803 7.33682 0.149133
415 2855 3.53832 7.33682 0.149056
416 2860 3.53887 7.33682 0.148987
417 2867 3.53888 7.33682 0.149022
418 2870 3.53753 7.33682 0.149006
419 2873 3.53786 7.33682 0.149035
420 2878 3.53813 7.33682 0.149078
421 2881 3.53856 7.33682 0.149075
422 2886 3.53739 7.33682 0.149112
423 2890 3.53656 7.33682 0.149124
424 2898 3.53542 7.33682 0.149103
425 2902 3.53578 7.33682 0.149065
426 2906 3.53569 7.33682 0.149075
427 2909 3.53692 7.33682 0.149042
428 2912 3.53613 7.33682 0.149015
429 2916 3.53536 7.33682 0.149044
430 2919 3.53531 7.33682 0.149026
431 2923 3.53463 7.33682 0.148915
432 2924 3.53506 7.33682 0.148931
433 2925 3.5354 7.33682 0.148956
434 2927 3.5367 7.33682 0.148975
435 2932 3.5361 7.33682 0.148943
436 2934 3.53711 7.33682 0.148857
437 2938 3.53622 7.33682 0.148779
438 2939 3.53683 7.33682 0.148827
439 2944 3.53654 7.33682 0.148834
440 2947 3.53731 7.33682 0.148852
441 2952 3.53647 7.33682 0.148834
442 2955 3.53781 7.33682 0.148754
443 2962 3.53662 7.33682 0.148761
444 2966 3.53543 7.33682 0.148746
445 2971 3.53559 7.33682 0.148814
446 2977 3.53438 7.33682 0.148785
447 2985 3.53225 7.33682 0.148669
448 2986 3.53329 7.33682 0.148789
449 2991 3.53432 7.33682 0.148755
450 2994 3.5343 7.33682 0.148683
451 2997 3.53327 7.33682 0.14867
452 3001 3.53346 7.33682 0.148721
453 3001 3.53466 7.33682 0.148691
454 3008 3.53364 7.33682 0.148688
455 3010 3.53396 7.33682 0.14867
456 3011 3.5344 7.33682 0.148638
457 3013 3.53499 7.33682 0.148625
458 3017 3.53447 7.33682 0.148718
459 3018 3.5352 7.33682 0.14864
460 3018 3.53605 7.33682 0.148623
461 3025 3.53664 7.33682 0.148543
462 3027 3.53764 7.33682 0.148516
463 3029 3.538 7.33682 0.148488
464 3032 3.53788 7.33682 0.148501
465 3035 3.53799 7.33682 0.148472
466 3038 3.53818 7.33682 0.148459
467 3039 3.53951 7.33682 0.148503
468 3043 3.53845 7.33682 0.148521
469 3046 3.5391 7.33682 0.148422
470 3049 3.53818 7.33682 0.148471
471 3053 3.53775 7.33682 0.14848
472 3058 3.53775 7.33682 0.148501
473 3061 3.53736 7.33682 0.148473
474 3066 3.53715 7.33682 0.148478
475 3068 3.53776 7.33682 0.148482
476 3072 3.53604 7.33682 0.148542
477 3077 3.53552 7.33682 0.148695
478 3080 3.53606 7.33682 0.148648
479 3086 3.53489 7.33682 0.148639
480 3093 3.53284 7.33682 0.148514
481 3099 3.53286 7.33682 0.148505
482 3102 3.53337 7.33682 0.148559
483 3110 3.53285 7.33682 0.148467
484 3115 3.53352 7.33682 0.148479
485 3121 3.53326 7.33682 0.148418
486 3127 3.53223 7.33682 0.148362
487 3131 3.53266 7.33682 0.148336
488 3134 3.53306 7.33682 0.148296
489 3136 3.53574 7.33682 0.148327
490 3139 3.53545 7.33682 0.148342
491 3143 3.53492 7.33682 0.148377
492 3148 3.53438 7.33682 0.148391
493 3156 3.53399 7.33682 0.148342
494 3159 3.53403 7.33682 0.148347
495 3162 3.53326 7.33682 0.148332
496 3163 3.53364 7.33682 0.148378
497 3167 3.53245 7.33682 0.148282
498 3169 3.53372 7.33682 0.148278
499 3176 3.53359 7.33682 0.148195
500 3178 3.5334 7.33682 0.148158
501 3180 3.53341 7.33682 0.148152
502 3184 3.53281 7.33682 0.148124
503 3186 3.53363 7.33682 0.148039
504 3189 3.53461 7.33682 0.147993
505 3191 3.53471 7.33682 0.147997
506 3196 3.53379 7.33682 0.14798
507 3200 3.5335 7.33682 0.147951
508 3203 3.53483 7.33682 0.147917
509 3205 3.53562 7.33682 0.14793
510 3208 3.53503 7.33682 0.147974
511 3210 3.53554 7.33682 0.148024
512 3214 3.53488 7.33682 0.147938
513 3216 3.53465 7.33682 0.147897
514 3219 3.53404 7.33682 0.147884
515 3224 3.53451 7.33682 0.147851
516 3229 3.53298 7.33682 0.14791
517 3232 3.53334 7.33682 0.147915
518 3232 3.53392 7.33682 0.147907
519 3234 3.53373 7.33682 0.147852
520 3239 3.53403 7.33682 0.147881
521 3245 3.53275 7.33682 0.147902
522 3246 3.53368 7.33682 0.147991
523 3248 3.53347 7.33682 0.148023
524 3251 3.53403 7.33682 0.148032
525 3257 3.53249 7.33682 0.148079
526 3260 3.53226 7.33682 0.14813
527 3263 3.53219 7.33682 0.148077
528 3268 3.53222 7.33682 0.148106
529 3271 3.53219 7.33682 0.148053
530 3273 3.53179 7.33682 0.148041
531 3273 3.53259 7.33682 0.148032
532 3277 3.532 7.33682 0.148056
533 3279 3.53224 7.33682 0.148031
534 3280 3.53299 7.33682 0.148091
535 3282 3.53318 7.33682 0.148049
536 3285 3.53304 7.33682 0.147959
537 3287 3.53285 7.33682 0.14795
538 3292 3.53231 7.33682 0.147915
539 3298 3.53159 7.33682 0.147972
540 3299 3.53269 7.33682 0.147915
541 3302 3.53412 7.33682 0.147853
542 3307 3.53255 7.33682 0.147855
543 3308 3.5334 7.33682 0.147871
544 3310 3.53351 7.33682 0.147912
545 3313 3.53335 7.33682 0.147796
546 3315 3.53352 7.33682 0.147798
547 3318 3.53384 7.33682 0.14779
548 3324 3.53228 7.33682 0.147749
549 3327 3.53217 7.33682 0.147707
550 3330 3.53197 7.33682 0.14767
551 3333 3.53197 7.33682 0.147596
552 3336 3.53232 7.33682 0.147626
553 3336 3.53267 7.33682 0.147599
554 3340 3.53191 7.33682 0.147625
555 3344 3.53108 7.33682 0.147674
556 3348 3.53106 7.33682 0.147697
557 3350 3.53154 7.33682 0.147659
558 3350 3.5327 7.33682 0.147738
559 3351 3.53289 7.33682 0.147758
560 3354 3.53248 7.33682 0.147765
561 3358 3.53144 7.33682 0.147687
562 3363 3.53108 7.33682 0.14763
563 3367 3.53065 7.33682 0.147592
564 3369 3.53199 7.33682 0.147643
565 3369 3.53246 7.33682 0.147648
566 3371 3.53344 7.33682 0.147666
567 3372 3.5342 7.33682 0.147639
568 3373 3.53538 7.33682 0.147671
569 3374 3.53584 7.33682 0.147652
570 3376 3.53634 7.33682 0.147652
571 3377 3.5366 7.33682 0.147693
572 3379 3.53676 7.33682 0.147655
573 3382 3.53668 7.33682 0.1477
574 3386 3.53671 7.33682 0.14772
575 3388 3.53656 7.33682 0.147757
576 3391 3.53648 7.33682 0.147731
577 3393 3.53654 7.33682 0.147791
578 3397 3.53653 7.33682 0.147694
579 3399 3.53647 7.33682 0.147696
580 3404 3.53502 7.33682 0.14774
581 3405 3.53518 7.33682 0.147756
582 3408 3.53526 7.33682 0.147699
583 3411 3.53483 7.33682 0.147655
584 3415 3.53499 7.33682 0.14773
585 3418 3.53475 7.33682 0.147709
586 3421 3.53427 7.33682 0.147693
587 3425 3.53348 7.33682 0.147716
588 3429 3.53271 7.33682 0.147757
589 3435 3.53163 7.33682 0.147831
590 3438 3.53204 7.33682 0.147813
591 3442 3.53133 7.33682 0.147771
592 3443 3.53137 7.33682 0.147776
593 3445 3.53205 7.33682 0.147791
594 3448 3.53213 7.33682 0.147777
595 3450 3.53207 7.33682 0.14774
596 3452 3.53296 7.33682 0.147721
597 3456 3.53313 7.33682 0.147769
598 3458 3.53391 7.49076 0.147782
599 3460 3.53452 7.49076 0.147718
600 3462 3.53401 7.49076 0.147692
601 3463 3.53485 7.49076 0.147567
602 3465 3.53541 7.49076 0.147499
603 3468 3.53612 7.49076 0.14752
604 3469 3.53612 7.49076 0.147514
605 3471 3.53593 7.49076 0.147484
606 3474 3.53543 7.49076 0.147504
607 3478 3.5349 7.49076 0.147506
608 3479 3.5353 7.49076 0.147517
609 3482 3.5348 7.49076 0.147523
610 3484 3.53501 7.49076 0.147491
611 3484 3.53598 7.49076 0.147489
612 3490 3.53515 7.49076 0.147483
613 3491 3.53524 7.49076 0.14746
614 3494 3.53584 7.49076 0.147446
615 3495 3.53559 7.49076 0.147447
616 3504 3.53352 7.49076 0.147431
617 3506 3.53371 7.49076 0.147451
618 3509 3.53333 7.49076 0.147498
619 3511 3.53356 7.49076 0.147465
620 3513 3.53446 7.49076 0.147448
621 3515 3.5344 7.49076 0.147415
622 3520 3.53325 7.49076 0.147391
623 3522 3.53328 7.49076 0.147408
624 3525 3.53263 7.49076 0.14744
625 3527 3.53366 7.49076 0.147418
626 3528 3.53362 7.49076 0.147432
627 3531 3.53297 7.49076 0.147418
628 3536 3.53132 7.49076 0.147421
629 3537 3.53119 7.49076 0.147425
630 3537 3.53215 7.49076 0.147423
631 3542 3.53148 7.49076 0.147419
632 3547 3.53079 7.49076 0.14733
633 3549 3.53042 7.49076 0.147402
634 3549 3.5315 7.49076 0.147396
635 3552 3.53176 7.49076 0.1474
636 3553 3.53264 7.49076 0.147379
637 3554 3.53314 7.49076 0.147321
638 3556 3.53329 7.49076 0.14735
639 3557 3.53492 7.49076 0.14734
640 3558 3.53485 7.49076 0.14734
641 3560 3.53517 7.49076 0.147258
642 3561 3.53592 7.49076 0.147221
643 3562 3.53625 7.49076 0.147213
644 3563 3.53763 7.49076 0.147197
645 3565 3.53744 7.49076 0.147185
646 3566 3.53772 7.49076 0.147148
647 3570 3.53771 7.49076 0.147158
648 3574 3.53781 7.49076 0.147127
649 3577 3.53718 7.49076 0.147085
650 3580 3.53736 7.49076 0.147087
651 3581 3.53804 7.49076 0.14704
652 3585 3.5379 7.49076 0.147006
653 3587 3.53859 7.49076 0.14705
654 3588 3.5409 7.49076 0.147043
655 3591 3.54051 7.49076 0.147005
656 3593 3.54155 7.49076 0.146899
657 3595 3.54199 7.49076 0.146932
658 3596 3.54215 7.49076 0.146942
659 3597 3.54242 7.49076 0.14696
660 3601 3.54229 7.49076 0.146846
661 3602 3.54281 7.49076 0.146868
662 3605 3.54352 7.49076 0.146894
663 3606 3.54347 7.49076 0.146879
664 3609 3.54413 7.49076 0.146903
665 3613 3.54394 7.49076 0.146873
666 3615 3.54425 7.49076 0.146847
667 3618 3.54481 7.49076 0.146853
668 3620 3.54592 7.49076 0.146846
669 3626 3.54451 7.49076 0.146871
670 3627 3.54428 7.49076 0.146856
671 3628 3.54425 7.49076 0.146876
672 3630 3.54529 7.49076 0.146933
673 3631 3.54513 7.49076 0.146952
674 3635 3.54463 7.49076 0.146991
675 3638 3.54463 7.49076 0.147002
676 3641 3.54476 7.49076 0.146995
677 3644 3.54484 7.49076 0.146982
678 3644 3.54513 7.49076 0.147
679 3645 3.54549 7.49076 0.14702
680 3648 3.545 7.49076 0.147005
681 3648 3.5457 7.49076 0.146935
682 3648 3.54609 7.49076 0.146876
683 3649 3.5472 7.49076 0.146878
684 3651 3.54843 7.49076 0.146895
685 3653 3.54954 7.49076 0.146921
686 3654 3.54986 7.49076 0.146969
687 3654 3.55043 7.49076 0.146932
688 3657 3.55023 7.49076 0.146945
689 3657 3.55157 7.49076 0.14687
690 3660 3.5511 7.49076 0.146808
691 3665 3.55062 7.49076 0.146834
692 3667 3.5508 7.49076 0.146839
693 3670 3.55049 7.49076 0.14684
694 3674 3.55032 7.49076 0.146858
695 3676 3.5513 7.49076 0.146884
696 3678 3.55104 7.49076 0.146903
697 3681 3.55152 7.49076 0.146977
698 3682 3.55216 7.49076 0.146965
699 3684 3.55192 7.49076 0.147029
700 3685 3.55313 7.49076 0.147084
701 3690 3.55229 7.49076 0.147086
702 3693 3.55278 7.49076 0.147051
703 3696 3.55369 7.49076 0.147018
704 3696 3.55386 7.49076 0.147021
705 3698 3.55422 7.49076 0.147037
706 3699 3.55447 7.49076 0.147046
707 3701 3.55451 7.49076 0.147009
708 3703 3.55475 7.49076 0.146969
709 3705 3.55473 7.49076 0.146962
710 3708 3.55445 7.49076 0.146978
711 3711 3.55375 7.49076 0.14695
712 3715 3.55333 7.49076 0.147024
713 3719 3.55315 7.49076 0.146983
714 3721 3.55359 7.49076 0.14699
715 3725 3.5535 7.49076 0.14695
716 3725 3.55395 7.49076 0.146922
717 3725 3.55515 7.49076 0.146978
718 3726 3.5554 7.49076 0.146959
719 3731 3.55489 7.49076 0.146984
720 3732 3.55529 7.49076 0.147033
721 3733 3.55603 7.49076 0.147034
722 3737 3.55613 7.49076 0.147052
723 3739 3.55643 7.49076 0.146972
724 3740 3.55675 7.49076 0.146967
725 3740 3.55784 7.49076 0.146966
726 3742 3.55789 7.49076 0.146964
727 3744 3.55768 7.49076 0.146951
728 3747 3.55835 7.49076 0.146975
729 3749 3.55894 7.49076 0.147001
730 3751 3.55921 7.49076 0.146931
731 3751 3.5595 7.49076 0.146921
732 3753 3.55986 7.49076 0.146914
733 3753 3.5609 7.49076 0.146898
734 3753 3.56109 7.49076 0.146906
735 3757 3.56031 7.49076 0.146887
736 3759 3.56015 7.49076 0.146852
737 3763 3.56043 7.49076 0.146806
738 3764 3.56069 7.49076 0.146815
739 3771 3.56028 7.49076 0.146777
740 3773 3.56143 7.49076 0.146792
741 3774 3.56192 7.49076 0.146738
742 3775 3.56264 7.49076 0.146737
743 3779 3.5622 7.49076 0.146746
744 3781 3.56303 7.49076 0.146745
745 3783 3.56348 7.49076 0.146785
746 3785 3.56322 7.49076 0.146804
747 3789 3.56336 7.49076 0.146837
748 3793 3.56318 7.49076 0.146782
749 3795 3.56388 7.49076 0.146776
750 3797 3.56384 7.49076 0.146808
751 3801 3.5641 7.49076 0.146774
752 3802 3.56382 7.49076 0.146737
753 3804 3.56406 7.49076 0.146784
754 3805 3.56472 7.49076 0.146834
755 3806 3.56515 7.49076 0.14687
756 3807 3.56496 7.49076 0.146847
757 3810 3.56531 7.81307 0.146809
758 3811 3.56529 7.81307 0.146821
759 3814 3.56521 7.81307 0.146824
760 3818 3.565 7.81307 0.146807
761 3819 3.56539 7.81307 0.146759
762 3822 3.56456 7.81307 0.146785
763 3826 3.56374 7.81307 0.146776
764 3829 3.56299 7.81307 0.146793
765 3832 3.56288 7.81307 0.146796
766 3836 3.56272 7.81307 0.146828
767 3837 3.56304 7.81307 0.146789
768 3839 3.56233 7.81307 0.146777
769 3843 3.56146 7.81307 0.14675
770 3846 3.56108 7.81307 0.146775
771 3849 3.5626 7.81307 0.146749
772 3854 3.56144 7.81307 0.146715
773 3857 3.56189 7.81307 0.146734
774 3857 3.56282 7.81307 0.14674
775 3860 3.56274 7.81307 0.146726
776 3860 3.56337 7.81307 0.146676
777 3861 3.56374 7.81307 0.146735
778 3862 3.56494 7.81307 0.146693
779 3865 3.56479 7.81307 0.146668
780 3866 3.56623 7.81307 0.1467
781 3867 3.56599 7.81307 0.146608
782 3869 3.56612 7.81307 0.146573
783 3869 3.56686 7.81307 0.146547
784 3869 3.56733 7.81307 0.146585
785 3871 3.5673 7.81307 0.146574
786 3873 3.56777 7.81307 0.146621
787 3875 3.5677 7.81307 0.14664
788 3878 3.56756 7.81307 0.146718
789 3880 3.56881 7.81307 0.146726
790 3882 3.56913 7.81307 0.146757
791 3886 3.56973 7.81307 0.146675
792 3888 3.56983 7.81307 0.146659
793 3891 3.56989 7.81307 0.146724
794 3893 3.57019 7.81307 0.146657
795 3896 3.57001 7.81307 0.146615
796 3896 3.57074 7.81307 0.146662
797 3898 3.5706 7.81307 0.146677
798 3901 3.57014 7.81307 0.146674
799 3903 3.5701 7.81307 0.146707
800 3907 3.56899 7.81307 0.146699
801 3908 3.5692 7.81307 0.146636
802 3912 3.56953 7.81307 0.146637
803 3914 3.56939 7.81307 0.146645
804 3914 3.56999 7.81307 0.146616
805 3914 3.57086 7.81307 0.146637
806 3917 3.57044 7.81307 0.146558
807 3917 3.57081 7.81307 0.146538
808 3919 3.57189 7.81307 0.146561
809 3921 3.57164 7.81307 0.14658
810 3921 3.57234 7.81307 0.146571
811 3924 3.57218 7.81307 0.146553
812 3924 3.5723 7.81307 0.146554
813 3927 3.57191 7.81307 0.146558
814 3929 3.57231 7.81307 0.146519
815 3930 3.5734 7.81307 0.146499
816 3930 3.57368 7.81307 0.146503
817 3932 3.57425 7.81307 0.146561
818 3934 3.57482 7.81307 0.146539
819 3935 3.57505 7.81307 0.146538
820 3936 3.57557 7.81307 0.146532
821 3936 3.57616 7.81307 0.146517
822 3937 3.5768 7.81307 0.14649
823 3938 3.57767 7.81307 0.146421
824 3940 3.57755 7.81307 0.14643
825 3942 3.57803 7.81307 0.146413
826 3945 3.57817 7.81307 0.1464
827 3947 3.57777 7.81307 0.146375
828 3948 3.5779 7.81307 0.146326
829 3949 3.578 7.81307 0.146337
830 3950 3.57839 7.81307 0.146329
831 3952 3.57915 7.81307 0.146302
832 3956 3.57834 7.81307 0.146291
833 3957 3.57833 7.81307 0.146262
834 3959 3.57835 7.81307 0.146255
835 3961 3.57829 7.81307 0.146229
836 3965 3.57804 7.81307 0.146266
837 3966 3.57817 7.81307 0.146289
838 3968 3.57794 7.81307 0.146371
839 3969 3.5778 7.81307 0.146305
840 3970 3.57807 7.81307 0.146285
841 3972 3.57755 7.81307 0.14627
842 3974 3.57792 7.81307 0.146281
843 3976 3.57782 7.81307 0.146238
844 3978 3.57812 7.81307 0.146245
845 3979 3.57876 7.81307 0.146264
846 3983 3.57814 7.81307 0.146225
847 3985 3.57898 7.81307 0.146172
848 3987 3.57882 7.81307 0.14617
849 3989 3.57884 7.81307 0.146188
850 3992 3.57948 7.81307 0.146249
851 3994 3.57899 7.81307 0.14623
852 3996 3.57863 7.81307 0.146228
853 3998 3.57899 7.81307 0.146283
854 3999 3.57877 7.81307 0.14626
855 3999 3.57926 7.81307 0.146251
856 4001 3.5793 7.81307 0.146239
857 4003 3.57948 7.81307 0.146205
858 4006 3.5795 7.81307 0.146149
859 4007 3.5795 7.81307 0.146171
860 4007 3.57985 7.81307 0.146163
861 4009 3.58031 7.81307 0.146111
862 4012 3.57978 7.81307 0.146135
863 4012 3.58078 7.81307 0.146105
864 4015 3.58038 7.81307 0.146119
865 4016 3.58047 7.81307 0.146114
866 4018 3.581 7.81307 0.146132
867 4018 3.58204 7.81307 0.146097
868 4023 3.58163 7.81307 0.146051
869 4023 3.58232 7.81307 0.14605
870 4023 3.58255 7.81307 0.146028
871 4027 3.58266 7.81307 0.145998
872 4029 3.58391 7.81307 0.146022
873 4031 3.58413 7.81307 0.146008
874 4032 3.58444 7.81307 0.145996
875 4035 3.58369 7.81307 0.145991
876 4035 3.58433 7.81307 0.145948
877 4035 3.58508 7.81307 0.146015
878 4036 3.58597 7.81307 0.146024
879 4037 3.5863 7.81307 0.146037
880 4038 3.58684 7.81307 0.146057
881 4039 3.58715 7.81307 0.146024
882 4039 3.5879 7.81307 0.146024
883 4041 3.58782 7.81307 0.146015
884 4043 3.58899 7.81307 0.145971
885 4043 3.58978 7.81307 0.145898
886 4048 3.58856 7.81307 0.145898
887 4050 3.5889 7.81307 0.145917
888 4051 3.589 7.81307 0.145912
889 4054 3.5891 7.81307 0.145832
890 4058 3.58952 7.81307 0.145858
891 4060 3.58941 7.81307 0.145838
892 4062 3.58996 7.81307 0.14587
893 4063 3.59033 7.81307 0.145784
894 4065 3.59131 7.81307 0.145775
895 4067 3.59131 7.81307 0.145782
896 4068 3.59141 7.81307 0.145795
897 4071 3.5915 7.81307 0.145747
898 4071 3.59181 7.81307 0.145717
899 4071 3.59245 7.81307 0.145707
900 4072 3.5932 7.81307 0.145738
901 4074 3.59315 7.81307 0.145732
902 4076 3.59324 7.81307 0.145714
903 4076 3.59434 7.81307 0.145712
904 4078 3.59445 7.81307 0.145703
905 4081 3.59396 7.81307 0.145681
906 4082 3.59417 7.81307 0.145681
907 4087 3.59456 7.81307 0.145702
908 4090 3.59381 7.81307 0.145723
909 4091 3.59408 7.81307 0.14572
910 4093 3.59383 7.81307 0.145667
911 4095 3.59401 7.81307 0.145719
912 4095 3.59477 7.81307 0.145743
913 4096 3.59479 7.81307 0.145763
914 4099 3.5942 7.81307 0.145762
915 4100 3.59414 7.81307 0.145777
916 4100 3.59484 7.81307 0.145808
917 4103 3.59529 7.81307 0.14576
918 4104 3.59603 7.81307 0.1458
919 4107 3.59543 7.81307 0.14579
920 4111 3.59503 7.81307 0.145775
921 4113 3.5945 7.81307 0.145793
922 4114 3.59467 7.81307 0.145801
923 4117 3.59421 7.81307 0.145827
924 4119 3.59483 7.81307 0.14587
925 4119 3.59567 7.81307 0.145832
926 4121 3.59635 7.81307 0.145828
927 4122 3.5964 7.81307 0.145807
928 4124 3.59707 7.81307 0.145801
929 4124 3.59748 7.81307 0.145783
930 4127 3.59748 7.81307 0.145777
931 4127 3.59778 7.81307 0.145787
932 4131 3.59695 7.81307 0.145757
933 4133 3.59676 7.81307 0.145742
934 4134 3.59718 7.81307 0.145694
935 4135 3.5969 7.81307 0.145691
936 4140 3.59568 7.81307 0.145655
937 4141 3.59586 7.81307 0.1456
938 4143 3.59536 7.81307 0.145571
939 4144 3.59547 7.81307 0.145575
940 4145 3.59532 7.81307 0.145622
941 4146 3.59512 7.81307 0.145634
942 4147 3.59526 7.81307 0.145634
943 4147 3.59589 7.81307 0.145602
944 4148 3.59627 7.81307 0.145623
945 4148 3.59683 7.81307 0.145637
946 4148 3.59728 7.81307 0.145634
947 4150 3.59722 7.81307 0.145673
948 4152 3.59745 7.81307 0.145684
949 4153 3.59781 7.81307 0.145741
950 4154 3.59755 7.81307 0.145706
951 4156 3.59784 7.81307 0.145732
952 4158 3.59857 7.81307 0.145761
953 4158 3.59884 7.81307 0.14578
954 4159 3.59874 7.81307 0.145785
955 4161 3.59948 7.81307 0.145776
956 4162 3.5996 7.81307 0.145789
957 4164 3.60001 7.81307 0.145808
958 4166 3.60002 7.81307 0.145803
959 4168 3.59959 7.81307 0.145755
960 4170 3.59964 7.81307 0.145744
961 4173 3.59927 7.81307 0.145798
962 4174 3.59936 7.81307 0.145862
963 4177 3.59903 7.81307 0.14586
964 4177 3.59968 7.81307 0.145886
965 4178 3.60101 7.81307 0.145918
966 4179 3.60184 7.81307 0.145957
967 4182 3.60208 7.81307 0.146012
968 4185 3.60165 7.81307 0.14599
969 4186 3.60239 7.81307 0.145953
970 4186 3.60302 7.81307 0.145947
971 4187 3.60313 7.81307 0.145923
972 4188 3.60348 7.81307 0.145904
973 4190 3.60381 7.81307 0.145915
974 4191 3.60451 7.81307 0.145944
975 4193 3.60559 7.81307 0.145983
976 4194 3.60621 7.81307 0.145962
977 4195 3.60613 7.81307 0.145931
978 4197 3.60604 7.81307 0.145952
979 4197 3.60644 7.81307 0.145928
980 4197 3.60774 7.81307 0.145891
981 4201 3.6072 7.81307 0.14587
982 4202 3.60718 7.81307 0.145852
983 4204 3.60721 7.81307 0.145811
984 4205 3.60749 7.81307 0.145795
985 4207 3.60869 7.81307 0.145763
986 4209 3.60899 7.81307 0.145811
987 4212 3.60877 7.81307 0.145832
988 4217 3.60867 7.81307 0.145881
989 4218 3.60893 7.81307 0.145868
990 4219 3.6091 7.81307 0.145888
991 4219 3.60942 7.81307 0.145934
992 4222 3.6094 7.81307 0.145938
993 4223 3.60976 7.81307 0.145924
994 4224 3.60986 7.81307 0.145939
995 4224 3.61046 7.81307 0.145979
996 4227 3.61025 7.81307 0.146045
997 4230 3.61058 7.81307 0.146046
998 4231 3.61042 7.81307 0.146033
999 4233 3.61 7.81307 0.146009
1000 4237 3.60941 7.81307 0.14598
1001 4238 3.60955 7.81307 0.14597
1002 4238 3.61048 7.81307 0.145976
1003 4238 3.61101 7.81307 0.146005
1004 4239 3.6111 7.81307 0.146019
1005 4243 3.61134 7.81307 0.145996
1006 4244 3.61176 7.81307 0.145957
1007 4247 3.61146 7.81307 0.145917
1008 4248 3.61186 7.81307 0.145954
1009 4249 3.61229 7.81307 0.145914
1010 4252 3.61221 7.81307 0.14595
1011 4254 3.61172 7.81307 0.145959
1012 4255 3.61248 7.81307 0.145954
1013 4257 3.61302 7.81307 0.145963
1014 4258 3.61318 7.81307 0.14597
1015 4258 3.61358 7.81307 0.14603
1016 4260 3.61356 7.81307 0.146025
1017 4260 3.61355 7.81307 0.146023
1018 4261 3.61395 7.81307 0.146009
1019 4262 3.61409 7.81307 0.145982
1020 4263 3.61461 7.81307 0.145972
1021 4265 3.6156 7.81307 0.145968
1022 4267 3.61506 7.81307 0.145952
1023 4268 3.61502 7.81307 0.145967
1024 4269 3.61529 7.81307 0.14598
1025 4272 3.61469 7.81307 0.145955
1026 4274 3.61484 7.81307 0.145929
1027 4275 3.61482 7.81307 0.145939
1028 4275 3.61561 7.81307 0.145954
1029 4277 3.6153 7.81307 0.14596
1030 4280 3.61494 7.81307 0.145927
1031 4282 3.61429 7.81307 0.145904
1032 4285 3.61466 7.81307 0.145905
1033 4287 3.6142 7.81307 0.14589
1034 4287 3.61424 7.81307 0.145904
1035 4287 3.61462 7.81307 0.145896
1036 4287 3.6152 7.81307 0.145863
1037 4289 3.61542 7.81307 0.145872
1038 4289 3.61561 7.81307 0.145886
1039 4293 3.61661 7.81307 0.145908
1040 4293 3.61693 7.81307 0.145892
1041 4295 3.61686 7.81307 0.145905
1042 4298 3.61644 7.81307 0.145878
1043 4300 3.61644 7.81307 0.145871
1044 4301 3.61712 7.81307 0.145909
1045 4303 3.61689 7.81307 0.14586
1046 4304 3.61674 7.81307 0.145809
1047 4305 3.61706 7.81307 0.145795
1048 4306 3.61707 7.81307 0.145768
1049 4308 3.61749 7.81307 0.145741
1050 4310 3.61818 7.81307 0.145738
1051 4312 3.6179 7.81307 0.145711
1052 4314 3.61755 7.81307 0.145682
1053 4316 3.61715 7.81307 0.145681
1054 4317 3.61729 7.81307 0.145683
1055 4320 3.61694 7.81307 0.145643
1056 4323 3.61664 7.81307 0.145651
1057 4326 3.61745 7.81307 0.145651
1058 4326 3.61786 7.81307 0.145639
1059 4327 3.6183 7.81307 0.145627
1060 4329 3.61802 7.81307 0.145635
1061 4331 3.61789 7.81307 0.145596
1062 4335 3.61779 7.81307 0.145639
1063 4337 3.61779 7.81307 0.14559
1064 4338 3.6176 7.81307 0.145584
1065 4340 3.61772 7.81307 0.145576
1066 4341 3.61889 7.81307 0.14561
1067 4344 3.61848 7.81307 0.145604
1068 4346 3.61927 7.81307 0.145628
1069 4347 3.61961 7.81307 0.145613
1070 4348 3.61992 7.81307 0.145594
1071 4349 3.61993 7.81307 0.145588
1072 4351 3.61966 7.81307 0.145594
1073 4352 3.61989 7.81307 0.14555
1074 4354 3.61943 7.81307 0.145538
1075 4354 3.61957 7.81307 0.145511
1076 4356 3.61972 7.81307 0.145456
1077 4356 3.62018 7.81307 0.145473
1078 4357 3.6203 7.81307 0.145479
1079 4357 3.62058 7.81307 0.145475
1080 4358 3.62075 7.81307 0.145475
1081 4358 3.62103 7.81307 0.145473
1082 4358 3.62123 7.81307 0.145476
1083 4358 3.62149 7.81307 0.145476
1084 4360 3.62198 7.81307 0.145468
1085 4360 3.62244 7.81307 0.145497
1086 4362 3.62291 7.81307 0.145589
1087 4363 3.62303 7.81307 0.14559
1088 4364 3.62311 7.81307 0.145552
1089 4366 3.62417 7.81307 0.145545
1090 4367 3.62461 7.81307 0.145572
1091 4370 3.62436 7.81307 0.145565
1092 4371 3.62516 7.81307 0.145571
1093 4372 3.62484 7.81307 0.145569
1094 4373 3.62468 7.81307 0.145561
1095 4373 3.62486 7.81307 0.145588
1096 4374 3.62493 7.81307 0.145575
1097 4374 3.62548 7.81307 0.14555
1098 4375 3.62536 7.81307 0.145558
1099 4378 3.62495 7.81307 0.145549
1100 4378 3.62512 7.81307 0.145543
1101 4379 3.62527 7.81307 0.145522
1102 4380 3.62535 7.81307 0.145538
1103 4382 3.62509 7.81307 0.145578
1104 4382 3.62552 7.81307 0.145585
1105 4383 3.62587 7.81307 0.145552
1106 4385 3.62573 7.81307 0.145541
1107 4386 3.62591 7.81307 0.145562
1108 4386 3.62686 7.81307 0.145595
1109 4387 3.62692 7.81307 0.145584
1110 4390 3.62685 7.81307 0.145563
1111 4391 3.62662 7.81307 0.145566
1112 4393 3.6275 7.81307 0.145554
1113 4395 3.62686 7.81307 0.145558
1114 4395 3.62699 7.81307 0.145519
1115 4397 3.62727 7.81307 0.145518
1116 4397 3.62772 7.81307 0.145533
1117 4398 3.62791 7.81307 0.145506
1118 4400 3.62778 7.81307 0.14554
1119 4400 3.62808 7.81307 0.145562
1120 4401 3.62895 7.81307 0.145609
1121 4403 3.62927 7.81307 0.145587
1122 4404 3.62972 7.81307 0.145638
1123 4405 3.6295 7.81307 0.145654
1124 4406 3.62937 7.81307 0.145618
1125 4407 3.62966 7.81307 0.145636
1126 4409 3.62968 7.81307 0.145656
1127 4410 3.62993 7.81307 0.145674
1128 4412 3.63009 7.81307 0.145671
1129 4413 3.63015 7.81307 0.145676
1130 4413 3.63055 7.81307 0.14568
1131 4414 3.63103 7.81307 0.145679
1132 4416 3.63097 7.81307 0.145666
1133 4416 3.63129 7.81307 0.145697
1134 4416 3.63147 7.81307 0.145652
1135 4416 3.63163 7.81307 0.145653
1136 4416 3.63209 7.81307 0.145667
1137 4416 3.63236 7.81307 0.145643
1138 4417 3.63259 7.81307 0.145692
1139 4418 3.63266 7.81307 0.145624
1140 4418 3.63318 7.81307 0.145609
1141 4422 3.63276 7.81307 0.145633
1142 4424 3.63267 7.81307 0.145644
1143 4426 3.63254 7.81307 0.145617
1144 4428 3.63178 7.81307 0.145611
1145 4429 3.63198 7.81307 0.145608
1146 4430 3.63252 7.81307 0.145613
1147 4432 3.63201 7.81307 0.145635
1148 4436 3.63236 7.81307 0.145671
1149 4439 3.63163 7.81307 0.145708
1150 4439 3.63199 7.81307 0.145709
1151 4441 3.63183 7.81307 0.145703
1152 4443 3.63139 7.81307 0.145699
1153 4445 3.63098 7.81307 0.145694
1154 4447 3.63143 7.81307 0.145683
1155 4447 3.6318 7.81307 0.145685
1156 4447 3.63202 7.81307 0.145673
1157 4448 3.6324 7.81307 0.145661
1158 4450 3.63294 7.81307 0.145698
1159 4452 3.63387 7.81307 0.145708
1160 4454 3.63443 7.81307 0.145711
1161 4457 3.63446 7.81307 0.145725
1162 4458 3.63483 7.81307 0.145729
1163 4459 3.63501 7.81307 0.145724
1164 4463 3.63432 7.81307 0.145689
1165 4463 3.63486 7.81307 0.145651
1166 4466 3.63472 7.81307 0.145644
1167 4467 3.63501 7.81307 0.145632
1168 4467 3.63554 7.81307 0.145611
1169 4467 3.6362 7.81307 0.145641
1170 4470 3.6356 7.81307 0.14563
1171 4471 3.63591 7.81307 0.145633
1172 4471 3.63627 7.81307 0.145615
1173 4472 3.63682 7.81307 0.145613
1174 4472 3.63742 7.81307 0.145656
1175 4473 3.63761 7.81307 0.145605
1176 4474 3.63814 7.81307 0.145631
1177 4474 3.6392 7.81307 0.145634
1178 4477 3.63847 7.81307 0.145615
1179 4480 3.63821 7.81307 0.145615
1180 4483 3.63785 7.81307 0.145595
1181 4486 3.63783 7.81307 0.145594
1182 4487 3.63774 7.81307 0.145583
1183 4490 3.63739 7.81307 0.145577
1184 4493 3.63718 7.81307 0.145582
1185 4494 3.63753 7.81307 0.145594
1186 4497 3.63714 7.81307 0.145574
1187 4497 3.63753 7.81307 0.145593
1188 4497 3.63809 7.81307 0.145595
1189 4497 3.6392 7.81307 0.145641
1190 4499 3.63922 7.81307 0.1456
1191 4502 3.63866 7.81307 0.145584
1192 4504 3.63837 7.81307 0.145556
1193 4507 3.63822 7.81307 0.145522
1194 4507 3.6386 7.81307 0.14557
1195 4508 3.63888 7.81307 0.145566
1196 4508 3.63917 7.81307 0.145573
1197 4510 3.639 7.81307 0.14555
1198 4511 3.63906 7.81307 0.145538
1199 4511 3.64014 7.81307 0.145554
1200 4511 3.64079 7.81307 0.145563
1201 4511 3.64109 7.81307 0.145542
1202 4511 3.64138 7.81307 0.145518
1203 4512 3.64154 7.81307 0.145472
1204 4515 3.64143 7.81307 0.145491
1205 4515 3.64194 7.81307 0.145495
1206 4515 3.64227 7.81307 0.145549
1207 4516 3.64327 7.81307 0.145539
1208 4518 3.64331 7.81307 0.145477
1209 4519 3.64327 7.81307 0.145466
1210 4521 3.64381 7.81307 0.145477
1211 4521 3.6447 7.81307 0.145495
1212 4521 3.64516 7.81307 0.145493
1213 4522 3.64518 7.81307 0.145489
1214 4524 3.64555 7.81307 0.145476
1215 4525 3.64574 7.81307 0.145466
1216 4525 3.64596 7.81307 0.145466
1217 4525 3.64617 7.81307 0.145445
1218 4526 3.64666 7.81307 0.145437
1219 4527 3.6477 7.81307 0.145465
1220 4529 3.64727 7.81307 0.145508
1221 4529 3.64746 7.81307 0.145499
1222 4531 3.64691 7.81307 0.145488
1223 4533 3.64722 7.81307 0.145535
1224 4534 3.64753 7.81307 0.145505
1225 4537 3.6467 7.81307 0.145465
1226 4538 3.64687 7.81307 0.145476
1227 4539 3.64689 7.81307 0.145498
1228 4539 3.64745 7.81307 0.145482
1229 4541 3.64795 7.81307 0.145455
1230 4542 3.64816 7.81307 0.145467
1231 4543 3.64811 7.81307 0.145455
1232 4545 3.64781 7.81307 0.145469
1233 4546 3.64814 7.81307 0.145463
1234 4546 3.64859 7.81307 0.145447
1235 4548 3.64825 7.81307 0.145438
1236 4549 3.64812 7.81307 0.145428
1237 4550 3.64792 7.81307 0.145441
1238 4553 3.64805 7.81307 0.145382
1239 4554 3.6481 7.81307 0.145419
1240 4559 3.64738 7.81307 0.145462
1241 4560 3.64722 7.81307 0.145462
1242 4560 3.64765 7.81307 0.145489
1243 4561 3.6482 7.81307 0.145455
1244 4562 3.64845 7.81307 0.145452
1245 4562 3.64895 7.81307 0.14545
1246 4562 3.64896 7.81307 0.145452
1247 4563 3.64948 7.81307 0.145491
1248 4564 3.64962 7.81307 0.145502
1249 4564 3.6502 7.81307 0.145521
1250 4566 3.65008 7.81307 0.145491
1251 4568 3.64997 7.81307 0.145474
1252 4570 3.64957 7.81307 0.145477
1253 4570 3.65052 7.81307 0.145458
1254 4571 3.65039 7.81307 0.145481
1255 4571 3.65071 7.81307 0.145485
1256 4572 3.65144 7.81307 0.145441
1257 4574 3.65127 7.81307 0.145425
1258 4577 3.65191 7.81307 0.145413
1259 4577 3.65243 7.81307 0.145401
1260 4577 3.65294 7.81307 0.145407
1261 4578 3.65326 7.81307 0.145356
1262 4580 3.65374 7.81307 0.14534
1263 4581 3.65449 7.81307 0.145333
1264 4583 3.65399 7.81307 0.145278
1265 4583 3.65452 7.81307 0.145281
1266 4586 3.65386 7.81307 0.145244
1267 4588 3.65365 7.81307 0.145246
1268 4589 3.65342 7.81307 0.14525
1269 4589 3.65359 7.81307 0.145254
1270 4590 3.65346 7.81307 0.145252
1271 4592 3.65339 7.81307 0.145229
1272 4594 3.65298 7.81307 0.145243
1273 4594 3.65323 7.81307 0.145243
1274 4594 3.6534 7.81307 0.145229
1275 4598 3.65323 7.81307 0.145179
1276 4599 3.65325 7.81307 0.145188
1277 4600 3.65324 7.81307 0.145176
1278 4601 3.65324 7.81307 0.145187
1279 4605 3.65293 7.81307 0.145191
1280 4605 3.6532 7.81307 0.145178
1281 4606 3.65324 7.81307 0.145172
1282 4608 3.65284 7.81307 0.145161
1283 4609 3.65259 7.81307 0.145164
1284 4610 3.65231 7.81307 0.145176
1285 4610 3.65255 7.81307 0.145189
1286 4610 3.65304 7.81307 0.145199
1287 4610 3.65332 7.81307 0.145176
1288 4612 3.65319 7.81307 0.145193
1289 4613 3.65391 7.81307 0.145177
1290 4614 3.65422 7.81307 0.145177
1291 4614 3.65467 7.81307 0.145178
1292 4616 3.65495 7.81307 0.145205
1293 4617 3.65501 7.81307 0.145188
1294 4617 3.65573 7.81307 0.145209
1295 4618 3.65577 7.81307 0.1452
1296 4621 3.65561 7.81307 0.145177
1297 4626 3.65391 7.81307 0.145172
1298 4627 3.65478 7.81307 0.145185
1299 4627 3.65503 7.81307 0.14524
1300 4629 3.65497 7.81307 0.145232
1301 4630 3.65613 7.81307 0.145247
1302 4630 3.65631 7.81307 0.145283
1303 4632 3.65581 7.81307 0.145301
1304 4635 3.65558 7.81307 0.145292
1305 4635 3.6563 7.81307 0.145329
1306 4635 3.65652 7.81307 0.145354
1307 4637 3.65612 7.81307 0.145375
1308 4638 3.6559 7.81307 0.145379
1309 4640 3.65628 7.81307 0.145385
1310 4640 3.65673 7.81307 0.145336
1311 4642 3.6563 7.81307 0.145328
1312 4642 3.6567 7.81307 0.145298
1313 4642 3.65715 7.81307 0.145324
1314 4646 3.65586 7.81307 0.145284
1315 4648 3.65573 7.81307 0.145272
1316 4649 3.65649 7.81307 0.145254
1317 4652 3.65611 7.81307 0.145247
1318 4653 3.65604 7.81307 0.145252
1319 4654 3.6563 7.81307 0.145223
1320 4656 3.65654 7.81307 0.145229
1321 4658 3.65652 7.81307 0.145197
1322 4658 3.65721 7.81307 0.145205
1323 4659 3.65728 7.81307 0.145217
1324 4660 3.65722 7.81307 0.145185
1325 4660 3.65832 7.81307 0.145117
1326 4660 3.65869 7.81307 0.145108
1327 4661 3.65835 7.81307 0.145074
1328 4662 3.65852 7.81307 0.145047
1329 4662 3.65884 7.81307 0.145048
1330 4663 3.65915 7.81307 0.145069
1331 4664 3.65889 7.81307 0.145063
1332 4664 3.65956 7.81307 0.145062
1333 4665 3.65971 7.81307 0.145065
1334 4666 3.66026 7.81307 0.14508
1335 4666 3.66063 7.81307 0.145094
1336 4666 3.66143 7.81307 0.145107
1337 4668 3.66178 7.81307 0.145122
1338 4668 3.66207 7.81307 0.145111
1339 4668 3.66263 7.81307 0.145141
1340 4672 3.66191 7.81307 0.145113
1341 4674 3.66159 7.81307 0.145114
1342 4674 3.66216 7.81307 0.145107
1343 4674 3.66231 7.81307 0.145099
1344 4676 3.66217 7.81307 0.14508
1345 4677 3.66242 7.81307 0.145108
1346 4677 3.6627 7.81307 0.145129
1347 4679 3.66223 7.81307 0.145119
1348 4681 3.66211 7.81307 0.145091
1349 4684 3.66202 7.81307 0.145077
1350 4684 3.66244 7.81307 0.145088
1351 4685 3.6625 7.81307 0.145099
1352 4686 3.66224 7.81307 0.145094
1353 4687 3.66212 7.81307 0.145134
1354 4689 3.66186 7.81307 0.145123
1355 4689 3.66191 7.81307 0.145124
1356 4689 3.66246 7.81307 0.145118
1357 4689 3.6627 7.81307 0.145131
1358 4690 3.66231 7.81307 0.145113
1359 4691 3.6624 7.81307 0.145042
1360 4692 3.66268 7.81307 0.145028
1361 4693 3.6628 7.81307 0.144979
1362 4694 3.66272 7.81307 0.145007
1363 4695 3.66259 7.81307 0.145
1364 4696 3.66263 7.81307 0.144977
1365 4697 3.66273 7.81307 0.14499
1366 4697 3.66284 7.81307 0.144984
1367 4698 3.66283 7.81307 0.144967
1368 4698 3.66332 7.81307 0.144968
1369 4700 3.663 7.81307 0.145005
1370 4701 3.66265 7.81307 0.144992
1371 4702 3.66314 7.81307 0.144948
1372 4704 3.66297 7.81307 0.144951
1373 4705 3.66316 7.81307 0.144981
1374 4705 3.66329 7.81307 0.145
1375 4706 3.66346 7.81307 0.144996
1376 4707 3.66348 7.81307 0.145021
1377 4707 3.66364 7.81307 0.14502
1378 4710 3.66328 7.81307 0.145022
1379 4712 3.6638 7.81307 0.145032
1380 4712 3.66389 7.81307 0.145035
1381 4712 3.66396 7.81307 0.14505
1382 4712 3.66431 7.81307 0.145011
1383 4713 3.66481 7.81307 0.145062
1384 4716 3.66486 7.81307 0.145059
1385 4716 3.66508 7.81307 0.145074
1386 4717 3.66519 7.81307 0.145031
1387 4717 3.66557 7.81307 0.145036
1388 4718 3.66546 7.81307 0.14502
1389 4719 3.6654 7.81307 0.145003
1390 4721 3.6651 7.81307 0.144989
1391 4722 3.66534 7.81307 0.145009
1392 4722 3.66569 7.81307 0.145032
1393 4723 3.66637 7.81307 0.145025
1394 4723 3.667 7.81307 0.145008
1395 4723 3.66735 7.81307 0.145017
1396 4724 3.66734 7.81307 0.145007
1397 4725 3.66823 7.81307 0.145014
1398 4726 3.66828 7.81307 0.145
1399 4728 3.66869 7.81307 0.14498
1400 4728 3.66879 7.81307 0.144995
1401 4728 3.66923 7.81307 0.145017
1402 4728 3.66954 7.81307 0.145009
1403 4728 3.67026 7.81307 0.145032
1404 4728 3.67059 7.81307 0.145008
1405 4728 3.67078 7.81307 0.144985
1406 4730 3.67094 7.81307 0.144949
1407 4731 3.67092 7.81307 0.144938
1408 4732 3.67103 7.81307 0.144909
1409 4733 3.67086 7.81307 0.14493
1410 4734 3.67125 7.81307 0.144905
1411 4734 3.67148 7.81307 0.144913
1412 4734 3.6716 7.81307 0.144913
1413 4735 3.67144 7.81307 0.144946
1414 4735 3.67189 7.81307 0.144906
1415 4735 3.67226 7.81307 0.144928
1416 4736 3.67242 7.81307 0.144921
1417 4738 3.67215 7.81307 0.144934
1418 4740 3.67194 7.81307 0.144947
1419 4740 3.67222 7.81307 0.144934
1420 4740 3.67234 7.81307 0.144907
1421 4740 3.67323 7.81307 0.144883
1422 4742 3.6739 7.81307 0.1449
1423 4742 3.67448 7.81307 0.144906
1424 4743 3.67428 7.81307 0.14491
1425 4743 3.67463 7.81307 0.14491
1426 4743 3.67497 7.81307 0.144924
1427 4744 3.67522 7.81307 0.144946
1428 4744 3.67536 7.81307 0.144903
1429 4749 3.67468 7.81307 0.144935
1430 4750 3.67446 7.81307 0.144954
1431 4751 3.67446 7.81307 0.144946
1432 4753 3.67521 7.81307 0.144933
1433 4753 3.67533 7.81307 0.144934
1434 4754 3.67525 7.81307 0.144916
1435 4755 3.67508 7.81307 0.144916
1436 4755 3.6756 7.81307 0.144913
1437 4755 3.6761 7.81307 0.144947
1438 4755 3.67654 7.81307 0.144962
1439 4756 3.67639 7.81307 0.144938
1440 4756 3.67667 7.81307 0.144927
1441 4757 3.6772 7.81307 0.144903
1442 4757 3.67758 7.81307 0.144906
1443 4758 3.6785 7.81307 0.14492
1444 4759 3.67882 7.81307 0.144885
1445 4759 3.67888 7.81307 0.14489
1446 4762 3.67813 7.81307 0.144896
1447 4762 3.67825 7.81307 0.144865
1448 4763 3.6788 7.81307 0.14486
1449 4764 3.67932 7.81307 0.144842
1450 4765 3.67905 7.81307 0.144807
1451 4765 3.6793 7.81307 0.144788
1452 4767 3.67943 7.81307 0.144743
1453 4767 3.67942 7.81307 0.144729
1454 4769 3.67911 7.81307 0.144721
1455 4770 3.67914 7.81307 0.144718
1456 4772 3.67865 7.81307 0.144718
1457 4774 3.67807 7.81307 0.144741
1458 4774 3.67834 7.81307 0.144704
1459 4774 3.67858 7.81307 0.14468
1460 4774 3.67894 7.81307 0.144672
1461 4776 3.67879 7.81307 0.144685
1462 4777 3.67883 7.81307 0.144684
1463 4778 3.67874 7.81307 0.144638
1464 4780 3.67866 7.81307 0.144646
1465 4781 3.67905 7.81307 0.144645
1466 4782 3.67901 7.81307 0.144629
1467 4782 3.67942 7.81307 0.144609
1468 4783 3.67938 7.81307 0.144584
1469 4783 3.67981 7.81307 0.144581
1470 4783 3.68031 7.81307 0.144552
1471 4783 3.68046 7.81307 0.144543
1472 4783 3.68068 7.81307 0.14453
1473 4785 3.68059 7.81307 0.144512
1474 4787 3.68088 7.81307 0.14456
1475 4791 3.68069 7.81307 0.14459
1476 4791 3.681 7.81307 0.1446
1477 4791 3.68114 7.81307 0.14457
1478 4792 3.68112 7.81307 0.144597
1479 4793 3.68129 7.81307 0.144587
1480 4794 3.6813 7.81307 0.144581
1481 4795 3.68166 7.81307 0.144602
1482 4796 3.68228 7.81307 0.144589
1483 4798 3.68174 7.81307 0.144577
1484 4799 3.6817 7.81307 0.144598
1485 4799 3.68202 7.81307 0.144595
1486 4800 3.68226 7.81307 0.144586
1487 4800 3.68272 7.81307 0.144581
1488 4802 3.68257 7.81307 0.144572
1489 4804 3.68208 7.81307 0.144586
1490 4804 3.68241 7.81307 0.144588
1491 4805 3.68274 7.81307 0.144561
1492 4807 3.6826 7.81307 0.144547
1493 4807 3.68281 7.81307 0.144535
1494 4808 3.6827 7.81307 0.144543
1495 4810 3.68252 7.81307 0.144538
1496 4812 3.68188 7.81307 0.144576
1497 4814 3.68155 7.81307 0.144572
1498 4815 3.68145 7.81307 0.144584
1499 4815 3.68256 7.81307 0.144582
1500 4817 3.68253 7.81307 0.144598
1501 4821 3.68157 7.81307 0.144585
1502 4821 3.68182 7.81307 0.1446
1503 4821 3.68206 7.81307 0.144593
1504 4822 3.68272 7.81307 0.144548
1505 4824 3.68203 7.81307 0.144559
1506 4824 3.68229 7.81307 0.144523
1507 4824 3.68245 7.81307 0.144514
1508 4825 3.68218 7.81307 0.144496
1509 4826 3.6823 7.81307 0.144506
1510 4826 3.68256 7.81307 0.144485
1511 4826 3.6829 7.81307 0.144503
1512 4827 3.68284 7.81307 0.144489
1513 4828 3.6828 7.81307 0.144498
1514 4829 3.68267 7.81307 0.14448
1515 4829 3.68324 7.81307 0.144464
1516 4830 3.68314 7.81307 0.144475
1517 4830 3.68355 7.81307 0.144436
1518 4830 3.6838 7.81307 0.144433
1519 4831 3.68397 7.81307 0.144419
1520 4831 3.6842 7.81307 0.144406
1521 4833 3.68473 7.81307 0.144411
1522 4834 3.68473 7.81307 0.144434
1523 4834 3.68538 7.81307 0.144409
1524 4836 3.68528 7.81307 0.144396
1525 4836 3.68537 7.81307 0.144411
1526 4837 3.68529 7.81307 0.144459
1527 4837 3.68547 7.81307 0.144448
1528 4837 3.6858 7.81307 0.144429
1529 4837 3.68593 7.81307 0.144417
1530 4838 3.68593 7.81307 0.144412
1531 4838 3.68632 7.81307 0.144415
1532 4838 3.68672 7.81307 0.144454
1533 4839 3.68692 7.81307 0.144449
1534 4841 3.68693 7.81307 0.144461
1535 4841 3.68728 7.81307 0.144454
1536 4842 3.68737 7.81307 0.144412
1537 4844 3.68737 7.81307 0.144431
1538 4845 3.68781 7.81307 0.144417
1539 4845 3.68794 7.81307 0.14441
1540 4846 3.68774 7.81307 0.144399
1541 4846 3.68812 7.81307 0.144385
1542 4846 3.68822 7.81307 0.144384
1543 4848 3.68866 7.81307 0.144379
1544 4849 3.6888 7.81307 0.144397
1545 4851 3.68888 7.81307 0.144402
1546 4853 3.68859 7.81307 0.144387
1547 4853 3.68876 7.81307 0.144377
1548 4853 3.68919 7.81307 0.144438
1549 4853 3.6894 7.81307 0.144429
1550 4854 3.68957 7.81307 0.144452
1551 4857 3.68883 7.81307 0.144433
1552 4857 3.68889 7.81307 0.144424
1553 4858 3.68916 7.81307 0.144405
1554 4858 3.68942 7.81307 0.144398
1555 4861 3.68831 7.81307 0.144404
1556 4861 3.68875 7.81307 0.144427
1557 4863 3.68929 7.81307 0.144427
1558 4865 3.68948 7.81307 0.144447
1559 4866 3.68954 7.81307 0.144429
1560 4868 3.68933 7.81307 0.144447
1561 4869 3.68929 7.81307 0.144458
1562 4872 3.68905 7.81307 0.14447
1563 4873 3.6889 7.81307 0.144446
1564 4875 3.68969 7.81307 0.144444
1565 4876 3.68971 7.81307 0.144436
1566 4877 3.68976 7.81307 0.144438
1567 4877 3.68999 7.81307 0.144458
1568 4878 3.68955 7.81307 0.144476
1569 4878 3.68996 7.81307 0.144436
1570 4879 3.69015 7.81307 0.144416
1571 4880 3.69016 7.81307 0.144385
1572 4881 3.68986 7.81307 0.144389
1573 4884 3.68989 7.81307 0.144348
1574 4884 3.69019 7.81307 0.144337
1575 4884 3.69068 7.81307 0.144345
1576 4884 3.69107 7.81307 0.144335
1577 4884 3.69162 7.81307 0.144334
1578 4887 3.69074 7.81307 0.144324
1579 4889 3.69077 7.81307 0.144327
1580 4889 3.69116 7.81307 0.144326
1581 4889 3.69151 7.81307 0.14432
1582 4889 3.69176 7.81307 0.144292
1583 4889 3.69186 7.81307 0.14428
1584 4889 3.6923 7.81307 0.144282
1585 4891 3.69237 7.81307 0.144201
1586 4892 3.69254 7.81307 0.1442
1587 4892 3.69261 7.81307 0.144209
1588 4893 3.6927 7.81307 0.144216
1589 4894 3.69277 7.81307 0.144206
1590 4896 3.69272 7.81307 0.14417
1591 4896 3.69338 7.81307 0.144136
1592 4896 3.69339 7.81307 0.144136
1593 4898 3.69449 7.81307 0.144181
1594 4898 3.69458 7.81307 0.144161
1595 4898 3.69502 7.81307 0.144138
1596 4898 3.69525 7.81307 0.144118
1597 4898 3.69569 7.81307 0.144095
1598 4898 3.69625 7.81307 0.14408
1599 4899 3.69618 7.81307 0.144103
1600 4901 3.6962 7.81307 0.144055
1601 4901 3.69635 7.81307 0.144054
1602 4903 3.69621 7.81307 0.144044
1603 4903 3.69634 7.81307 0.143992
1604 4903 3.69653 7.81307 0.143984
1605 4903 3.69662 7.81307 0.143991
1606 4904 3.69712 7.81307 0.144027
1607 4904 3.69747 7.81307 0.14398
1608 4905 3.69761 7.81307 0.144012
1609 4906 3.69764 7.81307 0.144013
1610 4908 3.69724 7.81307 0.144002
1611 4908 3.69742 7.81307 0.143981
1612 4909 3.69735 7.81307 0.144018
1613 4911 3.69785 7.81307 0.144029
1614 4911 3.69808 7.81307 0.144006
1615 4911 3.69884 7.81307 0.143976
1616 4911 3.69909 7.81307 0.143977
1617 4912 3.69946 7.81307 0.143997
1618 4913 3.69933 7.81307 0.14399
1619 4913 3.69963 7.81307 0.144002
1620 4913 3.69976 7.81307 0.143987
1621 4914 3.70011 7.81307 0.144003
1622 4915 3.70065 7.81307 0.144043
1623 4916 3.70124 7.81307 0.144045
1624 4917 3.70118 7.81307 0.144017
1625 4920 3.70145 7.81307 0.14399
1626 4920 3.70154 7.81307 0.143987
1627 4921 3.70146 7.81307 0.143972
1628 4922 3.70158 7.81307 0.14395
1629 4923 3.70187 7.81307 0.143937
1630 4924 3.70155 7.81307 0.143932
1631 4926 3.70166 7.81307 0.143917
1632 4926 3.70189 7.81307 0.143911
1633 4926 3.70237 7.81307 0.143928
1634 4928 3.70213 7.81307 0.143906
1635 4931 3.70202 7.81307 0.143922
1636 4931 3.70236 7.81307 0.143948
1637 4931 3.70261 7.81307 0.143923
1638 4932 3.70249 7.81307 0.14393
1639 4932 3.70305 7.81307 0.14395
1640 4933 3.70335 7.81307 0.143942
1641 4935 3.7035 7.81307 0.143947
1642 4936 3.70366 7.81307 0.143944
1643 4937 3.70372 7.81307 0.143943
1644 4937 3.70401 7.81307 0.143929
1645 4938 3.70421 7.81307 0.143925
1646 4938 3.70459 7.81307 0.143948
1647 4938 3.7047 7.81307 0.143954
1648 4938 3.70496 7.81307 0.143941
1649 4940 3.70442 7.81307 0.143954
1650 4942 3.70413 7.81307 0.143931
1651 4943 3.70407 7.81307 0.143913
1652 4944 3.70453 7.81307 0.143884
1653 4945 3.70463 7.81307 0.143871
1654 4946 3.70491 7.81307 0.143868
1655 4947 3.70541 7.81307 0.143873
1656 4949 3.70473 7.81307 0.143867
1657 4949 3.70491 7.81307 0.143884
1658 4949 3.70498 7.81307 0.143848
1659 4950 3.70571 7.81307 0.143875
1660 4950 3.70605 7.81307 0.143845
1661 4951 3.7063 7.81307 0.143843
1662 4951 3.70664 7.81307 0.143871
1663 4952 3.70668 7.81307 0.143887
1664 4955 3.70634 7.81307 0.143886
1665 4957 3.70609 7.81307 0.143871
1666 4959 3.7056 7.81307 0.143833
1667 4961 3.70526 7.81307 0.143847
1668 4961 3.70588 7.81307 0.143856
1669 4962 3.70598 7.81307 0.143845
1670 4962 3.70635 7.81307 0.143844
1671 4962 3.70683 7.81307 0.143816
1672 4964 3.70671 7.81307 0.143798
1673 4965 3.70723 7.81307 0.143812
1674 4965 3.70783 7.81307 0.143807
1675 4965 3.70808 7.81307 0.14381
1676 4966 3.70855 7.81307 0.143785
1677 4967 3.70877 7.81307 0.143774
1678 4968 3.70877 7.81307 0.143755
1679 4972 3.70786 7.81307 0.143739
1680 4973 3.70786 7.81307 0.143755
1681 4973 3.70806 7.81307 0.143761
1682 4973 3.70812 7.81307 0.143763
1683 4974 3.7083 7.81307 0.143806
1684 4975 3.70853 7.81307 0.143777
1685 4977 3.70862 7.81307 0.143807
1686 4978 3.70861 7.81307 0.143797
1687 4978 3.70875 7.81307 0.143786
1688 4978 3.70909 7.81307 0.143796
1689 4981 3.70857 7.81307 0.143788
1690 4982 3.70837 7.81307 0.143773
1691 4982 3.7087 7.81307 0.143772
1692 4985 3.70847 7.81307 0.143779
1693 4986 3.70864 7.81307 0.143742
1694 4986 3.7088 7.81307 0.143762
1695 4986 3.7091 7.81307 0.143778
1696 4988 3.70944 7.81307 0.143782
1697 4990 3.70961 7.81307 0.14378
1698 4990 3.71001 7.81307 0.143779
1699 4990 3.71005 7.81307 0.143774
1700 4990 3.71015 7.81307 0.143774
1701 4992 3.70955 7.81307 0.143756
1702 4992 3.71003 7.81307 0.143728
1703 4992 3.7102 7.81307 0.143706
1704 4993 3.71012 7.81307 0.143651
1705 4995 3.70997 7.81307 0.143636
1706 4995 3.71046 7.81307 0.143609
1707 4995 3.71059 7.81307 0.143618
1708 4995 3.711 7.81307 0.143611
1709 4997 3.71103 7.81307 0.14359
1710 4998 3.71085 7.81307 0.143584
1711 4998 3.71104 7.81307 0.14357
1712 4999 3.71095 7.81307 0.143565
1713 5000 3.71136 7.81307 0.143565
1714 5000 3.71172 7.81307 0.143552
1715 5000 3.71205 7.81307 0.143534
1716 5003 3.71263 7.81307 0.143532
1717 5003 3.71284 7.81307 0.143536
1718 5003 3.71312 7.81307 0.143544
1719 5003 3.71345 7.81307 0.143568
1720 5003 3.71355 7.81307 0.143569
1721 5004 3.71384 7.81307 0.143579
1722 5004 3.71428 7.81307 0.143578
1723 5004 3.71484 7.81307 0.143593
1724 5005 3.71491 7.81307 0.143591
1725 5005 3.71537 7.81307 0.143561
1726 5005 3.7156 7.81307 0.143543
1727 5006 3.71559 7.81307 0.143534
1728 5007 3.71621 7.81307 0.14356
1729 5008 3.71639 7.81307 0.143537
1730 5009 3.71626 7.81307 0.143534
1731 5010 3.71625 7.81307 0.143535
1732 5013 3.71551 7.81307 0.143528
1733 5015 3.71558 7.81307 0.143528
1734 5015 3.71575 7.81307 0.143547
1735 5017 3.71589 7.81307 0.14351
1736 5018 3.71635 7.81307 0.143496
1737 5018 3.7164 7.81307 0.143503
1738 5018 3.71669 7.81307 0.143493
1739 5019 3.7168 7.81307 0.143502
1740 5019 3.71703 8.02549 0.143523
1741 5019 3.71716 8.02549 0.143522
1742 5021 3.71703 8.02549 0.143501
1743 5022 3.71763 8.02549 0.143507
1744 5022 3.71802 8.02549 0.143524
1745 5023 3.7184 8.02549 0.143579
1746 5024 3.71841 8.02549 0.143597
1747 5025 3.7186 8.02549 0.143592
1748 5025 3.71901 8.02549 0.143551
1749 5026 3.71905 8.02549 0.143538
1750 5027 3.71921 8.02549 0.143549
1751 5027 3.71949 8.02549 0.143569
1752 5029 3.71979 8.02549 0.143564
1753 5029 3.71994 8.02549 0.143593
1754 5029 3.72036 8.02549 0.143605
1755 5029 3.72126 8.02549 0.143609
1756 5029 3.72167 8.02549 0.143619
1757 5030 3.72165 8.02549 0.143603
1758 5031 3.72167 8.02549 0.143612
1759 5031 3.72186 8.02549 0.143634
1760 5031 3.72191 8.02549 0.143637
1761 5032 3.72195 8.02549 0.143614
1762 5033 3.72244 8.02549 0.143588
1763 5034 3.72258 8.02549 0.143609
1764 5035 3.72286 8.02549 0.143575
1765 5036 3.72302 8.02549 0.143575
1766 5037 3.72304 8.02549 0.143555
1767 5037 3.72345 8.02549 0.143576
1768 5038 3.72343 8.02549 0.143586
1769 5040 3.72354 8.02549 0.143581
1770 5040 3.72385 8.02549 0.143551
1771 5040 3.72411 8.02549 0.143541
1772 5041 3.72414 8.02549 0.143537
1773 5043 3.72455 8.02549 0.143535
1774 5044 3.72458 8.02549 0.143532
1775 5044 3.72484 8.02549 0.143544
1776 5045 3.7253 8.02549 0.143551
1777 5046 3.72525 8.02549 0.143507
1778 5046 3.7257 8.02549 0.1435
1779 5046 3.72586 8.02549 0.143504
1780 5047 3.72575 8.02549 0.143496
1781 5048 3.72572 8.02549 0.143489
1782 5048 3.7261 8.02549 0.143505
1783 5049 3.72609 8.02549 0.143517
1784 5050 3.726 8.02549 0.143488
1785 5051 3.72631 8.02549 0.143493
1786 5051 3.72637 8.02549 0.143486
1787 5052 3.72625 8.02549 0.143488
1788 5053 3.72677 8.02549 0.143446
1789 5053 3.72695 8.02549 0.143456
1790 5053 3.72733 8.02549 0.143458
1791 5054 3.72762 8.02549 0.143447
1792 5054 3.72845 8.02549 0.14343
1793 5054 3.72862 8.02549 0.143427
1794 5054 3.72886 8.02549 0.143439
1795 5057 3.72826 8.02549 0.143496
1796 5057 3.72852 8.02549 0.143506
1797 5058 3.72874 8.02549 0.143544
1798 5058 3.72911 8.02549 0.143529
1799 5059 3.72907 8.02549 0.143526
1800 5059 3.72944 8.02549 0.143536
1801 5060 3.72947 8.02549 0.143517
1802 5062 3.7303 8.02549 0.143517
1803 5062 3.73065 8.02549 0.143547
1804 5064 3.73016 8.02549 0.143603
1805 5064 3.7304 8.02549 0.143625
1806 5066 3.73102 8.02549 0.143634
1807 5067 3.731 8.02549 0.143616
1808 5069 3.73072 8.02549 0.143633
1809 5069 3.73083 8.02549 0.143636
1810 5069 3.73113 8.02549 0.143625
1811 5071 3.73147 8.02549 0.143618
1812 5071 3.73147 8.02549 0.143625
1813 5073 3.73092 8.02549 0.14358
1814 5074 3.73081 8.02549 0.143599
1815 5077 3.73099 8.02549 0.143594
1816 5078 3.73095 8.02549 0.143565
1817 5079 3.73125 8.02549 0.143555
1818 5081 3.73089 8.02549 0.143551
1819 5081 3.73092 8.02549 0.143546
1820 5082 3.73083 8.02549 0.143556
1821 5084 3.73113 8.02549 0.143572
1822 5086 3.73041 8.02549 0.143595
1823 5086 3.73063 8.02549 0.143591
1824 5086 3.73083 8.02549 0.143581
1825 5087 3.73081 8.02549 0.143561
1826 5088 3.73178 8.02549 0.143579
1827 5090 3.7315 8.02549 0.143585
1828 5090 3.73165 8.02549 0.143575
1829 5091 3.73152 8.02549 0.143562
1830 5091 3.73184 8.02549 0.143543
1831 5092 3.73174 8.02549 0.143544
1832 5093 3.73157 8.02549 0.143526
1833 5095 3.73121 8.02549 0.143524
1834 5095 3.73144 8.02549 0.143521
1835 5095 3.73153 8.02549 0.143507
1836 5095 3.73169 8.02549 0.143515
1837 5096 3.7319 8.02549 0.143536
1838 5096 3.73214 8.02549 0.143543
1839 5096 3.73231 8.02549 0.14353
1840 5100 3.73208 8.02549 0.143513
1841 5101 3.73187 8.02549 0.143499
1842 5101 3.73214 8.02549 0.143488
1843 5103 3.73168 8.02549 0.143496
1844 5104 3.73171 8.02549 0.143479
1845 5106 3.73136 8.02549 0.143478
1846 5106 3.73179 8.02549 0.143505
1847 5106 3.73194 8.02549 0.143487
1848 5107 3.73201 8.02549 0.143497
1849 5108 3.73222 8.02549 0.143499
1850 5108 3.73277 8.02549 0.143506
1851 5108 3.73291 8.02549 0.143494
1852 5109 3.73281 8.02549 0.143467
1853 5110 3.73279 8.02549 0.143447
1854 5111 3.73314 8.02549 0.143423
1855 5112 3.73279 8.02549 0.14341
1856 5113 3.7333 8.02549 0.14344
1857 5113 3.73353 8.02549 0.143446
1858 5114 3.73356 8.02549 0.143419
1859 5114 3.7338 8.02549 0.143398
1860 5115 3.73399 8.02549 0.143431
1861 5116 3.73402 8.02549 0.143448
1862 5118 3.73351 8.02549 0.143469
1863 5120 3.73392 8.02549 0.143466
1864 5121 3.7342 8.02549 0.143499
1865 5121 3.73437 8.02549 0.143486
1866 5121 3.73468 8.02549 0.143485
1867 5121 3.73494 8.02549 0.143495
1868 5121 3.73542 8.02549 0.143482
1869 5121 3.73558 8.02549 0.143483
1870 5122 3.73523 8.02549 0.143475
1871 5122 3.73535 8.02549 0.143463
1872 5124 3.73535 8.02549 0.143439
1873 5124 3.73556 8.02549 0.143421
1874 5124 3.73583 8.02549 0.14343
1875 5125 3.73586 8.02549 0.143428
1876 5125 3.736 8.02549 0.143434
1877 5125 3.73612 8.02549 0.143424
1878 5126 3.73612 8.02549 0.143406
1879 5127 3.73593 8.02549 0.143371
1880 5130 3.7354 8.02549 0.143347
1881 5131 3.73509 8.02549 0.143349
1882 5131 3.73524 8.02549 0.143326
1883 5132 3.73547 8.02549 0.143298
1884 5133 3.7355 8.02549 0.143311
1885 5134 3.73556 8.02549 0.143321
1886 5134 3.73566 8.02549 0.143308
1887 5135 3.73584 8.02549 0.143292
1888 5136 3.73572 8.02549 0.143254
1889 5136 3.73592 8.02549 0.143243
1890 5137 3.73592 8.02549 0.143222
1891 5137 3.736 8.02549 0.143225
1892 5137 3.7363 8.02549 0.143244
1893 5139 3.7362 8.02549 0.143175
1894 5139 3.7363 8.02549 0.143175
1895 5139 3.73659 8.02549 0.143187
1896 5140 3.73621 8.02549 0.143181
1897 5140 3.73658 8.02549 0.143177
1898 5140 3.73685 8.02549 0.143174
1899 5144 3.73624 8.02549 0.143196
1900 5146 3.73641 8.02549 0.14321
1901 5146 3.73707 8.02549 0.143207
1902 5146 3.73713 8.02549 0.143202
1903 5147 3.73702 8.02549 0.143201
1904 5148 3.73713 8.02549 0.143183
1905 5148 3.7374 8.02549 0.143153
1906 5149 3.73757 8.02549 0.143153
1907 5150 3.73832 8.02549 0.143103
1908 5151 3.73813 8.02549 0.143116
1909 5151 3.73826 8.02549 0.143126
1910 5152 3.73814 8.02549 0.14314
1911 5152 3.73831 8.02549 0.14315
1912 5153 3.73842 8.02549 0.143146
1913 5153 3.7385 8.02549 0.143146
1914 5154 3.7386 8.02549 0.14317
1915 5154 3.73914 8.02549 0.143152
1916 5154 3.73932 8.02549 0.143167
1917 5155 3.73953 8.02549 0.143173
1918 5156 3.7396 8.02549 0.143163
1919 5156 3.73978 8.02549 0.143155
1920 5156 3.74002 8.02549 0.143192
1921 5156 3.74015 8.02549 0.143203
1922 5156 3.74072 8.02549 0.143229
1923 5158 3.74065 8.02549 0.143241
1924 5158 3.74138 8.02549 0.143228
1925 5158 3.74189 8.02549 0.143257
1926 5158 3.7421 8.02549 0.143271
1927 5160 3.74242 8.02549 0.143267
1928 5162 3.74231 8.02549 0.143251
1929 5162 3.74241 8.02549 0.143255
1930 5163 3.7423 8.02549 0.143241
1931 5163 3.74246 8.02549 0.143241
1932 5163 3.74279 8.02549 0.143272
1933 5163 3.74329 8.02549 0.143276
1934 5163 3.74364 8.02549 0.143272
1935 5165 3.74368 8.02549 0.143272
1936 5165 3.74398 8.02549 0.143288
1937 5165 3.74407 8.02549 0.14327
1938 5166 3.74427 8.02549 0.143262
1939 5166 3.74453 8.02549 0.143308
1940 5166 3.7448 8.02549 0.143315
1941 5166 3.74501 8.02549 0.143337
1942 5167 3.74503 8.02549 0.143334
1943 5168 3.74499 8.02549 0.143337
1944 5168 3.74522 8.02549 0.143312
1945 5168 3.74564 8.02549 0.143285
1946 5170 3.74622 8.02549 0.143276
1947 5171 3.74658 8.02549 0.143308
1948 5171 3.74661 8.02549 0.143296
1949 5171 3.74692 8.02549 0.143284
1950 5171 3.7476 8.02549 0.143312
1951 5172 3.74818 8.02549 0.143321
1952 5173 3.74835 8.02549 0.143319
1953 5173 3.74846 8.02549 0.143332
1954 5174 3.74829 8.02549 0.143301
1955 5174 3.74848 8.02549 0.143289
1956 5175 3.74839 8.02549 0.143326
1957 5175 3.74849 8.02549 0.143312
1958 5176 3.74858 8.02549 0.143263
1959 5177 3.74843 8.02549 0.143238
1960 5178 3.74871 8.02549 0.143222
1961 5178 3.74892 8.02549 0.143226
1962 5178 3.74916 8.02549 0.143223
1963 5179 3.7493 8.02549 0.143214
1964 5179 3.74955 8.02549 0.143227
1965 5180 3.74954 8.02549 0.14323
1966 5181 3.74938 8.02549 0.143217
1967 5181 3.74961 8.02549 0.143217
1968 5181 3.74981 8.02549 0.143205
1969 5182 3.74966 8.02549 0.143201
1970 5182 3.74971 8.02549 0.143184
1971 5183 3.74961 8.02549 0.143125
1972 5184 3.74927 8.02549 0.143108
1973 5186 3.74899 8.02549 0.143086
1974 5186 3.74925 8.02549 0.143082
1975 5186 3.74932 8.02549 0.143068
1976 5186 3.75029 8.02549 0.143054
1977 5187 3.75028 8.02549 0.143075
1978 5187 3.75039 8.02549 0.143054
1979 5189 3.75032 8.02549 0.143059
1980 5190 3.75049 8.02549 0.143075
1981 5190 3.75106 8.02549 0.143043
1982 5190 3.75118 8.02549 0.143081
1983 5193 3.75066 8.02549 0.143103
1984 5193 3.75092 8.02549 0.143101
1985 5193 3.75116 8.02549 0.143087
1986 5194 3.75113 8.02549 0.143072
1987 5194 3.75123 8.02549 0.143082
1988 5195 3.75111 8.02549 0.14308
1989 5196 3.75122 8.02549 0.14308
1990 5196 3.75142 8.02549 0.143082
1991 5198 3.75076 8.02549 0.143072
1992 5198 3.75127 8.02549 0.143053
1993 5198 3.75139 8.02549 0.143044
1994 5198 3.75147 8.02549 0.143042
1995 5199 3.75188 8.02549 0.14304
1996 5199 3.75202 8.02549 0.143018
1997 5199 3.75235 8.02549 0.143018
1998 5199 3.75246 8.02549 0.14302
1999 5201 3.75259 8.02549 0.142997
2000 5201 3.75305 8.02549 0.142967
2001 5201 3.75316 8.02549 0.14296
2002 5201 3.75338 8.02549 0.142961
2003 5201 3.75371 8.02549 0.142952
2004 5202 3.75411 8.02549 0.14293
2005 5203 3.75441 8.02549 0.142903
2006 5203 3.75447 8.02549 0.142895
2007 5204 3.75487 8.02549 0.142894
2008 5206 3.75487 8.02549 0.14288
2009 5206 3.75517 8.02549 0.142855
2010 5206 3.7555 8.02549 0.14286
2011 5206 3.75567 8.02549 0.142851
2012 5206 3.756 8.02549 0.142859
2013 5207 3.75597 8.02549 0.142855
2014 5208 3.75632 8.02549 0.142861
2015 5208 3.75677 8.02549 0.142884
2016 5208 3.75719 8.02549 0.142868
2017 5210 3.75779 8.02549 0.142844
2018 5210 3.75795 8.02549 0.142827
2019 5211 3.75807 8.02549 0.1428
2020 5212 3.75828 8.02549 0.142819
2021 5212 3.75849 8.02549 0.142805
2022 5213 3.75831 8.02549 0.142813
2023 5215 3.75828 8.02549 0.142799
2024 5216 3.75812 8.02549 0.142779
2025 5216 3.75836 8.02549 0.142757
2026 5216 3.75879 8.02549 0.142747
2027 5216 3.75935 8.02549 0.142749
2028 5216 3.75976 8.02549 0.142746
2029 5218 3.75939 8.02549 0.142757
2030 5219 3.75974 8.02549 0.142771
2031 5220 3.75966 8.02549 0.142783
2032 5221 3.76019 8.02549 0.142774
2033 5221 3.76029 8.02549 0.142782
2034 5222 3.76026 8.02549 0.142798
2035 5222 3.76048 8.02549 0.142808
2036 5222 3.76052 8.02549 0.142787
2037 5222 3.76094 8.02549 0.142759
2038 5222 3.76123 8.02549 0.142779
2039 5222 3.76139 8.02549 0.142796
2040 5222 3.76191 8.02549 0.142791
2041 5223 3.76184 8.02549 0.142772
2042 5224 3.76205 8.02549 0.142749
2043 5226 3.76164 8.02549 0.142779
2044 5226 3.76197 8.02549 0.142778
2045 5227 3.76199 8.02549 0.142772
2046 5228 3.76208 8.02549 0.142774
2047 5228 3.76249 8.02549 0.142786
2048 5228 3.76275 8.02549 0.142777
2049 5228 3.76325 8.02549 0.142758
2050 5229 3.76312 8.02549 0.142733
2051 5231 3.76375 8.02549 0.142738
2052 5234 3.76337 8.02549 0.14273
2053 5236 3.76287 8.02549 0.142752
2054 5236 3.7629 8.02549 0.142765
2055 5236 3.76297 8.02549 0.142748
2056 5236 3.76328 8.02549 0.142748
2057 5238 3.76277 8.02549 0.142708
2058 5239 3.76266 8.02549 0.142703
2059 5241 3.76254 8.02549 0.142692
2060 5242 3.76262 8.02549 0.142681
2061 5243 3.76294 8.02549 0.142706
2062 5243 3.7631 8.02549 0.142695
2063 5244 3.76377 8.02549 0.142701
2064 5244 3.7639 8.02549 0.142676
2065 5244 3.76432 8.02549 0.142652
2066 5245 3.76459 8.02549 0.142686
2067 5246 3.76444 8.02549 0.142687
2068 5246 3.76455 8.02549 0.14271
2069 5246 3.76465 8.02549 0.142659
2070 5246 3.76475 8.02549 0.142628
2071 5248 3.76533 8.02549 0.14262
2072 5248 3.76547 8.02549 0.142653
2073 5248 3.7659 8.02549 0.142651
2074 5248 3.76637 8.02549 0.142635
2075 5250 3.76667 8.02549 0.142657
2076 5251 3.76674 8.02549 0.14265
2077 5251 3.7669 8.02549 0.142652
2078 5251 3.76718 8.02549 0.142662
2079 5251 3.76742 8.02549 0.142668
2080 5251 3.76759 8.02549 0.142666
2081 5252 3.76749 8.02549 0.142643
2082 5252 3.76762 8.02549 0.142629
2083 5254 3.76732 8.02549 0.142575
2084 5254 3.76747 8.02549 0.142561
2085 5254 3.76758 8.02549 0.142558
2086 5254 3.76772 8.02549 0.14254
2087 5256 3.76747 8.02549 0.142533
2088 5257 3.76756 8.02549 0.142543
2089 5257 3.76803 8.02549 0.142543
2090 5257 3.76816 8.02549 0.142561
2091 5257 3.76822 8.02549 0.142533
2092 5259 3.76886 8.02549 0.142538
2093 5259 3.76902 8.02549 0.142518
2094 5262 3.76908 8.02549 0.142501
2095 5262 3.7691 8.02549 0.142512
2096 5263 3.76942 8.02549 0.142465
2097 5264 3.77017 8.02549 0.142418
2098 5267 3.77034 8.02549 0.142463
2099 5269 3.76993 8.02549 0.142464
2100 5269 3.77051 8.02549 0.142461
2101 5269 3.77089 8.02549 0.142463
2102 5272 3.77082 8.02549 0.142477
2103 5272 3.77092 8.02549 0.142466
2104 5274 3.77044 8.02549 0.142439
2105 5274 3.77103 8.02549 0.142452
2106 5275 3.77089 8.02549 0.142461
2107 5277 3.77067 8.02549 0.142434
2108 5277 3.771 8.02549 0.142408
2109 5277 3.77123 8.02549 0.142425
2110 5277 3.77152 8.02549 0.14237
2111 5277 3.77168 8.02549 0.142359
2112 5277 3.7719 8.02549 0.142332
2113 5277 3.77195 8.02549 0.142341
2114 5277 3.77257 8.02549 0.14231
2115 5278 3.77228 8.02549 0.142288
2116 5278 3.77273 8.02549 0.142287
2117 5278 3.77295 8.02549 0.142301
2118 5278 3.77316 8.02549 0.142324
2119 5278 3.77347 8.02549 0.142325
2120 5279 3.77355 8.02549 0.142338
2121 5279 3.77382 8.02549 0.142319
2122 5279 3.77443 8.02549 0.142325
2123 5280 3.77425 8.02549 0.142326
2124 5280 3.77442 8.02549 0.142345
2125 5280 3.77483 8.02549 0.142365
2126 5281 3.77483 8.02549 0.142372
2127 5281 3.77524 8.02549 0.142355
2128 5281 3.77527 8.02549 0.142361
2129 5282 3.77524 8.02549 0.142376
2130 5282 3.77537 8.02549 0.142405
2131 5283 3.77567 8.02549 0.142401
2132 5283 3.77588 8.02549 0.142398
2133 5283 3.77606 8.02549 0.142392
2134 5285 3.7755 8.02549 0.142386
2135 5285 3.77554 8.02549 0.142388
2136 5286 3.77548 8.02549 0.142382
2137 5286 3.77571 8.02549 0.14239
2138 5288 3.77575 8.02549 0.142394
2139 5290 3.77543 8.02549 0.142369
2140 5290 3.77553 8.02549 0.142367
2141 5290 3.77573 8.02549 0.142335
2142 5292 3.77525 8.02549 0.142335
2143 5294 3.7764 8.02549 0.142367
2144 5295 3.7768 8.02549 0.142362
2145 5296 3.77658 8.02549 0.14238
2146 5296 3.77692 8.02549 0.142349
2147 5297 3.77723 8.02549 0.142331
2148 5297 3.77725 8.02549 0.142315
2149 5301 3.77662 8.02549 0.142289
2150 5301 3.77682 8.02549 0.142293
2151 5301 3.77688 8.02549 0.142283
2152 5301 3.77711 8.02549 0.142246
2153 5301 3.7773 8.02549 0.142242
2154 5302 3.77731 8.02549 0.142254
2155 5303 3.77734 8.02549 0.14224
2156 5303 3.77755 8.02549 0.142259
2157 5304 3.77799 8.02549 0.142277
2158 5305 3.77812 8.02549 0.142251
2159 5306 3.77814 8.02549 0.14224
2160 5307 3.77797 8.02549 0.142226
2161 5307 3.77829 8.02549 0.14221
2162 5308 3.77839 8.02549 0.14221
2163 5309 3.7786 8.02549 0.142212
2164 5310 3.7785 8.02549 0.142226
2165 5310 3.77898 8.02549 0.142244
2166 5310 3.77915 8.02549 0.14222
2167 5311 3.77902 8.02549 0.142225
2168 5311 3.77902 8.02549 0.142215
2169 5311 3.77911 8.02549 0.142201
2170 5312 3.77977 8.02549 0.142183
2171 5313 3.77961 8.02549 0.142185
2172 5313 3.77961 8.02549 0.142169
2173 5313 3.77974 8.02549 0.14217
2174 5313 3.78006 8.02549 0.142168
2175 5313 3.78006 8.02549 0.142168
2176 5314 3.78003 8.02549 0.14218
2177 5314 3.78026 8.02549 0.142187
2178 5314 3.78054 8.02549 0.142164
2179 5316 3.78013 8.02549 0.142162
2180 5316 3.78026 8.02549 0.142137
2181 5316 3.78067 8.02549 0.142153
2182 5317 3.78041 8.02549 0.142146
2183 5318 3.78062 8.02549 0.142178
2184 5318 3.78073 8.02549 0.142173
2185 5318 3.78093 8.02549 0.142173
2186 5318 3.78101 8.02549 0.142167
2187 5320 3.78087 8.02549 0.142188
2188 5321 3.78071 8.02549 0.142178
2189 5322 3.78071 8.02549 0.142183
2190 5322 3.78146 8.02549 0.142214
2191 5323 3.7813 8.02549 0.142232
2192 5325 3.78164 8.02549 0.142236
2193 5326 3.78229 8.02549 0.142226
2194 5326 3.78267 8.02549 0.142254
2195 5326 3.78291 8.02549 0.142254
2196 5326 3.78316 8.02549 0.142242
2197 5327 3.78363 8.02549 0.142233
2198 5327 3.78401 8.02549 0.142229
2199 5327 3.78424 8.02549 0.142214
2200 5328 3.78395 8.02549 0.142236
2201 5328 3.78398 8.02549 0.142239
2202 5328 3.7843 8.02549 0.142218
2203 5330 3.78413 8.02549 0.142204
2204 5331 3.78417 8.02549 0.142187
2205 5331 3.78423 8.02549 0.142184
2206 5332 3.78418 8.02549 0.142188
2207 5334 3.78465 8.02549 0.142166
2208 5334 3.78481 8.02549 0.142168
2209 5334 3.78497 8.02549 0.142201
2210 5335 3.7853 8.02549 0.142203
2211 5335 3.78562 8.02549 0.142223
2212 5335 3.78599 8.02549 0.142221
2213 5336 3.78657 8.02549 0.14222
2214 5337 3.78665 8.02549 0.142221
2215 5338 3.78676 8.02549 0.142202
2216 5338 3.7872 8.02549 0.142193
2217 5338 3.7874 8.02549 0.142178
2218 5338 3.78758 8.02549 0.142212
2219 5338 3.78811 8.02549 0.142267
2220 5338 3.78828 8.02549 0.142262
2221 5338 3.78857 8.02549 0.142273
2222 5338 3.78865 8.02549 0.142274
2223 5338 3.78884 8.02549 0.142252
2224 5339 3.78861 8.02549 0.142246
2225 5340 3.78877 8.02549 0.142243
2226 5340 3.78896 8.02549 0.142235
2227 5340 3.78905 8.02549 0.142228
2228 5340 3.78927 8.02549 0.142237
2229 5341 3.7891 8.02549 0.142226
2230 5342 3.78911 8.02549 0.142221
2231 5343 3.78891 8.02549 0.142197
2232 5344 3.78928 8.02549 0.14216
2233 5344 3.78953 8.02549 0.142142
2234 5347 3.78925 8.02549 0.142126
2235 5348 3.78956 8.02549 0.142111
2236 5349 3.78941 8.02549 0.142111
2237 5350 3.78922 8.02549 0.142098
2238 5350 3.78923 8.02549 0.1421
2239 5351 3.78939 8.02549 0.142144
2240 5351 3.78961 8.02549 0.142148
2241 5353 3.7896 8.02549 0.142127
2242 5353 3.78994 8.02549 0.142102
2243 5353 3.79023 8.02549 0.142117
2244 5353 3.79031 8.02549 0.142127
2245 5353 3.79049 8.02549 0.142148
2246 5354 3.79049 8.02549 0.142157
2247 5354 3.79082 8.02549 0.142148
2248 5356 3.79065 8.02549 0.142155
2249 5357 3.79059 8.02549 0.142161
2250 5358 3.79026 8.02549 0.142151
2251 5359 3.79007 8.02549 0.142135
2252 5359 3.79043 8.02549 0.14216
2253 5360 3.79022 8.02549 0.142185
2254 5360 3.79023 8.02549 0.14219
2255 5361 3.79007 8.02549 0.142183
2256 5363 3.79074 8.02549 0.142158
2257 5364 3.79059 8.02549 0.142143
2258 5364 3.79061 8.02549 0.142114
2259 5365 3.79105 8.02549 0.142112
2260 5366 3.79118 8.02549 0.14212
2261 5367 3.79107 8.02549 0.142112
2262 5367 3.79127 8.02549 0.142097
2263 5367 3.79145 8.02549 0.142107
2264 5367 3.79152 8.02549 0.142085
2265 5367 3.79154 8.02549 0.142087
2266 5367 3.79163 8.02549 0.142096
2267 5368 3.79155 8.02549 0.142087
2268 5369 3.79132 8.02549 0.142073
2269 5370 3.79138 8.02549 0.142081
2270 5370 3.79165 8.02549 0.142104
2271 5372 3.79193 8.02549 0.142095
2272 5375 3.7913 8.02549 0.142082
2273 5375 3.79146 8.02549 0.142095
2274 5379 3.79128 8.02549 0.142101
2275 5379 3.79144 8.02549 0.142115
2276 5379 3.79154 8.02549 0.142137
2277 5379 3.79166 8.02549 0.142101
2278 5379 3.79182 8.02549 0.142095
2279 5380 3.79193 8.02549 0.142095
2280 5380 3.79211 8.02549 0.142097
2281 5380 3.79224 8.02549 0.142133
2282 5382 3.79197 8.02549 0.142142
2283 5383 3.79164 8.02549 0.142136
2284 5384 3.79169 8.02549 0.142126
2285 5385 3.79158 8.02549 0.14214
2286 5386 3.79211 8.02549 0.142161
2287 5386 3.79219 8.02549 0.142164
2288 5386 3.79251 8.02549 0.142165
2289 5386 3.79255 8.02549 0.142151
2290 5387 3.7924 8.02549 0.142117
2291 5387 3.79242 8.02549 0.142104
2292 5388 3.79256 8.02549 0.142137
2293 5389 3.79244 8.02549 0.142133
2294 5391 3.79242 8.02549 0.142125
2295 5391 3.79258 8.02549 0.142117
2296 5392 3.79316 8.11586 0.142118
2297 5392 3.7932 8.11586 0.142123
2298 5392 3.79331 8.11586 0.142096
2299 5392 3.79339 8.11586 0.142089
2300 5392 3.79348 8.11586 0.142085
2301 5392 3.79354 8.11586 0.14209
2302 5392 3.79358 8.11586 0.142081
2303 5392 3.79391 8.11586 0.142073
2304 5392 3.79407 8.11586 0.142088
2305 5392 3.79465 8.11586 0.142112
2306 5393 3.79494 8.11586 0.142129
2307 5393 3.79507 8.11586 0.142147
2308 5395 3.79513 8.11586 0.142144
2309 5395 3.79523 8.11586 0.142137
2310 5395 3.79528 8.11586 0.142137
2311 5395 3.79543 8.11586 0.14214
2312 5396 3.79552 8.11586 0.142148
2313 5396 3.79586 8.11586 0.142145
2314 5396 3.79602 8.11586 0.142135
2315 5396 3.79641 8.11586 0.142131
2316 5397 3.79637 8.11586 0.142137
