3956    0.2 0.2 0.2 0.6 0.2 0.2  4.69732 0.075 0.325 0.8 0.3 0.05 0.65 0.75 0.275 0.625 0.2 0.075 0.025 0.25 0.625 0.3 0.45 0.925 0.4 0.2 0.675 0.525 0.55 0.025 
3957    0.2 0.2 0.2 0.6 0.2 0.4  4.64409 0.075 0.325 0.8 0.575 0.05 0.65 0.75 0.275 0.625 0.15 0.075 0.025 0.25 0.625 0.3 0.45 0.925 0.4 0.2 0.675 0.625 0.55 0.025 
4085    0.2 0.2 0.4 0.6 0.4 0  3.52332 0.075 0.05 0.875 0.175 0.35 0.65 0.75 0.275 0.625 0.225 0.8 0.175 0.125 0.625 0.375 0.75 0.125 0.4 0.925 0.125 0.75 0.025 0.025 
4556    0.2 0.4 0.2 0.4 0.2 0.2  4.93898 0.9 0.75 0.825 0.55 0.725 0.65 0.65 0.45 0.4 0.1 0.475 0 0.55 0.875 0.2 0.45 1 0.25 0.225 1 0.625 0.675 0.025 
4576    0.2 0.4 0.2 0.6 0 0.2  4.54768 0.075 0.325 0.8 0.575 0.05 0.65 0.95 0.275 0.625 0.2 0.075 0.025 0.25 0.625 0.3 0.45 0.925 0.4 0.2 0.675 0.525 0.55 0.025 
4581    0.2 0.4 0.2 0.6 0.2 0.2  4.49177 0.075 0.325 0.8 0.575 0.05 0.65 0.95 0.275 0.625 0.4 0.075 0.025 0.25 0.625 0.3 0.45 0.925 0.4 0.2 0.675 0.525 0.55 0.025 
4582    0.2 0.4 0.2 0.6 0.2 0.4  4.44971 0.375 0.2 0.525 0.875 0.425 0.65 0.75 0.275 0.7 0.05 0.225 0.075 0.925 0.625 0.5 0.45 0.125 0.4 0.925 0.825 0.625 0.6 0.7 
4607    0.2 0.4 0.2 0.8 0.2 0.4  4.2478 0.075 0.325 0.8 0.575 0.05 0.65 0.4 0.275 0.625 0.2 0.075 0.025 0.25 0.625 0.3 0.45 0.925 0.4 0.2 0.675 0.625 0.55 0.025 
4706    0.2 0.4 0.4 0.6 0.2 0.2  4.81008 0.075 0.05 0.625 0.525 0.35 0.65 0.75 0.5 0.85 0.65 0.75 0.175 0.85 0.625 0.3 0.45 0.1 0.5 0.925 0.5 0.625 0.675 0.525 
5335    0.2 0.6 0.4 0.6 0.4 0  2.97155 0.075 0.975 0.675 0.55 0.65 0.75 0.75 0.9 0.175 0.6 0.6 0.3 0.125 0.375 0.825 0.675 1 0.5 0.925 0.875 0.775 0.675 0.025 
5336    0.2 0.6 0.4 0.6 0.4 0.2  3.24335 0.075 0.825 0.925 0.55 0.8 0.65 0.75 0.275 0.8 0.6 0.45 0.3 0.775 0.375 0.675 0.45 1 0.35 0.925 0.1 0.625 0 0.025 
5340    0.2 0.6 0.4 0.6 0.6 0  3.7998 0.075 0.975 0.675 0.55 0.65 0.75 0.75 0.9 0.175 0.6 0.6 0.3 0.1 0.375 0.825 0.675 1 0.5 0.925 0.875 0.775 0.675 0.025 
6431    0.4 0 0.2 0.4 0.2 0.2  4.48032 0.075 0.2 0.525 0.575 0.275 0.4 0.75 0.05 0.85 0.575 0.8 0.85 0.25 0.625 0.3 0.45 0.925 0.4 0.925 0.825 0.625 0.6 0.025 
6581    0.4 0 0.4 0.6 0.2 0.2  4.60371 0.275 0.2 0.525 0.575 0.3 0.65 0.75 0.275 0.2 0.575 0.5 0.85 0.25 0.625 0.325 0.45 0.925 0.4 0.925 0.825 0.45 0.6 0.025 
6586    0.4 0 0.4 0.6 0.4 0.2  4.33351 0.075 0.35 0.475 0.575 1 0.65 0.75 0.275 0.425 0.575 0.9 0.175 0.8 0.625 0.3 0.4 0.55 0.5 0.925 0.825 0.625 0.6 0.025 
6606    0.4 0 0.4 0.8 0.2 0.2  4.18915 0.075 0.35 0.475 0.575 0.35 0.65 0.75 0.275 0.425 0.575 0.675 0.175 0.8 0.625 0.3 0.45 0.55 0.5 0.925 0.825 0.625 0.6 0.025 
6706    0.4 0 0.6 0.6 0.2 0.2  3.43817 0.075 0.175 0.5 0.575 0.35 0.65 0.75 0.275 0.55 0.575 0.8 0.175 0.8 0.625 0.3 0.45 0.925 0.4 0.925 0.825 0.625 0.6 0.025 
7031    0.4 0.2 0.2 0.2 0.2 0.2  4.86472 0.075 0.2 0.425 0.575 0.275 0.225 0.75 0.8 0.425 0.575 0.8 0.8 0.25 0.625 0.3 0.45 0.925 0.4 0.925 0.825 0.575 0.9 0.025 
7032    0.4 0.2 0.2 0.2 0.2 0.4  4.65221 0.05 0.2 0.95 0.575 0.275 0.3 0.75 0.275 0.425 0.575 0.325 0.85 0.25 0.625 0.3 0.45 0.8 0.975 0.925 0.825 0.625 0.6 0.025 
7051    0.4 0.2 0.2 0.4 0 0.2  4.96806 0.075 0.2 0.525 0.575 0.275 0.4 0.75 0 0.85 0.575 0.8 0.85 0.25 0.625 0.3 0.45 0.925 0.4 0.925 0.825 0.625 0.6 0.025 
7052    0.4 0.2 0.2 0.4 0 0.4  4.70968 0.075 0.2 0.65 0.95 0.1 0.65 0.75 0.275 0.9 0.575 0.2 0.9 0.25 0.625 0.3 0.45 0.1 0.4 0.925 0.825 0.55 0.725 0.025 
7053    0.4 0.2 0.2 0.4 0 0.6  4.5029 0.075 0.675 0.525 0.9 0.275 0.65 0.75 0.375 0.25 0.575 0.775 0.85 0.25 0.625 0.3 0.45 0.925 0.4 0.925 0.825 0.525 0.6 0.025 
7055    0.4 0.2 0.2 0.4 0.2 0  4.87388 0.075 0.275 0.625 0.05 0.275 0.65 0.45 0.275 0.425 0.925 0.8 0.85 0.25 0.85 0.3 0.45 0.925 0.4 0.925 0.825 0.625 0.6 0.025 
7056    0.4 0.2 0.2 0.4 0.2 0.2  5.43827 0.075 0.2 0.375 0.575 0.525 0.225 0.75 0 0.85 0.575 0.8 0.3 0.25 0.625 0.3 0.45 0.925 0.375 0.925 0.825 0.625 0 0.025 
7057    0.4 0.2 0.2 0.4 0.2 0.4  5.15083 0.075 0.2 0.525 0.575 0.275 0.25 0.9 0.275 0.425 0.525 0.15 0.85 0.25 0.625 0.3 0.45 0.925 0.4 0.925 0.775 0.625 0.8 0.025 
7058    0.4 0.2 0.2 0.4 0.2 0.6  4.75622 0.075 0.225 0.95 0.85 0.95 0.3 0.75 0.275 0.2 0.65 0.8 0.85 0.25 0.625 0.3 0.45 0.8 0.4 0.925 0.825 0.625 0.6 0.025 
7061    0.4 0.2 0.2 0.4 0.4 0.2  4.91897 0.075 0.5 0.525 0.575 0.25 0.65 0.75 0.275 0.425 0.575 0.925 0.225 0.25 0.625 0.3 0.45 0.55 0.4 0.925 0.825 0.625 0.6 0.425 
7062    0.4 0.2 0.2 0.4 0.4 0.4  4.66007 0.075 0.425 0.95 0.575 0.9 0.5 0.625 0.025 0.1 0.575 0.8 0.925 0.25 0.625 0.3 0.45 0.2 0.35 0.925 0.825 0.625 0.6 0.025 
7066    0.4 0.2 0.2 0.4 0.6 0.2  4.35298 0.075 0.2 0.875 0.45 0.95 0.65 0.375 0.975 0.05 0.925 0.1 0.95 0.25 0.6 0.875 0.225 0.925 0.4 0.05 0.4 0.625 0.6 0.025 
7076    0.4 0.2 0.2 0.6 0 0.2  3.54575 0.075 0.2 0.525 0.575 0.275 0.65 0.75 0.275 0.425 0.575 0.775 0.85 0.25 0.625 0.3 0.45 0.925 0.4 0.925 0.825 0.625 0.6 0.025 
7077    0.4 0.2 0.2 0.6 0 0.4  4.83645 0.075 0.2 0.65 0.95 0.1 0.65 0.75 0.275 0.9 0.575 0.2 0.825 0.25 0.625 0.3 0.45 0.1 0.4 0.925 0.825 0.55 0.725 0.025 
7078    0.4 0.2 0.2 0.6 0 0.6  4.38613 0.075 0.2 0.225 0.9 0.275 0.975 0.75 0.275 0.425 0.575 0.1 0.85 0.875 0.475 0.1 0.45 0.925 0.4 0.925 0.825 0.625 0.75 0.1 
7081    0.4 0.2 0.2 0.6 0.2 0.2  5.13149 0.075 0.05 0.65 0.075 0.35 0.65 0.75 0.225 0.275 0.225 0.8 0.175 0.125 0.625 0.675 0.45 0.1 0.5 0.925 0.5 0.625 0.675 0.575 
7082    0.4 0.2 0.2 0.6 0.2 0.4  4.82529 0.075 0.325 0.8 0.575 0.05 0.65 0.75 0.275 0.625 0.275 0.075 0.025 0.25 0.625 0.3 0.45 0.925 0.4 0.2 0.675 0.625 0.55 0.025 
7083    0.4 0.2 0.2 0.6 0.2 0.6  4.54071 0.075 0.2 0.575 0.9 0.275 0.975 0.75 0.275 0.45 0.575 0.175 0.85 0.875 0.475 0.3 0.45 1 0.4 0.925 0.825 0.625 0.75 0.1 
7086    0.4 0.2 0.2 0.6 0.4 0.2  5.04464 0.075 0.05 0.65 0.675 0.35 0.65 0.75 0.275 0.425 0.225 0.8 0.725 0.125 0.625 0.3 0.975 1 0.5 0.6 0 0.275 0.675 0.025 
7087    0.4 0.2 0.2 0.6 0.4 0.4  4.49222 0.075 0.425 0.25 0.575 0.05 0.65 0.75 0.675 0.425 0.2 0.8 0.525 0.25 0.625 0.3 0.45 0.175 0.4 0.925 0.825 0.025 0.55 0.45 
7088    0.4 0.2 0.2 0.6 0.4 0.6  3.78444 0.075 0.425 0.25 0.9 0.05 0.65 0.75 0 0.425 0.25 0.8 0.525 0.25 0.625 0.3 0.45 0.175 0.4 0.925 0.825 0.025 0.55 0.45 
7106    0.4 0.2 0.2 0.8 0.2 0.2  4.17424 0.075 0.325 0.8 0.5 0.05 0.65 0.275 0.275 0.625 0.2 0.075 0.025 0.25 0.625 0.3 0.45 0.925 0.4 0.2 0.675 0.525 0.55 0.025 
7107    0.4 0.2 0.2 0.8 0.2 0.4  4.425 0.075 0.05 0.65 0.575 0.35 0.65 0.75 0.35 0.775 0.575 0.875 0.175 0.125 0.65 0.3 0.45 0.1 0.5 0.475 0.825 0.625 0.675 0.025 
7166    0.4 0.2 0.4 0.2 0.6 0.2  4.60643 0.075 0.2 0.875 0.45 0.95 0.65 0.375 0.975 0.325 0.925 0.1 0.95 0.25 0.625 0.875 0.45 0.925 0.85 0.05 0.4 0.625 0.6 0.025 
7176    0.4 0.2 0.4 0.4 0 0.2  3.89558 0.075 0.2 0.525 0.575 0.275 0.65 0.75 0.175 0.425 0.575 0 0.925 0.25 0.625 0.3 0.45 0.925 0.45 0.925 0.825 0.625 0.6 0.025 
7177    0.4 0.2 0.4 0.4 0 0.4  4.18195 0.075 0.2 0.525 0.575 0.275 0.65 0.75 0.275 0.425 0.575 0 0.925 0.25 0.625 0.3 0.45 0.925 0.45 0.925 0.825 0.625 0.6 0.025 
7178    0.4 0.2 0.4 0.4 0 0.6  4.24621 0.075 0.4 0.525 0.875 0.25 0.65 0.425 0.275 0.525 0.575 0.925 0.225 0.25 0.625 0.3 0.45 0.55 0.25 0.925 0.825 0.625 0.6 0.425 
7181    0.4 0.2 0.4 0.4 0.2 0.2  5.30594 0.075 0.275 0.625 0.15 0.275 0.65 0.45 0.275 0.425 0.45 0.8 0.85 0.25 0.85 0.3 0.45 0.925 0.4 0.925 0.825 0.625 0.6 0.025 
7182    0.4 0.2 0.4 0.4 0.2 0.4  4.6451 0.075 0.7 0.525 0.975 0.275 0.65 0.775 0.275 0.675 0.575 0.6 0.625 0.25 0.125 0.3 0.45 0.925 0.4 0.925 0.825 0.625 0.05 0.025 
7183    0.4 0.2 0.4 0.4 0.2 0.6  4.41216 0.075 0.7 0.525 0.975 0.275 0.775 0.775 0.275 0.675 0.575 0.6 0.625 0.25 0.125 0.3 0.45 0.925 0.4 0.925 0.825 0.625 0.05 0.025 
7185    0.4 0.2 0.4 0.4 0.4 0  4.98662 0.075 0.2 0.65 0.575 0.35 0.65 0.75 0.475 0.2 0.575 0.45 0.175 0.8 0 0.875 0.625 0.35 0.5 0.925 0.6 0.625 0.6 0.025 
7186    0.4 0.2 0.4 0.4 0.4 0.2  4.59929 0.075 0.4 0.525 0.575 0.1 0.65 0.425 0.275 0.425 0.575 0.925 0.225 0.25 0.625 0.3 0.45 0.55 0.25 0.925 0.825 0.625 0.6 0.4 
7187    0.4 0.2 0.4 0.4 0.4 0.4  4.2121 0.075 0.2 0.425 0.575 0.275 0.65 0.75 0.275 0.425 0.575 0.8 0.85 0.25 0.625 0.3 0.45 0.925 0.4 0.925 0.825 0.575 0.9 0.025 
7190    0.4 0.2 0.4 0.4 0.6 0  2.09351 0.075 0.2 0.675 0.9 0.975 0.975 0.75 0.7 0.825 0.575 0.1 0.85 0.75 0.475 0.3 0.575 0.925 0.4 0.925 0.825 0.25 0.75 0.1 
7191    0.4 0.2 0.4 0.4 0.6 0.2  4.00464 0.075 0.2 0.875 0.45 0.95 0.65 0.375 0.975 0.05 0.925 0.1 0.95 0.25 0.625 0.875 0.45 0.925 0.4 0.05 0.4 0.625 0.6 0.025 
7201    0.4 0.2 0.4 0.6 0 0.2  4.1284 0.075 0.2 0.525 0.575 0.275 0.65 0.75 0.275 0.425 0.95 0.8 0.85 0.25 0.625 0.3 0.45 0.925 0.4 0.925 0.825 0.6 0.6 0.025 
7202    0.4 0.2 0.4 0.6 0 0.4  3.98995 0.075 0.2 0.575 0.9 0.275 0.65 0.75 0.275 0.425 0.65 0.45 0.85 0.25 0.625 0.3 0.45 0.925 0.4 0.925 0.825 0.625 0.6 0.025 
7203    0.4 0.2 0.4 0.6 0 0.6  4.21684 0.075 0.4 0.525 0.875 0.25 0.65 0.425 0.275 0.525 0.575 0.925 0.225 0.25 0.625 0.3 0.45 0.45 0.25 0.925 0.825 0.625 0.6 0.425 
7205    0.4 0.2 0.4 0.6 0.2 0  4.93976 0.075 0.275 0.625 0.05 0.275 0.65 0.45 0.275 0.425 0.125 0.8 0.85 0.25 0.85 0.3 0.15 0.925 0.4 0.925 0.825 0.625 0.6 0.025 
7206    0.4 0.2 0.4 0.6 0.2 0.2  5.30338 0.075 0.05 0.65 0.075 0.35 0.65 0.75 0.225 0.275 0.225 0.8 0.175 0.125 0.625 0.675 0.45 0.1 0.5 0.925 0.5 0.6 0.675 0.575 
7207    0.4 0.2 0.4 0.6 0.2 0.4  4.61474 1 0.3 0.65 0.575 0.825 0.65 0.275 0.9 0.425 0.575 0.625 0.175 0.975 0.7 0.3 0.45 0.75 0.5 0.4 0.825 0.625 0.6 0.025 
7208    0.4 0.2 0.4 0.6 0.2 0.6  4.26476 0.075 0.2 0.525 0.9 0.275 0.975 0.75 0.275 0.45 0.575 0.1 0.85 0.875 0.475 0.3 0.45 0.925 0.4 0.925 0.825 0.625 0.75 0.1 
7210    0.4 0.2 0.4 0.6 0.4 0  5.02668 0.075 0.2 0.65 0.575 0.35 0.65 0.75 0.475 0.2 0.575 0.45 0.175 0.8 0.725 0.875 0.225 0.35 0.5 0.925 0.6 0.625 0.6 0.025 
7211    0.4 0.2 0.4 0.6 0.4 0.2  4.73015 0.075 0.2 0.65 0.575 0.35 0.65 0.8 0.475 0.2 0.575 0.45 0.175 0.8 0.725 0.875 0.025 0.35 0.5 0.925 0.6 0.625 0.6 0.025 
7212    0.4 0.2 0.4 0.6 0.4 0.4  4.3463 0.075 0.35 0.475 0.575 1 0.65 0.75 0.275 0.425 0.575 0.9 0.175 0.8 0.625 0.3 0.4 0.5 0.5 0.925 0.825 0.625 0.6 0.025 
7213    0.4 0.2 0.4 0.6 0.4 0.6  4.10573 0.075 0.2 0.575 0.9 0.275 0.975 0.75 0.275 0.45 0.575 0.1 0.85 0.875 0.475 0.3 0.45 1 0.4 0.925 0.825 0.625 0.75 0.1 
7215    0.4 0.2 0.4 0.6 0.6 0  4.17159 0.075 0.2 0.875 0.575 0.35 0.475 0.75 0.55 0.2 0.775 0.45 0.175 0.8 0.625 0.3 0.225 0.35 0.5 0.925 0.65 0.625 0.6 0.025 
7216    0.4 0.2 0.4 0.6 0.6 0.2  4.60748 0.075 0.2 0.675 0.9 0.975 0.975 0.75 0.7 0.025 0.575 0.1 0.85 0.75 0.475 0.3 0.575 0.925 0.4 0.925 0.825 0.25 0.75 0.1 
7226    0.4 0.2 0.4 0.8 0 0.2  2.33276 0.075 0.2 0.65 0.575 0.35 0.65 0.75 0.275 0.425 0.575 0.8 0.175 0.8 0.775 0.3 0.45 0.55 0.475 0.925 0.825 0.625 0.6 0.025 
7231    0.4 0.2 0.4 0.8 0.2 0.2  3.95728 0.075 0.2 0.65 0.575 0.35 0.65 0.75 0.275 0.8 0.575 0.8 0.175 0.8 0.625 0.3 0.45 0.55 0.475 0.925 0.825 0.625 0.6 0.025 
7235    0.4 0.2 0.4 0.8 0.4 0  4.58577 0.075 0.05 0.65 0.575 0.35 0.65 0.75 0.175 0.275 0.225 0.075 0.175 0.125 0.625 0.3 0.825 0.1 0.5 0.975 0.7 0.625 1 0.025 
7237    0.4 0.2 0.4 0.8 0.4 0.4  3.86736 0.075 0.05 0.825 0.95 0.35 0.65 0.75 0.15 0.8 0.425 0.8 0.175 0.125 0.625 0.3 0.45 0.325 0.5 0.925 0.825 0.625 0.675 0.025 
7330    0.4 0.2 0.6 0.6 0.2 0  4.12181 0.075 0.45 0.325 0.575 0.35 0.65 0.75 0.475 0.2 0.575 0.45 0.175 0.8 0.725 0.3 0.225 0.35 0.5 0.925 0.65 0.625 0.6 0.025 
7331    0.4 0.2 0.6 0.6 0.2 0.2  4.06979 0.075 0.05 0.6 0.175 0.35 0.65 0.75 0.1 0.625 0.85 0.85 0.175 0.125 0.625 0.375 0.75 0.125 0.5 0.925 0.825 0.75 0.025 0.025 
7332    0.4 0.2 0.6 0.6 0.2 0.4  3.86939 0.075 0.05 0.425 0.55 0.35 0.65 0.75 0.275 0.425 0.25 0.8 0.175 0.125 0.625 0.3 0.45 1 0.5 0.925 0.825 0.625 0.675 0.025 
7335    0.4 0.2 0.6 0.6 0.4 0  4.05611 0.075 0.45 0.3 0.575 0.35 0.65 0.75 0.475 0.2 0.575 0.45 0.175 0.8 0.725 0.3 0.225 0.35 0.5 0.925 0.65 0.625 0.6 0.025 
7336    0.4 0.2 0.6 0.6 0.4 0.2  4.07317 0.075 0.125 0.6 0.175 0.35 0.65 0.75 0.1 0.625 0.85 0.85 0.175 0.125 0.625 0.375 0.75 0.125 0.5 0.925 0.825 0.75 0.025 0.025 
7337    0.4 0.2 0.6 0.6 0.4 0.4  3.75357 0.075 0.05 0.825 0.95 0.35 0.65 0.75 0.15 0.8 0.225 0.8 0.175 0.125 0.625 0.3 0.45 0.325 0.5 0.925 0.825 0.625 0.675 0.025 
7361    0.4 0.2 0.6 0.8 0.4 0.2  3.78132 0.075 0.05 0.825 0.55 0.35 0.65 0.75 0.275 0.8 0.225 0.8 0.175 0.125 0.625 0.3 0.45 1 0.5 0.925 0.825 0.625 0.675 0.025 
7567    0.4 0.4 0 0.4 0.6 0.4  2.72767 0.375 0.05 0.825 0.55 0.925 0.65 0.75 0.275 0.8 0.075 0.475 0.175 0.125 0.875 0.3 0.45 1 0.5 0.925 0.825 0.625 0.675 0.025 
7582    0.4 0.4 0 0.6 0.2 0.4  4.16932 1 0.2 0.65 0.575 0.35 0.65 0.75 0.275 0.425 0.575 0.8 0.175 0.975 0.25 0.3 0.45 0.75 0.5 0.925 0.825 0.625 0.6 0.025 
7583    0.4 0.4 0 0.6 0.2 0.6  3.91355 1 0.3 0.65 0.575 0.35 0.65 0.75 0.45 0.725 0.4 0.8 0.175 0.975 0.625 0.3 0.45 0.75 0.5 0.45 0.825 0.625 0.6 0.025 
7587    0.4 0.4 0 0.6 0.4 0.4  3.4239 0.375 0.05 0.825 0.55 0.925 0.65 0.75 0.275 0.8 0.325 0.55 0.175 0.575 0.875 0.3 0.45 1 0.5 0.925 0.825 0.625 0.675 0.025 
7592    0.4 0.4 0 0.6 0.6 0.4  3.31947 0.375 0.05 0.825 0.55 0.925 0.65 0.75 0.275 0.8 0.325 0.475 0.175 0.125 0.875 0.3 0.45 1 0.5 0.925 0.825 0.625 0.675 0.025 
7612    0.4 0.4 0 0.8 0.4 0.4  3.24983 0.375 0.05 0.575 0.55 0.925 0.65 0.75 0.275 0.8 0.375 0.475 0.175 0.575 0.875 0.3 0.45 1 0.5 0.925 0.825 0.625 0.675 0.025 
7656    0.4 0.4 0.2 0.2 0.2 0.2  4.77829 0.075 0.2 0.425 0.575 0.275 0.225 0.75 0.8 0.425 0.575 0.8 0.85 0.25 0.625 0.3 0.45 0.925 0.4 0.925 0.825 0.575 0.9 0.025 
7658    0.4 0.4 0.2 0.2 0.2 0.6  4.69555 0.075 0.225 0.95 0.85 0.95 0.3 0.75 0.85 0.2 0.65 0.8 0.85 0.25 0.625 0.3 0.45 0.7 0.4 0.925 0.825 0.625 0.6 0.025 
7676    0.4 0.4 0.2 0.4 0 0.2  3.1141 0.075 0.2 0.525 0.575 0.35 0.65 0.75 0.275 0.425 0.575 0.525 0.85 0.25 0.625 0.3 0.45 0.925 0.4 0.925 0.775 0.625 0.6 0.025 
7677    0.4 0.4 0.2 0.4 0 0.4  4.2636 0.075 0.2 0.65 0.575 0.275 0.65 0.75 0.5 0.425 0.525 0.8 0.85 0.25 0.625 0.3 0.45 0.925 0.4 0.925 0.825 0.625 0.6 0.1 
7678    0.4 0.4 0.2 0.4 0 0.6  4.27528 0.075 0.2 0.575 0.9 0.275 0.65 0.75 0.275 0.425 0.475 0.45 0.85 0.25 0.525 0.3 0.45 0.925 0.4 0.925 0.825 0.625 0.6 0.025 
7681    0.4 0.4 0.2 0.4 0.2 0.2  5.1165 0.075 0.2 0.65 0.575 0.275 0.65 0.75 0.275 0.425 0.575 0.775 0.925 0.25 0.15 0.3 0.45 0.925 0.45 0.925 0.825 0.975 0.6 0.025 
7682    0.4 0.4 0.2 0.4 0.2 0.4  5.16909 0.075 0.425 0.95 0.575 0.7 0.5 0.625 0.025 0.1 0.575 0.8 0.925 0.25 0.625 0.3 0.45 0.2 0.4 0.925 0.825 0.625 0.6 0.025 
7683    0.4 0.4 0.2 0.4 0.2 0.6  4.68972 0.25 0.775 0.525 0.9 0.55 0.65 0.65 0.325 0.075 0.575 0.775 0.85 0.25 0.5 0.3 0.45 0.525 0.4 0.925 0.825 0.525 0.6 0.025 
7685    0.4 0.4 0.2 0.4 0.4 0  4.91291 0.075 0.2 0.65 0.575 0.275 0.65 0.75 0.275 0.425 0.575 0.775 0.925 0.25 0.15 0.3 0.75 0.925 0.45 0.925 0.825 0.975 0.6 0.025 
7686    0.4 0.4 0.2 0.4 0.4 0.2  4.91272 0.075 0.2 0.525 0.575 0.9 0.525 0.375 0.275 0.675 0.575 0.2 0.85 0.25 0.2 0.3 0.45 0.925 0.4 0.3 0.825 0.625 0.6 0.025 
7687    0.4 0.4 0.2 0.4 0.4 0.4  4.3522 0.075 0.425 0.95 0.575 0.9 0.5 0.625 0.025 0.1 0.575 0.8 0.925 0.25 0.625 0.3 0.45 0.2 0.4 0.925 0.825 0.625 0.6 0.025 
7688    0.4 0.4 0.2 0.4 0.4 0.6  4.04948 0.35 1 0.525 0.975 0.275 0.65 0.525 0.275 0.425 0.575 0.6 0.625 0.25 0.125 0.3 0.45 0.925 0.4 0.925 0.825 0.625 0.05 0.025 
7690    0.4 0.4 0.2 0.4 0.6 0  4.25537 0.075 0.2 0.675 0.9 0.975 0.975 0.75 0.7 0.025 0.575 0.1 0.85 0.75 0.475 0.3 0.575 0.925 0.4 0.925 0.825 0.25 0.75 0.925 
7691    0.4 0.4 0.2 0.4 0.6 0.2  3.77765 0.125 0.2 0.875 0.575 0.95 0.65 0.375 0.975 0.425 0.925 0.1 0.95 0.25 0.625 0.3 0.45 0.925 0.25 0.925 0.25 0.625 0.6 0.025 
7692    0.4 0.4 0.2 0.4 0.6 0.4  3.13313 0.075 0.2 0.525 0.575 0.9 0.525 0.375 0.275 0.425 0.575 0.2 0.675 0.7 0.2 0.3 0.45 0.925 0.4 0.3 0.825 0.625 0.6 0.025 
7702    0.4 0.4 0.2 0.6 0 0.4  4.42157 0.075 0.325 0.525 0.575 0.925 0.65 0.75 0.275 0.425 0.2 0.075 0.025 0.25 0.5 0.3 0.45 0.025 0.4 0.925 0.925 0.625 0.55 0.025 
7703    0.4 0.4 0.2 0.6 0 0.6  4.48764 0.075 0.2 0.575 0.9 0.275 0.975 0.75 0.525 0.45 0.575 0.1 0.85 0.875 0.475 0.3 0.45 0.925 0.4 0.925 0.825 0.625 0.75 0.1 
7706    0.4 0.4 0.2 0.6 0.2 0.2  5.03369 0.375 0.2 0.525 0.875 0.275 0.65 0.75 0.275 0.7 0.05 0.225 0.075 0.925 0.625 0.5 0.45 0.925 0.4 0.925 0.825 0.625 0.6 0.025 
7707    0.4 0.4 0.2 0.6 0.2 0.4  5.37592 0.075 0.05 0.65 0.575 0.925 0.65 0.75 0.375 0.275 0.65 0.8 0.175 0.85 0.625 0.3 0.45 0.1 0.5 0.925 0.5 0.625 1 0.575 
7708    0.4 0.4 0.2 0.6 0.2 0.6  4.37657 0.075 0.2 0.725 0.9 0.275 0.8 0.45 0.275 0.425 0.45 0.8 0.85 0.25 0.625 0.225 0.45 0.925 0.4 0.925 0.825 0.625 0.6 0.025 
7710    0.4 0.4 0.2 0.6 0.4 0  5.04641 0.075 0.15 0.825 0.55 0.35 0.65 0.55 0.375 0.725 0.375 0.8 0.175 0.125 0.625 0.525 0.35 1 0.5 0.925 0.825 0.625 0.675 0.025 
7711    0.4 0.4 0.2 0.6 0.4 0.2  4.86771 0.075 0.05 0.65 0.2 0.35 0.65 0.75 0.275 0.425 0.225 0.8 0.725 0.125 0.625 0.3 0.975 1 0.5 0.6 0.975 0.275 0.675 0.025 
7712    0.4 0.4 0.2 0.6 0.4 0.4  4.388 0.075 0.05 0.65 0.575 0.35 0.65 0.75 0.375 0.275 0.65 0.8 0.175 0.85 0.625 0.3 0.45 0.1 0.5 0.925 0.5 0.625 1 0.025 
7713    0.4 0.4 0.2 0.6 0.4 0.6  3.37711 0.45 0.05 0.825 0.55 0.925 0.65 0.75 0.275 0.8 0.325 0.475 0.175 0.575 0.875 0.3 0.45 1 0.5 0.925 0.825 0.625 0.675 0.025 
7716    0.4 0.4 0.2 0.6 0.6 0.2  3.73261 0.075 0.05 0.825 0.5 0.925 0.65 0.75 0.275 0.8 0.875 0.475 0.3 0.425 0.875 0.975 0.45 1 0.5 0.925 0.825 0.625 0.675 0.025 
7717    0.4 0.4 0.2 0.6 0.6 0.4  3.38231 0.075 0.05 0.825 0.55 0.925 0.65 0.75 0.525 0.8 0.325 0.475 0.3 0.125 0.375 0.3 0.45 1 0.5 0.925 0.075 0.625 0.675 0.025 
7727    0.4 0.4 0.2 0.8 0 0.4  4.51514 0.075 0.325 0.9 0.575 0.05 0.65 0.75 0.275 0.625 0.2 0.075 0.025 0.25 0.625 0.3 0.45 0.925 0.4 0.2 0.675 0.525 0.55 0.025 
7731    0.4 0.4 0.2 0.8 0.2 0.2  4.43001 0.075 0.325 0.8 0.575 0.05 0.65 0.75 0.275 0.775 0.2 0.075 0.025 0.25 0.625 0.3 0.45 0.925 0.4 0.2 0.675 0.625 0.55 0.025 
7732    0.4 0.4 0.2 0.8 0.2 0.4  4.92876 0.075 0.05 0.175 0.575 0.35 0.65 0.125 0.25 0.275 0.65 0.8 0.175 0.125 0.625 0.3 0.45 0.1 0.5 0.475 0.65 0.625 0.675 0.025 
7733    0.4 0.4 0.2 0.8 0.2 0.6  4.29568 0.075 0.05 0.35 0.575 0.35 0.65 0.75 0.275 0.275 0.225 0.75 0.175 0.125 0.625 0.3 0.45 0.1 0.5 0.475 0.825 0.625 0.675 0.025 
7736    0.4 0.4 0.2 0.8 0.4 0.2  3.80115 0.075 0.9 0.65 0.175 0.35 0.65 0.6 0.75 0.625 0.225 0.4 0.175 0.125 0.625 0.375 0.6 0.125 0.5 0.925 0.85 0.75 0.025 0.225 
7741    0.4 0.4 0.2 0.8 0.6 0.2  3.57589 0.075 0.975 0.675 0.55 0.925 0.75 0.75 0.9 0.175 0.6 0.6 0.25 0.125 0.375 0.825 0.45 1 0.5 0.925 0.875 0.6 0.675 0.025 
7801    0.4 0.4 0.4 0.4 0 0.2  3.13125 0.075 0.2 0.525 0.575 0.275 0.65 0.75 0.275 0.425 0.575 0.8 0.85 0.25 0.625 0.3 0.45 0.925 0.4 0.925 0.775 0.625 0.6 0.025 
7802    0.4 0.4 0.4 0.4 0 0.4  3.96618 0.075 0.2 0.525 0.575 0.275 0.65 0.75 0.275 0.425 0.575 0.775 0.85 0.25 0.625 0.3 0.45 0.925 0.4 0.875 0.825 0.625 0.6 0.025 
7803    0.4 0.4 0.4 0.4 0 0.6  4.21933 0.075 0.2 0.525 0.9 0.275 0.65 0.75 0.275 0.425 0.575 0.025 0.85 0.875 0.475 0.3 0.45 0.925 0.35 0.925 0.825 0.625 0.75 0.025 
7806    0.4 0.4 0.4 0.4 0.2 0.2  4.24884 0.075 0.2 0.525 0.575 0.25 0.65 0.75 0.275 0.375 0.575 0.975 0.85 0.25 0.625 0.3 0.45 0.55 0.4 0.925 0.825 0.625 0.6 0.025 
7807    0.4 0.4 0.4 0.4 0.2 0.4  3.97339 0.075 0.2 0.525 0.575 0.35 0.65 0.75 0.475 0.425 0.575 0.525 0.85 0.25 0.625 0.3 0.45 0.925 0.4 0.925 0.775 0.625 0.6 0.025 
7808    0.4 0.4 0.4 0.4 0.2 0.6  4.70016 0.075 0.525 0.525 0.9 0.275 0.65 0.75 0.375 0.25 0.575 0.775 0.85 0.825 0.95 0.3 0.45 0.925 0.4 0.3 0.825 0.525 0.6 0.025 
7810    0.4 0.4 0.4 0.4 0.4 0  4.11918 0.075 0.2 0.875 0.575 0.425 0.475 0.75 0.55 0.2 0 0.45 0.175 0.8 0.625 0.275 0.225 0.35 0.5 0.925 0.925 0.625 0.6 0.025 
7811    0.4 0.4 0.4 0.4 0.4 0.2  4.57133 0.075 0.05 0.775 0.575 0.35 0.225 0.75 0.35 0.275 0.425 0.35 0.175 0.125 0.65 0.525 0.45 0.475 0.5 0.925 0.825 0.625 0.675 0.025 
7812    0.4 0.4 0.4 0.4 0.4 0.4  3.29406 0.075 0.425 0.95 0.575 0.9 0.5 0.3 0.3 0.1 0.575 0.8 0.925 0.25 0.625 0.3 0.45 0.2 0.4 0.925 0.825 0.625 0.6 0.025 
7815    0.4 0.4 0.4 0.4 0.6 0  4.17611 0.075 0.375 0.875 0.575 0.35 0.475 0.75 0.55 0.2 0.775 0.45 0.175 0.8 0.625 0.3 0.225 0.35 0.5 0.925 0.65 0.625 0.6 0.025 
7816    0.4 0.4 0.4 0.4 0.6 0.2  3.92404 0.075 0.2 0.9 0.9 0.975 0.975 0.15 0.275 0.025 0.575 0.1 0.85 0.75 0.475 0.3 0.575 0.925 0.4 0.875 0.825 0.25 0.75 0.1 
7817    0.4 0.4 0.4 0.4 0.6 0.4  3.87552 0.075 0.65 0.675 0.725 0.925 0.65 0.75 0.275 0.8 0.6 0.525 0.3 0.125 0.375 0.825 0.45 0.45 0.95 0.925 0.825 0.625 0.225 1 
7826    0.4 0.4 0.4 0.6 0 0.2  3.07907 0.075 0.2 0.525 0.575 0.275 0.65 0.75 0.275 0.425 0.575 0.8 0.85 0.25 0.625 0.3 0.45 0.925 0.4 0.925 0.825 0.575 0.6 0.025 
7827    0.4 0.4 0.4 0.6 0 0.4  4.5535 0.075 0.2 0.525 0.575 0.275 0.65 0.75 0.725 0.425 0.575 0.8 0.85 0.25 0.625 0.3 0.45 0.925 0.4 0.925 0.825 0.575 0.6 0.025 
7828    0.4 0.4 0.4 0.6 0 0.6  4.27964 0.075 0.2 0.575 0.9 0.275 0.975 0.75 0.275 0.45 0.575 0.1 0.85 0.875 0.475 0.3 0.45 0.925 0.4 0.925 0.825 0.625 0.75 0.1 
7830    0.4 0.4 0.4 0.6 0.2 0  4.6132 0.075 0.2 0.525 0.575 0.275 0.65 0.725 0.275 0.425 0.575 0.8 0.85 0.25 0.625 0.3 0.45 0.925 0.4 0.225 0.825 0.625 0.6 0.025 
7831    0.4 0.4 0.4 0.6 0.2 0.2  5.05381 0.075 0.05 0.825 0.55 0.35 0.65 0.75 0.275 0.65 0.225 0.8 0.175 0.125 0.625 0.525 0.45 1 0.5 0.925 0.825 0.2 0.675 0.025 
7832    0.4 0.4 0.4 0.6 0.2 0.4  4.79636 0.075 0.05 0.65 0.575 0.35 0.65 0.75 0.225 0.275 0.65 0.8 0.05 0.85 0.625 0.3 0.45 0.1 0.5 0.925 0.5 0.625 0.675 0.025 
7833    0.4 0.4 0.4 0.6 0.2 0.6  4.59739 0.075 0.075 0.8 0.9 0.275 0.925 0.575 0.275 0.425 0.45 0.6 0.85 0.175 0.575 0.3 0.45 0.925 0.4 0.8 0.175 0.625 0.6 0.025 
7835    0.4 0.4 0.4 0.6 0.4 0  4.78754 0.075 0.2 0.65 0.575 0.35 0.65 0.75 0.475 0.2 0.575 0.45 0.175 0.8 0 0.3 0.225 0.35 0.5 0.925 0.6 0.625 0.6 0.025 
7836    0.4 0.4 0.4 0.6 0.4 0.2  5.21978 0.075 0.15 0.825 0.55 0.35 0.65 0.75 0.275 0.725 0.225 0.8 0.175 0.125 0.625 0.525 0.35 1 0.5 0.925 0.825 0.625 0.675 0.025 
7837    0.4 0.4 0.4 0.6 0.4 0.4  4.34421 0.15 0.05 0.65 0.575 0.35 0.65 0.75 0.375 0.275 0.675 0.8 0.175 0.85 0.625 0.3 0.45 0.1 0.5 0.925 0.5 0.625 1 0.025 
7838    0.4 0.4 0.4 0.6 0.4 0.6  4.26244 0.075 0.425 0.575 0.9 0.275 0.975 0.75 0.275 0.45 0.575 0.1 0.85 0.875 0.475 0.3 0.45 1 0.4 0.925 0.825 0.625 0.75 0.1 
7840    0.4 0.4 0.4 0.6 0.6 0  3.99056 0.075 0.2 0.7 0.575 0.35 0.475 0.75 0.125 0.2 0.575 0.45 0.175 0.8 0.625 0.3 0.225 0.35 0.5 0.925 0.65 0.625 0.6 0.025 
7841    0.4 0.4 0.4 0.6 0.6 0.2  4.13925 0.075 0.05 0.65 0.575 0.925 0.65 0.75 0.375 0.25 0.85 0.8 0.175 0.85 0.625 0.3 0.45 0.45 0.5 0.925 0.5 0.625 1 0.025 
7842    0.4 0.4 0.4 0.6 0.6 0.4  3.30553 0.075 0.05 0.825 0.55 0.925 0.65 0.75 0.275 0.8 0.325 0.475 0.175 0.125 0.875 0.3 0.45 1 0.5 0.925 0.825 0.625 0.675 0.025 
7856    0.4 0.4 0.4 0.8 0.2 0.2  4.16609 0.075 0.05 0.65 0.55 0.35 0.65 0.75 0.275 0.275 0.225 0.8 0.075 0.875 0.625 0.9 0.45 0.1 0.5 0.925 0.725 0.9 0.675 0.025 
7857    0.4 0.4 0.4 0.8 0.2 0.4  4.47048 0.075 0.05 0.65 0.575 0.925 0.65 0.75 0.375 0.275 0.65 0.8 0.175 0.85 0.625 0.3 0.45 0.1 0.5 0.925 0.5 0.625 1 0.025 
7862    0.4 0.4 0.4 0.8 0.4 0.4  3.95044 0.075 0.05 0.825 0.55 0.35 0.65 0.75 0.275 0.425 0.825 0.8 0.175 0.175 0.625 0.3 0.45 1 0.5 0.925 0.825 0.625 0.675 0.025 
8192    0.4 0.6 0 0.4 0.6 0.4  3.58274 0.725 0.825 0.675 0.55 0.925 0.65 0.4 0.275 0.9 0.6 0.475 0.3 0.125 0.375 0.675 0.45 1 0.5 0.925 0.825 0.625 0 0.025 
8212    0.4 0.6 0 0.6 0.4 0.4  3.73921 0.075 0.95 0.825 0.55 0.725 0.65 0.65 0.275 0.65 0.1 0.475 0.175 0.55 0.875 0.2 0.45 1 0.5 0.225 0.825 0.625 0.675 0.025 
8217    0.4 0.6 0 0.6 0.6 0.4  3.67495 0.075 0.975 0.675 0.55 0.925 0.75 0.75 0.425 0.175 0.125 0.6 0.5 0.525 0.375 0.825 0.45 1 0.5 0.925 0.875 0.6 0.675 0.025 
8311    0.4 0.6 0.2 0.4 0.4 0.2  3.91892 0.1 0.675 0.9 0.9 0.975 0.975 0.15 0.275 0.025 0.575 0.1 0.85 0.75 0.475 0.3 0.575 0.925 0.4 0.925 0.825 0.25 0.75 0.1 
8312    0.4 0.6 0.2 0.4 0.4 0.4  3.00179 0.725 0.825 0.675 0.55 0.925 0.65 0.4 0.275 0.8 0.6 0.475 1 0.125 0.375 0.675 0.975 1 0.5 0.925 0.825 0.625 0.1 0.025 
8316    0.4 0.6 0.2 0.4 0.6 0.2  3.48455 0.075 0.825 0.925 0.55 0.8 0.65 0.75 0.275 0.8 0.6 0.475 0.3 0.775 0.375 0.675 0.45 1 0.525 0.925 0.1 0.625 0 0.025 
8318    0.4 0.6 0.2 0.4 0.6 0.6  3.0418 0.075 0.95 0.825 0.875 0.925 0.65 0.65 0.275 0.65 0.325 0.475 0.175 0.125 0.875 0.3 0.45 1 0.5 0.7 0.825 0.625 0.675 0.025 
8328    0.4 0.6 0.2 0.6 0 0.6  2.3303 0.075 0.325 0.8 0.575 0.05 0.65 0.75 0.275 0.425 0.2 0.075 0.025 0.25 0.625 0.3 0.45 0.925 0.4 0.925 0.675 0.625 0.55 0.025 
8332    0.4 0.6 0.2 0.6 0.2 0.4  3.77669 0.075 0.5 0.525 0.875 0.25 0.65 0.425 0.275 0.425 0.575 0.925 0.225 0.25 0.375 0.3 0.45 0.55 0.25 0.925 0.825 0.625 0.6 0.425 
8333    0.4 0.6 0.2 0.6 0.2 0.6  3.01626 0.075 0.925 0.525 0.875 0.275 0.65 0.425 0.275 0.95 0.575 0.025 0.225 0.25 0.375 0.3 0.45 0.55 0.25 0.925 0.425 0.625 0.6 0.425 
8335    0.4 0.6 0.2 0.6 0.4 0  3.24368 0.075 0.975 0.675 0.55 0.65 0.625 0.75 0.9 0.175 0.6 0.6 0.3 0.125 0.375 0.825 0.675 1 0.5 0.925 0.875 0.775 0.675 0.025 
8336    0.4 0.6 0.2 0.6 0.4 0.2  3.7173 0.1 0.675 0.9 0.9 0.975 0.975 0.15 0.275 0.025 0.575 0.1 0.075 0.75 0.475 0.3 0.575 0.925 0.4 0.925 0.825 0.25 0.75 0.1 
8337    0.4 0.6 0.2 0.6 0.4 0.4  3.74129 0.15 0.95 0.825 0.55 0.725 0.65 0.65 0.275 0.65 0.1 0.475 0.175 0.55 0.875 0.2 0.45 1 0.5 0.225 0.825 0.625 0.675 0.025 
8341    0.4 0.6 0.2 0.6 0.6 0.2  3.75418 0.075 0.975 0.675 0.55 0.925 0.75 0.825 0.275 0.175 0.6 0.6 0.3 0.125 0.375 0.825 0.45 1 0.5 0.925 0.875 0.625 0.675 0.025 
8342    0.4 0.6 0.2 0.6 0.6 0.4  3.89641 0.075 0.975 0.675 0.55 0.925 0.75 0.125 0.275 0.175 0.6 0.6 0.3 0.125 0.375 0.825 0.45 1 0.5 0.925 0.875 0.625 0.675 0.025 
8357    0.4 0.6 0.2 0.8 0.2 0.4  3.23966 0.9 0.9 0.825 0.275 0.725 0.65 0.65 0.45 1 0.1 0.475 0 0.55 0.875 0.2 0.45 1 0.5 0.225 1 0.625 0.675 0.025 
8367    0.4 0.6 0.2 0.8 0.6 0.4  3.92792 0.075 0.975 0.675 0.55 0.925 0.75 0.75 0.275 0.175 0.6 0.6 0.3 0.125 0.375 0.825 0.45 1 0.5 0.925 0.875 0.625 0.675 0.025 
8436    0.4 0.6 0.4 0.4 0.4 0.2  3.86939 0.075 0.65 0.675 0.55 0.925 0.65 0.75 0.275 0.8 0.6 0.475 0.3 0.125 0.375 0.825 0.45 0.225 0.95 0.925 0.825 0.5 0.675 0.025 
8440    0.4 0.6 0.4 0.4 0.6 0  3.25969 0.075 0.65 0.675 0.55 0.925 0.65 0.75 0.275 0.8 0.6 0.475 0.3 0.125 0.375 0.825 0.45 1 0.95 0.925 0.825 0.625 0.25 0.025 
8441    0.4 0.6 0.4 0.4 0.6 0.2  3.26701 0.075 0.675 0.9 0.9 0.975 0.975 0.15 0.275 0.025 0.575 0.1 0.85 0.75 0.475 0.3 0.575 0.925 0.4 0.925 0.825 0.25 0.75 0.1 
8452    0.4 0.6 0.4 0.6 0 0.4  4.03905 0.075 0.5 0.525 0.875 0.775 0.65 0.425 0.275 0.95 0.575 0.025 0.225 0.25 0.375 0.3 0.45 0.55 0.25 0.925 0.825 0.625 0.6 0.425 
8457    0.4 0.6 0.4 0.6 0.2 0.4  3.98872 0.075 0.025 0.65 0.575 0.35 0.65 0.75 0.275 0.425 0.375 0 0.175 0.8 0.85 0.3 0.45 0.125 0.3 0.925 0.825 0.625 0.6 0.025 
8458    0.4 0.6 0.4 0.6 0.2 0.6  3.84514 0.075 0.025 0.65 0.575 0.35 0.65 0.75 0.275 0.425 0.375 0.325 0.175 0.8 0.85 0.3 0.45 0.125 0.3 0.925 0.825 0.625 0.6 0.025 
8461    0.4 0.6 0.4 0.6 0.4 0.2  3.35765 0.075 0.65 0.675 0.55 0.925 0.65 0.75 0.275 0.8 0.6 0.475 0.3 0.125 0.375 0.825 0.45 1 0.95 0.925 0.825 0.625 0.675 0.025 
8466    0.4 0.6 0.4 0.6 0.6 0.2  3.58746 0.075 0.95 0.825 0.175 0.925 0.65 0.65 0.275 0.65 0.325 0.475 0.175 0.125 0.875 0.3 0.45 1 0.5 0.225 0.825 0.625 0.15 0.025 
9556    0.6 0 0.2 0.4 0.2 0.2  5.09266 0.075 0.2 0.525 0.575 0.275 0.25 0.75 0.275 0.425 0.525 0.775 0.85 0.25 0.625 0.3 0.45 0.925 0.4 0.925 0.825 0.625 0.6 0.025 
9557    0.6 0 0.2 0.4 0.2 0.4  4.68101 0.075 0.2 0.525 0.575 0.275 0.25 0.9 0.275 0.425 0.375 0.8 0.85 0.25 0.625 0.3 0.45 0.925 0.4 0.925 0.775 0.625 0.6 0.025 
9558    0.6 0 0.2 0.4 0.2 0.6  3.88987 0.075 0.775 1 0.725 0.275 0.4 0.75 0.05 0.6 0.575 0.8 0.85 0.25 0.625 0.3 0.45 0.925 0.4 0.575 0.825 0.625 0.6 0.025 
9561    0.6 0 0.2 0.4 0.4 0.2  4.94791 0.075 0.2 0.525 0.575 0.275 0.25 0.75 0.275 0.425 0.575 0.825 0.85 0.25 0.625 0.3 0.45 0.925 0.4 0.925 0.775 0.625 0.6 0.025 
9562    0.6 0 0.2 0.4 0.4 0.4  4.60232 0.075 0.2 0.525 0.575 0.275 0.25 0.75 0.275 0.425 0.375 0.8 0.85 0.25 0.625 0.3 0.45 0.925 0.4 0.925 0.775 0.625 0.6 0.025 
9567    0.6 0 0.2 0.4 0.6 0.4  3.56853 0.075 0.2 0.875 0.575 0.95 0.65 0.375 0.425 0.425 0 0.175 0.15 0.25 0.625 0.3 0.45 0.925 0.625 0.175 0.25 0.625 0.6 0.025 
9581    0.6 0 0.2 0.6 0.2 0.2  4.33249 0.075 0.2 0.65 0.55 0.125 0.65 0.75 0.3 0.25 0.975 0.8 0.35 0.8 0.625 0.3 0.45 0.1 0.5 0.025 0.825 0.625 0.6 0.9 
9582    0.6 0 0.2 0.6 0.2 0.4  4.28496 0.2 0.2 0.525 0.65 0.275 0.65 0 0.275 0.15 0.225 0.225 0.75 0.9 0.625 0.3 0.45 0.925 0.4 0.925 0.825 0.625 0.6 0.025 
9583    0.6 0 0.2 0.6 0.2 0.6  4.07143 0.25 0.05 0.525 0.9 0.275 0.65 0.65 0.325 0.075 0.575 0.775 0.85 0.85 0.625 0.3 0.45 0.525 0.4 0.925 0.825 0.525 0.6 0.025 
9586    0.6 0 0.2 0.6 0.4 0.2  4.18273 0.075 0.2 0.525 0.575 0.25 0.65 0.1 0.275 0.425 0.575 0.225 0.85 0.25 0.625 0.3 0.45 0.55 0.4 0.925 0.825 0.625 0.6 0.425 
9587    0.6 0 0.2 0.6 0.4 0.4  3.74728 0.075 0.05 0.65 0.6 0.925 0.65 0.75 0.275 0.425 0.225 0.125 0.625 0.125 0.625 0.3 0.45 0.9 0.5 0.925 0.825 0.675 0.675 0.025 
9607    0.6 0 0.2 0.8 0.2 0.4  3.97025 1 0.3 0.65 0.575 0.35 0.65 0.15 0.275 0.425 0.575 0.8 0.175 0.975 0.625 0.3 0.45 0.75 0.5 0.925 0.825 0.625 0.6 0.025 
9610    0.6 0 0.2 0.8 0.4 0  4.07666 0.075 0.05 0.65 0.175 0.35 0.65 0.6 0.75 0.625 0.225 0.8 0.175 0.125 0.625 0.375 0.6 0.125 0.5 0.925 0.85 0.75 0.025 0.225 
9681    0.6 0 0.4 0.4 0.2 0.2  4.13647 0.075 0.2 0.525 0.575 0.275 0.65 0.75 0.275 0.425 0.575 0.775 0.925 0.125 0.625 0.3 0.45 0.925 0.45 0.95 0.825 0.625 0.6 0.025 
9682    0.6 0 0.4 0.4 0.2 0.4  4.09522 0.075 0.2 0.65 0.8 0.2 0.65 0.75 0.275 0.25 0.575 0.8 0.35 0.8 0.625 0.3 0.45 0.45 0.5 0.925 0.825 0.625 0.6 0.9 
9686    0.6 0 0.4 0.4 0.4 0.2  4.07051 0.075 0.2 0.525 0.575 0.25 0.65 0.1 0.275 0.325 0.575 0.925 0.85 0.25 0.625 0.3 0.45 0.55 0.4 0.925 0.825 0.625 0.6 0.425 
9692    0.6 0 0.4 0.4 0.6 0.4  3.67268 0.075 0.55 0.875 0.575 0.95 0.65 0.375 0.625 0.425 0 0.175 0.15 0.25 0.625 0.3 0.45 0.925 0.625 0.175 0.25 0.65 0.6 0.025 
9702    0.6 0 0.4 0.6 0 0.4  3.78469 0.075 0.2 0.65 0.8 0.2 0.65 0.75 0.275 0.525 0.575 0.8 0.35 0.8 0.625 0.3 0.45 0.45 0.5 0.925 0.825 0.625 0.6 0.9 
9706    0.6 0 0.4 0.6 0.2 0.2  4.40908 0.075 0.35 0.475 0.575 0.35 0.425 0.75 0.275 0.425 0.575 0.675 0.175 0.8 0.625 0.3 0.45 0.55 0.5 0.925 0.825 0.625 0.6 0.025 
9707    0.6 0 0.4 0.6 0.2 0.4  4.25761 0.2 0.2 0.525 0.65 0.275 0.65 0 0.275 0.3 0.225 0.225 0.75 0.9 0.625 0.3 0.45 0.925 0.4 0.925 0.825 0.625 0.6 0.025 
9708    0.6 0 0.4 0.6 0.2 0.6  3.88943 0.075 0.65 0.65 0.575 0.35 0.65 0.75 0.275 0.425 0.6 0.8 0.075 0.125 0.625 0.375 0.45 0.1 0.5 0.925 0.825 0.625 0.675 0.025 
9711    0.6 0 0.4 0.6 0.4 0.2  4.21415 0.075 0.2 0.65 0.55 0.35 0.65 0.75 0.275 0.25 0.975 0.8 0.35 0.8 0.625 0.3 0.45 0.1 0.5 0.925 0.825 0.625 0.6 0.9 
9712    0.6 0 0.4 0.6 0.4 0.4  3.92987 0.075 0.825 0.65 0.575 0.35 0.775 0.75 0.275 0.55 0.6 0.8 0.075 0.125 0.3 0.375 0.45 0.925 0.5 0.925 0.775 0.575 0.675 0.025 
9731    0.6 0 0.4 0.8 0.2 0.2  3.7739 0.075 0.575 0.475 0.575 0.35 0.65 0.95 0.275 0.425 0.575 0.675 0.175 0.8 0.625 0.3 0.45 0.55 0.5 0.925 0.825 0.625 0.6 0.025 
9732    0.6 0 0.4 0.8 0.2 0.4  3.90713 1 0.3 0.6 0.9 0.35 0.65 0.75 0.025 0.425 0.375 0.8 0.175 0.975 0.625 0.3 0.45 0.75 0.5 0.925 0.825 0.625 0.6 0.025 
9733    0.6 0 0.4 0.8 0.2 0.6  3.85026 0.075 0.65 0.65 0.575 0.35 0.65 0.75 0.275 0.425 0.825 0.8 0.075 0.125 0.625 0.375 0.45 0.1 0.5 0.925 0.825 0.625 0.675 0.025 
9736    0.6 0 0.4 0.8 0.4 0.2  3.19056 0.075 0.95 0.825 0.55 0.925 0.65 0.75 0.275 0.8 0.325 0.475 0.175 0.125 0.875 0.3 0.45 1 0.5 0.225 0.825 0.625 0.675 0.025 
9737    0.6 0 0.4 0.8 0.4 0.4  3.84289 0.075 0.825 0.65 0.575 0.35 0.65 0.75 0.275 0.425 0.6 0.8 0.075 0.125 0.3 0.375 0.45 0.925 0.5 0.925 0.775 0.575 0.675 0.075 
9831    0.6 0 0.6 0.6 0.2 0.2  3.45312 0.075 0.2 0.5 0.575 0.35 0.65 0.75 0.275 0.425 0.575 0.8 0.175 0.8 0.625 0.3 0.45 0.925 0.4 0.925 0.825 0.625 0.375 0.025 
9832    0.6 0 0.6 0.6 0.2 0.4  2.75771 0.075 0.15 0.95 0.575 0.35 0.65 0.75 0.275 0.425 0.6 0.8 0.075 0.125 0.625 0.375 0.45 0.275 0.5 0.925 0.825 0.625 0.675 0.025 
9836    0.6 0 0.6 0.6 0.4 0.2  3.60833 0.075 0.2 0.5 0.575 0.35 0.65 0.325 0.275 0.425 0.575 0.8 0.175 0.8 0.625 0.3 0.45 0.85 0.4 0.925 0.825 0.625 0.375 0.025 
9857    0.6 0 0.6 0.8 0.2 0.4  3.88173 0.075 0.05 0.3 0.575 0.225 0.65 0.75 0.275 0.275 0.225 0.8 0.075 0.125 0.625 0.3 0.475 0.1 0.5 0.925 0.725 0.625 0.15 0.025 
10156    0.6 0.2 0.2 0.2 0.2 0.2  5.44862 0.075 0.2 0.95 0.575 0.775 0.3 0.75 0.275 0.125 0.65 0.75 0.925 0.325 0.625 0.3 0.45 0.925 0.975 0.925 0.825 0.625 0.6 0.025 
10157    0.6 0.2 0.2 0.2 0.2 0.4  4.62266 0.075 0.2 0.95 0.575 0.275 0.3 0.75 0.275 0.425 0.575 0.325 0.85 0.25 0.625 0.3 0.45 0.8 0.975 0.925 0.825 0.6 0.6 0.025 
10158    0.6 0.2 0.2 0.2 0.2 0.6  4.38717 0.075 0.2 0.95 0.9 0.775 0.3 0.75 0.275 0.125 0.575 0.75 0.925 0.25 0.625 0.3 0.45 0.925 0.975 0.925 0.825 0.625 0.6 0.025 
10161    0.6 0.2 0.2 0.2 0.4 0.2  4.95886 0.075 0.05 0.95 0.575 0.775 0.5 0.75 0.3 0.1 0.575 0.8 0.925 0.25 0.625 0.3 0.45 0.925 0.375 0.925 0.825 0.625 0.6 0.025 
10162    0.6 0.2 0.2 0.2 0.4 0.4  4.82505 0.075 0.2 0.95 0.575 0.775 0.3 0.75 0.275 0.125 0.575 0.75 0.925 0.25 0.625 0.3 0.45 0.925 0.975 0.925 0.825 0.625 0.6 0.025 
10163    0.6 0.2 0.2 0.2 0.4 0.6  3.95858 0.075 0.2 1 0.725 0.275 0.4 0.75 0.05 0.6 0.575 0.8 0.85 0.25 0.625 0.3 0.45 0.925 0.4 0.575 0.825 0.625 0.6 0.025 
10166    0.6 0.2 0.2 0.2 0.6 0.2  4.73672 0.075 0.2 0.875 0.45 0.95 0.65 0.375 0.975 0.05 0.925 0.1 0.95 0.25 0.625 0.875 0.45 0.925 0.85 0.05 0.4 0.625 0.6 0.025 
10167    0.6 0.2 0.2 0.2 0.6 0.4  4.07699 0.075 0.2 0.875 0.575 0.95 0.65 0.375 0.625 0.425 0 0.175 0.15 0.25 0.625 0.3 0.45 0.925 0.75 0.95 0.25 0.625 0.6 0.025 
10168    0.6 0.2 0.2 0.2 0.6 0.6  3.72312 0.075 0.2 0.875 0.575 0.95 0.65 0.375 0.975 0.175 0 0.175 0.95 0.25 0.7 0.3 0.45 0.925 0.4 0.925 0.25 0.625 0.55 0.625 
10177    0.6 0.2 0.2 0.4 0 0.4  4.4269 0.075 0.2 0.525 0.85 0.275 0.65 0.75 0.275 0.25 0.575 0.775 0.85 0.25 0.625 0.3 0.45 0.925 0.4 0.925 0.825 0.525 0.6 0.025 
10178    0.6 0.2 0.2 0.4 0 0.6  4.51817 0.075 0.675 0.525 0.9 0.275 0.65 0.75 0.275 0.25 0.575 0.775 0.85 0.25 0.625 0.3 0.45 0.925 0.4 0.925 0.825 0.525 0.6 0.025 
10181    0.6 0.2 0.2 0.4 0.2 0.2  5.01933 0.075 0.425 0.95 0.575 0.7 0.45 0.625 0.025 0.1 0.575 0.275 0.925 0.25 0.625 0.3 0.45 0.2 0.4 0.925 0.825 0.625 0.6 0.025 
10182    0.6 0.2 0.2 0.4 0.2 0.4  4.96778 0.275 0.2 0.55 0.975 0.275 0.65 0.625 0.275 0.275 0.55 0.6 0.85 0.25 0.625 0.325 0.45 0.95 0.4 0.925 0.825 0.275 0.6 0.025 
10183    0.6 0.2 0.2 0.4 0.2 0.6  4.69746 0.075 0.7 0.525 0.975 0.275 0.65 0.775 0.275 0.425 0.575 0.6 0.625 0.25 0.125 0.3 0.45 0.925 0.4 0.925 0.825 0.625 0.05 0.025 
10185    0.6 0.2 0.2 0.4 0.4 0  4.33198 0.225 0.2 0.65 0.575 0.275 0.65 0.75 0.275 0.425 0.575 0.475 0.925 0.25 0.15 0.3 0.45 0.925 0.45 0.925 0.825 0.975 0.6 0.025 
10186    0.6 0.2 0.2 0.4 0.4 0.2  4.94289 0.025 0.05 0.775 0.575 0.35 0.225 0.75 0.35 0.275 0.425 0.125 0.125 0.125 0.65 0.475 0.45 0.475 0.5 0.925 0.825 0.625 0.675 0.075 
10187    0.6 0.2 0.2 0.4 0.4 0.4  4.95985 0.075 0.05 0.775 0.575 0.35 0.225 0.425 0.35 0.275 0.025 0.125 0.175 0.125 0.65 0.475 0.45 0.475 0.5 0.925 0.825 0.625 0.675 0.025 
10188    0.6 0.2 0.2 0.4 0.4 0.6  4.15059 0.075 0.05 0.65 0.675 0.35 0.65 0.75 0.275 0.425 0.225 0.8 0.725 0.125 0.625 0.3 0.45 1 0.5 0.6 0.825 0.275 0.675 0.025 
10191    0.6 0.2 0.2 0.4 0.6 0.2  4.89404 0.025 0.05 0.775 0.575 0.35 0.225 0.75 0.55 0.275 0.425 0.125 0.125 0.125 0.65 0.475 0.45 0.475 0.55 0.925 0.825 0.625 0.675 0.075 
10192    0.6 0.2 0.2 0.4 0.6 0.4  4.01576 0.075 0.2 0.875 0.575 0.95 0.65 0.375 0.625 0.425 0 0.175 0.15 0.25 0.625 0.3 0.45 0.925 0.625 0.175 0.25 0.625 0.6 0.025 
10193    0.6 0.2 0.2 0.4 0.6 0.6  4.13856 0.2 0.2 0.875 0.575 0.95 0.65 0.375 0.8 0.425 0 0.175 0.95 0.25 0.7 0.3 0.45 0.925 0.4 0.925 0.25 0.625 0.6 0.625 
10202    0.6 0.2 0.2 0.6 0 0.4  4.34792 0.075 0.525 0.525 0.9 0.275 0.65 0.75 0.375 0.25 0.475 0.775 0.85 0.25 0.1 0.3 0.45 0.925 0.4 0.925 0.825 0.525 0.6 0.025 
10203    0.6 0.2 0.2 0.6 0 0.6  4.1191 0.075 0.2 0.525 0.9 0.275 0.65 0.65 0.325 0.25 0.575 0.775 0.85 0.25 0.625 0.3 0.45 0.525 0.4 0.825 0.825 0.525 0.6 0.025 
10206    0.6 0.2 0.2 0.6 0.2 0.2  4.81034 0.075 0.6 0.65 0.575 0.35 0.475 0.75 0.475 0.2 0.575 0.45 0.175 0.8 0.625 0.3 0.225 0.475 0.5 0.925 0.65 0.625 0.6 0.025 
10207    0.6 0.2 0.2 0.6 0.2 0.4  4.90783 1 0.2 0.925 0.575 0.35 0.65 0.75 0.275 0.425 0.575 0.8 0.175 0.875 0.25 0.3 0.45 0.75 0.5 0.925 0.825 0.625 0.6 0.625 
10208    0.6 0.2 0.2 0.6 0.2 0.6  4.35622 0.075 0.325 0.8 0.575 0.05 0.65 0.75 0.275 0.1 0.2 0.075 0.025 0.25 0.625 0.3 0.45 0.075 0.4 0.2 0.675 0.625 0.55 0.025 
10211    0.6 0.2 0.2 0.6 0.4 0.2  5.25054 0.075 0.075 0.875 0.175 0.45 0.85 0.625 0.975 0.125 0.9 0.175 0.95 0.8 0.625 0.45 0.45 0.925 0.4 0.925 0.25 0.625 0.6 0.025 
10212    0.6 0.2 0.2 0.6 0.4 0.4  5.27813 1 0.2 0.925 0.575 0.35 0.65 0.95 0.275 0.175 0.575 0.8 0.175 0.875 0.25 0.3 0.45 0.75 0.5 0.925 0.825 0.625 0.6 0.625 
10213    0.6 0.2 0.2 0.6 0.4 0.6  4.15827 1 0.2 0.925 0.575 0.35 0.65 0.75 0.275 0.425 0.575 0.8 0.175 0.975 0.9 0.3 0.45 0.75 0.5 0.775 0.825 0.625 0.6 0.025 
10215    0.6 0.2 0.2 0.6 0.6 0  3.63334 0.075 0.6 0.65 0.575 0.35 0.475 0.5 0.25 0.2 0.575 0.45 0.175 0.8 0 0.3 0.225 0.35 0.525 0.925 0.65 0.625 0.6 0.025 
10216    0.6 0.2 0.2 0.6 0.6 0.2  3.95785 0.075 0.6 0.65 0.55 0.35 0.475 0.5 0.475 0.2 0.575 0.45 0.175 0.8 0.625 0.3 0.225 0.35 0.525 0.925 0.65 0.625 0.6 0.025 
10217    0.6 0.2 0.2 0.6 0.6 0.4  3.56638 0.075 0.05 0.675 0.55 0.925 0.65 0.75 0.275 0.8 0.6 0.475 0.3 0.125 0.375 0.825 0.45 1 0.5 0.925 0.825 0.625 0.675 0.025 
10231    0.6 0.2 0.2 0.8 0.2 0.2  4.35952 0.075 0.05 0.65 0.35 0.35 0.725 0.75 0.275 0.275 0.225 0.8 0.375 0.125 0.625 0.9 0.45 0.1 0.5 0.925 0.725 0.625 0.675 0.025 
10232    0.6 0.2 0.2 0.8 0.2 0.4  4.21177 0.025 0.05 0.175 0.575 0.35 0.65 0.125 0.25 0.275 0.175 0.8 0.175 0.125 0.625 0.3 0.45 0.1 0.5 0.475 0.4 0.625 0.675 0.025 
10233    0.6 0.2 0.2 0.8 0.2 0.6  3.75013 0.075 0.05 0.65 0.575 0.35 0.65 0.75 0.35 0.275 0.15 0.6 0.175 0.125 0.65 0.3 0.45 0.1 0.5 0.475 0.825 0.625 0.675 0.025 
10235    0.6 0.2 0.2 0.8 0.4 0  4.39281 0.075 0.45 0.65 0.175 0.35 0.65 0.6 0.75 0.625 0.225 0.4 0.175 0.125 0.625 0.375 0.6 0.125 0.5 0.925 0.85 0.675 0.025 0.225 
10236    0.6 0.2 0.2 0.8 0.4 0.2  4.25849 0.075 0.45 0.65 0.175 0.35 0.65 0.6 0.75 0.625 0.65 0.4 0.175 0.125 0.625 0.375 0.6 0.125 0.5 0.925 0.85 0.75 0.025 0.225 
10286    0.6 0.2 0.4 0.2 0.4 0.2  4.55156 0.075 0.05 0.95 0.575 0.775 0.5 0.75 0.3 0.1 0.575 0.8 0.65 0.25 0.625 0.3 0.45 0.925 0.375 0.925 0.825 0.625 0.6 0.025 
10287    0.6 0.2 0.4 0.2 0.4 0.4  3.64149 0.075 0 0.575 0.9 0.275 0.65 0.65 0.325 0.175 0.575 0.975 0.85 0.25 0.625 0.3 0.45 0.525 0.4 0.925 0.825 0.525 0.6 0.525 
10288    0.6 0.2 0.4 0.2 0.4 0.6  3.49421 0.075 0 0.45 0.825 0.275 0.65 0.65 0.325 0.175 0.575 0.975 0.625 0.25 0.625 0.3 0.45 0.525 0.4 0.925 0.825 0.525 0.6 0.525 
10291    0.6 0.2 0.4 0.2 0.6 0.2  4.264 0.075 0.2 0.875 0.45 0.95 0.65 0.375 0.975 0.2 0.925 0.1 0.95 0.25 0.625 0.875 0.45 0.925 0.85 0.05 0.4 0.625 0.6 0.025 
10292    0.6 0.2 0.4 0.2 0.6 0.4  3.21628 0.075 0.2 0.875 0.175 0.95 0.85 0.05 0.975 0.425 0 0.175 0.95 1 0.725 0.3 0.45 0.925 0.275 0.925 0.25 0.625 0.6 0.025 
10301    0.6 0.2 0.4 0.4 0 0.2  4.31062 0.075 0.2 0.525 0.575 0.275 0.7 0.75 0.275 0.425 0.575 0 0.925 0.25 0.625 0.3 0.45 0.925 0.45 0.925 0.825 0.625 0.6 0.025 
10302    0.6 0.2 0.4 0.4 0 0.4  4.23038 0.075 0.525 0.525 0.9 0.275 0.65 0.75 0.375 0.25 0.525 0.775 0.85 0.25 0.1 0.3 0.45 0.925 0.4 0.925 0.825 0.525 0.6 0.025 
10303    0.6 0.2 0.4 0.4 0 0.6  4.00153 0.075 0.4 0.525 0.875 0.25 0.65 0.425 0.275 0.425 0.575 0.925 0.225 0.25 0.625 0.3 0.45 0.55 0.25 0.925 0.825 0.625 0.6 0.425 
10306    0.6 0.2 0.4 0.4 0.2 0.2  4.68803 0.25 0.2 0.35 0.575 0.275 0.65 0.75 0.275 0.3 0.575 0.6 0.85 0.25 0.625 0.3 0.8 0.925 0.4 0.925 0.825 0.625 0.6 0.025 
10307    0.6 0.2 0.4 0.4 0.2 0.4  4.75135 0.2 0.2 0.525 0.575 0.275 0.65 0.425 0.275 0.275 0.575 0.6 0.85 0.25 0.625 0.325 0.45 0.925 0.4 0.925 0.825 0.275 0.6 0.025 
10308    0.6 0.2 0.4 0.4 0.2 0.6  4.30523 0.075 0.2 0.525 0.875 0.275 0.65 0 0.275 0.3 0.05 0.225 0.85 0.9 0.625 0.3 0.45 0.925 0.4 0.925 0.825 0.625 0.6 0.025 
10310    0.6 0.2 0.4 0.4 0.4 0  3.496 0.075 0.05 0.65 0.675 0.35 0.65 0.75 0.275 0.425 0.225 0.125 0.625 0.125 0.625 0.3 0.15 1 0.5 0.925 0.95 0.675 0.675 0.025 
10311    0.6 0.2 0.4 0.4 0.4 0.2  4.49997 0.075 0.2 0.875 0.575 0.95 0.65 0.375 0.975 0.05 0.925 0.1 0.95 0.25 0.625 0.875 0.45 0.925 0.4 0.05 0.4 0.625 0.6 0.025 
10312    0.6 0.2 0.4 0.4 0.4 0.4  4.58791 0.075 0.05 0.775 0.575 0.35 0.65 0.75 0.35 0.275 0.425 0.125 0.175 0.125 0.65 0.475 0.45 0.475 0.5 0.925 0.825 0.025 0.675 0.15 
10313    0.6 0.2 0.4 0.4 0.4 0.6  4.59083 0.25 0.525 0.525 0.9 0.85 0.65 0.65 0.325 0.075 0.575 0.775 0.85 0.85 0.625 0.3 0.45 0.525 0.4 0.925 0.825 0.525 0.6 0.025 
10315    0.6 0.2 0.4 0.4 0.6 0  4.10851 0.075 0.2 0.7 0.575 0.35 0.475 0.75 0.125 0.2 0.575 0.45 0.3 0.8 0.625 0.3 0.225 0.35 0.5 0.925 0.65 0.625 0.6 0.025 
10316    0.6 0.2 0.4 0.4 0.6 0.2  4.62534 0.075 0.2 0.875 0.45 0.95 0.65 0.375 0.975 0.05 0.925 0.1 0.95 0.25 0.6 0.875 0.45 0.925 0.4 0.05 0.4 0.625 0.6 0.025 
10317    0.6 0.2 0.4 0.4 0.6 0.4  3.51164 0.075 0.2 0.875 0.575 0.95 0.65 0.375 0.25 0.425 0 0.175 0.95 0.25 0.7 0.3 0.45 0.925 0.4 0.925 0.25 0.625 0.6 0.025 
10326    0.6 0.2 0.4 0.6 0 0.2  3.73922 0.075 0.2 0.525 0.575 0.25 0.65 0.75 0.275 0.375 0.575 0.975 0.85 0.25 0.625 0.3 0.45 0.55 0.4 0.925 0.825 0.625 0.25 0.025 
10327    0.6 0.2 0.4 0.6 0 0.4  4.16749 0.075 0.2 0.6 0.95 0.1 0.8 0.75 0.275 0.425 0.575 0.2 0.825 0.25 0.625 0.3 0.45 0.1 0.4 0.925 0.825 0.55 0.725 0.025 
10328    0.6 0.2 0.4 0.6 0 0.6  4.41656 0.25 0.05 0.525 0.9 0.275 0.65 0.65 0.325 0.25 0.575 0.775 0.85 0.25 0.625 0.3 0.45 0.525 0.4 0.925 0.825 0.525 0.6 0.025 
10331    0.6 0.2 0.4 0.6 0.2 0.2  4.61727 0.275 0.2 0.55 0.975 0.275 0.65 0.75 0.275 0.275 0.55 0.6 0.85 0.25 0.625 0.325 0.45 0.95 0.4 0.925 0.825 0.275 0.6 0.025 
10332    0.6 0.2 0.4 0.6 0.2 0.4  5.06214 0.275 0.2 0.55 0.975 0.275 0.65 0.625 0.025 0.275 0.55 0.6 0.85 0.25 0.625 0.325 0.45 0.95 0.4 0.925 0.825 0.275 0.575 0.025 
10333    0.6 0.2 0.4 0.6 0.2 0.6  4.49782 0.25 0.05 0.525 0.9 0.275 0.65 0.65 0.325 0.075 0.575 0.775 0.85 0.25 0.625 0.3 0.45 0.525 0.4 0.925 0.825 0.525 0.6 0.025 
10335    0.6 0.2 0.4 0.6 0.4 0  4.928 0.075 0.2 0.65 0.575 0.35 0.65 0.75 0.475 0.2 0.575 0.45 0.175 0.8 0.725 0.875 0.7 0.35 0.5 0.925 0.6 0.625 0.6 0.025 
10336    0.6 0.2 0.4 0.6 0.4 0.2  4.84864 0.075 0.2 0.65 0.575 0.35 0.65 0.75 0.475 0.2 0.575 0.45 0.175 0.8 0.725 0.875 0.625 0.35 0.5 0.925 0.6 0.625 0.6 0.025 
10337    0.6 0.2 0.4 0.6 0.4 0.4  4.32602 0.075 0.2 0.65 0.8 0.275 0.65 0.75 0.275 0.25 0.575 0.8 0.35 0.8 0.625 0.3 0.45 0.45 0.5 0.925 0.825 0.625 0.6 0.9 
10338    0.6 0.2 0.4 0.6 0.4 0.6  3.71114 0.375 0.2 0.525 0.875 0.275 0.65 0.75 0.275 0.3 0.05 0.225 0.675 0.925 0.625 0.3 0.45 0.925 0.4 0.925 0.825 0.625 0.2 0.025 
10340    0.6 0.2 0.4 0.6 0.6 0  3.93634 0.075 0.2 0.65 0.575 0.35 0.65 0.75 0.475 0.2 0.575 0.45 0.175 0.8 0.725 0.375 0.225 0.35 0.525 0.925 0.65 0.625 0.6 0.025 
10341    0.6 0.2 0.4 0.6 0.6 0.2  4.01738 0.075 0.05 0.775 0.575 0.35 0.65 0.75 0.35 0.275 0.65 0.125 0.175 0.125 0.65 0.475 0.45 0.475 0.5 0.875 0.825 0.625 0.675 0.025 
10342    0.6 0.2 0.4 0.6 0.6 0.4  3.94299 0.075 0.05 0.775 0.575 0.35 0.65 0.75 0.35 0.3 0.65 0.125 0.175 0.125 0.65 0.475 0.45 0.375 0.5 0.925 0.825 0.625 0.675 0.025 
10343    0.6 0.2 0.4 0.6 0.6 0.6  2.30975 0.075 0.95 0.825 0.875 0.925 0.65 0.65 0.275 0.65 0.325 0.475 0.175 0.125 0.875 0.3 0.45 1 0.5 0.9 0.825 0.625 0.675 0.025 
10351    0.6 0.2 0.4 0.8 0 0.2  2.58568 0.075 0.2 0.65 0.575 0.35 0.65 0.925 0.275 0.425 0.575 0.8 0.175 0.8 0.775 0.3 0.45 0.55 0.475 0.925 0.825 0.625 0.6 0.025 
10356    0.6 0.2 0.4 0.8 0.2 0.2  4.82295 0.075 0.05 0.65 0.675 0.35 0.65 0.5 0.275 0.275 0.225 0.8 0.075 0.125 0.625 0.3 0.975 0.1 0.5 0.75 0.725 0.625 0.15 0.025 
10357    0.6 0.2 0.4 0.8 0.2 0.4  4.80827 0.075 0.05 0.65 0.575 0.95 0.65 0.75 0.275 0.275 0.225 0.8 0.075 0.125 0.625 0.9 0.45 0.1 0.5 0.925 0.725 0.325 0.6 0.025 
10358    0.6 0.2 0.4 0.8 0.2 0.6  4.42382 0.075 0.05 0.65 0.875 0.35 0.725 0.925 0.275 0.275 0.225 0.8 0.375 0.125 0.625 0.9 0.45 0.1 0.5 0.925 0.725 0.625 0.675 0.025 
10360    0.6 0.2 0.4 0.8 0.4 0  4.1055 0.075 0.05 0.65 0.175 0.35 0.65 0.6 0.75 0.625 0.225 0.8 0.175 0.125 0.625 0.375 0.025 0.125 0.5 0.925 0.85 0.75 0.025 0.225 
10361    0.6 0.2 0.4 0.8 0.4 0.2  4.65297 0.075 0.05 0.65 0.575 0.35 0.65 0.8 0.275 0.275 0.225 0.8 0.075 0.125 0.05 0.3 0.45 0.95 0.5 0.925 0.725 0.625 0.825 0.025 
10362    0.6 0.2 0.4 0.8 0.4 0.4  4.03799 0.075 0.05 0.65 0.575 0.35 0.65 0.95 0.275 0.275 0.225 0.8 0.075 0.125 0.05 0.3 0.45 0.3 0.5 0.925 0.725 0.625 0.675 0.025 
10367    0.6 0.2 0.4 0.8 0.6 0.4  3.64686 0.075 0.05 0.825 0.55 0.925 0.65 0.75 0.275 0.8 0.325 0.475 0.175 0.125 0.875 0.3 0.45 1 0.5 0.225 0.825 0.625 0.675 0.025 
10440    0.6 0.2 0.6 0.4 0.6 0  3.07878 0.075 0.05 0.65 0.675 0.35 0.65 0.75 0.275 0.425 0.225 0.125 0.625 0.125 0.625 0.3 0.15 1 0.5 0.925 0.95 0.675 0.675 0.1 
10455    0.6 0.2 0.6 0.6 0.2 0  3.27761 0.075 0.45 0.325 0.575 0.35 0.65 0.75 0.475 0.2 0.575 0.45 0.175 0.8 0.725 0.3 0.225 0.35 0.5 0.925 0.65 0.5 0.6 0.025 
10456    0.6 0.2 0.6 0.6 0.2 0.2  4.00611 0.075 0.125 0.6 0.175 0.35 0.65 0.75 0.175 0.625 0.85 0.85 0.175 0.125 0.625 0.375 0.75 0.125 0.5 0.925 0.825 0.75 0.025 0.025 
10457    0.6 0.2 0.6 0.6 0.2 0.4  3.51223 0.075 0.2 0.65 0.575 0.35 0.65 0.75 0.275 0.425 0.375 0.8 0.175 0.8 0.625 0.3 0.45 0.125 0.3 0.925 0.825 0.625 0.6 0.025 
10458    0.6 0.2 0.6 0.6 0.2 0.6  2.98844 0.075 0.15 0.95 0.575 0.35 0.65 0.75 0.275 0.425 0.25 0.8 0.075 0.125 0.625 0.375 0.45 0.35 0.5 0.925 0.825 0.625 0.675 0.025 
10460    0.6 0.2 0.6 0.6 0.4 0  3.87191 0.075 0.05 0.65 0.175 0.35 0.65 0.6 0.275 0.625 0.225 0.625 0.175 0.125 0.625 0.375 0.75 0.125 0.5 0.925 0.825 0.75 0.025 0.025 
10461    0.6 0.2 0.6 0.6 0.4 0.2  4.1162 0.075 0.05 0.65 0.175 0.35 0.65 0.6 0.275 0.625 0.225 0.8 0.175 0.125 0.625 0.375 0.025 0.125 0.5 0.925 0.825 0.75 0.025 0.025 
10462    0.6 0.2 0.6 0.6 0.4 0.4  3.74385 0.075 0.05 0.95 0.95 0.35 0.65 0.75 0.15 0.8 0.225 0.8 0.175 0.125 0.625 0.3 0.45 1 0.5 0.925 0.825 0.625 0.675 0.025 
10481    0.6 0.2 0.6 0.8 0.2 0.2  3.33012 0.075 0.05 0.65 0.175 0.35 0.65 0.75 0.275 0.625 0.225 0.8 0.175 0.125 0.625 0.375 0.75 0.125 0.375 0.925 0.825 0.75 0.025 0.025 
10482    0.6 0.2 0.6 0.8 0.2 0.4  3.82685 0.075 0.05 0.825 0.55 0.35 0.65 0.75 0.275 0.425 0.225 0.85 0.175 0.125 0.625 0.3 0.45 1 0.5 0.925 0.825 0.625 0.675 0.025 
10487    0.6 0.2 0.6 0.8 0.4 0.4  3.98613 0.075 0.05 0.3 0.575 0.225 0.65 0.75 0.275 0.275 0.225 0.95 0.075 0.125 0.625 0.3 0.475 0.1 0.5 0.925 0.725 0.625 0.15 0.025 
10662    0.6 0.4 0 0.2 0.4 0.4  1.88476 0.1 0.2 0.875 0.575 0.95 0.65 0.925 0.975 0.425 0 0.175 0.95 1 0.625 0.275 0.45 0.375 0.4 0.925 0.25 0.625 0.55 0.025 
10663    0.6 0.4 0 0.2 0.4 0.6  2.0561 0.1 0.2 0.875 0.575 0.95 0.65 0.925 0.975 0.425 0 0.175 0.95 1 0.625 0.275 0.45 0.375 0.4 0.925 0.25 0.625 0.575 0.025 
10667    0.6 0.4 0 0.2 0.6 0.4  1.78724 0.1 0.2 0.875 0.575 0.85 0.65 0.925 0.975 0.425 0 0.175 0.95 1 0.625 0.35 0.45 0.375 0.4 0.925 0.25 0.625 0.575 0.025 
10682    0.6 0.4 0 0.4 0.2 0.4  3.66814 0.075 0.2 0.95 0.575 0.775 0.5 0.75 0.275 0.7 0.575 0.8 0.925 0.25 0.5 0.3 0.45 0.925 0.4 0.925 0.175 0.625 0.6 0.025 
10687    0.6 0.4 0 0.4 0.4 0.4  3.58627 0.075 0.2 0.95 0.575 0.775 0.625 0.75 0.275 0.425 0.575 0.8 0.925 0.25 0.625 0.3 0.45 0.925 0.4 0.925 0.425 0.625 0.6 0.025 
10688    0.6 0.4 0 0.4 0.4 0.6  3.11857 0.1 0.2 0.875 0.575 0.95 0.65 0.925 0.975 0.425 0 0.175 0.95 1 0.625 0.275 0.45 0.375 0.4 0.925 0.25 0.625 0.875 0.025 
10692    0.6 0.4 0 0.4 0.6 0.4  3.89809 0.075 0.075 0.875 0.175 0.95 0.85 0.625 0.975 0.425 0 0.175 0.95 0.425 0.625 0.45 0.45 0.925 0.4 0.925 0.25 0.625 0.6 0.1 
10707    0.6 0.4 0 0.6 0.2 0.4  3.32222 0.075 0.95 0.825 0.55 0.675 0.65 0.65 0.275 0.975 0.325 0.475 0.175 0.55 0.875 0.3 0.45 1 0.5 0.225 0.825 0.625 0.8 0.025 
10708    0.6 0.4 0 0.6 0.2 0.6  3.48981 0.075 0.95 0.825 0.55 0.675 0.65 0.65 0.275 0.65 0.1 0.475 0.175 0.55 0.875 0.2 0.45 1 0.5 0.225 1 0.625 0.325 0.025 
10712    0.6 0.4 0 0.6 0.4 0.4  3.86087 0.075 0.95 0.825 0.55 0.675 0.65 0.65 0.275 0.65 0.325 0.475 0.175 0.425 0.875 0.3 0.45 1 0.5 0.225 0.5 0.625 0.8 0.025 
10713    0.6 0.4 0 0.6 0.4 0.6  3.49694 0.075 0.075 0.8 0.9 0.275 0.925 0.575 0.75 0.425 0.375 0.175 0.85 0.175 0.575 0.3 0.45 0.7 0.4 0.8 0.175 0.625 0.6 0.025 
10717    0.6 0.4 0 0.6 0.6 0.4  3.23683 0.375 0.05 0.825 0.55 0.925 0.55 0.75 0.425 0.8 0.325 0.475 0.175 0.125 0.875 0.3 0.45 1 0.5 0.925 0.825 0.625 0.675 0.025 
10718    0.6 0.4 0 0.6 0.6 0.6  2.97264 0.075 0.95 0.825 0.55 0.925 0.65 0.65 0.275 0.65 0.325 0.475 0.325 0.55 0.875 0.3 0.45 1 0.5 0.225 0.825 0.55 0.65 0.025 
10781    0.6 0.4 0.2 0.2 0.2 0.2  4.6568 0.075 0.05 0.95 0.575 0.775 0.5 0.75 0.675 0.425 0.875 0.8 0.925 0.25 0.625 0.3 0.45 0.925 0.4 0.925 0.825 0.625 0.75 0.025 
10782    0.6 0.4 0.2 0.2 0.2 0.4  4.92823 0.075 0.2 0.95 0.575 0.45 0.3 0.95 0.425 0.425 0.575 0.05 0.85 0.25 0.625 0.3 0.45 0.8 0.975 0.925 0.825 0.6 0.6 0.025 
10783    0.6 0.4 0.2 0.2 0.2 0.6  3.01251 0.075 0.05 0.775 0.575 0.35 0.225 0.425 0.025 0.275 0.025 0.125 0.15 0.35 0.65 0.475 0.45 0.475 0.5 0.85 0.825 0.625 0.675 0.025 
10786    0.6 0.4 0.2 0.2 0.4 0.2  4.4736 0.075 0.2 0.95 0.575 0.775 0.625 0.75 0.275 0.425 0.575 0.8 0.925 0.25 0.625 0.3 0.45 0.925 0.4 0.925 0.825 0.625 0.6 0.025 
10787    0.6 0.4 0.2 0.2 0.4 0.4  4.28258 0.075 0.2 0.95 0.575 0.775 0.3 0.75 0.275 0.425 0.575 0.8 0.925 0.25 0.625 0.3 0.45 0.925 0.975 0.925 0.825 0.625 0.6 0.025 
10788    0.6 0.4 0.2 0.2 0.4 0.6  3.87509 0.075 0.2 0.95 0.85 0.95 0.3 0.75 0.275 0.425 0.65 0.8 0.85 0.25 0.625 0.3 0.45 0.8 0.4 0.925 0.825 0.625 0.425 0.1 
10791    0.6 0.4 0.2 0.2 0.6 0.2  3.78042 0.075 0.2 0.875 0.85 0.95 0.65 0.375 0.975 0.05 0.925 0.1 0.95 0.25 0.625 0.875 0.45 0.925 0.85 0.05 0.4 0.625 0.525 0.025 
10792    0.6 0.4 0.2 0.2 0.6 0.4  3.47897 0.125 0.2 0.875 0.575 0.95 0.65 0.375 0.975 0.425 0.55 0.1 0.95 0.25 0.625 0.3 0.45 0.925 0.25 0.925 0.25 0.625 0.6 1 
10802    0.6 0.4 0.2 0.4 0 0.4  4.0096 0.05 0.2 0.925 0.775 0.1 0.725 0.425 0.275 0.425 0.575 0.2 0.85 0.25 0.625 0.3 0.45 0.775 0.4 0.975 0.825 0.625 0.725 0.05 
10803    0.6 0.4 0.2 0.4 0 0.6  3.45211 0.025 0.2 0.525 0.9 0.275 0.65 0.725 0.275 0.3 0.45 0.525 0.8 0.25 0.6 0.3 0.45 0.925 0.4 0.925 0.825 0.625 0.6 0.025 
10806    0.6 0.4 0.2 0.4 0.2 0.2  4.67754 0.075 0.2 0.95 0.575 0.775 0.5 0.75 0.275 0.425 0.575 0.8 0.925 0.25 0.625 0.3 0.45 0.925 0.4 0.925 0.825 0.625 0.6 0.025 
10807    0.6 0.4 0.2 0.4 0.2 0.4  4.78218 0.075 0.2 0.95 0.575 0.775 0.3 1 0.275 0 0.575 0.925 0.225 0.25 0.625 0.95 0.45 0.925 0.4 0.925 0.875 0.625 0.6 0.025 
10808    0.6 0.4 0.2 0.4 0.2 0.6  4.42165 0.075 0.075 0.95 0.95 0.275 0.3 0.75 0.275 0.425 0.55 0.325 0.85 0.25 0.625 0.3 0.45 0.85 0.975 0.925 0.825 0.6 0.175 0.025 
10810    0.6 0.4 0.2 0.4 0.4 0  4.27029 0.075 0.075 0.875 0.175 0.8 0.85 0.625 0.975 0.425 0 0.525 0.95 0.8 0.625 0.45 0.075 1 0.4 0.925 0.25 0.625 0.6 0.025 
10811    0.6 0.4 0.2 0.4 0.4 0.2  4.62367 0.075 0.05 0.95 0.575 0.9 0.5 0.75 0.3 0.1 0.575 0.8 0.925 0.25 0.625 0.3 0.45 0.2 0.4 0.925 0.825 0.625 0.6 0.025 
10812    0.6 0.4 0.2 0.4 0.4 0.4  4.2285 0.075 0.2 0.925 0.775 0.1 0.725 0.425 0.275 0.425 0.575 0.2 0.85 0.25 0.625 0.3 0.95 0.775 0.4 0.975 0.95 0.625 0.725 0.05 
10813    0.6 0.4 0.2 0.4 0.4 0.6  3.79914 0.075 0.425 0.9 0.9 0.425 0.975 0.75 0.275 0.45 0.575 0.1 0.85 0.4 0.475 0.3 0.45 1 0.4 0.925 0.825 0.625 0.75 0.575 
10816    0.6 0.4 0.2 0.4 0.6 0.2  3.94282 0.075 0.075 0.875 0.175 0.8 0.85 0.625 0.975 0.425 0 0.175 0.95 0.8 0.6 0.45 0.075 0.925 1 0.925 0.25 0.625 0.6 0.025 
10817    0.6 0.4 0.2 0.4 0.6 0.4  3.81475 0.125 0.2 0.875 0.575 0.95 0.65 0.375 0.975 0.425 0.55 0.1 0.95 0.25 0.625 0.3 0.45 0.925 0.375 0.925 0.25 0.625 0.6 0.025 
10818    0.6 0.4 0.2 0.4 0.6 0.6  2.98508 0.075 0.2 0.875 0.575 0.95 0.65 0.375 0.975 0.425 0 0.175 0.95 0.25 0.625 0.3 0.45 0.925 0.4 0.925 0.25 0.625 0.6 0.025 
10827    0.6 0.4 0.2 0.6 0 0.4  3.35102 0.075 0.2 0.65 0.775 0.1 0.725 0.75 0.275 0.425 0.575 0.2 0.85 0.25 0.625 0.3 0.45 0.775 0.4 0.925 0.825 0.625 0.725 0.025 
10828    0.6 0.4 0.2 0.6 0 0.6  4.00765 0.075 0.2 0.925 0.775 0.1 0.725 0.425 0.275 0.425 0.575 0.2 0.85 0.25 0.625 0.3 0.45 0.775 0.4 0.975 0.825 0.625 0.725 0.05 
10831    0.6 0.4 0.2 0.6 0.2 0.2  5.16323 0.075 0.05 0.825 0.55 0.35 0.65 0.75 0.275 0.65 0.225 0.8 0.175 0.125 0.625 0.525 0.45 1 0.5 0.925 0.825 0.775 0.675 0.025 
10832    0.6 0.4 0.2 0.6 0.2 0.4  4.95399 0.075 0.05 0.925 0.525 0.35 0.65 0.75 0.5 0.275 0.65 0.75 0.175 0.85 0.625 0.3 0.45 0.1 0.5 0.925 0.5 0.625 0.675 0.525 
10833    0.6 0.4 0.2 0.6 0.2 0.6  4.62463 0.075 0.05 0.65 0.8 0.55 0.65 0.1 0.225 0.275 0.65 0.8 0.175 0.85 0.625 0.3 0.45 0.1 0.5 0.925 0.5 0.675 0.675 0.025 
10835    0.6 0.4 0.2 0.6 0.4 0  3.78016 0.075 0.6 0.65 0.575 0.35 0.475 0.75 0.475 0.2 0.575 0.45 0.175 0.8 0.625 0.3 0.225 0.35 0.5 0.925 0.65 0.625 0.6 0.025 
10836    0.6 0.4 0.2 0.6 0.4 0.2  4.60315 0.075 0.05 0.65 0.575 0.35 0.65 0.75 0.275 0.275 0.225 0.825 0.525 0.125 0.825 0.225 0.45 0.1 0.5 0.925 0.925 0.625 0.175 0.1 
10837    0.6 0.4 0.2 0.6 0.4 0.4  4.16766 0.075 0.05 0.65 0.675 0.35 0.65 0.75 0.275 0.425 0.225 0.8 0.375 0.125 0.625 0.3 0.3 1 0.5 0.6 0.825 0.275 0.675 0.025 
10838    0.6 0.4 0.2 0.6 0.4 0.6  3.75206 0.075 0.05 0.65 0.675 0.35 0.65 0.75 0.275 0.425 0.225 0.8 0.375 0.125 0.625 0.3 0.45 1 0.5 0.6 0.825 0.275 0.675 0.025 
10841    0.6 0.4 0.2 0.6 0.6 0.2  3.34842 0.075 0.975 0.675 0.55 0.925 0.75 0.75 0.9 0.175 0.6 0.6 0.3 0.125 0.375 0.825 0.45 1 0.5 0.925 0.875 0.6 0.675 0.025 
10842    0.6 0.4 0.2 0.6 0.6 0.4  3.58393 0.075 0.425 0.9 0.9 0.425 0.975 0.1 0.425 0.45 0.575 0.1 0.85 0.4 0.475 0.3 0.45 1 0.4 0.675 0.825 0.625 0.75 0.575 
10843    0.6 0.4 0.2 0.6 0.6 0.6  3.47577 0.075 0.425 0.9 0.9 0.425 0.975 0.75 0.275 0.45 0.575 0.1 0.85 0.875 0.475 0.3 0.45 1 0.4 0.925 0.825 0.625 0.75 0.575 
10857    0.6 0.4 0.2 0.8 0.2 0.4  4.47849 0.075 0.05 0.675 0.575 0.925 0.65 0.75 0.375 0.275 0.65 0.8 0.175 0.85 0.625 0.3 0.45 0.1 0.5 0.925 0.5 0.625 1 0.025 
10858    0.6 0.4 0.2 0.8 0.2 0.6  3.5048 0.075 0.05 0.65 0.575 0.35 0.65 0.75 0.35 0.275 0.15 0.6 0.175 0.125 0.65 0.3 0.45 0.75 0.5 0.475 0.825 0.625 0.675 0.025 
10861    0.6 0.4 0.2 0.8 0.4 0.2  4.61599 0.075 0.05 0.65 0.575 0.35 0.65 0.75 0.275 0.275 0.225 0.825 0.075 0.125 0.825 0.225 0.45 0.1 0.5 0.925 0.925 0.625 0.175 0.1 
10866    0.6 0.4 0.2 0.8 0.6 0.2  3.65934 0.075 0.975 0.675 0.55 0.925 0.75 0.75 0.9 0.175 0.6 0.6 0.525 0.125 0.375 0.825 0.45 1 0.5 0.925 0.875 0.6 0.675 0.025 
10928    0.6 0.4 0.4 0.4 0 0.6  3.39056 0.075 0.2 0.525 0.9 0.275 0.65 0.75 0.275 0.3 0.45 0.95 0.9 0.25 0.6 0.95 0.45 0.925 0.4 0.925 0.825 0.625 0.6 0.025 
10931    0.6 0.4 0.4 0.4 0.2 0.2  4.38122 0.075 0.275 0.625 0.05 0.275 0.65 0.45 0.275 0.425 0.125 0.8 0.85 0.25 0.85 0.3 0.45 0.925 0.4 0.925 0.825 0.625 0.6 0.025 
10932    0.6 0.4 0.4 0.4 0.2 0.4  4.02119 0.075 0.2 0.575 0.9 0.275 0.9 0.65 0.325 0.25 0.575 0.775 0.85 0.25 0.625 0.3 0.45 0.525 0.4 0.925 0.825 0.475 0.6 0.525 
10933    0.6 0.4 0.4 0.4 0.2 0.6  3.54961 0.075 0.2 0.525 0.9 0.275 0.65 0.75 0.275 0.3 0.45 0.95 0.9 0.25 0.6 0.3 0.45 0.925 0.4 0.925 0.825 0.625 0.6 0.025 
10935    0.6 0.4 0.4 0.4 0.4 0  4.67748 0.075 0.2 0.875 0.575 0.35 0.475 0.75 0.55 0.2 0 0.45 0.175 0.8 0.625 0.275 0.225 0.35 0.5 0.925 0.65 0.625 0.6 0.025 
10936    0.6 0.4 0.4 0.4 0.4 0.2  4.532 0.075 0.075 0.775 0.575 0.35 0.65 0.75 0.35 0.275 0.125 0.125 0.175 0.125 0.65 0.475 0.35 0.475 0.5 0.925 0.825 0.625 0.675 0.075 
10937    0.6 0.4 0.4 0.4 0.4 0.4  4.49547 0.075 0.075 0.775 0.575 0.35 0.65 0.4 0.35 0.275 0.125 0.125 0.175 0.125 0.65 0.475 0.35 0.475 0.5 0.925 0.825 0.625 0.675 0.075 
10938    0.6 0.4 0.4 0.4 0.4 0.6  3.54733 0.075 0 0.575 0.9 0.275 0.65 0.65 0.325 0.175 0.575 0.975 0.625 0.25 0.625 0.3 0.45 0.525 0.4 0.925 0.825 0.525 0.6 0.525 
10940    0.6 0.4 0.4 0.4 0.6 0  4.25191 0.075 0.075 0.875 0.175 0.8 0.85 0.625 0.975 0.425 0 0.175 0.95 0.8 0.625 0.45 0.075 1 0.4 0.925 0.25 0.625 0.6 0.025 
10941    0.6 0.4 0.4 0.4 0.6 0.2  3.70184 0.15 0.2 0.875 0.575 0.95 0.65 0.375 0.975 0.425 0.925 0.1 0.95 0.25 0.625 0.3 0.45 0.925 0.25 0.05 0.9 0.625 0.6 0.025 
10942    0.6 0.4 0.4 0.4 0.6 0.4  3.77612 0.075 0.2 0.875 0.45 0.95 0.65 0.375 0.875 0.425 0.325 0.175 0.95 0.25 0.625 0.3 0.45 0.925 0.4 0.925 0.25 0.625 0.6 0.025 
10943    0.6 0.4 0.4 0.4 0.6 0.6  3.37503 0.075 0.425 0.9 0.9 0.425 0.975 0.75 0.275 0.45 0.575 0.1 0.85 0.875 0.475 0.3 0.45 1 0.4 0.925 0.825 0.625 0.85 0.575 
10951    0.6 0.4 0.4 0.6 0 0.2  3.54199 0.075 0.15 0.525 0.575 0.275 0.65 1 0.275 0.425 0.575 0.625 0.85 0.25 0.625 0.3 0.45 0.925 0.4 0.925 0.825 0.625 0.6 0.025 
10952    0.6 0.4 0.4 0.6 0 0.4  3.8767 0.075 0.05 0.65 0.575 0.725 0.65 0.75 0.225 0.275 0.65 0.8 0.05 0.85 0.625 0.3 0.425 0.1 0.5 0.95 0.5 0.625 0.675 0.025 
10953    0.6 0.4 0.4 0.6 0 0.6  3.62091 0.175 0.075 0.8 0.9 0.275 0.925 0.575 0.275 0.1 0.45 0.6 0.85 0.9 0.625 0.3 0.45 0.925 0.4 0.8 0.825 0.625 0.6 0.025 
10955    0.6 0.4 0.4 0.6 0.2 0  4.13279 0.075 0.05 0.65 0.575 0.35 0.65 0.75 0.175 0.275 0.225 0.075 0.175 0.125 0.625 0.3 0.025 0.1 0.5 0.975 0.7 0.625 1 0.025 
10956    0.6 0.4 0.4 0.6 0.2 0.2  4.72411 0.075 0.05 0.65 0.575 0.35 0.65 0.5 0.275 0.275 0.225 0.8 0.075 0.125 0.625 0.3 0.975 0.1 0.5 0.925 0.725 0.625 0.15 0.025 
10957    0.6 0.4 0.4 0.6 0.2 0.4  4.78243 0.075 0.05 0.65 0.575 0.35 0.65 0.75 0.225 0.275 0.65 0.8 0.05 0.85 0.625 0.3 0.45 0.1 0.5 0.95 0.5 0.625 0.675 0.025 
10958    0.6 0.4 0.4 0.6 0.2 0.6  4.45747 0.075 0.05 0.65 0.8 0.35 0.65 0.75 0.225 0.275 0.65 0.8 0.175 0.85 0.625 0.3 0.45 0.1 0.5 0.925 0.5 0.675 0.675 0.025 
10960    0.6 0.4 0.4 0.6 0.4 0  4.54084 0.075 0.6 0.65 0.575 0.35 0.475 0.75 0.475 0.2 0.575 0.45 0.175 0.8 0.2 0.3 0.225 0.35 0.5 0.925 0.65 0.625 0.6 0.025 
10961    0.6 0.4 0.4 0.6 0.4 0.2  4.51562 0.075 0.2 0.65 0.575 0.35 0.65 0.75 0.475 0.2 0.575 0.45 0.175 0.8 0 0.3 0.225 0.35 0.5 0.925 0.6 0.275 0.6 0.025 
10962    0.6 0.4 0.4 0.6 0.4 0.4  4.31326 1 0.2 0.925 0.575 0.35 0.65 0.75 0.275 0.425 0.575 0.8 0.175 0.975 0.25 0.3 0.45 0.75 0.5 0.925 0.825 0.625 0.6 0.625 
10963    0.6 0.4 0.4 0.6 0.4 0.6  3.53686 1 0.3 0.65 0.9 0.35 0.65 0.75 0.025 0.425 0.375 0.8 0.175 0.975 0.425 0.925 0.45 0.45 0.5 0.925 0.825 0.625 0.725 0.025 
10965    0.6 0.4 0.4 0.6 0.6 0  4.26915 0.075 0.2 0.65 0.575 0.35 0.475 0.75 0.55 0.2 0.575 0.45 0.175 0.8 0.625 0.3 0.225 0.35 0.5 0.925 0.65 0.625 0.6 0.025 
10966    0.6 0.4 0.4 0.6 0.6 0.2  3.67129 0.075 0.05 0.65 0.575 0.925 0.65 0.75 0.375 0.275 0.65 0.8 0.175 0.85 0.625 0.3 0.45 0.45 0.5 0.925 0.5 0.625 1 0.025 
10967    0.6 0.4 0.4 0.6 0.6 0.4  3.36069 0.075 0.95 0.825 0.55 0.925 0.65 0.875 0.275 0.8 0.325 0.475 0.175 0.125 0.875 0.3 0.45 1 0.5 0.225 0.825 0.45 0.675 0.025 
10968    0.6 0.4 0.4 0.6 0.6 0.6  3.29229 0.075 0.95 0.825 0.875 0.925 0.65 0.65 0.275 0.65 0.325 0.475 0.175 0.125 0.875 0.3 0.45 1 0.5 0.425 0.825 0.625 0.675 0.025 
10981    0.6 0.4 0.4 0.8 0.2 0.2  4.74111 0.075 0.05 0.65 0.675 0.35 0.65 0.5 0.275 0.275 0.225 0.8 0.075 0.125 0.625 0.3 0.975 0.1 0.5 0.925 0.725 0.625 0.15 0.025 
10982    0.6 0.4 0.4 0.8 0.2 0.4  4.41512 0.075 0.05 0.65 0.575 0.35 0.65 0.75 0.275 0.275 0.225 0.8 0.075 0.825 0.625 0.9 0.45 0.1 0.5 0.925 0.725 0.9 0.675 0.025 
10986    0.6 0.4 0.4 0.8 0.4 0.2  4.24558 0.075 0.05 0.65 0.575 0.35 0.65 0.8 0.275 0.275 0.225 0.8 0.075 0.125 0.65 0.3 0.45 0.95 0.5 0.925 0.725 0.625 0.825 0.025 
10987    0.6 0.4 0.4 0.8 0.4 0.4  4.48743 0.075 0.05 0.65 0.575 0.35 0.65 0.75 0.275 0.275 0.225 0.8 0.075 0.125 0.625 0.3 0.475 0.1 0.5 0.925 0.725 0.625 0.15 0.025 
11081    0.6 0.4 0.6 0.6 0.2 0.2  3.47352 0.075 0.05 0.825 0.55 0.35 0.65 0.75 0.275 0.425 0.225 0.8 0.175 0.125 0.625 0.3 0.45 1 0.5 0.925 0.825 0.625 0.675 0.025 
11087    0.6 0.4 0.6 0.6 0.4 0.4  3.37448 0.075 0.05 0.825 0.55 0.35 0.65 0.75 0.275 0.425 0.25 0.8 0.175 0.125 0.625 0.3 0.45 1 0.5 0.925 0.825 0.625 0.675 0.025 
11092    0.6 0.4 0.6 0.6 0.6 0.4  2.91256 0.075 0.95 0.825 0.55 0.925 0.65 0.875 0.275 0.125 0.325 0.475 0.175 0.125 0.875 0.3 0.45 1 0.5 0.225 0.825 0.725 0.15 0 
11112    0.6 0.4 0.6 0.8 0.4 0.4  3.43029 0.075 0.05 0.825 0.55 0.35 0.65 0.75 0.35 0.425 0.225 0.725 0.175 0.125 0.625 0.3 0.45 1 0.5 0.925 0.825 0.625 0.675 0.025 
11312    0.6 0.6 0 0.4 0.4 0.4  2.16515 0.1 0.2 0.575 0.575 0.95 0.65 0.925 0.975 0.425 0 0.175 0.075 1 0.625 0.275 0.45 0.375 0.4 0.925 0.25 0.625 0.55 0.025 
11317    0.6 0.6 0 0.4 0.6 0.4  3.00572 0.075 0.075 0.875 0.175 0.95 0.85 0.625 0.975 0.425 0 0.175 0.675 0.425 0.625 0.45 0.45 0.925 0.4 0.925 0.25 0.625 0.85 0.1 
11332    0.6 0.6 0 0.6 0.2 0.4  3.26392 0.075 0.95 0.825 0.55 0.675 0.65 0.65 0.275 0.65 0.325 0.475 0.175 0.425 0.875 0.425 0.45 1 0.5 0.225 0.5 0.625 0.8 0.025 
11333    0.6 0.6 0 0.6 0.2 0.6  3.13664 0.075 0.95 0.825 0.55 0.675 0.65 0.65 0.275 0.65 0.325 0.475 0.175 0.425 0.875 0.3 0.45 1 0.5 0.225 0.875 0.625 0.8 0.025 
11337    0.6 0.6 0 0.6 0.4 0.4  3.3545 0.075 0.95 0.825 0.55 0.675 0.65 0.65 0.275 0.975 0.325 0.475 0.175 0.55 0.875 0.3 0.45 1 0.5 0.225 0.825 0.625 0.7 0.025 
11338    0.6 0.6 0 0.6 0.4 0.6  3.35086 0.075 0.95 0.825 0.55 0.675 0.65 0.65 0.275 0.65 0.325 0.475 0.175 0.55 0.875 0.3 0.45 1 0.5 0.225 0.825 0.625 0.85 0.025 
11342    0.6 0.6 0 0.6 0.6 0.4  3.6972 0.075 0.975 0.675 0.55 0.925 0.75 0.775 0.425 0.175 0.125 0.6 0.5 0.525 0.375 0.825 0.45 1 0.5 0.925 0.875 0.6 0.675 0.025 
11343    0.6 0.6 0 0.6 0.6 0.6  2.92716 0.075 0.95 0.825 0.55 0.925 0.65 0.65 0.275 0.65 0.325 0.475 0.175 0.55 0.875 0.3 0.45 1 0.5 0.225 0.825 0.55 0.65 0.025 
11442    0.6 0.6 0.2 0.4 0.6 0.4  3.57617 0.075 0.075 0.875 0.175 0.95 0.85 0.625 0.975 0.425 0 0.175 0.95 0.425 0.625 0.45 0.45 0.925 0.4 0.925 0.25 0.625 0.6 0.8 
11453    0.6 0.6 0.2 0.6 0 0.6  1.95094 0.075 0.325 0.8 0.575 0.05 0.65 0.75 0.9 0.425 0.2 0.075 0.025 0.25 0.625 0.3 0.45 0.925 0.4 0.925 0.675 0.625 0.55 0.025 
11457    0.6 0.6 0.2 0.6 0.2 0.4  3.28596 0.9 0.95 0.825 0.425 0.725 0.65 0.65 0.275 0.65 0.1 0.475 0 0.55 0.875 0.2 0.45 1 0.5 0.25 1 0.625 0.675 0.025 
11458    0.6 0.6 0.2 0.6 0.2 0.6  3.2528 0.9 0.95 0.825 0.55 0.725 0.65 0.65 0.45 0.65 0.1 0.475 0 0.55 0.875 0.2 0.45 1 0.5 0.225 1 0.625 0.675 0.025 
11461    0.6 0.6 0.2 0.6 0.4 0.2  1.84151 0.4 0.075 1 0.175 0.95 0.85 0.625 0.975 0.425 0 0.425 0.425 0.425 0.625 0.45 0.45 0.925 0.4 0.925 0.25 0.625 0.6 0.025 
11462    0.6 0.6 0.2 0.6 0.4 0.4  3.25404 0.075 0.075 0.875 0.175 0.95 0.85 0.625 0.975 0.425 0 0.175 0.225 0.425 0.625 0.45 0.45 0.925 0.4 0.925 0.25 0.625 0.6 0.1 
11463    0.6 0.6 0.2 0.6 0.4 0.6  3.3415 0.075 0.975 0.675 0.55 0.925 0.75 0.75 0.425 0.175 0.125 0.6 0.5 0.525 0.45 0.825 0.45 1 0.5 0.925 0.875 0.6 0.675 0.025 
11466    0.6 0.6 0.2 0.6 0.6 0.2  2.4456 0.4 0.075 0.975 0.175 0.95 0.7 0.625 0.975 0.425 0 0.425 0.425 0.425 0.625 0.45 0.45 0.925 0.4 0.925 0.25 0.625 0.6 0.025 
11467    0.6 0.6 0.2 0.6 0.6 0.4  3.78154 0.075 0.975 0.675 0.55 0.925 0.75 0.75 0.275 0.175 0.6 0.6 0.525 0.125 0.375 0.825 0.45 1 0.5 0.925 0.875 0.625 0.675 0.025 
11482    0.6 0.6 0.2 0.8 0.2 0.4  3.00004 0.9 0.95 0.825 0.55 0.725 0.65 0.85 0.45 0.65 0.1 0.475 0 0.55 0.875 0.2 0.45 1 0.5 0.225 1 0.625 0.675 0.025 
11483    0.6 0.6 0.2 0.8 0.2 0.6  3.13909 0.9 0.9 0.825 0.55 0.725 0.65 0.65 0.45 0.65 0.1 0.475 0 0.55 0.875 0.2 0.45 1 0.5 0.225 1 0.625 0.675 0.025 
11586    0.6 0.6 0.4 0.6 0.4 0.2  2.05773 0.4 0.075 0.975 0.175 0.95 0.85 0.625 0.975 0.425 0 0.425 0.425 0.425 0.625 0.45 0.45 0.925 0.4 0.925 0.25 0.625 0.6 0.025 
11591    0.6 0.6 0.4 0.6 0.6 0.2  3.48564 0.075 0.975 0.675 0.2 0.975 0.75 0.75 0.425 0.175 0.125 0.6 0.5 0.525 0.45 0.825 0.45 1 0.5 0.925 0.875 0.6 0.675 0.025 
12620    0.8 0 0 0.8 0.8 0  0.377019 0.075 0.325 0.525 0.675 0.925 0.65 0.75 0.275 0.425 0.2 0.075 0.025 0.25 0.625 0.3 0.45 0.925 0.4 0.925 0.925 0.625 0.2 0.025 
12622    0.8 0 0 0.8 0.8 0.4  0.390305 0.075 0.325 0.525 0.575 0.925 0.65 0.75 0.275 0.425 0.2 0.075 0.025 0.25 0.625 0.3 0.45 0.725 0.4 0.925 0.925 0.625 0.55 0.025 
12682    0.8 0 0.2 0.4 0.2 0.4  3.40031 0.45 0.05 0.65 0.575 0.35 0.65 0.75 0.275 0.275 0.225 0.8 0.4 0.125 0.625 0.3 0.45 0.1 0.5 0.925 0.825 0.625 0.675 0.925 
12707    0.8 0 0.2 0.6 0.2 0.4  4.21414 0.075 0.2 0.65 0.55 0.125 0.65 0.75 0.275 0.25 0.975 0.8 0.35 0.8 0.625 0.3 0.45 0.1 0.5 0.025 0.825 0.625 0.6 0.9 
12708    0.8 0 0.2 0.6 0.2 0.6  3.38617 1 0.3 0.65 0.575 0.35 0.65 0.75 0.275 0.425 0.575 0.8 0.175 0.975 0.625 0.3 0.45 0.75 0.5 0.925 0.825 0.625 0.6 0.025 
12712    0.8 0 0.2 0.6 0.4 0.4  3.91113 0.075 0.625 0.65 0.575 0.2 0.65 0.75 0.325 0.275 0.225 0.8 0.4 0.125 0.625 0.3 0.45 0.1 0.5 0.925 0.825 0.625 0.675 0.025 
12812    0.8 0 0.4 0.4 0.4 0.4  3.62729 0.075 0.425 0.65 0.675 0.35 0.6 0.475 0.275 0.425 0.225 0.8 0.725 0.125 0.625 0.3 0.45 1 0.5 0.925 0.825 0.275 0.675 0.025 
12817    0.8 0 0.4 0.4 0.6 0.4  3.48939 0.075 0.55 0.875 0.575 0.95 0.65 0.375 0.625 0.425 0 0.175 0.15 0.25 0.625 0.3 0.45 0.925 0.625 0.175 0.25 0.625 0.6 0.025 
12827    0.8 0 0.4 0.6 0 0.4  3.49335 0.075 0.05 0.65 0.675 0.15 0.65 0.75 0.275 0.425 0.225 0.8 0.725 0.125 0.625 0.3 0.45 1 0.5 0.925 0.825 0.425 0.675 0.025 
12831    0.8 0 0.4 0.6 0.2 0.2  3.53871 0.075 0.2 0.65 0.55 0.075 0.65 0.975 0.275 0.25 1 0.5 0.35 0.8 0.625 0.4 0.45 0.1 0.5 0.925 0.825 0.625 0.6 0.9 
12832    0.8 0 0.4 0.6 0.2 0.4  3.77332 0.075 0.2 0.65 0.55 0.125 0.65 0.75 0.275 0.25 0.975 0.8 0.35 0.8 0.625 0.3 0.45 0.1 0.5 0.925 0.825 0.625 0.6 0.9 
12833    0.8 0 0.4 0.6 0.2 0.6  3.53757 0.075 0.05 0.65 0.575 0.35 0.65 0.75 0.175 0.275 0.225 0.075 0.175 0.125 0.625 0.3 0.45 0.1 0.5 0.975 0.825 0.625 0.675 0.025 
12836    0.8 0 0.4 0.6 0.4 0.2  3.54348 0.075 0.05 0.65 0.575 0.125 0.65 0.75 0.275 0.575 0.225 0.8 0.4 0.125 0.625 0.3 0.45 0.1 0.5 0.925 0.825 0.625 0.675 0.025 
12837    0.8 0 0.4 0.6 0.4 0.4  4.38642 0.075 0.625 0.95 0.575 0.2 0.65 0.75 0.275 0.275 0.225 0.175 0.4 0.125 0.625 0.3 0.45 0.1 0.5 0.925 0.825 0.175 0.675 0.025 
12842    0.8 0 0.4 0.6 0.6 0.4  3.02415 0.075 0.95 0.825 0.55 0.925 0.65 0.65 0.275 0.55 0.325 0.475 0.175 0.125 0.875 0.3 0.45 1 0.5 0.225 0.825 0.625 0.675 0.025 
12857    0.8 0 0.4 0.8 0.2 0.4  3.64917 1 0.3 0.65 0.575 0.35 0.65 0.75 0.275 0.425 0.65 0.8 0.175 0.975 0.625 0.3 0.45 0.75 0.5 0.925 0.825 0.625 0.6 0.025 
12858    0.8 0 0.4 0.8 0.2 0.6  3.07577 0.075 0.65 0.65 0.575 0.35 0.65 0.75 0.275 0.425 0.225 0.8 0.075 0.125 0.625 0.375 0.45 0.1 0.5 0.925 0.825 0.625 0.675 0.025 
12862    0.8 0 0.4 0.8 0.4 0.4  3.27033 0.075 0.825 0.65 0.575 0.35 0.65 0.75 0.275 0.125 0.6 0.8 0.075 0.125 0.3 0.375 0.45 0.925 0.5 0.925 0.775 0.575 0.675 0.075 
12958    0.8 0 0.6 0.6 0.2 0.6  2.85257 0.075 0.05 0.65 0.575 0.35 0.65 0.75 0.275 0.425 0.225 0.8 0.075 0.125 0.625 0.375 0.45 0.1 0.5 0.925 0.825 0.625 0.925 0.025 
13286    0.8 0.2 0.2 0.2 0.4 0.2  4.17646 0.075 0.2 0.95 0.575 0.775 0.3 0.75 0.275 0.425 0.575 0.8 0.925 0.25 0.625 0.3 0.45 0.925 0.975 1 0.825 0.625 0.6 0.025 
13287    0.8 0.2 0.2 0.2 0.4 0.4  3.59435 0.075 0 0.575 0.9 0.275 0.65 0.65 0.3 0.175 0.575 0.975 0.85 0.25 0.625 0.3 0.45 0.525 0.4 0.925 0.825 0.525 0.6 0.525 
13288    0.8 0.2 0.2 0.2 0.4 0.6  3.71525 0.075 0.2 0.525 0.9 0.275 0.65 0.65 0.325 0.25 0.575 0.775 0.85 0.25 0.625 0.3 0.45 0.525 0.4 0.925 0.825 0.525 0.6 0.525 
13306    0.8 0.2 0.2 0.4 0.2 0.2  3.62581 0.075 0.85 0.65 0.675 0.35 0.7 0.925 0.275 0.325 0.225 0.8 0.725 0.125 0.525 0.3 0.45 1 0.5 0.6 0.825 0.275 0.675 0.025 
13307    0.8 0.2 0.2 0.4 0.2 0.4  4.09842 0.075 0.05 0.775 0.575 0.35 0.65 0.75 0.625 0.275 0.425 0.125 0.175 0.125 0.65 0.475 0.45 0.1 0.5 0.925 0.825 0.625 0.325 0.95 
13308    0.8 0.2 0.2 0.4 0.2 0.6  4.15479 0.075 0.05 0.775 0.5 0.325 0.65 0.75 0.9 0.275 0.075 0.125 0.175 0.125 0.65 0.475 0.45 0.7 0.55 0.925 0.825 0.625 0.675 0.025 
13311    0.8 0.2 0.2 0.4 0.4 0.2  4.74218 0.075 0.05 0.775 0.575 0.35 0.4 0.675 0.35 0.275 0.65 0.125 0.175 0.125 0.65 0.475 0.45 0.475 0.5 0.925 0.825 0.5 0.675 0.025 
13312    0.8 0.2 0.2 0.4 0.4 0.4  4.79106 0.075 0.05 0.775 0.575 0.35 0.225 0.75 0.35 0.275 0.425 0.125 0.125 0.125 0.65 0.475 0.45 0.475 0.5 0.925 0.825 0.625 0.675 0.075 
13313    0.8 0.2 0.2 0.4 0.4 0.6  3.69863 0.075 0.05 0.775 0.575 0.35 0.2 0.575 0.35 0.275 0.425 0.125 0.175 0.125 0.65 0.475 0.45 0.525 0.5 0.85 0.825 0.625 0.675 0.025 
13316    0.8 0.2 0.2 0.4 0.6 0.2  4.92727 0.075 0.05 0.775 0.575 0.35 0.075 0.675 0.35 0.275 0.725 0.125 0.175 0.125 0.65 0.475 0.45 0.475 0.5 0.975 0.825 0.625 0.675 0.025 
13332    0.8 0.2 0.2 0.6 0.2 0.4  4.27306 0.075 0.05 0.775 0.575 0.35 0.65 0.75 0.625 0.275 0.425 0.125 0.175 0.125 0.65 0.475 0.45 0.1 0.5 0.925 0.825 0.625 0.325 0.025 
13333    0.8 0.2 0.2 0.6 0.2 0.6  4.26197 0.075 0.05 0.775 0.575 0.35 0.65 0.75 0.35 0.275 0.425 0.125 0.175 0.125 0.65 0.475 0.45 0.75 0.5 0.925 0.825 0.625 0.675 0.025 
13336    0.8 0.2 0.2 0.6 0.4 0.2  4.07729 0.075 0.05 0.775 0.575 0.35 0.65 0.75 0.35 0.275 0.425 0.125 0.175 0.125 0.65 0.475 0.45 0.475 0.5 0.925 0.825 0.625 0.675 0.15 
13337    0.8 0.2 0.2 0.6 0.4 0.4  4.36308 0.075 0.05 0.775 0.575 0.35 0.65 0.575 0.35 0.275 0.425 0.125 0.175 0.125 0.65 0.475 0.45 0.525 0.5 0.925 0.825 0.625 0.675 0.025 
13342    0.8 0.2 0.2 0.6 0.6 0.4  3.09447 0.075 0.95 0.825 0.55 0.925 0.65 0.65 0.275 0.65 0.325 0.475 0.65 0.125 0.875 0.3 0.45 1 0.5 0.425 0.825 0.625 0.675 0.025 
13357    0.8 0.2 0.2 0.8 0.2 0.4  3.90091 0.075 0.05 0.65 0.575 0.35 0.725 0.575 0.275 0.275 0.225 0.8 0.375 0.125 0.625 0.9 0.45 0.1 0.5 0.925 0.725 0.625 0.675 0.025 
13358    0.8 0.2 0.2 0.8 0.2 0.6  4.10089 0.075 0.05 0.775 0.575 0.35 0.65 0.75 0.9 0.275 0.425 0.175 0.175 0.125 0.65 0.475 0.45 0.1 0.5 0.925 0.7 0.625 0.675 0.025 
13412    0.8 0.2 0.4 0.2 0.4 0.4  3.35176 0.075 0.2 0.575 0.9 0.275 0.65 0.65 0.325 0.25 0.575 0.775 0.85 0.25 0.625 0.3 0.45 0.525 0.4 0.925 0.825 0.525 0.6 0.525 
13432    0.8 0.2 0.4 0.4 0.2 0.4  3.8728 0.075 0.05 0.65 0.675 0.35 0.65 0.75 0.275 0.425 0.225 0.8 0.725 0.125 0.625 0.3 0.45 1 0.5 0.925 0.825 0.425 0.675 0.025 
13436    0.8 0.2 0.4 0.4 0.4 0.2  3.5696 0.075 0.05 0.775 0.575 0.4 0.775 0.75 0.35 0.275 0.425 0.125 0.125 0.125 0.65 0.475 0.45 0.475 0.5 0.925 0.825 0.625 0.675 0.075 
13437    0.8 0.2 0.4 0.4 0.4 0.4  4.82107 0.075 0.05 0.775 0.575 0.35 0.225 0.75 0.35 0.275 0.425 0.125 0.125 0.75 0.65 0.475 0.45 0.475 0.5 0.925 0.825 0.625 0.675 0.075 
13438    0.8 0.2 0.4 0.4 0.4 0.6  2.61792 0.075 0.05 0.65 0.675 0.35 0.65 0.75 0.275 0.425 0.225 0.125 0.625 0.125 0.625 0.3 0.45 1 0.5 0.925 0.825 0.675 0.675 0.025 
13440    0.8 0.2 0.4 0.4 0.6 0  3.66697 0.075 0.075 0.875 0.175 0.9 0.85 0.625 0.175 0.425 0.55 0.175 0.95 0.8 0.625 0.45 0.85 0.925 0.4 0.925 0.25 0.625 0.6 0.025 
13441    0.8 0.2 0.4 0.4 0.6 0.2  4.42314 0.075 0.05 0.775 0.575 0.35 0.4 0.675 0.35 0.275 0.65 0.125 0.175 0.125 0.65 0.475 0.45 0.475 0.5 0.925 0.825 0.625 0.675 0.025 
13442    0.8 0.2 0.4 0.4 0.6 0.4  4.01168 0.075 0.05 0.775 0.575 0.4 0.775 0.75 0.35 0.15 0.425 0.125 0.125 0.125 0.65 0.475 0.45 0.475 0.5 0.925 0.825 0.625 0.675 0.075 
13457    0.8 0.2 0.4 0.6 0.2 0.4  4.20887 0.075 0.05 0.775 0.625 0.35 0.65 0.75 0.625 0.275 0.425 0.125 0.175 0.125 0.65 0.475 0.45 0.1 0.5 0.925 0.825 0.625 0.325 0.025 
13458    0.8 0.2 0.4 0.6 0.2 0.6  3.98634 0.075 0.05 0.65 0.575 0.35 0.725 0.75 0.275 0.275 0.225 0.8 0.375 0.125 0.625 0.9 0.45 0.1 0.5 0.925 0.725 0.625 0.675 0.025 
13461    0.8 0.2 0.4 0.6 0.4 0.2  4.15806 0.075 0.05 0.775 0.575 0.35 0.65 0.675 0.35 0.275 0.65 0.125 0.175 0.125 0.65 0.475 0.45 0.475 0.5 0.925 0.825 0.625 0.675 0.025 
13462    0.8 0.2 0.4 0.6 0.4 0.4  4.28969 0.075 0.05 0.775 0.575 0.35 0.65 0.75 0.35 0.275 0.425 0.125 0.175 0.125 0.65 0.475 0.45 0.475 0.5 0.925 0.825 0.625 0.675 0.025 
13463    0.8 0.2 0.4 0.6 0.4 0.6  3.11928 0.075 0.075 0.775 0.9 0.35 0.65 0.4 0.35 0.275 0.125 0.125 0.175 0.125 0.65 0.4 0.35 0.475 0.5 0.925 0.825 0.625 0.675 0.075 
13466    0.8 0.2 0.4 0.6 0.6 0.2  4.2312 0.075 0.05 0.775 0.575 0.35 0.65 0.75 0.35 0.275 0.65 0.125 0.175 0.125 0.65 0.475 0.45 0.475 0.5 0.925 0.825 0.625 0.675 0.025 
13467    0.8 0.2 0.4 0.6 0.6 0.4  3.12035 0.075 0.95 0.825 0.55 0.925 0.65 0.65 0.275 0.65 0.325 0.475 0.175 0.125 0.875 0.3 0.45 1 0.5 0.225 0.825 0.625 0.675 0.025 
13482    0.8 0.2 0.4 0.8 0.2 0.4  3.89587 0.075 0.05 0.65 0.575 0.35 0.725 0.925 0.275 0.275 0.225 0.8 0.375 0.125 0.625 0.9 0.45 0.1 0.5 0.925 0.725 0.625 0.675 0.025 
13483    0.8 0.2 0.4 0.8 0.2 0.6  3.50712 0.2 0.1 0.65 0.575 0.35 0.65 0.75 0.275 0.25 0.225 0.8 0.075 0.125 0.625 0.3 0.45 0.1 0.5 0.925 0.725 0.625 0.675 0.025 
13581    0.8 0.2 0.6 0.6 0.2 0.2  3.1549 0.075 0.05 0.65 0.675 0.35 0.65 0.75 0.275 0.425 0.225 0.8 0.175 0.125 0.625 0.3 0.45 1 0.5 0.925 0.825 0.275 0.675 0.025 
13791    0.8 0.4 0 0.2 0.6 0.2  3.25754 0.075 0.075 0.875 0.175 0.95 0.85 0.625 0.725 0.025 0 0.425 0.95 0.425 0.625 0.45 0.45 0.925 0.575 0.925 0.25 0.625 0.6 0.7 
13792    0.8 0.4 0 0.2 0.6 0.4  3.13998 0.075 0.075 0.875 0.175 0.95 0.85 0.625 0.5 0.425 0 0.425 0.95 0.425 0.625 0.45 0.45 0.925 0.4 0.925 0.25 0.625 0.6 0.025 
13808    0.8 0.4 0 0.4 0.2 0.6  3.10864 0.075 0.075 0.95 0.95 0.275 0.3 0.75 0.275 0.425 0.55 0.325 0.85 0.25 0.625 0.3 0.325 0.85 0.975 0.925 0.825 0.6 0.175 0.025 
13817    0.8 0.4 0 0.4 0.6 0.4  3.56413 0.075 0.95 0.825 0.55 0.675 0.45 0.65 0.275 0.65 0.325 0.475 0.175 0.425 0.875 0.425 0.45 0.35 0.5 0.225 0.5 0.625 0.8 0.025 
13838    0.8 0.4 0 0.6 0.4 0.6  2.69751 0.075 0.95 0.825 0.55 0.925 0.65 0.75 0.275 0.8 0.325 0.475 0.175 0.35 0.875 0.3 0.45 1 0.5 0.225 0.825 0.625 0.675 0.025 
13917    0.8 0.4 0.2 0.2 0.6 0.4  3.10009 0.075 0.2 0.875 0.575 0.95 0.65 0.375 0.975 0.425 0.325 0.175 0.95 0.25 0.625 0.35 0.45 0.925 0.4 0.925 0.25 0.625 0.6 0.85 
13936    0.8 0.4 0.2 0.4 0.4 0.2  4.36709 0.075 0.075 0.875 0.175 0.95 0.85 0.625 0.975 0.425 0 0.175 0.95 0.8 0.625 0.45 0.55 0.925 0.4 0.925 0.25 0.625 0.6 0.025 
13937    0.8 0.4 0.2 0.4 0.4 0.4  4.95193 0.075 0.05 0.8 0.575 0.35 0.225 0.425 0.35 0.275 0.025 0.125 0.175 0.125 0.65 0.475 0.45 0.475 0.5 0.85 0.825 0.625 0.675 0.025 
13941    0.8 0.4 0.2 0.4 0.6 0.2  3.12201 0.575 0.075 0.875 0.175 0.95 0.85 0.625 0.725 0.025 0 0.425 0.95 0.425 0.625 0.45 0.45 0.925 0.575 0.925 0.25 0.625 0.6 0.7 
13942    0.8 0.4 0.2 0.4 0.6 0.4  3.03793 0.075 0.2 0.875 0.575 0.95 0.65 0.375 0.975 0.425 0.325 0.175 0.95 0.25 0.625 0.3 0.45 0.925 0.4 0.925 0.25 0.625 0.6 0.025 
13957    0.8 0.4 0.2 0.6 0.2 0.4  4.46401 0.075 0.05 0.775 0.575 0.35 0.65 0.75 0.9 0.275 0.425 0.175 0.175 0.125 0.65 0.475 0.45 0.1 0.5 0.925 0.825 0.625 0.675 0.825 
13958    0.8 0.4 0.2 0.6 0.2 0.6  4.21739 0.075 0.05 0.775 0.5 0.325 0.65 0.75 0.9 0.275 0.425 0.125 0.175 0.125 0.65 0.475 0.45 0.1 0.5 0.925 0.825 0.625 0.675 0.025 
13961    0.8 0.4 0.2 0.6 0.4 0.2  5.20895 0.075 0.075 0.875 0.15 0.45 0.85 0.625 0.975 0.125 0.9 0.175 0.95 0.8 0.625 0.45 0.45 0.925 0.4 0.925 0.25 0.625 0.6 0.025 
13962    0.8 0.4 0.2 0.6 0.4 0.4  3.79456 0.075 0.85 0.65 0.675 0.35 0.7 0.75 0.275 0.425 0.225 0.8 0.725 0.125 0.625 0.3 0.45 1 0.5 0.6 0.825 0.275 0.675 0.025 
14061    0.8 0.4 0.4 0.4 0.4 0.2  2.07083 0.075 0.425 0.875 0.175 0.95 0.85 0.625 0.975 0.425 0 0.175 0.95 0.8 0.625 0.45 0.45 0.925 0.4 0.925 0.25 0.625 0.6 0.025 
14062    0.8 0.4 0.4 0.4 0.4 0.4  4.19963 0.075 0.075 0.775 0.9 0.35 0.65 0.75 0.35 0.275 0.125 0.125 0.175 0.125 0.65 0.475 0.35 0.475 0.5 0.925 0.825 0.625 0.675 0.075 
14063    0.8 0.4 0.4 0.4 0.4 0.6  3.76157 0.075 0.375 0.775 0.575 0.35 0.85 0.75 0.35 0.275 0.125 0.125 0.175 0.125 0.65 0.475 0.45 0.475 0.5 0.925 0.825 0.625 0.675 0.075 
14065    0.8 0.4 0.4 0.4 0.6 0  3.86912 0.075 0.075 0.875 0.175 0.9 0.85 0.625 0.975 0.425 0.55 0.175 0.95 0.8 0.625 0.45 0.45 0.925 0.4 0.925 0.25 0.625 0.6 0.025 
14066    0.8 0.4 0.4 0.4 0.6 0.2  3.7599 0.075 0.075 0.875 0.175 0.95 0.85 0.625 0.975 0.425 0 0.175 0.95 0.8 0.625 0.45 0.45 0.925 0.4 0.925 0.25 0.625 0.6 0.025 
14067    0.8 0.4 0.4 0.4 0.6 0.4  3.37723 0.075 0.05 0.775 0.575 0.4 0.775 0.75 0.35 0.275 0.425 0.125 0.675 0.125 0.65 0.475 0.45 0.475 0.5 0.925 0.825 0.625 0.675 0.075 
14082    0.8 0.4 0.4 0.6 0.2 0.4  3.9294 0.075 0.05 0.775 0.575 0.35 0.65 0.75 0.625 0.275 0.425 0.525 0.175 0.125 0.65 0.475 0.45 0.1 0.5 0.925 0.825 0.625 0.425 0.025 
14083    0.8 0.4 0.4 0.6 0.2 0.6  3.63533 0.075 0.05 0.725 0.575 0.35 0.65 0.8 0.275 0.275 0.225 0.8 0.075 0.125 0.65 0.3 0.45 0.95 0.5 0.925 0.725 0.625 0.275 0.025 
14087    0.8 0.4 0.4 0.6 0.4 0.4  4.42784 0.075 0.075 0.775 0.575 0.35 0.65 0.75 0.35 0.275 0.125 0.125 0.175 0.125 0.65 0.475 0.45 0.475 0.5 0.925 0.825 0.625 0.675 0.075 
14088    0.8 0.4 0.4 0.6 0.4 0.6  4.05738 0.075 0.05 0.775 0.575 0.35 0.65 0.75 0.35 0.275 0.425 0 0.175 0.125 0.65 0.475 0.45 0.525 0.5 0.925 0.825 0.625 0.675 0.025 
