2985    0 0.8 0.6 0.8 0.4 0  2.12625 0.325 0.825 0.925 0.025 0.3 0.35 0.925 0.125 0.4 0.025 0.375 0.55 0.375 0.975 0.425 0.1 0.825 0.8 0.4 0.6 0.675 0.05 0.5 0.95 
4081    0.2 0.2 0.4 0.6 0.2 0.2  6.21144 0.95 0.875 0.225 1 0.3 0.35 0.925 0.6 0.4 0.7 0.425 0.55 0.375 0.35 0.275 0.175 0.825 0.8 0.4 0.45 0.85 0.4 0.625 0.8 
4086    0.2 0.2 0.4 0.6 0.4 0.2  5.29101 0.875 0.875 0.225 1 0.3 0.35 0.925 0.05 0.35 0.7 0.425 1 0.375 0.35 0.275 0.175 0.825 0.8 0.4 0.525 0.85 0.4 0.5 0.8 
4206    0.2 0.2 0.6 0.6 0.2 0.2  3.901 0.875 0.875 0.225 1 0.3 0.35 0.925 0.125 0.4 0.7 0.425 0.55 0.375 0.35 0.275 0.175 0.25 0.8 0.325 0.525 0.85 0.4 0.5 0.8 
4431    0.2 0.4 0 0.4 0.2 0.2  6.10292 1 0.55 0 0.075 0.7 0.125 0.35 0.9 0.35 0.9 0.025 0.675 0.975 0 0.425 0.975 0.325 0.2 0.2 0.375 0.225 0.975 0.175 0.725 
4556    0.2 0.4 0.2 0.4 0.2 0.2  6.45326 1 0.55 0 0.075 0.7 0.125 0.35 0.9 0 0.9 0.025 0.675 0.975 0 0.425 0.975 0.325 0.2 0.2 0.375 0.225 0.975 0.175 0.725 
4557    0.2 0.4 0.2 0.4 0.2 0.4  4.88136 0.875 0.65 1 0.05 0.3 0.35 0.325 0.9 0.525 0.025 0.875 0.55 0.875 0.35 0.275 0.175 0.825 0.8 0.25 0.525 0.8 0.05 0.5 0.6 
4560    0.2 0.4 0.2 0.4 0.4 0  5.75062 1 0.55 0.5 0.625 0.175 0.25 0.35 0.475 0 0.25 0 0.15 0.575 0.45 0.35 0.825 0.325 0.2 0.2 0.275 0.325 0.975 0.55 0.225 
4561    0.2 0.4 0.2 0.4 0.4 0.2  5.46246 1 0.55 0.325 0.625 0.175 0.25 0.35 0.35 0 0.25 0 0.675 0.575 0.975 0.35 0.825 0.325 0.2 0.2 0.275 0.325 0.975 0.55 0.225 
4562    0.2 0.4 0.2 0.4 0.4 0.4  4.49402 0.875 0.65 1 0.05 0.3 0.35 0.325 0.9 0.525 0.025 0.875 0.55 0.175 0.35 0.275 0.175 0.825 0.8 0.25 0.525 0.8 0.05 0.5 0.6 
4581    0.2 0.4 0.2 0.6 0.2 0.2  4.67176 0.875 0.875 0.925 0.225 0.3 0.35 0.925 0.125 0.4 0.025 0.375 0.55 0.375 0.35 0.275 0.175 0.775 0.8 0.4 0.525 0.85 0.05 0.5 0.8 
4586    0.2 0.4 0.2 0.6 0.4 0.2  5.23019 0.95 0.05 0.75 0.625 0.225 0.7 0.575 0.35 0 0.825 0 0.15 0.075 0.625 0.425 0.425 0.325 0.2 0.95 0.725 0.325 0.15 0.825 0.725 
4587    0.2 0.4 0.2 0.6 0.4 0.4  3.85391 0.875 0.875 1 0.25 0.325 0.35 0.925 0.525 0.4 0.725 0.875 0.175 1 0.35 0.275 0.175 0.825 0.8 0.4 0.525 0.85 0.05 0.5 0.6 
4681    0.2 0.4 0.4 0.4 0.2 0.2  5.61116 1 0.55 0.325 0.725 0.175 0.25 0.35 0.35 0 0.25 0 0.675 0.3 0.45 0.4 0.825 0.325 0.2 0.2 0.275 0.325 0.975 0.55 0.225 
4685    0.2 0.4 0.4 0.4 0.4 0  2.53723 0.9 0.725 0.75 0.7 0.2 0.5 0.525 0.175 0.3 0.475 0.55 0.25 1 0.4 0.4 0.225 0.825 0 0.075 0.375 0.075 0.425 0.15 0.525 
4686    0.2 0.4 0.4 0.4 0.4 0.2  5.21766 0.95 0.975 0.725 0.55 0.025 0.575 0.925 0.35 0 0.775 0 0.675 0.575 0.4 0.425 0.975 0.325 0.85 0.2 0.275 0.325 0 0.825 0.225 
4706    0.2 0.4 0.4 0.6 0.2 0.2  5.20302 0.875 0.875 0.925 0.225 0.3 0.35 0.925 0.125 0.425 0.025 0.375 0.55 0.075 0.35 0.275 0.175 0.025 0.8 0.4 0.525 0.85 0.05 0.5 0.8 
4710    0.2 0.4 0.4 0.6 0.4 0  5.60263 0.875 0.875 0.925 0.225 0.3 0.35 0.925 0.125 0.4 0.025 0.425 0.55 0.075 0.35 0.275 0.175 0.8 0.8 0.4 0.525 0.85 0.05 0.5 0.8 
4711    0.2 0.4 0.4 0.6 0.4 0.2  5.09667 0.95 0.7 0.725 0.55 0.025 0.575 0.925 0.35 0 0.775 0 0.8 0.575 0.4 0.425 0.975 0.325 0.85 0.2 0.25 0.325 0 0.825 0.225 
4716    0.2 0.4 0.4 0.6 0.6 0.2  2.89182 0.55 0.975 0.325 0.625 0.675 1 0.775 0.95 0 0.25 0 0.675 0.375 0.45 0.425 0.975 0.325 0.425 0.975 0.275 0.25 0.175 0.825 0.225 
4730    0.2 0.4 0.4 0.8 0.2 0  1.99187 0.45 0.85 0.925 0.225 0.3 0.35 0.925 0.125 0.775 0.025 0.375 0.55 0.375 0.35 0.275 0.175 0.825 0.8 0.4 0.525 0.85 0.05 0.5 0.95 
4731    0.2 0.4 0.4 0.8 0.2 0.2  3.41854 0.45 0.875 0.225 1 0.3 0.45 0.925 0.125 0.4 0.7 0.425 1 0.375 0.35 0.275 0.175 0.825 0.45 0.4 0.525 0.85 0.4 0.625 0.8 
4735    0.2 0.4 0.4 0.8 0.4 0  2.65916 0.65 0.95 0.925 0.225 0.325 0.425 0.925 0.125 0.4 0.025 0.375 0.55 0.375 0.35 0.95 0.175 0.825 0.8 0.4 0.525 0.85 0.05 0.5 0.925 
4741    0.2 0.4 0.4 0.8 0.6 0.2  3.17136 0.725 0.975 0.325 0.625 0.675 1 0.775 0.95 0 0.25 0 0.675 0.375 0.45 0.425 0.975 0.325 0.425 0.975 0.275 0.25 0.175 0.825 0.225 
4855    0.2 0.4 0.6 0.8 0.2 0  2.43846 0.45 0.825 0.925 0.225 0.3 0.35 0.925 0.125 0.4 0.125 0.375 0.55 0.375 0.35 0.275 0.175 0.825 0.8 0.4 0.525 0.85 0.05 0.5 0.95 
4856    0.2 0.4 0.6 0.8 0.2 0.2  2.30312 0.45 0.825 0.925 0.225 0.3 0.35 0.925 0.125 0.775 0.025 0.375 0.55 0.375 0.35 0.275 0.1 0.825 0.8 0.4 0.525 0.85 0.05 0.5 0.95 
5092    0.2 0.6 0 0.6 0.6 0.4  4.17756 0.8 0.5 0.475 0.625 0.675 1 0.425 0.95 0 0.25 0 0.675 0.375 0.625 0.425 0.975 0.325 0.425 0.975 0.275 0.325 0.175 0.825 0.225 
5181    0.2 0.6 0.2 0.4 0.2 0.2  4.85983 0.875 0.875 1 0.25 0.2 0.35 0.575 0.125 0.1 0.025 0.275 0.75 0.85 0.375 1 0.175 0.825 0.8 0.4 0.525 1 0.05 0.45 0.6 
5192    0.2 0.6 0.2 0.4 0.6 0.4  3.87936 0.8 0.5 0.475 0.625 0.675 1 0.425 0.95 0 0.25 0.9 0.675 0.375 0.625 0.425 0.975 0.325 0.425 0.975 0.275 0.325 0.175 0.825 0.225 
5206    0.2 0.6 0.2 0.6 0.2 0.2  4.86991 0.875 0.875 0.925 0.225 0.3 0.35 0.85 0.125 0.4 0.025 0.375 0.55 0.3 0.95 0.275 0.175 0.025 0.8 0.4 0.525 0.85 0.05 0.5 0.8 
5207    0.2 0.6 0.2 0.6 0.2 0.4  3.06441 0.5 0.05 0.75 0.625 0.225 0.7 0.575 0.35 0 0.875 0 0.475 0.075 0.625 0.425 0.425 0.325 0.2 0.95 0.725 0.325 0.75 0.825 0.625 
5211    0.2 0.6 0.2 0.6 0.4 0.2  4.52899 0.875 0.875 0.925 0.225 0.3 0.35 0.925 0.125 0.4 0.025 0.375 0.55 0.3 0.925 0.275 0.175 0.025 0.8 0.4 0.525 0.85 0.05 0.5 0.8 
5212    0.2 0.6 0.2 0.6 0.4 0.4  3.94218 0.8 0.95 0.425 0.625 0.875 1 0.575 0.125 0.1 0.25 0 0.675 0.375 0.625 0.425 0.25 0.325 0.425 0.975 0.275 0.325 0.975 0.95 0.225 
5216    0.2 0.6 0.2 0.6 0.6 0.2  3.82723 0.8 0.95 0.325 0.625 0.3 1 0.575 0 0 0.25 0 0.625 0.375 0.625 0.425 0.975 0.325 0.425 0.975 0.275 0.325 0.975 0.825 0.225 
5217    0.2 0.6 0.2 0.6 0.6 0.4  3.26002 0.8 0.95 0.45 0.625 0.875 1 0.575 0 0.1 0.25 0 0.675 0.225 0.625 0.425 0.975 0.325 0.425 0.975 0.3 0.325 0.975 0.825 0.225 
5231    0.2 0.6 0.2 0.8 0.2 0.2  2.81513 0.45 0.825 0.925 0.225 0.05 0.35 0.925 0.625 0.05 0.025 0.375 0.55 0.7 0.35 0.275 0.175 0.15 0.25 0.4 0.525 0.85 0.05 0.5 0.95 
5236    0.2 0.6 0.2 0.8 0.4 0.2  2.77257 0.45 0.825 0.925 0.225 0.3 0.35 0.925 0.125 0.4 0.025 0.375 0.875 0.375 0.925 0.275 0.1 0.825 0.125 0.4 0.525 0.85 0.05 0.5 0.95 
5306    0.2 0.6 0.4 0.4 0.2 0.2  4.26336 0.9 0.725 0.75 0.7 0.2 0.5 0.525 0.175 0.325 0.475 0.55 0.5 0.225 0.4 0.4 0.225 0.825 0 0.075 0.375 0.075 0.375 0.15 0.525 
5311    0.2 0.6 0.4 0.4 0.4 0.2  5.45539 0.95 0.825 0.725 0.575 0.05 0.7 0.625 0.35 0 0.75 0.15 0.675 0.525 0.4 0.425 0.975 0.325 0.2 0.875 0.275 0.675 0.025 0.825 0.225 
5331    0.2 0.6 0.4 0.6 0.2 0.2  4.71129 0.875 0.875 0.925 0.225 0.3 0.35 0.925 0.125 0.425 0.425 0.375 0.55 0.075 0.35 0.275 0.925 0.025 0.8 0.4 0.525 0.85 0.05 0.5 0.8 
5335    0.2 0.6 0.4 0.6 0.4 0  4.76522 0.875 0.625 0.925 0.225 0.3 0.35 0.925 0.125 0.4 0.025 0.375 0.55 0.375 0.35 0.95 0.175 0.825 0.8 0.4 0.525 0.85 0.05 0.5 0.925 
5336    0.2 0.6 0.4 0.6 0.4 0.2  5.01229 0.875 0.875 0.925 0.225 0.25 0.35 0.925 0.125 0.425 0.025 0.375 0.55 0.075 0.35 0.275 0.175 0.025 0.8 0.4 0.525 0.85 0.05 0.5 0.8 
5337    0.2 0.6 0.4 0.6 0.4 0.4  3.49895 0.875 0.875 1 0.25 0.2 0.35 0.575 0.9 0.4 0.025 0.725 0.55 0.05 0.35 0.275 0.175 0.825 0.8 0.4 0.525 0.85 0.05 0.5 0.6 
5341    0.2 0.6 0.4 0.6 0.6 0.2  2.99897 0.55 0.975 0.5 0.625 0.675 1 0.775 0.95 0 0.25 0 0.675 0.375 0.45 0.425 0.975 0.325 0.425 0.975 0.275 0.25 0.175 0.825 0.225 
5355    0.2 0.6 0.4 0.8 0.2 0  2.64776 0.45 0.825 0.925 0.4 0.3 0.35 0.925 0.125 0.4 0.025 0.375 0.55 0.35 0.975 0.275 0.1 1 0.8 0.4 0.6 0.675 0.05 0.5 0.95 
5356    0.2 0.6 0.4 0.8 0.2 0.2  3.07084 0.45 0.825 0.925 0.225 0.05 0.35 0.925 0.125 0.05 0.025 0.375 0.55 0.7 0.35 0.275 0.175 0.15 0.25 0.4 0.525 0.85 0.05 0.5 0.95 
5357    0.2 0.6 0.4 0.8 0.2 0.4  2.84923 0.45 0.825 0.925 0.225 0.3 0.35 0.925 0.125 0.4 0.025 0.375 0.875 0.375 0.925 0.275 0.675 0 0.125 0.4 0.525 0.85 0.05 0.5 0.95 
5360    0.2 0.6 0.4 0.8 0.4 0  2.96312 0.45 0.825 0.925 0.225 0.05 0.35 0.925 0.125 0.4 0.025 0.375 0.55 0.7 0.35 0.275 0.175 0.15 0.8 0.4 0.525 0.85 0.05 0.5 0.95 
5361    0.2 0.6 0.4 0.8 0.4 0.2  2.8503 0.45 0.825 0.925 0.65 0.05 0.35 0.925 0.125 0.4 0.025 0.375 0.55 0.7 0.35 0.275 0.175 0.15 0.8 0.4 0.525 0.85 0.05 0.5 0.95 
5442    0.2 0.6 0.6 0.4 0.6 0.4  1.87689 0.05 0.95 0.45 0.625 0.875 1 0.575 0 0.1 0.25 0 0.675 0.375 0.275 0.425 0.975 0.55 0.425 0.975 0.275 0.075 0.8 0.975 0.225 
5456    0.2 0.6 0.6 0.6 0.2 0.2  2.60492 0.45 0.875 0.925 0.225 0.625 0.35 0.925 0.125 0.375 0.025 0.375 0.875 0.375 0.35 0.275 0.1 0.825 0.125 1 0.525 0.85 0.05 0.5 0.95 
5466    0.2 0.6 0.6 0.6 0.6 0.2  1.98773 0.8 0.65 0.625 0.9 0.675 1 0.575 0.075 0 0.525 0.075 0.675 0.25 0.45 0.425 0.975 0.325 0.425 0.975 0.575 0.325 0.975 0.725 0.225 
5480    0.2 0.6 0.6 0.8 0.2 0  2.4376 0.45 0.875 0.925 0.225 0.3 0.35 0.925 0.125 0.4 0.025 0.375 0.875 0.375 0.35 0.275 0.1 0.825 0.125 0.4 0.525 0.85 0.05 0.5 0.95 
5481    0.2 0.6 0.6 0.8 0.2 0.2  2.59576 0.45 0.825 0.925 0.225 0.3 0.35 0.925 0.125 0.4 0.025 0.375 0.55 0.375 0.975 0.275 0.1 0.825 0.8 0.4 0.6 0.675 0.05 0.5 0.95 
5485    0.2 0.6 0.6 0.8 0.4 0  2.39455 0.45 0.825 0.925 0.225 0.3 0.35 0.925 0.125 0.4 0.025 0.625 0.55 0.375 0.35 0.275 0.1 0.825 0.075 0.4 0.375 0.85 0.05 0.5 0.95 
5486    0.2 0.6 0.6 0.8 0.4 0.2  2.49951 0.45 0.825 0.925 0.225 0.3 0.35 0.925 0.125 0.4 0.025 0.375 0.875 0.375 0.35 0.275 0.1 0.825 0.125 0.4 0.525 0.85 0.05 0.5 0.95 
5821    0.2 0.8 0.2 0.4 0.8 0.2  2.09114 0.05 0.95 0.45 0.625 0.875 1 0.575 0 0.1 0.25 0.25 0.675 0.375 0.275 0.425 0.975 0.325 0.425 0.975 0.275 0.075 0.8 0.825 0.225 
5841    0.2 0.8 0.2 0.6 0.6 0.2  2.63138 0.6 0.8 0.725 0.625 0.675 1 0.6 0 0 0.625 0 0.675 0.375 0.95 0.425 0.975 0.325 0.425 0.35 0.575 0.075 0.975 0.725 0.225 
5977    0.2 0.8 0.4 0.8 0 0.4  2.12027 0.325 0.825 0.925 0.025 1 0.35 0.925 0.125 0.4 0.025 0.375 0.55 0.375 0.975 0.425 0.625 0.375 0.8 0.4 0.55 0.675 0.05 0.725 0.95 
5981    0.2 0.8 0.4 0.8 0.2 0.2  1.69363 0.325 0.825 0.925 0.025 0.3 0.35 0.925 0.125 0.4 0.025 0.375 0.55 0.375 0.975 0.425 0.1 0.825 0.8 0.4 0.6 0.55 0.05 0.5 0.95 
5982    0.2 0.8 0.4 0.8 0.2 0.4  2.28067 0.325 0.825 0.925 0.025 0.3 0.35 0.925 0.125 0.4 0.025 0.375 0.55 0.375 0.975 0.425 0.1 0.375 0.8 0.4 0.55 0.675 0.05 0.725 0.95 
5985    0.2 0.8 0.4 0.8 0.4 0  2.09269 0.45 0.825 0.925 0.225 0.3 0.35 0.925 0.125 0.4 0.025 0.625 0.05 0.375 0.35 0.275 0.1 0.825 0.075 0.4 0.375 0.85 0.05 0.5 0.95 
6106    0.2 0.8 0.6 0.8 0.2 0.2  2.18867 0.325 0.825 0.925 0.025 0.3 0.35 0.925 0.125 0.4 0.025 0.375 0.55 0.375 0.975 0.425 0.7 0.375 0.8 0.4 0.55 0.675 0.05 0.725 0.95 
6456    0.4 0 0.2 0.6 0.2 0.2  4.35483 0.95 0.025 0.525 0.625 0.125 0.7 0.975 0.525 0 0.6 0 0.675 0.575 0.625 0.125 0.975 0.325 0.2 0.2 0.275 0.325 0.975 0.825 0.225 
6556    0.4 0 0.4 0.4 0.2 0.2  4.02139 0.875 0.65 0.225 1 0.8 0.35 0.575 0.125 0.4 0.075 0.375 0.55 0.85 0.35 0.275 0.175 0.825 0.8 0.4 0.525 0.85 0.05 0.5 0.6 
6561    0.4 0 0.4 0.4 0.4 0.2  4.72164 0.875 0.65 0.225 1 0.8 0.35 0.575 0.125 0.375 0.075 0.375 0.45 0.85 0.35 0.275 0.175 0.825 0.8 0.475 0.525 0.85 0.05 0.5 0.6 
6581    0.4 0 0.4 0.6 0.2 0.2  5.05309 0.875 0.875 0.225 1 0.05 0.35 0.975 0.125 0.475 0.025 0.65 0.55 0.375 0.35 0.275 0.175 0.825 0.8 0.4 0.525 0.85 0.325 0.5 0.8 
6582    0.4 0 0.4 0.6 0.2 0.4  4.20538 0.875 0.875 0.975 1 0.3 0.35 0.925 0.125 0.525 0.85 0.375 0.425 0.375 0.35 0.75 0.175 0.325 0.8 0.4 0.525 0.65 0.05 0.875 0.8 
6586    0.4 0 0.4 0.6 0.4 0.2  5.13103 0.875 0.875 0.225 1 0.3 0.35 0.925 0.125 0.05 0.025 0.225 0.85 0.375 0.35 0.275 0.175 0.825 0.8 0.4 0.525 0.85 0.5 0.5 0.8 
6931    0.4 0.2 0 0.4 0.2 0.2  6.46094 1 0.55 0.1 0.625 0.225 0.5 0.575 0.9 0 0.25 0 0.75 0.2 0.625 0.65 0.425 0.325 0.2 0.2 0.275 0.325 0.925 0.175 0.225 
6932    0.4 0.2 0 0.4 0.2 0.4  6.02779 1 0.575 0.1 0.625 0.225 1 0.575 0.9 0 0.25 0 0.675 0.025 0.625 0.425 0.15 0.325 0.2 0.2 0.275 0.325 0.975 0.175 0.225 
6936    0.4 0.2 0 0.4 0.4 0.2  5.57636 1 0.55 0.1 0.625 0.225 0.5 0.575 0.9 0 0.25 0 0.75 0.2 0.625 0.65 0.425 0.325 0.2 0.2 0.275 0.325 0.675 0.175 0.225 
6957    0.4 0.2 0 0.6 0.2 0.4  5.34313 1 0.9 0 0.625 0.225 0.7 0.575 0.9 0 0.125 0 0.675 0.35 0.625 0.425 0.975 0.325 0.2 0.2 0.275 0.325 0.65 0.825 0.225 
6962    0.4 0.2 0 0.6 0.4 0.4  4.3408 1 0.55 0 0.625 0.7 1 0.575 0.9 0 0.125 0.025 0.65 0.975 0.625 0.425 0.975 0.325 0.2 0.2 0.275 0.325 0.975 0.95 0.475 
7031    0.4 0.2 0.2 0.2 0.2 0.2  5.29167 1 0.85 0 0.725 0.175 0.25 0.35 0.35 0 0.25 0 0.675 0.3 0.45 0.35 0.05 0.325 0.2 0.2 0.275 0.325 0.975 0.55 0.225 
7035    0.4 0.2 0.2 0.2 0.4 0  5.44277 1 0.55 0.325 0.625 0.175 0.25 0.35 0.875 0 0.25 0 0.675 0.575 0.45 0.35 0.825 0.325 0.2 0.275 0.55 0.325 0.975 0.55 0.225 
7036    0.4 0.2 0.2 0.2 0.4 0.2  3.04693 0.95 0.125 0.325 0.625 0.225 0.7 0.575 0.975 0.675 0.15 0 0.675 0.575 0.625 0.625 0.975 0.325 0.7 0.675 0.275 0.325 0.975 0.825 0.225 
7051    0.4 0.2 0.2 0.4 0 0.2  3.72078 1 0.875 0.225 1 0.3 0.35 0.6 0.4 0.725 0.625 0.375 0.475 0.375 0.375 0.275 0.175 0.825 0.35 0.525 0.525 0.85 0.1 0.5 0.6 
7055    0.4 0.2 0.2 0.4 0.2 0  6.90886 1 0.55 0.325 0.725 0.175 0.25 0.35 0.35 0 0.25 0 0.675 0.575 0.45 0.35 0.7 0.325 0.2 0.2 0.275 0.325 0.975 0.55 0.225 
7056    0.4 0.2 0.2 0.4 0.2 0.2  7.18795 1 0.875 0.225 1 0.3 0.35 0.575 0.4 0.725 0.95 0.375 0.475 0.375 0.375 1 0.175 0.575 0.15 0.525 0.525 0.85 0.05 0.5 0.525 
7057    0.4 0.2 0.2 0.4 0.2 0.4  6.103 0.95 0.125 0.325 0.625 0.225 0.7 0.575 0.975 0.675 0.15 0 0.675 0.575 0.625 0.625 0.975 0.325 0.2 0.675 0.275 0.325 0.975 0.825 0.225 
7060    0.4 0.2 0.2 0.4 0.4 0  6.50843 1 0.875 0.225 1 0.3 0.35 0.6 0.4 0.725 0.75 0.375 0.475 0.375 0.375 0.275 0.175 0.825 0.8 0.525 0.525 0.85 0.05 0.5 0.6 
7061    0.4 0.2 0.2 0.4 0.4 0.2  6.69603 1 0.875 0.225 1 0.3 0.35 0.575 0.4 0.725 0.625 0.375 0.475 0.375 0.375 0.275 0.175 0.575 0.8 0.525 0.525 0.85 0.05 0.5 0.525 
7062    0.4 0.2 0.2 0.4 0.4 0.4  6.13759 1 0.55 0.325 0.1 0.825 0.25 0.35 0.35 0 0.1 0 0.675 0.575 0.45 0.35 0.625 0.325 0.2 0.2 0.275 0.775 0.975 0.55 0.225 
7066    0.4 0.2 0.2 0.4 0.6 0.2  4.3413 0.8 0.95 0.125 0.625 0.4 1 0.575 0 0.1 0.875 0 0.675 0.375 0.025 0.425 0.975 0.325 0.425 0.975 0.275 0.075 0.975 0.825 0.225 
7077    0.4 0.2 0.2 0.6 0 0.4  5.161 0.875 0.875 0.975 1 0.3 0.35 0.925 0.125 0.6 0.025 0.375 0.425 0.375 0.35 0.75 0.175 0.325 0.8 0.4 0.525 0.85 0.05 0.875 0.8 
7080    0.4 0.2 0.2 0.6 0.2 0  6.04587 1 0.875 0.225 1 0.3 0.225 0.575 0.9 0.725 0.95 0.425 0.475 0.375 0.375 1 0.175 0.575 0.15 0.525 0.525 0.85 0.05 0.5 0.525 
7081    0.4 0.2 0.2 0.6 0.2 0.2  5.91326 0.95 0.7 0.225 1 0.25 0.35 0.925 0.6 0.4 0.7 0.425 0.9 0.375 0.35 0.275 0.175 0.825 0.8 0.4 0.45 0.85 0.4 0.5 0.8 
7082    0.4 0.2 0.2 0.6 0.2 0.4  5.32095 0.95 0.2 0.725 0.55 0.275 0.175 0.925 0.35 0 0.175 0 0.675 0.575 0.4 0.65 0.975 0.325 0.2 0.2 0.275 0.325 0 0.825 0.225 
7085    0.4 0.2 0.2 0.6 0.4 0  6.25719 1 0.825 0 0.625 0.425 0.125 0.95 0.9 0 0.125 1 0.675 0.975 0 0.425 0.975 0.325 0.2 0.2 0.375 0.225 0.975 0.175 0.725 
7086    0.4 0.2 0.2 0.6 0.4 0.2  5.9971 0.975 0.875 0.225 1 0.1 0.35 0.575 0.525 0.4 0.625 0.375 0.55 0.35 0.35 0.275 0.175 0.375 0.525 0.475 0.525 0.85 0.05 0.5 0.6 
7160    0.4 0.2 0.4 0.2 0.4 0  6.55545 1 0.55 0.325 0.625 0.175 0.25 0.35 0.35 0 0.25 0 0.275 0.575 0.45 0.35 0.825 0.325 0.2 0.2 0.55 0.325 0.975 0.55 0.225 
7176    0.4 0.2 0.4 0.4 0 0.2  4.63563 0.95 0.05 0.75 0.625 0.4 0.7 0.575 0.35 0 0.825 0 0.475 0.075 0.625 0.7 0.975 0.325 0.2 0.95 0.725 0.325 0.75 0.825 0.625 
7180    0.4 0.2 0.4 0.4 0.2 0  5.06534 0.875 0.875 0.325 0.7 0.3 0.35 0.275 0.85 0.4 0.025 0.375 0.85 0.375 0.35 0.275 0.175 0.825 0.8 0.4 0.525 0.85 0.05 0.5 0.6 
7181    0.4 0.2 0.4 0.4 0.2 0.2  6.66871 1 0.875 0.225 1 0.3 0.35 0.575 0.4 0.725 0.95 0.175 0.475 0.375 0.375 1 0.175 0.575 0.15 0.525 0.525 0.85 0.05 0.5 0.525 
7182    0.4 0.2 0.4 0.4 0.2 0.4  6.02947 0.975 0.55 0.8 1 0.55 0.7 0.625 0.35 0 0.175 0.15 0.675 0.775 0.45 0.425 0.975 0.325 0.3 0.875 0.275 0.675 0.975 0.825 0.225 
7185    0.4 0.2 0.4 0.4 0.4 0  6.38104 1 0.55 0.325 0.1 0.4 0.25 0.25 0.35 0.1 0.25 0.475 0.95 0.575 0.45 0.35 0.825 0.325 0.2 0.2 0.775 0.775 0.325 0.55 0.225 
7186    0.4 0.2 0.4 0.4 0.4 0.2  6.30756 1 0.875 0.225 1 0.3 0.35 0.625 0.4 0.725 0.75 0.375 0.475 0.375 0.375 0.275 0.1 0.825 0.8 0.525 0.525 0.85 0.05 0.5 0.6 
7191    0.4 0.2 0.4 0.4 0.6 0.2  4.18655 0.8 0.95 0.325 0.8 0.65 1 0.125 0.85 0 0.25 0 0.675 0.375 0.275 0.325 0.975 0.325 0.425 0.975 0.275 0.575 0.175 0.825 0.1 
7201    0.4 0.2 0.4 0.6 0 0.2  4.81977 0.875 0.625 0.225 1 0.3 0.35 0.925 0.175 0.4 0.7 0.975 0.55 0.3 0.35 0.275 0.175 0.25 0.8 0.325 0.525 0.85 0.4 0.5 0.8 
7202    0.4 0.2 0.4 0.6 0 0.4  5.39122 0.875 0.875 0.975 1 0.3 0.35 0.925 0.125 0.125 0.025 0.375 0.425 0.375 0.35 0.75 0.175 0.325 0.8 0.4 0.525 0.85 0.05 0.875 0.8 
7206    0.4 0.2 0.4 0.6 0.2 0.2  6.31486 0.95 0.875 0.225 1 0.3 0.35 0.925 0.6 0.4 0.7 0.425 0.55 0.375 0.35 0.275 0.175 0.825 0.8 0.4 0.45 0.85 0.4 0.5 0.8 
7207    0.4 0.2 0.4 0.6 0.2 0.4  4.80841 0.95 0.85 0.325 0.625 0.9 0.7 0.925 0.35 0.8 0.7 0 0.675 0.575 0.4 0.425 0.975 0.325 0.55 0.2 0.275 1 0.975 0.825 0.775 
7210    0.4 0.2 0.4 0.6 0.4 0  5.30296 0.925 0.725 0.225 1 0.3 0.35 0.575 0.375 0.475 0.3 0.375 0.55 0.1 0.3 0.275 0.175 0.875 0.8 0.525 0.525 0.875 0.05 0.5 0.6 
7211    0.4 0.2 0.4 0.6 0.4 0.2  6.09785 1 0.875 0.225 1 0.3 0.35 0.575 0.4 0.5 0.625 0.375 0.475 0.375 0.375 0.275 0.175 0.825 0.85 0.5 0.525 0.85 0.05 0.5 0.6 
7212    0.4 0.2 0.4 0.6 0.4 0.4  5.43698 0.875 0.875 0.225 1 0.3 0.35 0.925 0.125 0.4 0.025 0.225 0.55 0.375 0.35 0.275 0.175 0.825 0.8 0.4 0.525 0.85 0.5 0.5 0.8 
7215    0.4 0.2 0.4 0.6 0.6 0  4.08054 0.8 0.875 0.225 1 0.3 0.35 0.575 0.175 0.725 0.625 0.375 0.55 0.375 0.375 0.275 0.8 0.825 0.8 0.525 0.525 0.7 0.05 0.5 0.6 
7216    0.4 0.2 0.4 0.6 0.6 0.2  4.77251 0.85 0.875 0.225 1 0.3 0.35 0.575 0.175 0.725 0.625 0.375 0.55 0.375 0.375 0.275 0.175 0.825 0.8 0.525 0.525 0.7 0.05 0.5 0.6 
7231    0.4 0.2 0.4 0.8 0.2 0.2  4.14506 0.725 0.875 0.225 1 0.3 0.35 0.925 0.125 0.4 0.7 0.425 0.05 0.375 0.35 0.275 0.175 0.825 0.8 0.4 0.525 0.85 0.4 0.15 0.8 
7306    0.4 0.2 0.6 0.4 0.2 0.2  4.30277 0.875 0.875 0.7 1 0.3 0.35 0.575 0.125 0.4 0.025 0.375 0.55 0.375 0.35 0.225 0.925 0.825 0.225 0.4 0.125 0.85 0.05 0.5 0.6 
7316    0.4 0.2 0.6 0.4 0.6 0.2  3.78943 0.8 0.95 0.325 0.8 0.65 0.875 0.125 0.575 0 0.25 0 0.675 0.375 0.275 0.325 0.975 0.325 0.425 0.975 0.275 0.575 0.175 0.825 0.1 
7327    0.4 0.2 0.6 0.6 0 0.4  3.76918 0.875 0.875 0.225 1 0.3 0.35 0.75 0.575 0.3 0.025 0.375 0.55 0.375 0.35 0.425 0.175 0.825 0.8 0.4 0.525 0.85 0.625 0.5 0.6 
7331    0.4 0.2 0.6 0.6 0.2 0.2  5.32717 0.875 0.875 0.225 1 0.3 0.35 0.925 0.125 0.4 0.7 0.425 1 0.375 0.35 0.275 0.175 0.825 0.8 0.4 0.525 0.85 0.4 0.5 0.8 
7332    0.4 0.2 0.6 0.6 0.2 0.4  4.28964 0.875 0.875 0.225 1 0.3 0.35 0.575 0.125 0.25 0.025 0.375 0.55 0.375 0.35 0.425 0.175 0.825 0.8 0.4 0.525 0.85 0.625 0.5 0.6 
7335    0.4 0.2 0.6 0.6 0.4 0  2.92325 0.15 0.875 0.225 1 0.4 0.35 0.575 0.4 0.5 0.8 0.55 0.55 0.375 0.35 0.275 0.175 0.15 0.8 0.525 0.525 0.85 0.05 0.5 0.6 
7336    0.4 0.2 0.6 0.6 0.4 0.2  4.97939 0.875 0.875 0.225 1 0.3 0.35 0.925 0.025 0.35 0.7 0.425 1 0.375 0.35 0.275 0.175 0.825 0.8 0.4 0.525 0.85 0.4 0.5 0.8 
7337    0.4 0.2 0.6 0.6 0.4 0.4  5.08966 0.875 0.875 0.225 1 0.3 0.35 0.925 0.125 0.725 0.025 0.225 0.55 0.375 0.35 0.275 0.175 0.825 0.8 0.4 0.525 0.85 0.5 0.5 0.8 
7340    0.4 0.2 0.6 0.6 0.6 0  3.41735 0.475 0.875 0.225 1 0.3 0.35 0.575 0.4 0.575 0.625 0.375 0.475 0.325 0.375 0.275 0.175 0.875 0.8 0.525 0.525 0.85 0.05 0.5 0.6 
7341    0.4 0.2 0.6 0.6 0.6 0.2  3.39525 0.8 0.65 0.325 0.9 0.675 1 0.575 0.075 0 0.25 0.075 0.675 0.25 0.45 0.425 0.975 0.325 0.425 0.975 0.575 0.325 0.975 0.725 0.225 
7531    0.4 0.4 0 0.2 0.2 0.2  5.02958 1 0.55 0 0.625 0.425 0.125 0.95 0.9 0 0.125 1 0.675 0.975 0 0.425 0.975 0.325 0.2 0.2 0.375 0.225 0.975 0.175 0.725 
7532    0.4 0.4 0 0.2 0.2 0.4  5.53827 1 0.55 0 0.625 0.7 0.125 0.35 0.175 0 0.125 0.025 0.675 0.975 0.625 0.425 0.975 0.325 0.2 0.2 0.375 0.325 0.975 0.175 0.725 
7536    0.4 0.4 0 0.2 0.4 0.2  5.86605 1 0.9 0.325 0.625 0.225 0.7 0.375 0.35 0 0.125 0 0.575 0.425 0.625 0.425 0.975 0.325 0.2 0.2 0.275 0.325 0.975 0.825 0.225 
7537    0.4 0.4 0 0.2 0.4 0.4  5.70767 1 0.55 0.325 0.625 0.675 1 0.575 0.975 0.75 0.25 0 0.525 0.85 0.625 0.425 0.975 0.35 0.85 0.05 0.475 0.325 0.975 0.825 0.225 
7551    0.4 0.4 0 0.4 0 0.2  6.0597 1 0.55 0.175 0.775 0.225 1 0.575 0.9 0.925 0.25 0 0.675 0.175 0.625 0.65 0.425 0.325 0.2 0.8 0.275 0.325 0.925 0.175 0.225 
7552    0.4 0.4 0 0.4 0 0.4  5.81639 1 0.55 0.1 0.625 0.225 1 0.575 0.9 0.925 0.25 0 0.675 0.525 0.625 0.65 0.425 0.3 0.2 0.15 0.275 0.325 0.925 0.175 0.225 
7556    0.4 0.4 0 0.4 0.2 0.2  6.26669 1 0.825 0 0.625 0.425 0.125 0.95 0.9 0 0.125 1 0.675 0.975 0 0.425 0.975 0.325 0.2 0.2 0.375 0.225 0.975 0.525 0.725 
7557    0.4 0.4 0 0.4 0.2 0.4  6.29059 1 0.55 0 0.075 0.7 0.125 0.35 0.9 0 0.125 0.025 0.675 0.975 0 0.425 0.975 0.325 0.2 0.2 0.375 0.225 0.975 0.175 0.725 
7561    0.4 0.4 0 0.4 0.4 0.2  6.09498 1 0.9 0.325 0.625 0.225 0.7 0.575 0.35 0 0.125 0 0.675 0.425 0.625 0.425 0.975 0.325 0.2 0.2 0.275 0.325 0.975 0.825 0.225 
7562    0.4 0.4 0 0.4 0.4 0.4  6.04248 1 0.15 0.325 0.625 0.825 0.25 0.35 0.35 1 0.25 0 0.675 0.575 0.45 0.575 0.825 0.4 0.2 0.2 0.275 0.775 0.975 0.55 0.225 
7563    0.4 0.4 0 0.4 0.4 0.6  4.17739 0.8 0.95 0.325 0.8 0.575 1 0.3 0 0 0.675 0.075 0.975 0.375 0.775 0.425 0.975 0.325 0.425 0.975 0.275 0.225 0.175 0.825 0.1 
7566    0.4 0.4 0 0.4 0.6 0.2  4.01714 0.8 0.5 0.325 0.25 0.2 1 0.425 0 0 0.25 0 0.675 0.375 0.625 0.425 0.975 0.325 0.425 0.975 0.55 0.325 0.175 0.825 0.225 
7567    0.4 0.4 0 0.4 0.6 0.4  4.31364 0.8 0.95 0.3 0.625 0.425 1 0.425 0 0 0.25 0 0.675 0.4 0.625 0.425 0.275 0.325 0.425 0.975 0.275 0.275 0.175 0.825 0.225 
7576    0.4 0.4 0 0.6 0 0.2  5.19533 1 0.55 0.1 0.625 0.225 1 0.575 0.9 0.925 0.25 0 0.675 0.175 0.625 0.65 0.425 0.325 0.2 0.8 0.275 0.325 0.925 0.175 0.225 
7577    0.4 0.4 0 0.6 0 0.4  5.91523 1 0.55 0.1 0.625 0.225 1 0.575 0.9 0.925 0.25 0 0.675 0.175 0.625 0.65 0.425 0.325 0.2 0.15 0.275 0.325 0.925 0.175 0.225 
7581    0.4 0.4 0 0.6 0.2 0.2  5.32139 1 0.9 0.325 0.625 0.225 0.675 0.575 0.35 0 0.125 0 0.675 0.35 0.625 0.425 0.975 0.325 0.2 0.2 0.275 0.325 0.65 0.825 0.225 
7582    0.4 0.4 0 0.6 0.2 0.4  5.47839 1 0.55 0.325 0.625 0.225 0.35 0.575 0.9 0 0.25 0 0.675 0.85 0.625 0.425 0.975 0.325 0.2 0.2 0.275 0.325 0.975 0.825 0.225 
7586    0.4 0.4 0 0.6 0.4 0.2  5.69536 1 0.55 0.325 0.625 0.825 0.7 0.575 0.825 0 0.95 0 0.675 0.55 0.625 0.425 0.975 0.325 0.2 0.2 0.425 0.325 0.975 0.825 0.45 
7587    0.4 0.4 0 0.6 0.4 0.4  5.15266 1 0.575 0.1 0.625 0.225 1 0.575 0.9 0 0.25 0 0.675 0.025 0.625 0.425 0.15 0.325 0.2 0.2 0.275 0.7 0.65 0.175 0.225 
7588    0.4 0.4 0 0.6 0.4 0.6  3.66244 0.8 0.95 0.325 0.8 0.65 1 0.975 0 0 0.25 0 0.675 0.375 0.775 0.425 0.975 0.325 0.425 0.975 0.275 0.325 0.175 0.825 0.1 
7656    0.4 0.4 0.2 0.2 0.2 0.2  5.62977 1 0.55 0 0.875 0.425 0.125 0.95 0.9 0 0.125 1 0.675 0.975 0 0.425 0.975 0.325 0.2 0.2 0.375 0.225 0.975 0.175 0.725 
7657    0.4 0.4 0.2 0.2 0.2 0.4  5.55606 1 0.55 0 0.625 0.7 0.125 0.35 0.9 0 0.125 0.025 0.675 0.975 0 0.425 0.975 0.325 0.2 0.2 0.375 0.225 0.975 0.175 0.725 
7660    0.4 0.4 0.2 0.2 0.4 0  5.19104 1 0.55 0.325 0.625 0.175 0.25 0.35 0.875 0 0.25 0 0.675 0.575 0.45 0.35 0.825 0.325 0.2 0.275 0.55 0.175 0.975 0.55 0.225 
7661    0.4 0.4 0.2 0.2 0.4 0.2  5.99159 1 0.55 0.325 0.625 0.225 1 0.575 0.225 0 0.25 0 0.675 0.375 0.625 0.425 0.9 0.325 0.2 0.1 0.275 0.325 0.975 0.825 0.225 
7662    0.4 0.4 0.2 0.2 0.4 0.4  5.51185 0.95 0.3 0.325 0.675 0.9 0.725 0.575 0.35 0 0.725 0 0.6 0.575 0.075 0.425 0.375 0.325 0.2 0.2 0.8 0.325 0.525 0.825 0.225 
7666    0.4 0.4 0.2 0.2 0.6 0.2  5.71447 1 0.55 0.325 0.625 0.225 1 0.575 0.05 0 0.25 0 0.675 0.375 0.625 0.425 0.9 0.325 0.2 0.1 0.275 0.325 0.975 0.825 0.225 
7676    0.4 0.4 0.2 0.4 0 0.2  5.46241 1 0.55 0.325 0.375 0 0.675 0.425 0.9 0 0.25 0.45 0.675 0.1 0.625 0.425 0.975 0 0.1 0.8 0.95 0.55 0.9 0.825 0.225 
7677    0.4 0.4 0.2 0.4 0 0.4  5.85948 1 0.55 0.325 0.375 0 0.675 0.425 0.9 0 0.25 0.45 0.675 0.475 0.625 0.425 0.975 0 0.1 0.8 0.95 0.55 0.9 0.825 0.225 
7680    0.4 0.4 0.2 0.4 0.2 0  6.269 1 0.55 0.325 0.725 0.175 0.25 0.35 0.35 0 0.25 0 0.675 0.3 0.45 0.35 0.825 0.325 0.2 0.2 0.275 0.325 0.975 0.55 0.225 
7681    0.4 0.4 0.2 0.4 0.2 0.2  6.95761 1 0.9 0.125 0.625 0.225 0.7 0.575 0.35 0 0.125 0.55 0.675 0.425 0.625 0.425 0.975 0.325 0.2 0.2 0.275 0.325 0.975 0.825 0.225 
7682    0.4 0.4 0.2 0.4 0.2 0.4  6.68207 1 0.55 0.325 0.1 0.825 0.25 0.35 0.35 0 0.25 0 0.675 0.575 0.45 0.35 0.825 0.325 0.2 0.2 0.275 0.775 0.975 0.55 0.225 
7685    0.4 0.4 0.2 0.4 0.4 0  6.50956 1 0.55 0.325 0.725 0.175 0.25 0.35 0.35 0 0.85 0 0.675 0.3 0.45 0.35 0.825 0.325 0.2 0.2 0.275 0.325 0.975 0.55 0.225 
7686    0.4 0.4 0.2 0.4 0.4 0.2  6.74775 1 0.975 0.325 0.625 0.225 0.7 0.575 0.35 0 0.125 0.425 0.675 0.925 0.625 0.425 0.975 0.325 0.2 0.2 0.275 0.325 0.975 0.825 0.275 
7687    0.4 0.4 0.2 0.4 0.4 0.4  5.9606 1 0.55 0.325 0.625 0.825 0.25 0.35 0.35 0 0.25 0 0.675 0.575 0.45 0.35 0.825 0.4 0.2 0.2 0.275 0.775 0.975 0.55 0.225 
7688    0.4 0.4 0.2 0.4 0.4 0.6  4.01948 0.8 0.5 0.325 0.875 0.675 1 0.425 0 0 0.25 0.725 0.675 0.375 0.625 0.425 0.975 0.325 0.425 0.975 0.275 0.325 0.175 0.825 0.225 
7690    0.4 0.4 0.2 0.4 0.6 0  4.76321 1 0.55 0.325 0.625 0.225 1 0.575 0.9 0 0.25 0.95 0.675 0.375 0.625 0.425 0.975 0.975 0.2 0.2 0.275 0.325 0.975 0.825 0.225 
7691    0.4 0.4 0.2 0.4 0.6 0.2  5.06869 1 0.55 0.325 0.625 0 1 0.575 0.9 0 0.25 0.275 0.675 0.975 0.625 0.425 0.975 0.925 0.2 0.2 0.4 0.325 0.975 0.725 0.225 
7692    0.4 0.4 0.2 0.4 0.6 0.4  4.39908 0.8 0.95 0.325 0.625 0.425 1 0.425 0 0 0.25 0 0.675 0.4 0.625 0.425 0.275 0.325 0.425 0.975 0.275 0.275 0.175 0.825 0.225 
7693    0.4 0.4 0.2 0.4 0.6 0.6  4.0793 0.8 0.95 0.325 0.625 0.875 1 0.575 0 0.1 0.25 0 0.675 0.375 0.625 0.425 0.975 0.325 0.425 0.975 0.275 0.2 0.975 0.825 0.225 
7701    0.4 0.4 0.2 0.6 0 0.2  4.65315 1 0.55 0.325 0.1 0.825 0.025 0.35 0.45 0 0.25 0.275 0.95 0.525 0.45 0.35 0.825 0.325 0.2 0.2 0.775 0.775 0.325 0.55 0.225 
7702    0.4 0.4 0.2 0.6 0 0.4  4.28983 0.95 0.55 0.725 0.625 0.55 0.7 0.925 0.35 0 0.175 0 0.675 0.575 0.2 0.425 0.975 0.325 0.975 0.2 0.275 0.325 0.975 0.825 0.225 
7705    0.4 0.4 0.2 0.6 0.2 0  4.38385 0.9 0.725 0.75 0.675 0.2 0.325 0.525 0.325 0.3 0.475 0.55 0.475 0.225 0.4 0.4 0.55 0.825 0.05 0.375 0.375 0.075 0.425 0.15 0.525 
7706    0.4 0.4 0.2 0.6 0.2 0.2  6.05917 1 0.55 0.325 0.625 0.175 0.25 0.35 0.35 0 0.25 0 0.675 0.575 0.625 0.35 0.975 0.325 0.2 0.2 0.5 0.325 0.975 0.55 0.85 
7707    0.4 0.4 0.2 0.6 0.2 0.4  5.5933 1 0.55 0.625 0.625 0.175 0.25 0.625 0.975 0 0.25 0 0.675 0.575 0.625 0.425 0.975 0.325 0.2 0.2 0.7 0.325 0.975 0.825 0.225 
7708    0.4 0.4 0.2 0.6 0.2 0.6  4.39967 0.8 0.95 0.325 0.825 0.875 1 0.575 0 0.1 0.25 0 0.8 0.375 0.625 0.425 0.975 0.325 0.575 0.45 0.275 0.325 0.975 0.825 0.225 
7710    0.4 0.4 0.2 0.6 0.4 0  5.20438 0.875 0.625 0.925 0.225 0.3 0.35 0.925 0.125 0.75 0.025 0.375 0.55 0.375 0.35 0.95 0.175 0.825 0.8 0.4 0.525 0.85 0.05 0.5 0.925 
7711    0.4 0.4 0.2 0.6 0.4 0.2  5.63915 1 0.55 0.325 0.625 0.225 0.7 0.575 0.35 0 0.95 0 0.675 0.55 0.625 0.425 0.975 0.325 0.2 0.2 0.275 0.325 0.975 0.825 0.225 
7712    0.4 0.4 0.2 0.6 0.4 0.4  4.46815 0.95 0.975 0.725 0.55 0.55 0.175 0.925 0.35 0 0.175 0 0.675 0.575 0.4 0.425 0.975 0.325 0.2 0.2 0.275 0.325 0.45 0.825 0.225 
7713    0.4 0.4 0.2 0.6 0.4 0.6  3.6196 0.8 0.95 0.45 0.625 0.875 1 0.575 0 0.1 0.25 0 0.675 0 0.625 0.425 0.975 0.325 0.425 0.975 0.275 0.075 0.975 0.825 0.225 
7716    0.4 0.4 0.2 0.6 0.6 0.2  4.63307 0.95 0.55 0.325 0.625 0.2 0.7 0.575 0.35 0 0.1 0 0.675 0.575 0.625 0.425 0.975 0.325 0.85 0.2 0.275 0.075 0.975 0.475 0.225 
7717    0.4 0.4 0.2 0.6 0.6 0.4  4.5113 0.8 1 0.325 0.625 0.875 1 0.575 0 0.1 0.25 0 0.675 0.375 0.625 0.425 0.975 0.325 0.425 0.975 0.45 0.325 0.975 0.825 0.225 
7718    0.4 0.4 0.2 0.6 0.6 0.6  3.56376 0.8 0.525 0.325 0.625 0.425 1 1 0 0 0.25 0 0.675 0.4 0.625 0.425 0.975 0.325 0.425 0.975 0.275 0.275 0.175 0.825 0.225 
7731    0.4 0.4 0.2 0.8 0.2 0.2  3.92294 0.725 0.775 0.225 1 0.3 0.35 0.925 1 0.4 0.7 0.425 0.55 0.375 0.35 0.275 0.175 0.825 0.8 0.4 0.525 0.85 0.4 0.15 0.8 
7785    0.4 0.4 0.4 0.2 0.4 0  6.79268 1 0.55 0.325 0.625 0.175 0.25 0.35 0.35 0 0.25 0 0.675 0.575 0.45 0.35 0.825 0.325 0.2 0.275 0.55 0.325 0.975 0.55 0.225 
7806    0.4 0.4 0.4 0.4 0.2 0.2  6.1801 1 0.55 0.325 0.1 0.825 0.25 0.35 0.35 0.1 0.25 0.475 0.95 0.575 0.45 0.35 0.825 0.325 0.2 0.2 0.775 0.775 0.325 0.55 0.225 
7807    0.4 0.4 0.4 0.4 0.2 0.4  5.81921 1 0.55 0.325 0.1 0.825 0.25 0.35 0.35 0 0.1 0 0.675 0.575 0.45 0.35 0.825 0.325 0.2 0.2 0.275 0.775 0.975 0.55 0.225 
7810    0.4 0.4 0.4 0.4 0.4 0  6.29249 1 0.55 0.325 0.625 0.175 0.25 0.35 0.35 0 0.25 0 0.675 0.575 0.45 0.35 0.825 0.325 0.2 0.2 0.275 0.325 0.975 0.55 0.225 
7811    0.4 0.4 0.4 0.4 0.4 0.2  6.18835 1 0.55 0.325 0.1 0.825 0.25 0.35 0.35 0 0.25 0.275 0.675 0.575 0.45 0.35 0.825 0.325 0.2 0.2 0.775 0.775 0.325 0.55 0.225 
7812    0.4 0.4 0.4 0.4 0.4 0.4  5.18244 0.975 0.55 0.8 0.625 0.55 0.7 0.625 0.35 0 0.175 0.15 0.675 0.775 0.4 0.425 0.975 0.325 0.2 0.875 0.275 0.675 0.975 0.825 0.225 
7816    0.4 0.4 0.4 0.4 0.6 0.2  4.41087 0.825 0.5 0.325 0.625 0.2 1 0.425 0 0 0.25 0 0.675 0.375 0.625 0.425 0.975 0.325 0.425 0.975 0.925 0.325 0.175 0.825 0.225 
7817    0.4 0.4 0.4 0.4 0.6 0.4  4.15194 0.8 0.95 0.325 0.55 0.25 1 0.575 0.1 0.1 0.25 0.8 0.675 0.375 0.3 0.425 0.975 0.325 0.425 0.975 0.45 0.325 0.975 0.825 0.225 
7826    0.4 0.4 0.4 0.6 0 0.2  5.55063 1 0.55 0.325 0.725 0.175 0.25 0.35 0.35 0 0.25 0 0.675 0.575 0.45 0.35 0.7 0.325 0.4 0.2 0.275 0.325 0.975 0.55 0.225 
7830    0.4 0.4 0.4 0.6 0.2 0  5.31997 0.875 0.875 0.925 0.225 0.3 0.35 0.925 0.125 0.4 0.025 0.375 0.55 0.375 0.35 0.275 0.175 0.775 0.8 0.4 0.7 0.85 0.05 0.5 0.8 
7831    0.4 0.4 0.4 0.6 0.2 0.2  5.86396 1 0.55 0.325 0.1 0.825 0.025 0.35 0.35 0 0.25 0.275 0.95 0.575 0.45 0.35 0.825 0.325 0.2 0.2 0.775 0.775 0.325 0.55 0.225 
7832    0.4 0.4 0.4 0.6 0.2 0.4  5.59276 0.95 0.85 0.325 0.35 0.9 0.7 0.925 0.35 0.8 0.7 0 0.675 0.575 0.4 0.425 0.975 0.325 0.55 0.2 0.275 1 0.975 0.825 0.775 
7833    0.4 0.4 0.4 0.6 0.2 0.6  2.17941 0.475 0.55 0.425 0.625 0.55 0.7 0.925 0.25 0 0.175 0.4 0.675 0.575 0.4 0.425 0.85 0.325 0.2 0.2 0.275 0.325 0.975 0.825 0.225 
7835    0.4 0.4 0.4 0.6 0.4 0  5.81406 0.875 0.875 0.925 0.225 0.3 0.35 0.925 0.125 0.4 0.025 0.375 0.55 0.3 0.35 0.275 0.175 0.775 0.8 0.4 0.7 0.85 0.05 0.5 0.8 
7836    0.4 0.4 0.4 0.6 0.4 0.2  5.45202 0.875 0.875 0.925 0.225 0.3 0.35 0.925 0.125 0.4 0.025 0.375 0.55 0.375 0.35 0.275 0.25 0.775 0.8 0.4 0.7 0.85 0.05 0.5 0.8 
7837    0.4 0.4 0.4 0.6 0.4 0.4  4.76223 0.95 0.975 0.725 0.55 0.025 0.175 0.925 0.35 0 0.175 0 0.675 0.575 0.4 0.425 0.975 0.325 0.2 0.2 0.275 0.325 0 0.825 0.225 
7840    0.4 0.4 0.4 0.6 0.6 0  3.55953 0.95 0.05 0.75 0.625 0.225 0.7 0.575 0.75 0 0.925 0 0.325 0.575 0.625 0.9 0.975 0.325 0.35 0.2 1 0.325 0.3 0.825 0.325 
7841    0.4 0.4 0.4 0.6 0.6 0.2  4.10486 0.8 0.9 0.95 0.625 0.3 1 0.575 0 0 0.25 0.9 0.675 0.375 0.825 0.425 0.975 0.325 0.425 0.975 0.275 0.325 0.975 0.825 0.175 
7842    0.4 0.4 0.4 0.6 0.6 0.4  3.84725 0.8 0.95 0.325 0.625 0.3 1 0.575 0 0 0.25 0 0.675 0.375 0.5 0.425 0.975 0.325 0.425 0.975 0.475 0.325 0.975 0.825 0.225 
7856    0.4 0.4 0.4 0.8 0.2 0.2  4.21164 0.725 0.875 0.225 1 0.3 0.35 0.925 0.125 0.4 0.7 0.425 0.05 0.375 0.35 0.275 0.175 0.9 0.8 0.4 0.525 0.85 0.4 0.15 0.8 
7857    0.4 0.4 0.4 0.8 0.2 0.4  2.95679 0.475 0.55 0.725 0.625 0.55 0.525 0.925 0.35 0 0.3 0 0.675 0.575 0.4 0.425 0.975 0.325 0.2 0.425 0.25 0.7 0.975 0.825 0.225 
7931    0.4 0.4 0.6 0.4 0.2 0.2  3.74501 0.9 0.725 0.75 0.7 0.2 0.5 0.525 0.175 0.3 0.425 0.55 0.825 1 0.4 0.5 0.225 0.825 0 0.075 0.375 0.075 0.425 0.15 0.525 
7940    0.4 0.4 0.6 0.4 0.6 0  2.58709 0.6 0.05 0.575 0.625 0.675 1 0.575 0 0.85 0.25 0 0.675 0.375 0.95 0.425 0.975 0.325 0.425 0.35 0.575 0.075 0.975 0.725 0.225 
7956    0.4 0.4 0.6 0.6 0.2 0.2  4.02195 0.875 0.875 0.15 1 0.3 0.35 0.575 0.125 0.075 0.025 0.375 0.55 0.375 0.35 0.275 0.175 0.825 0.8 0.4 0.15 0.85 0.05 0.675 0.8 
7957    0.4 0.4 0.6 0.6 0.2 0.4  2.51797 0.475 0.55 0.3 0.625 0.55 0.7 0.925 0.35 0 0.175 0 0.675 0.575 0.4 0.425 0.975 0.325 0.2 0.2 0.6 0.325 0.75 0.825 0.225 
7960    0.4 0.4 0.6 0.6 0.4 0  2.62038 0.2 0.85 0.225 1 0.225 0.35 0.575 0.4 0.725 0.625 0.375 0.55 0.375 0.35 0.275 0.175 0.825 0.8 0.525 0.525 0.85 0.05 0.5 0.6 
7961    0.4 0.4 0.6 0.6 0.4 0.2  3.32321 0.8 0.65 0.325 0.625 0.675 1 0.575 0.075 0 0.25 0 0.675 0.25 0.45 0.425 0.975 0.325 0.425 0.975 0.575 0.325 0.975 0.725 0.225 
7966    0.4 0.4 0.6 0.6 0.6 0.2  3.51946 0.8 0.65 0.325 0.625 0.675 1 0.575 0.075 0 0.25 0 0.675 0.375 0.45 0.425 0.975 0.325 0.425 0.975 0.575 0.325 0.975 0.725 0.225 
7981    0.4 0.4 0.6 0.8 0.2 0.2  2.65251 0.475 0.825 0.925 0.025 0.3 0.35 0.925 0.125 0.4 0.025 0.375 0.55 0.375 0.975 0.275 0.1 0.825 0.8 0.4 0.6 0.675 0.05 0.5 0.95 
7982    0.4 0.4 0.6 0.8 0.2 0.4  2.32195 0.475 0.55 0.425 0.625 0.55 0.7 0.925 0.35 0 0.175 0 0.675 0.575 0.4 0.425 0.975 0.325 0.2 0.2 0.6 0.325 0.75 0.825 0.225 
8091    0.4 0.4 0.8 0.6 0.6 0.2  2.66209 0.55 0.975 0.325 0.625 0.675 1 0.775 0.225 0 0.25 0 0.475 0.375 0.45 0.425 0.975 0.325 0.425 0.975 0.275 0.8 0.25 0.825 0.225 
8177    0.4 0.6 0 0.4 0 0.4  5.03843 0.95 0.05 0.75 0.6 0.225 0.7 0.575 0.35 0 0.825 0 0.15 0.075 0.625 0.425 0.425 0.325 0.2 0.95 0.725 0.325 0.75 0.825 0.625 
8181    0.4 0.6 0 0.4 0.2 0.2  4.87334 0.95 0.05 0.75 0.625 0.225 0.225 0.575 0.35 0 0.825 0 0.15 0.075 0.625 0.425 0.975 0.325 0.2 0.95 0.725 0.325 0.75 0.825 0.625 
8182    0.4 0.6 0 0.4 0.2 0.4  5.01992 0.95 0.05 0.75 0.625 0.225 0.7 0.575 0.35 0.65 0.825 0 0.15 0.075 0.625 0.425 0.975 0.325 0.2 0.95 0.725 0.325 0.75 0.825 0.625 
8186    0.4 0.6 0 0.4 0.4 0.2  5.43173 1 0.9 0.325 0.625 0.225 0.7 0.375 0.35 0 0.125 0 0.575 0.425 0.625 0.425 0.975 0.325 0.2 0.2 0.275 0.325 0.2 0.825 0.225 
8187    0.4 0.6 0 0.4 0.4 0.4  4.43194 0.8 0.95 0.325 0.8 0.575 1 0.3 0 0 0.675 0.075 0.975 0.375 0.775 0.425 0.975 0.325 0.425 0.975 0.2 0.225 0.175 0.825 0.1 
8188    0.4 0.6 0 0.4 0.4 0.6  4.05263 0.8 0.95 0.45 0.625 0.875 1 0.125 0 0.1 0.25 0 0.675 0.225 0.625 0.425 0.975 0.325 0.425 0.975 0.3 0.325 0.975 0.225 0.225 
8191    0.4 0.6 0 0.4 0.6 0.2  3.35736 0.8 0.65 0.325 0.625 0.675 1 0.575 0 0 0.25 0 0.675 0.375 0.95 0.425 0.975 0.325 0.425 0.975 0.575 0.325 0.975 0.725 0.225 
8192    0.4 0.6 0 0.4 0.6 0.4  4.4606 0.8 0.95 0.325 0.8 0.65 1 0.3 0 0 0.675 0 0.675 0.375 0.775 0.425 0.975 0.325 0.425 0.975 0.275 0.325 0.175 0.825 0.1 
8193    0.4 0.6 0 0.4 0.6 0.6  3.85638 0.8 0.525 0.325 0.625 0.425 1 0.425 0 0 0.25 0 0.675 0.4 0.625 0.425 0.975 0.325 0.425 0.975 0.275 0.275 0.175 0.825 0.225 
8206    0.4 0.6 0 0.6 0.2 0.2  4.0504 0.875 0.875 0.925 0.225 0.3 0.575 0.925 0.125 0.325 0.025 0.375 0.55 0.375 0.65 0.275 0.175 0.775 0.8 0.4 0.525 0.75 0.725 0.5 0.8 
8207    0.4 0.6 0 0.6 0.2 0.4  4.95001 0.95 0.05 0.75 0.625 0.225 0.7 0.575 0.35 0 0.825 0 0.15 0.075 0.625 0.425 0.425 0.325 0.2 0.95 0.725 0.325 0.75 0.825 0.625 
8208    0.4 0.6 0 0.6 0.2 0.6  1.43272 0.475 0.55 0.7 0.625 0.55 0.7 0.925 0.25 0 0.175 0.4 0.675 0.575 0.275 0.425 0.975 0.325 0.2 0.2 0.275 0.325 0.975 0.825 0.225 
8211    0.4 0.6 0 0.6 0.4 0.2  4.23006 0.8 0.725 0.325 0.025 0.675 1 0.575 0.025 0 0.25 0 0.675 0.375 0.95 0.425 1 0.325 0.425 0.975 0.45 0.85 0.975 0.725 0.7 
8212    0.4 0.6 0 0.6 0.4 0.4  4.33133 0.8 0.95 0.45 0.625 0.875 1 0.575 0 0.1 0.25 0 0.675 0.225 0.625 0.425 0.975 0.325 0.425 0.975 0.3 0.325 0.975 0.225 0.225 
8213    0.4 0.6 0 0.6 0.4 0.6  3.89137 0.8 0.95 0.45 0.625 0.875 1 0.575 0 0.1 0.875 0 0.675 0.375 0.025 0.425 0.975 0.325 0.425 0.975 0.275 0.075 0.975 0.825 0.225 
8217    0.4 0.6 0 0.6 0.6 0.4  4.24675 0.8 0.5 0.325 0.625 0.675 1 0.425 0.95 0 0.25 0 0.675 0.375 0.625 0.425 0.975 0.325 0.425 0.325 0.275 0.325 0.175 0.9 0.225 
8218    0.4 0.6 0 0.6 0.6 0.6  3.15574 0.8 0.95 0.725 0.825 0.875 1 0.575 0 0.1 0.25 0.475 0.675 0.375 0.625 0.425 0.975 0.325 0.425 0.975 0.275 0.325 0.275 0.825 0.225 
8286    0.4 0.6 0.2 0.2 0.4 0.2  5.7047 0.95 0.05 0.75 0.625 0.225 0.9 0.575 0.35 0 0 0 0.15 0.575 0.625 0.425 0.975 0.325 0.2 0.2 0.975 0.325 0.75 0.825 0.225 
8291    0.4 0.6 0.2 0.2 0.6 0.2  5.15418 0.95 0.05 0.75 0.475 0.225 0.7 0.575 0.3 0 0 0 0.15 0.675 0.625 0.425 0.975 0.325 0.2 0.2 0.975 0.325 0.75 0.575 0.225 
8306    0.4 0.6 0.2 0.4 0.2 0.2  5.76203 0.95 0.05 0.75 0.475 0.225 0.7 0.575 0.3 0 0 0 0.15 0.45 0.625 0.425 0.975 0.325 0.2 0.2 0.975 0.325 0.75 0.575 0.9 
8307    0.4 0.6 0.2 0.4 0.2 0.4  5.80317 0.95 0.55 0.725 0.625 0.775 0.7 0.625 0.7 0 0.175 0.15 0.225 0.525 0.4 0.425 0.975 0.325 0.2 0.875 0.275 0.675 0.025 0.825 0.225 
8308    0.4 0.6 0.2 0.4 0.2 0.6  4.15108 0.8 0.95 0.45 0.625 0.875 1 0.575 0 0.1 0.25 0 0.675 0.375 0.625 0.425 0.975 0.325 0.425 0.975 0.275 0.075 0.975 0.825 0.225 
8310    0.4 0.6 0.2 0.4 0.4 0  4.89816 0.95 0.6 0.725 0.625 0.625 0.7 0.575 0.35 0.175 0.175 0.325 0.675 0.525 0.4 0.425 0.525 0.025 0.975 0.3 0.275 0.675 0.025 0.825 0.575 
8311    0.4 0.6 0.2 0.4 0.4 0.2  5.74575 0.95 0.05 0.75 0.625 0.225 0.7 0.575 0.35 0 0.825 0 0.15 0.075 0.625 0.425 0.975 0.875 0.3 0.875 0.725 0.325 0.75 0.825 0.625 
8312    0.4 0.6 0.2 0.4 0.4 0.4  5.50554 0.95 0.05 0.75 0.7 0.875 0.7 0.575 0.35 0 0.25 0 0.15 0.575 0.625 0.425 0.5 0.325 0.275 0.2 0.975 0.175 0.75 0.25 0.625 
8313    0.4 0.6 0.2 0.4 0.4 0.6  3.77883 0.8 0.95 0.45 0.625 0.875 1 0.575 0 0.1 0.875 0 0.675 0.375 0.625 0.425 0.975 0.325 0.425 0.975 0.275 0.075 0.975 0.825 0.225 
8315    0.4 0.6 0.2 0.4 0.6 0  4.31115 0.95 0.05 0.75 0.625 0.225 0.7 0.575 0.75 0 0.175 0 0.325 0.575 0.625 0.425 0.975 0.325 0.35 0.2 1 0.325 0.3 0.825 0.625 
8316    0.4 0.6 0.2 0.4 0.6 0.2  4.62423 0.95 0.05 0.75 0.625 0.225 0.7 0.575 0.35 0 0.25 0 0.325 0.225 0.625 0.425 0.975 0.8 0.2 0.2 0.775 0.325 0.4 0.825 0.625 
8317    0.4 0.6 0.2 0.4 0.6 0.4  4.26157 0.8 0.95 0.325 0.625 0.425 1 0.425 0 0 0.25 0 0.675 0.4 0.625 0.425 0.975 0.325 0.425 0.975 0.275 0.275 0.175 0.825 0.225 
8321    0.4 0.6 0.2 0.4 0.8 0.2  2.9498 0.6 0.8 0.575 0.275 0.675 1 0.6 0 0 0.25 0 0.675 0.375 0.95 0.425 0.975 0.325 0.275 0.35 0.575 0.075 0.75 0.725 0.225 
8327    0.4 0.6 0.2 0.6 0 0.4  5.0767 0.95 0.05 0.75 0.625 0.225 0.7 0.575 0.35 0 0.825 0 0.15 0.075 0.625 0.425 0.975 0.325 0.2 0.95 0.725 0.325 0.75 0.825 0.625 
8328    0.4 0.6 0.2 0.6 0 0.6  2.51665 0.475 0.55 0.775 0.625 0.55 0.7 0.925 0.25 0 0.175 0.4 0.675 0.575 0.4 0.425 0.975 0.325 0.2 0.2 0.275 0.325 0.975 0.825 0.225 
8331    0.4 0.6 0.2 0.6 0.2 0.2  5.51147 0.95 0.825 0.725 0.575 0.9 0.7 0.625 0.35 0 0.75 0.15 0.675 0.525 0.4 0.425 0.975 0.325 0.2 0.875 0.9 0.675 0.025 0.825 0.225 
8332    0.4 0.6 0.2 0.6 0.2 0.4  5.60296 0.95 0.05 0.75 0.625 0.4 0.7 0.575 0.35 0 0.825 0 0.475 0.075 0.625 0.425 0.975 0.325 0.2 0.95 0.725 0.325 0.75 0.825 0.625 
8333    0.4 0.6 0.2 0.6 0.2 0.6  3.17022 0.8 0.95 0.45 0.625 0.875 0.75 0.575 0 0.1 0.25 0 0.675 0 0.625 0.425 0.975 0.325 0.425 0.975 0.275 0.075 0.975 0.825 0.225 
8335    0.4 0.6 0.2 0.6 0.4 0  4.65996 0.95 0.6 0.725 0.625 0.625 0.7 0.575 0.35 0.175 0.175 0.1 0.675 0.525 0.4 0.4 0.525 0.025 0.975 0.3 0.275 0.675 0.025 0.825 0.575 
8336    0.4 0.6 0.2 0.6 0.4 0.2  4.86555 0.95 0.6 0.725 0.625 0.625 0.7 0.575 0.35 0.175 0.175 0.325 0.675 0.525 0.4 0.425 0.525 0.325 0.975 0.3 0.275 0.675 0.025 0.825 0.575 
8337    0.4 0.6 0.2 0.6 0.4 0.4  5.39732 0.95 0.05 0.75 0.4 0.225 0.7 0.575 0.35 0 0.975 0 0.15 0.575 0.625 0.425 0.975 0.325 0.275 0.825 0.975 0.325 0.75 0.825 0.625 
8338    0.4 0.6 0.2 0.6 0.4 0.6  3.7512 0.8 0.95 0.45 0.625 0.875 1 0.575 0 0.1 0.25 0 0.675 0.7 0.275 0.425 0.975 0.325 0.425 0.975 0.275 0.075 0.8 0.825 0.225 
8340    0.4 0.6 0.2 0.6 0.6 0  4.59592 0.95 0.6 0.725 0.625 0.625 0.7 0.575 0.35 0.175 0.175 0.325 0.675 0.525 0.4 0.425 0.525 0.025 0.975 0.3 0.175 0.675 0.025 0.825 0.575 
8341    0.4 0.6 0.2 0.6 0.6 0.2  4.23958 0.8 0.95 0.325 0.625 0.675 1 0.425 0 0 0.25 0 0.675 0.375 0.625 0.425 0.975 0.325 0.425 0.975 0.275 0.325 0.175 0.825 0.225 
8342    0.4 0.6 0.2 0.6 0.6 0.4  4.18395 0.8 0.525 0.325 0.625 0.25 1 0.775 0 0 0.25 0 0.275 0.35 0.625 1 0.975 0.325 0.425 0.975 0.275 0.325 0.175 0.825 0.225 
8343    0.4 0.6 0.2 0.6 0.6 0.6  3.86355 0.8 0.95 0.45 0.625 0.875 1 0.575 0 0.1 0.25 0 0.675 0.375 0.275 0.425 0.975 0.325 0.425 0.975 0.275 0.075 0.8 0.825 0.225 
8346    0.4 0.6 0.2 0.6 0.8 0.2  2.21251 0.6 0.8 0.575 0.625 0.675 1 0.6 0 0 0.25 0 0.675 0.375 0.95 0.425 0.975 0.325 0.425 0.35 0.575 0.075 0.975 0.725 0.225 
8361    0.4 0.6 0.2 0.8 0.4 0.2  2.38612 0.475 0.55 0.725 0.625 0.55 0.15 0.925 0.35 0 0.3 0 0.675 0.575 0.4 0.425 0.975 0.325 0.2 0.2 0.25 0.325 0.975 0.825 0.225 
8431    0.4 0.6 0.4 0.4 0.2 0.2  5.71969 0.9 0.875 0.975 0.7 0.2 0.5 0.525 0.175 0.325 0.475 0.55 0.5 0.225 0.4 0.4 0.225 0.825 0 0.075 0.375 0.075 0.375 0.15 0.55 
8432    0.4 0.6 0.4 0.4 0.2 0.4  5.33581 0.95 0.825 0.725 0.575 0.65 0.7 0.625 0.35 0 0.75 0.15 0.675 0.525 0.4 0.425 0.975 0.325 0.2 0.875 0.275 0.675 0.025 0.825 0.225 
8435    0.4 0.6 0.4 0.4 0.4 0  5.04108 0.95 0.55 0.725 0.625 0.55 0.7 0.925 0.35 0 0.175 0 0.675 0.85 0.4 0.425 0.95 0.9 0.2 0.2 0.275 0.325 0 0.375 0.225 
8436    0.4 0.6 0.4 0.4 0.4 0.2  5.39572 0.95 0.55 0.725 0.625 0.65 0.7 0.625 0.35 0 0.175 0.15 0.675 0.525 0.4 0.425 0.975 0.325 0.2 0.875 0.275 0.675 0.025 0.825 0.225 
8437    0.4 0.6 0.4 0.4 0.4 0.4  5.21009 0.95 0.55 0.775 0.625 0.65 0.7 0.625 0.35 0 0.175 0.15 0.675 0.525 0.4 0.425 0.975 0.325 0.2 0.875 0.275 0.675 0.025 0.825 0.225 
8441    0.4 0.6 0.4 0.4 0.6 0.2  4.48381 0.95 0.05 0.75 0.75 0.225 0.7 0.575 0.35 0 0.25 0 0.325 0.225 0.625 0.425 0.975 0.8 0.2 0.2 0.975 0.325 0.4 0.825 0.6 
8442    0.4 0.6 0.4 0.4 0.6 0.4  4.28549 0.8 0.825 0.95 0.625 0.3 1 0.575 0 0 0.25 0.9 0.675 0.375 0.275 0.425 0.975 0.325 0.425 0.975 0.275 0.325 0.975 0.825 0.175 
8452    0.4 0.6 0.4 0.6 0 0.4  2.54913 0.475 0.55 0.425 0.625 0.55 0.7 0.925 0.35 0 0.175 0 0.675 0.575 0.4 0.425 0.975 0.325 0.2 0.2 0.275 0.325 0.975 0.825 0.225 
8455    0.4 0.6 0.4 0.6 0.2 0  3.99908 0.9 0.725 0.75 0.675 0.2 0.325 0.525 0.175 0.3 0.475 0.55 0.5 0.225 0.4 0.4 0.55 0.825 0.05 0.375 0.375 0.075 0.425 0.15 0.525 
8456    0.4 0.6 0.4 0.6 0.2 0.2  5.01327 0.875 0.875 1 0.25 0.2 0.35 0.575 0.125 0.1 0.025 0.375 0.75 0.375 0.35 0.275 0.175 0.825 0.8 0.4 0.525 0.85 0.05 0.5 0.6 
8457    0.4 0.6 0.4 0.6 0.2 0.4  4.92633 0.95 0.55 0.725 0.625 0.35 0.7 0.925 0.35 0 0.175 0 0.675 0.525 0.4 0.425 0.975 0.325 0.2 0.2 0.275 0.325 0 0.825 0.225 
8458    0.4 0.6 0.4 0.6 0.2 0.6  2.28179 0.225 0.55 0.725 0.625 0.55 0.7 0.925 0.35 0 0.175 0 0.675 0.575 0.4 0.425 0.975 0.325 0.2 0.2 0.875 0.325 0.975 0.825 0.225 
8460    0.4 0.6 0.4 0.6 0.4 0  4.56066 0.875 0.875 0.925 0.225 0.3 0.35 0.925 0.125 0.05 0.025 0.375 0.55 0.3 0.35 0.275 0.175 0.775 0.8 0.4 0.7 0.85 0.05 0.5 0.95 
8461    0.4 0.6 0.4 0.6 0.4 0.2  5.22536 0.875 0.875 0.925 0.225 0.3 0.35 0.925 0.125 0.4 0.825 0.425 0.55 0.075 0.35 0.275 0.175 0.8 0.8 0.4 0.525 0.85 0.05 0.5 0.8 
8462    0.4 0.6 0.4 0.6 0.4 0.4  4.82765 0.95 0.825 0.725 0.575 0.65 0.7 0.625 0.025 0 0.75 0.15 0.675 0.525 0.4 0.425 0.975 0.325 0.2 0.875 0.275 0.675 0.025 0.825 0.225 
8466    0.4 0.6 0.4 0.6 0.6 0.2  4.19763 0.95 0.05 0.75 0.75 0.225 0.7 0.575 0.35 0 0.25 0 0.325 0.225 0.625 0.425 0.975 0.8 0.2 0.2 0.975 0.325 0.4 0.825 0.625 
8467    0.4 0.6 0.4 0.6 0.6 0.4  4.39672 0.8 0.825 0.95 0.625 0.3 1 0.575 0 0 0.25 0.525 0.675 0.375 0.275 0.425 0.975 0.325 0.425 0.975 0.275 0.325 0.975 0.825 0.175 
8471    0.4 0.6 0.4 0.6 0.8 0.2  2.34903 0.6 0.8 0.575 0.625 0.675 1 0.575 0.05 0 0.25 0 0.675 0.15 0.95 0.425 0.975 0.325 0.425 0.35 0.575 0.075 0.975 0.725 0.225 
8481    0.4 0.6 0.4 0.8 0.2 0.2  2.85203 0.45 0.825 0.925 0.225 0.3 0.35 0.925 0.125 0.4 0.025 0.375 0.875 0.375 0.925 0.275 0.675 0.825 0.125 0.4 0.525 0.85 0.05 0.5 0.95 
8591    0.4 0.6 0.6 0.6 0.6 0.2  3.77029 0.8 0.825 0.95 0 0.3 1 0.575 0 0 0.625 0.9 0.675 0.375 0.275 0.425 0.975 0.325 0.425 0.975 0.275 0.325 0.975 0.825 0.175 
8721    0.4 0.6 0.8 0.6 0.8 0.2  2.81949 0.55 0.975 0.325 0.625 0.675 1 0.775 0.225 0 0.25 0 0.475 0.375 0.45 0.425 0.975 0.325 0.425 0.975 0.275 0.8 0.175 0.825 0.225 
8817    0.4 0.8 0 0.4 0.6 0.4  2.38129 0.6 0.8 0.925 0.625 0.675 1 0.575 0 0 0.25 0 0.675 0.375 0.925 0.425 0.975 0.325 0.425 0.35 0.575 0.2 0.975 0.725 0.225 
8833    0.4 0.8 0 0.6 0.2 0.6  2.15377 0.475 0.55 0.7 0.625 0.55 0.7 0.925 0.325 0 0.175 0.4 0.675 0.575 0.275 0.425 0.975 0.325 0.2 0.2 0.275 0.325 0.975 0.825 0.225 
8917    0.4 0.8 0.2 0.2 0.6 0.4  2.73489 0.375 0.8 0.925 0.625 0.675 1 0.575 0 0 0.25 0 0.675 0.375 0.95 0.425 0.975 0.325 0.425 0.35 0.575 0.35 0.375 0.725 0.225 
8941    0.4 0.8 0.2 0.4 0.6 0.2  2.31472 0.45 0.825 0.95 0.625 0.3 1 0.575 0.375 0 0.25 0.9 0.675 0.375 0.275 0.425 0.975 0.325 0.425 0.975 0.275 0.325 0.975 0.825 0.225 
8942    0.4 0.8 0.2 0.4 0.6 0.4  1.73014 0.05 0.95 0.45 0.625 0.875 1 0.575 0 0.1 0.25 0 0.675 0.375 0.275 0.425 0.975 0.325 0.425 0.975 0.275 0.075 0.8 0.825 0.225 
8957    0.4 0.8 0.2 0.6 0.2 0.4  2.01362 0.475 0.55 0.775 0.625 0.55 0.7 0.925 0.25 0.375 0.175 0.4 0.675 0.575 0.4 0.425 0.975 0.325 0.2 0.2 0.275 0.325 0.975 0.825 0.225 
8958    0.4 0.8 0.2 0.6 0.2 0.6  2.77086 0.35 0.05 0.975 0.625 0.4 0.775 0.575 0.35 0 0.825 0 0.475 0.075 0.625 0.425 0.975 0.325 0.2 0.95 0.725 0.325 0.75 0.825 0.625 
8962    0.4 0.8 0.2 0.6 0.4 0.4  3.59373 0.725 0.5 0.875 0.625 0.675 0.65 0.425 0.95 0 0.25 0 0.675 0.375 0.625 0.425 0.975 0.325 0.425 0.975 0.275 0.25 0.175 0.825 0.225 
8966    0.4 0.8 0.2 0.6 0.6 0.2  2.6807 0.6 0.8 0.925 0.625 0.675 1 0.575 0 0 0.25 0 0.675 0.375 0.95 0.425 0.975 0.325 0.425 0.35 0.575 0.075 0.975 0.725 0.225 
8983    0.4 0.8 0.2 0.8 0.2 0.6  2.55374 0.35 0.05 0.975 0.625 0.4 0.7 0.575 0.35 0 0.825 0 0.475 0.075 0.625 0.425 0.975 0.325 0.2 0.95 0.725 0.325 0.75 0.825 0.625 
9083    0.4 0.8 0.4 0.6 0.2 0.6  2.2006 0.225 0.55 0.725 0.625 0.55 0.7 0.925 0.35 0 0.6 0 0.675 0.575 0.4 0.425 0.975 0.325 0.2 0.2 0.875 0.325 0.975 0.825 0.225 
9556    0.6 0 0.2 0.4 0.2 0.2  5.25869 0.95 0.125 0.95 0.625 0.225 0.7 0.575 0.975 0.675 0.15 0 0.675 0.575 0.625 0.625 0.975 0.325 0.7 0.675 0.025 0.325 0.975 0.825 0.225 
9561    0.6 0 0.2 0.4 0.4 0.2  5.47995 0.95 0.025 0.325 0.625 0.125 0.7 0.575 0.525 0 0.25 0 0.675 0.45 0.575 0.125 0.975 0.325 0.2 0.2 0.275 0.325 0.975 0.825 0.225 
9586    0.6 0 0.2 0.6 0.4 0.2  4.84127 0.95 0.55 0.4 0.625 0.225 0.7 0.575 0.7 0 0.375 0 0.675 0.575 0.625 0.175 0.975 0.325 0.2 0.2 0.275 0.325 0.25 0.6 0.225 
9592    0.6 0 0.2 0.6 0.6 0.4  4.28115 0.8 0.5 0.625 0.625 0.3 1 0.425 0.95 0 0.25 0 0.675 0.375 0.625 0.15 0.975 0.325 0.425 0.8 0.275 0.325 0.175 0.825 0.225 
9681    0.6 0 0.4 0.4 0.2 0.2  4.54645 0.95 0.55 0.725 0.625 0.775 0.7 0.625 0.35 0 0.175 0.15 0.725 0.525 0.4 0.625 0.975 0.325 0.2 0.875 0.275 0.675 0.025 0.825 0.225 
10056    0.6 0.2 0 0.4 0.2 0.2  6.49835 1 0.375 0.1 0.625 0.225 1 0.225 0.9 0 0.25 0.35 0.675 0.35 0.625 0.65 0.425 0.325 0.2 0.775 0.275 0.325 0.925 0.175 0.225 
10057    0.6 0.2 0 0.4 0.2 0.4  5.71279 1 0.55 0 0.625 0.7 1 0.575 0.3 0 0.125 0 0.075 0.075 0.625 0.425 0.975 0.325 0.2 0.675 0.3 0.325 0.975 0.175 0.225 
10062    0.6 0.2 0 0.4 0.4 0.4  4.42476 0.8 0.95 0.325 0.8 0.65 1 0.125 0 0 0.25 0 0.675 0.375 0.775 0.425 0.975 0.325 0.425 0.975 0.275 0.325 0.275 0.825 0.4 
10081    0.6 0.2 0 0.6 0.2 0.2  5.37284 1 0.9 0 0.625 0.225 0.7 0.575 0.9 0 0.125 0 0.675 0.35 0.625 0.425 0.975 0.325 0.2 0.2 0.275 0.325 0.65 0.825 0.25 
10082    0.6 0.2 0 0.6 0.2 0.4  5.60556 1 0.875 0.325 0.625 0.675 0.55 0.575 0.975 0.75 0.25 0 0.525 0.85 0.625 0.425 0.975 0.35 0.85 0.05 0.475 0.325 0.975 0.825 0.225 
10092    0.6 0.2 0 0.6 0.6 0.4  4.54852 0.8 0.5 0.325 0.625 0.675 1 0.425 0.95 0.575 0.25 0 0.675 0.375 0.625 0.425 0.975 0.325 0.425 1 0.275 0.325 0.175 0.825 0.875 
10160    0.6 0.2 0.2 0.2 0.4 0  5.19554 0.95 0.55 0.325 0.625 0.225 0.7 0.575 0.7 0 0.25 0 0.675 0.575 0.625 0.125 0.975 0.325 0.2 0.2 0.275 0.325 0.975 0.6 0.225 
10161    0.6 0.2 0.2 0.2 0.4 0.2  6.21074 1 0.55 0.425 0.625 0 0.125 0.575 0.9 0.25 0.25 0.275 0.675 0.975 0.625 0.425 0.975 0 0.45 0.2 0.95 0.325 0.975 0.875 0.225 
10165    0.6 0.2 0.2 0.2 0.6 0  5.06633 0.95 0.55 0.325 0.625 0.225 0.7 0.575 0.7 0 0.25 0 0.675 0.575 0.625 0.125 0.975 0.175 0.2 0.2 0.275 0.325 0.975 0.6 0.225 
10176    0.6 0.2 0.2 0.4 0 0.2  6.08958 1 0.55 0.325 0.625 0 0.675 0.575 0.9 0 0.675 0.275 0.325 0.975 0.625 0.425 0.975 0 0.2 0.8 0.95 0.55 0.975 0.825 0.225 
10177    0.6 0.2 0.2 0.4 0 0.4  4.79275 1 0.55 0.325 0.575 0 0.675 0.575 0.9 0.525 0.25 0.275 0.675 0.975 0.625 0.425 0.975 0 0.1 0.8 0.95 0.55 0.975 0.825 0.225 
10180    0.6 0.2 0.2 0.4 0.2 0  5.12921 1 0.875 0.225 0.9 0.3 0.35 0.6 0.4 0.825 0.625 0.375 0.475 0.375 0.375 0.275 0.175 0.825 0.8 0.525 0.525 0.85 0.05 0.5 0.6 
10181    0.6 0.2 0.2 0.4 0.2 0.2  6.27669 1 0.55 0.325 0.625 0.175 0.25 0.575 0.35 0 0.25 0 0.675 0.575 0.625 0.425 0.975 0.325 0.025 0.2 0.95 0.325 0.975 0.825 0.225 
10182    0.6 0.2 0.2 0.4 0.2 0.4  6.3121 1 0.55 0 0.625 0.7 0.125 0.35 0.9 0 0.125 0.025 0.675 0.975 0.625 0.425 0.975 0.375 0.2 0.2 0.375 0.325 0.975 0.525 0.725 
10183    0.6 0.2 0.2 0.4 0.2 0.6  3.69217 0.55 0.25 0.325 0.625 0.175 0.25 0.625 0.35 0 0.25 0.025 0.675 0.575 0.625 0.425 0.975 0.325 0.2 0.2 0.7 0.325 0.975 0.7 0.225 
10185    0.6 0.2 0.2 0.4 0.4 0  6.42205 1 0.55 0.425 0.625 0 0.125 0.575 0.9 0 0.25 0.275 0.675 0.975 0.625 0.425 0.975 0 0.45 0.2 0.95 0.325 0.975 0.875 0.225 
10186    0.6 0.2 0.2 0.4 0.4 0.2  6.27139 1 0.875 0.225 1 0.3 0.35 0.6 0.4 0.725 0.625 0.375 0.475 0.375 0.375 0.275 0.175 0.825 0.8 0.525 0.525 0.85 0.1 0.5 0.6 
10187    0.6 0.2 0.2 0.4 0.4 0.4  5.56888 0.95 0.3 0.325 0.675 0.9 0.725 0.375 0.35 0 0.725 0 0.55 0.575 0.625 0.425 0.375 0.325 0.2 0.2 0.8 0.325 0.35 0.825 0.225 
10188    0.6 0.2 0.2 0.4 0.4 0.6  3.65031 0.8 0.5 0.325 0.875 0.675 1 0.425 0.975 0.775 0.375 0 0.675 0.375 0.625 0.425 0.975 0.325 0.425 0.975 0.275 0.325 0.175 0.825 0.225 
10191    0.6 0.2 0.2 0.4 0.6 0.2  2.56619 0.8 0.95 0.325 0.625 0.675 1 0.575 0 0.75 0.25 0 0.675 0.375 0.3 0.425 0.975 0.325 0.425 0.4 0.45 0.325 0.975 0.825 0.225 
10192    0.6 0.2 0.2 0.4 0.6 0.4  4.13639 0.8 0.5 0.325 0.625 0.2 1 0.425 0 0.95 0.25 0 0.675 0.375 0.625 0.525 0.975 0.325 0.425 0.975 0.55 0.325 0.175 0.825 0.225 
10193    0.6 0.2 0.2 0.4 0.6 0.6  3.32096 0.725 0.5 0.325 0.625 0.675 1 0.425 0.95 1 0.25 0 0.675 0.375 0.625 0.425 0.975 0.325 0.425 0.925 0.275 0.25 0.175 0.825 0.225 
10201    0.6 0.2 0.2 0.6 0 0.2  3.89248 1 0.55 0.3 0.625 0.35 0.175 0.575 0.9 0 0.25 0.3 0.325 0.375 0.35 0.425 0.975 0.325 0.2 0.2 0.275 0.325 0.975 0.825 0.225 
10202    0.6 0.2 0.2 0.6 0 0.4  4.68896 1 0.55 0.325 0.625 0.225 0.175 0.575 0.9 0 0.25 0 0.675 0.375 0.35 0.425 0.975 0.325 0.2 0.2 0.275 0.325 0.975 0.825 0.225 
10206    0.6 0.2 0.2 0.6 0.2 0.2  5.48385 1 1 0.1 0.625 0.225 1 0.575 0.9 0.925 0.25 0 0.675 0.175 0.625 0.65 0.875 0.325 0.2 0.8 0.275 0.325 0.925 0.175 0.225 
10207    0.6 0.2 0.2 0.6 0.2 0.4  5.656 1 0.55 0.325 0.775 0.175 0.25 0.575 0.35 0.425 0.25 0 0.675 0.125 0.625 0.425 0.975 0.325 0.2 0.2 0.95 0.325 0.975 0.825 0.225 
10210    0.6 0.2 0.2 0.6 0.4 0  5.79515 1 0.875 0.225 1 0.3 0.35 0.575 0.4 0.725 0.625 0.375 0.475 0.375 0.375 0.275 0.175 0.825 0.8 0.5 0.525 0.85 0.05 0.5 0.6 
10211    0.6 0.2 0.2 0.6 0.4 0.2  5.92308 0.925 0.725 0.225 1 0.3 0.35 0.575 0.4 0.475 0.025 0.525 0.05 0.375 0.3 0.275 0.175 0.825 0.8 0.525 0.525 0.875 0.05 0.5 0.6 
10212    0.6 0.2 0.2 0.6 0.4 0.4  4.98917 0.975 0.55 0.725 0.625 0.925 0.7 0.625 0.35 0 0.175 0.2 0.675 0.575 0.4 0.525 0.975 0.325 0 0.425 0.275 0.675 0.975 0 0.225 
10216    0.6 0.2 0.2 0.6 0.6 0.2  3.67201 0.8 0.95 0.325 0.625 0.675 1 0.575 0 0.75 0.25 0 0.675 0.375 0.3 0.425 0.975 0.325 0.425 0.975 0.45 0.325 0.975 0.825 0.225 
10217    0.6 0.2 0.2 0.6 0.6 0.4  4.0897 0.8 0.75 0.325 0.625 0.675 1 0.425 0.95 0 0.25 0.325 0.675 0.375 0.625 0.425 0.975 0.325 0.425 0.975 0.275 0.325 0.175 0.825 0.875 
10218    0.6 0.2 0.2 0.6 0.6 0.6  3.03113 0.8 0.475 0.125 0.625 0.675 1 0.9 0 0 0.25 0 0.675 0.75 0.625 0.275 0.975 0.325 0.425 0.975 0.275 0.325 0.175 0.825 0.225 
10302    0.6 0.2 0.4 0.4 0 0.4  4.9428 1 0.55 0.325 0.575 0 0.625 0.575 0.9 0.525 0.25 0.275 0.675 0.975 0.625 0.425 0.975 0 0.1 0.8 0.95 0.55 0.975 0.825 0.225 
10306    0.6 0.2 0.4 0.4 0.2 0.2  5.67898 0.95 0.875 0.25 1 0.3 0.35 0.575 0.125 0.4 0.025 0.375 0.55 0.375 0.35 0.275 0.175 0.825 0.6 0.4 0.15 0.85 0.575 0.6 0.6 
10307    0.6 0.2 0.4 0.4 0.2 0.4  5.03434 0.95 0.55 0.725 0.625 0.55 0.7 0.925 0.35 0 0.175 0 0.025 0 0.4 0.825 0.35 0.325 0.2 0.125 0.275 0.325 0 0.825 0.225 
10310    0.6 0.2 0.4 0.4 0.4 0  6.25417 1 0.875 0.225 1 0.3 0.35 0.575 0.4 0.725 0.625 0.375 0.55 0.375 0.375 0.275 0.175 0.825 0.8 0.525 0.525 0.85 0.05 0.5 0.6 
10311    0.6 0.2 0.4 0.4 0.4 0.2  6.23567 1 0.875 0.225 1 0 0.35 0.6 0.4 0.725 0.025 0.375 0.475 0.375 0.375 0.275 0.175 0.775 0.8 0.525 0.525 0.85 0.05 0.5 0.6 
10312    0.6 0.2 0.4 0.4 0.4 0.4  5.01662 0.95 0.85 0.325 0.625 0.9 0.7 0.925 0.35 0.8 0.7 0 0.675 0.575 0.4 0.425 0.975 0.325 0.55 0.2 0.275 1 0.975 0.825 0.225 
10316    0.6 0.2 0.4 0.4 0.6 0.2  3.16778 0.475 0.825 0.425 0.625 0.45 0.825 0.925 0.35 0.775 0.175 0 0.675 0.575 0.4 0.425 0.475 0.325 1 0.2 0.6 0.975 0.975 0.35 0.225 
10317    0.6 0.2 0.4 0.4 0.6 0.4  3.58724 0.8 0.95 0.325 0.8 0.65 1 0.975 0 0 0.25 0 0.675 0.375 0.775 0.6 0.975 0.325 0.425 0.875 0.275 0.325 0.275 0.075 0.1 
10326    0.6 0.2 0.4 0.6 0 0.2  4.29257 0.95 0.05 0.75 0.625 0.4 0.7 0.575 0.35 0 0.825 0 0.475 0.075 0.625 0.725 0.975 0.325 0.2 0.95 0.725 0.325 0.75 0.825 0.625 
10327    0.6 0.2 0.4 0.6 0 0.4  5.30475 0.875 0.875 0.975 1 0.3 0.35 0.925 0.125 0.125 0.025 0.375 0.55 0.375 0.35 0.75 0.175 0.325 0.8 0.4 0.525 0.85 0.05 0.875 0.8 
10331    0.6 0.2 0.4 0.6 0.2 0.2  5.53845 0.875 0.875 0.225 1 0.3 0.35 0.575 0.125 0.4 0.025 0.975 0.55 0.375 0.35 0.275 0.175 0.825 0.8 0.275 0.525 0.85 0.05 0.5 0.8 
10332    0.6 0.2 0.4 0.6 0.2 0.4  5.08416 0.95 0.55 0.725 0.625 0.775 0.7 0.625 0.35 0 0.175 0.15 0.675 0.525 0.4 0.625 0.975 0.325 0.2 0.875 0.275 0.675 0.025 0.825 0.225 
10335    0.6 0.2 0.4 0.6 0.4 0  5.57561 0.925 0.725 0.225 1 0.3 0.35 0.575 0.4 0 0.025 0.375 0.575 0.375 0.3 0.275 0.175 0.825 0.8 0.525 0.525 0.875 0 0.5 0.6 
10336    0.6 0.2 0.4 0.6 0.4 0.2  5.77895 0.925 0.725 0.225 1 0.3 0.35 0.575 0.375 0.475 0.025 0.375 0.55 0.375 0.3 0.275 0.175 0.875 0.8 0.525 0.525 0.875 0.05 0.5 0.6 
10337    0.6 0.2 0.4 0.6 0.4 0.4  3.71785 0.8 0.95 0 0.625 0.3 1 0.575 0 0 0.25 0.1 0.675 0.375 0.625 0.475 0.875 0.325 0.425 0.975 0.275 0.325 0.975 0.925 0.05 
10341    0.6 0.2 0.4 0.6 0.6 0.2  4.5229 0.85 0.875 0.225 1 0.3 0.35 0.725 0.5 0.725 0.625 0.525 0.55 0.375 0.375 0.275 0.175 0.825 0.8 0.525 0.525 0.7 0.05 0.5 0.6 
10342    0.6 0.2 0.4 0.6 0.6 0.4  4.17066 0.8 0.95 0 0.625 0.3 1 0.575 0 0 0.25 0.1 0.675 0.325 0.625 0.475 0.875 0.325 0.425 0.975 0.275 0.325 0.975 0.925 0.05 
10436    0.6 0.2 0.6 0.4 0.4 0.2  5.04486 0.875 0.875 0.225 1 0.3 0.35 0.575 0.125 0.4 0.025 0.375 0.5 0.375 0.35 0.275 0.175 0.825 0.8 0.4 0.525 0.85 0.05 0.5 0.75 
10440    0.6 0.2 0.6 0.4 0.6 0  2.44485 0.6 0.05 0.575 0.625 0.675 1 0.575 0 0.85 0.25 0.7 0.675 0.375 0.95 0.425 0.975 0.05 0.425 0.35 0.575 0.075 0.5 0.725 0.225 
10441    0.6 0.2 0.6 0.4 0.6 0.2  2.6844 0.475 0.55 0.425 0.625 0.45 0.7 0.925 0.35 0.775 0.175 0 0.675 0.575 0.4 0.425 0.975 0.325 1 0.2 0.6 0.975 0.975 0.35 0.225 
10442    0.6 0.2 0.6 0.4 0.6 0.4  2.91272 0.475 0.55 0.425 0.625 0.45 0.7 0.925 0.35 0.775 0.175 0 0.025 0.575 0.4 0.425 0.975 0.325 0.45 0.2 0.6 0.975 0.975 0.35 0.225 
10456    0.6 0.2 0.6 0.6 0.2 0.2  4.94227 0.875 0.875 0.225 1 0.3 0.35 0.575 0.125 0.4 0.025 0.375 0.5 0.375 0.35 0.275 0.175 0.825 0.8 0.4 0.525 0.85 0.05 0.5 0.6 
10457    0.6 0.2 0.6 0.6 0.2 0.4  3.73344 0.8 0.8 0.325 0.625 0.675 1 0.575 0 0.45 0.25 0 0.775 0.375 0.475 0.425 0.975 0.325 0.7 0.975 0.325 0.65 0.975 0.775 0.225 
10460    0.6 0.2 0.6 0.6 0.4 0  2.73117 0.15 0.875 0.45 1 0.175 0.35 0.575 0.4 0.25 0.625 0.55 0.825 0.375 0.35 0.275 0.175 0.15 0.8 0.525 0.15 0.85 0.05 0.5 0.6 
10461    0.6 0.2 0.6 0.6 0.4 0.2  3.65104 0.825 0.55 0.425 0.625 0.45 0.7 0.925 0.35 0.775 0.175 0 0.675 0.575 0.4 0.425 0.975 0.675 1 0.2 0.6 0.975 0.975 0.35 0.225 
10462    0.6 0.2 0.6 0.6 0.4 0.4  2.88548 0.4 0.875 0.225 1 0.3 0.35 0.575 0.125 0.4 0.25 0.375 0.85 0.375 0.35 0.275 0.175 0.825 0.8 0.4 0.525 0.85 0.05 0.5 0.6 
10465    0.6 0.2 0.6 0.6 0.6 0  2.74665 0.6 0.05 0.575 0.625 0.675 1 0.575 0 0.85 0.25 0 0.675 0.375 0.95 0.425 0.975 0.325 0.425 0.35 0.575 0.075 0.5 0.725 0.225 
10466    0.6 0.2 0.6 0.6 0.6 0.2  2.70171 0.15 0.875 0.225 1 0.4 0.35 0.575 0.4 0.725 0.625 0.55 0.55 0.375 0.35 0.275 0.175 0.15 0.8 0.525 0.525 0.85 0.05 0.5 0.6 
10467    0.6 0.2 0.6 0.6 0.6 0.4  3.5691 0.8 0.8 0.325 0.625 0.675 1 0.575 0 0.45 0.25 0 0.775 0.375 0.475 0.425 0.975 0.325 0.425 0.975 0.325 0.65 0.975 0.725 0.225 
10657    0.6 0.4 0 0.2 0.2 0.4  5.85369 1 0.55 0.2 0.625 0.7 0.125 0.35 0.175 0 0.125 0.025 0.675 0.975 0.625 0.425 0.975 0.325 0.2 0.2 0.375 0.325 0.975 0.175 0.725 
10661    0.6 0.4 0 0.2 0.4 0.2  4.76186 1 0.55 0.325 0.625 0.25 1 0.575 0.9 0 0.25 0.275 0.675 0.975 0.625 0.425 0.975 0.925 0.2 0.2 0.4 0.325 0.975 0.725 0.225 
10662    0.6 0.4 0 0.2 0.4 0.4  5.5102 1 0.55 0.325 0.625 0.675 1 0.575 0.975 0.75 0.25 0.125 0.675 0.85 0.625 0.425 0.975 0.35 0.85 0.05 0.475 0.325 0.975 0.825 0.225 
10676    0.6 0.4 0 0.4 0 0.2  4.53184 1 0.55 0.1 0.625 0.225 1 0.65 0.9 0 0.25 0.325 0.675 0.175 0.625 0.65 0.425 0.325 0.2 0.775 0.275 0.325 0.925 0.175 0.225 
10677    0.6 0.4 0 0.4 0 0.4  5.86569 1 0.55 0.1 0.625 0.225 1 0.575 0.9 0 0.25 0 0.675 0.25 0.625 0.65 0.425 0.325 0.2 0.15 0.275 0.325 0.925 0.175 0.225 
10681    0.6 0.4 0 0.4 0.2 0.2  5.93936 1 0.9 0.125 0.625 0.225 0.7 0.575 0.35 0 0.125 0 0.675 0.425 0.625 0.425 0.975 0.325 0.2 0.2 0.275 0.225 0.975 0.825 0.225 
10682    0.6 0.4 0 0.4 0.2 0.4  6.14293 1 0.55 0 0.625 0.7 1 0.575 0.375 0 0.125 0.075 0.075 0.575 0.625 0.425 0.975 0.325 0.2 0.675 0.3 0.325 0.025 0.175 0.225 
10686    0.6 0.4 0 0.4 0.4 0.2  5.62037 0.95 0.05 0.75 0.625 0.225 0.7 0.575 0.35 0.925 0.25 0 0.15 0.175 0.625 0.425 0.5 0.325 0.275 0.2 0.975 0.325 0.75 0.825 0.625 
10687    0.6 0.4 0 0.4 0.4 0.4  5.86373 1 0.55 0.325 0.675 0.675 1 0.575 0.975 0.75 0.25 0 0.975 0.85 0.625 0.425 0.975 0.35 0.85 0.05 0.475 0.475 0.975 0.825 0.225 
10688    0.6 0.4 0 0.4 0.4 0.6  3.81869 0.725 0.95 0.325 0.8 0.65 1 0.975 0 0 0.25 0 0.675 0.375 0.775 0.425 0.975 0.325 0.425 0.975 0.225 0.325 0.05 0.825 0.1 
10691    0.6 0.4 0 0.4 0.6 0.2  3.63274 0.8 0.65 0.325 0.625 0.675 1 0.575 0.075 0 0.25 0 0.675 0.4 0.95 0.425 0.975 0.325 0.425 0.975 0.575 0.325 0.975 0.675 0.225 
10692    0.6 0.4 0 0.4 0.6 0.4  3.92348 0.8 0.95 0.125 0.8 0.65 1 0.3 0 0 0.675 0 0.675 0.375 0.775 0.425 0.975 0.325 0.4 0.975 0.275 0.325 0.175 0.825 0.1 
10693    0.6 0.4 0 0.4 0.6 0.6  3.73569 0.8 0.5 0.325 0.875 0.675 1 0.45 0.525 0 0.25 0 0.675 0.375 0.625 0.425 0.975 0.325 0.425 0.975 0.275 0.325 0.175 0.825 0.225 
10701    0.6 0.4 0 0.6 0 0.2  5.51495 1 0.375 0.1 0.625 0.225 1 0.575 0.9 0 0.25 0.35 0.675 0.35 0.625 0.65 0.425 0.325 0.2 0.775 0.275 0.325 0.925 0.175 0.225 
10702    0.6 0.4 0 0.6 0 0.4  4.88831 1 0.25 0.325 0.625 0.175 0.25 0.625 0.35 0 0.25 0 0.675 0.575 0.625 0.425 0.975 0.325 0.2 0.2 0.7 0.325 0.975 0.825 0.225 
10706    0.6 0.4 0 0.6 0.2 0.2  5.48872 1 0.9 0.325 0.625 0.225 0.7 0.575 0.9 0 0.125 0 0.675 0.35 0.625 0.425 0.975 0.325 0.2 0.2 0.275 0.325 0.65 0.825 0.225 
10707    0.6 0.4 0 0.6 0.2 0.4  5.66783 1 0.55 0.325 0.625 0.225 0.25 0.575 0.35 0 0.25 0 0.675 0.575 0.625 0.425 0.95 0.325 0.2 0.2 0.275 0.325 0.975 0.825 0.225 
10708    0.6 0.4 0 0.6 0.2 0.6  3.74786 0.8 0.525 0.325 0.625 0.425 0.575 0.425 0 0 0.25 0 0.675 0.4 0.625 0.425 0.975 0.325 0.425 0.975 0.275 0.275 0.175 0.825 0.225 
10711    0.6 0.4 0 0.6 0.4 0.2  5.14295 1 0.9 0.325 0.625 0.25 0.675 0.575 0.35 0 0.125 0 0.675 0.35 0.625 0.425 0.975 0.325 0.2 0.2 0.275 0.325 0.65 0.825 0.225 
10712    0.6 0.4 0 0.6 0.4 0.4  4.85053 0.95 0.15 0.625 0.625 0.225 0.7 0.575 0.35 0 0.25 0.025 0.675 0.575 0.15 0.425 0.975 0.325 0.2 0.175 0.275 0.325 0.975 0.35 0.225 
10713    0.6 0.4 0 0.6 0.4 0.6  3.86909 0.8 0.95 0.325 0.8 0.65 1 0.975 0 0 0.25 0 0.675 0.375 0.775 0.425 0.975 0.325 0.425 0.975 0.275 0.325 0.275 0.825 0.1 
10716    0.6 0.4 0 0.6 0.6 0.2  3.62848 0.8 0.65 0.325 0.625 0.675 1 0.575 0.075 0 0.25 0 0.675 0.375 0.95 0.425 0.975 0.325 0.425 0.975 0.575 0.325 0.975 0.725 0.225 
10717    0.6 0.4 0 0.6 0.6 0.4  4.13615 0.8 0.95 0.325 0.625 0.875 1 0.575 0 0.1 0.25 0 0.675 0.375 0.625 0.425 0.975 0.325 0.425 0.975 0.275 0.325 0.975 0.825 0.225 
10718    0.6 0.4 0 0.6 0.6 0.6  4.06561 0.8 0.3 0.325 0.625 0.675 1 0.425 0.95 0 0.25 0 0.675 0.375 0.625 0.425 0.975 0.325 0.425 0.975 0.275 0.3 0.175 0.825 0.875 
10781    0.6 0.4 0.2 0.2 0.2 0.2  5.6023 1 0.55 0.325 0.95 0.175 0.25 0.35 0.35 0 0.25 0 0.675 0.575 0.975 0.35 0.825 0.325 0.2 0.2 0.275 0.325 0.975 0.55 0.225 
10782    0.6 0.4 0.2 0.2 0.2 0.4  6.33606 1 0.275 0 0.625 0.7 0.125 0.35 0.9 0 0.125 0.025 0.675 0.975 0.575 0.425 0.975 0.325 0.2 0.2 0.375 0.325 0.975 0.175 0.8 
10786    0.6 0.4 0.2 0.2 0.4 0.2  5.91602 1 0.55 0.325 0.625 0.225 1 0.575 0.05 0.425 0.25 0 0.675 0.375 0.625 0.425 0.9 0.325 0.125 0.1 0.275 0.325 0.975 0.825 0.225 
10787    0.6 0.4 0.2 0.2 0.4 0.4  5.29557 0.95 0.3 0.325 0.675 0.9 0.725 0.375 0.35 0 0.725 0 0.775 0.075 0.625 0.425 0.375 0.325 0.2 0.2 0.8 0.325 0.35 0.825 0.225 
10791    0.6 0.4 0.2 0.2 0.6 0.2  5.21841 1 0.55 0.325 0.625 0.25 1 0.575 0.9 0 0.25 0.275 0.675 0.975 0.625 0.425 0.975 0.925 0.2 0.2 0.225 0.325 0.975 0.725 0.225 
10792    0.6 0.4 0.2 0.2 0.6 0.4  4.14405 0.95 0.775 0.75 0.625 0.9 0.7 0.575 0.375 0.125 0.25 0 0.15 0.575 0.625 0.425 0.975 0.325 0.425 0.2 0.975 0.325 0.75 0.825 0.625 
10796    0.6 0.4 0.2 0.2 0.8 0.2  2.26944 0.6 0.8 0.575 0.625 0.675 1 0.575 0.05 0 0.25 0.85 0.675 0.05 0.95 0.425 0.975 0.325 0.425 0.35 0.6 0.075 0.975 0.25 0.225 
10801    0.6 0.4 0.2 0.4 0 0.2  5.7541 1 0.55 0.325 0.625 0 0.675 0.575 0.9 0 0.25 0.275 0.675 0.975 0.625 0.425 0.975 0 0.2 0.8 0.95 0.55 0.975 0.825 0.225 
10802    0.6 0.4 0.2 0.4 0 0.4  5.44494 1 0.55 0.325 0.675 0 0.675 0.575 0.9 0 0.25 0.275 0.675 0.825 0.675 0.425 0.975 0 0.1 0.8 0.95 0.55 0.975 0.825 0.225 
10803    0.6 0.4 0.2 0.4 0 0.6  2.82713 0.775 0.55 0.725 0.625 0.55 0.7 0.925 0.35 0 0.175 0 0.675 0.85 0.2 0.425 0.45 0.325 0.2 0.2 0.275 0.325 0 0.825 0.225 
10806    0.6 0.4 0.2 0.4 0.2 0.2  6.29484 1 0.55 0.325 0.625 0 0.675 0.575 0.9 0 0.25 0.275 0.675 0.875 0.625 0.425 0.975 0 0.1 0.8 0.95 0.55 0.975 0.7 0.225 
10807    0.6 0.4 0.2 0.4 0.2 0.4  6.54705 1 0.55 0 0.625 0.7 0.125 0.35 0.9 0 0.125 0.025 0.675 0.975 0.575 0.425 0.975 0.325 0.2 0.2 0.375 0.325 0.975 0.175 0.725 
10808    0.6 0.4 0.2 0.4 0.2 0.6  4.26269 0.8 0.5 0.325 0.875 0.675 0.1 0.325 0 0 0.25 0 0.675 0.375 0.625 0.425 0.975 0.325 0.425 0.975 0.275 0.325 0.725 0.825 0.225 
10810    0.6 0.4 0.2 0.4 0.4 0  6.09396 1 0.55 0.425 0.625 0 0.125 0.575 0.9 0 0.25 0.275 0.675 0.775 0.625 0.425 0.975 0 0.45 0.2 0.95 0.325 0.975 0.825 0.225 
10811    0.6 0.4 0.2 0.4 0.4 0.2  6.05096 1 0.55 0.425 0.625 0 0.125 0.575 0.9 0 0.25 0.275 0.675 0.975 0.625 0.425 0.975 0 0.45 0.2 0.95 0.325 0.975 0.825 0.225 
10812    0.6 0.4 0.2 0.4 0.4 0.4  6.05867 0.95 0.3 0.325 0.675 0.9 0.725 0.575 0.35 0 0.725 0 0.675 0.575 0.625 0.425 0.375 0.325 0.2 0.2 0.8 0.325 0.35 0.825 0.225 
10813    0.6 0.4 0.2 0.4 0.4 0.6  3.97312 0.8 0.5 0.325 0.875 0.675 1 0.425 0.975 0 0.025 0 0.675 0.375 0.625 0.425 0.975 0.325 0.425 0.975 0.275 0.325 0.175 0.825 0.225 
10816    0.6 0.4 0.2 0.4 0.6 0.2  5.64407 1 0.55 0.325 0.625 0.35 1 0.575 0.9 0 0.25 0 0.675 0.375 0.625 0.425 0.975 0.325 0.2 0.2 0.275 0.325 0.975 0.825 0.225 
10817    0.6 0.4 0.2 0.4 0.6 0.4  5.17225 1 0.55 0.325 1 0.25 1 0.575 0.9 0 0.25 0.275 0.675 0.975 0.625 0.425 0.975 0.925 0.35 0.2 0.4 0.325 0.975 0.725 0.225 
10818    0.6 0.4 0.2 0.4 0.6 0.6  3.66987 0.8 0.5 0.325 0.875 0.675 1 0.425 0.975 0 0.375 0 0.675 0.375 0.625 0.425 0.975 0.325 0.425 0.975 0.275 0.325 0.175 0.825 0.225 
10826    0.6 0.4 0.2 0.6 0 0.2  4.86432 1 0.55 0.3 0.625 0.225 0.175 0.575 0.9 0 0.25 0.025 0.675 0.375 0.35 0.425 0.975 0.325 0.2 0.2 0.275 0.325 0.975 0.8 0.225 
10827    0.6 0.4 0.2 0.6 0 0.4  4.65884 1 0.55 0.3 0.625 0.225 0.175 0.575 0.9 0 0.25 0 0.675 0.375 0.35 0.425 0.975 0.325 0.2 0.2 0.275 0.325 0.975 0.825 0.225 
10831    0.6 0.4 0.2 0.6 0.2 0.2  5.12055 0.95 0.15 0.625 0.55 0.225 0.7 0.7 0.35 0 0.25 0.025 0.675 0.575 0.625 0.425 0.975 0.325 0.2 0.2 0.275 0.325 0.975 0.825 0.225 
10832    0.6 0.4 0.2 0.6 0.2 0.4  5.2782 1 0.55 0.325 0.625 0.175 0.25 0.575 0.35 0 0.25 0 0.675 0.575 0.625 0.425 0.975 0.325 0.2 0.2 0.95 0.325 0.975 0.825 0.225 
10833    0.6 0.4 0.2 0.6 0.2 0.6  3.77616 0.775 0.55 0.725 0.625 0.55 0.45 0.925 0.35 0 0.175 0 0.675 0.85 0.2 0.425 0.45 0.325 0.2 0.2 0.275 0.325 0 0.825 0.225 
10835    0.6 0.4 0.2 0.6 0.4 0  5.25185 0.925 0.725 0.225 1 0.3 0.35 0.575 0.375 0.475 0.825 0.375 0.475 0.375 0.3 0.275 0.175 0.875 0.8 0.525 0.525 0.875 0.05 0.5 0.6 
10836    0.6 0.4 0.2 0.6 0.4 0.2  5.15015 0.925 0.725 0.225 1 0.3 0.35 0.575 0.375 0.475 0.825 0.95 0.475 0.375 0.3 0.275 0.175 0.875 0.8 0.525 0.525 0.875 0.05 0.5 0.6 
10837    0.6 0.4 0.2 0.6 0.4 0.4  4.5919 0.95 0.05 0.75 0.625 0.225 0.7 0.575 0.35 0.6 0.25 0 0.325 0.575 0.625 0.425 0.975 0.325 0.2 0.2 0.9 0.325 0.4 0.825 0.625 
10838    0.6 0.4 0.2 0.6 0.4 0.6  3.9463 0.8 0.5 0.325 0.625 0.675 1 0.425 0.95 0 0.25 0 0.675 0.375 0.625 0.425 0.975 0.325 0.425 0.975 0.275 0.325 0.175 0.825 0.875 
10841    0.6 0.4 0.2 0.6 0.6 0.2  3.59992 0.8 0.95 0.325 0.55 0.75 1 0.575 0.1 0.1 0.25 0.1 0.675 0.375 0.3 0.475 0.975 0.325 0.425 0.975 0.45 0.325 0.975 0.825 0.225 
10842    0.6 0.4 0.2 0.6 0.6 0.4  4.33632 0.8 0.5 0.325 0.625 0.675 1 0.425 0.95 0 0.25 0 0.675 0.375 0.625 0.425 0.975 0.325 0.425 1 0.275 0.325 0.175 0.825 0.875 
10843    0.6 0.4 0.2 0.6 0.6 0.6  3.38543 0.8 0.475 0.325 0.625 0.675 1 0.775 0 0 0.25 0 0.675 0.35 0.625 1 0.975 0.325 0.425 0.975 0.275 0.325 0.175 0.825 0.225 
10931    0.6 0.4 0.4 0.4 0.2 0.2  5.41204 0.975 0.55 0.8 0.625 0.55 0.7 0.625 0.35 0 0.175 0.15 0.675 0.775 0.45 0.425 0.975 0.325 0.2 0.875 0.275 0.675 0.975 0.825 0.225 
10932    0.6 0.4 0.4 0.4 0.2 0.4  5.31156 0.975 0.55 0.8 1 0.55 0.7 0.625 0.35 0 0.175 0.15 0.675 0.775 0.45 0.425 0.975 0.325 0.3 0.875 0.275 0.05 0.975 0.825 0.225 
10935    0.6 0.4 0.4 0.4 0.4 0  5.6729 1 0.875 0.225 1 0.3 0.35 0.575 0.4 0.725 0.625 0.375 0.475 0.375 0.375 0.275 0.175 0.825 0.8 0.525 0.525 0.85 0.05 0.5 0.6 
10936    0.6 0.4 0.4 0.4 0.4 0.2  5.88073 1 0.875 0.225 1 0.3 0.35 0.6 0.4 0.725 0.625 0.375 0.475 0.375 0.375 0.275 0.175 0.825 0.8 0.525 0.525 0.85 0.05 0.5 0.6 
10937    0.6 0.4 0.4 0.4 0.4 0.4  5.39783 0.95 0.975 0.725 0.55 0.55 0.175 0.925 0.35 0 0.175 0 0.675 0.575 0.4 0.425 0.975 0.325 0.2 0.175 0.275 0.325 0.45 0.825 0.225 
10941    0.6 0.4 0.4 0.4 0.6 0.2  4.36805 0.8 0.95 0.325 0.8 0.65 1 0.125 0.575 0 0.25 0 0.675 0.375 0.775 0.325 0.975 0.325 0.425 0.975 0.275 0.325 0.175 0.825 0.1 
10942    0.6 0.4 0.4 0.4 0.6 0.4  4.00517 0.8 0.2 0.25 0.625 0.675 1 0.575 0.075 0 0.25 0 0.675 0.5 0.45 0.425 0.975 0.325 0.425 0.975 0.575 0.325 0.375 0.725 0.225 
10953    0.6 0.4 0.4 0.6 0 0.6  2.68856 0.475 0.55 0.425 0.625 0.55 0.7 0.925 0.35 0 0.175 0 0.675 0.575 0.4 0.425 0.975 0.325 0.2 0.2 0.6 0.25 0.975 0.825 0.225 
10956    0.6 0.4 0.4 0.6 0.2 0.2  5.39703 0.925 0.725 0.225 1 0.3 0.35 0.575 0.4 0.75 0.5 0.375 0.05 0.375 0.3 0.275 0.175 0.825 0.8 0.475 0.525 0.875 0.05 0.5 0.525 
10957    0.6 0.4 0.4 0.6 0.2 0.4  5.34186 0.95 0.775 0.725 0.625 0.65 0.7 0.625 0.35 0 0.175 0.15 0.675 0.525 0.4 0.425 0.975 0.325 0.2 0.075 0.275 0.675 0.025 0.825 0.225 
10958    0.6 0.4 0.4 0.6 0.2 0.6  2.73434 0.475 0.55 0.425 0.625 0.55 0.7 0.925 0.575 0 0.175 0 0.675 0.575 0.4 0.425 0.975 0.325 0.2 0.2 0.6 0.325 0.975 0.825 0.225 
10960    0.6 0.4 0.4 0.6 0.4 0  5.35738 0.925 0.725 0.225 1 0.3 0.35 0.575 0.4 0.75 0.5 0.375 0.05 0.375 0.3 0.275 0.175 0.825 0.8 0.525 0.525 0.875 0.05 0.5 0.6 
10961    0.6 0.4 0.4 0.6 0.4 0.2  5.6426 1 0.875 0.225 1 0.3 0.35 0.575 0.4 0.725 0.625 0.275 0.475 0.375 0.375 0.275 0.175 0.825 0.8 0.5 0.525 0.85 1 0.5 0.6 
10962    0.6 0.4 0.4 0.6 0.4 0.4  4.61176 0.95 0.975 0.725 0.55 0.55 0.175 0.9 0.35 0 0.175 0 0.675 0.575 0.4 0.425 0.975 0.325 0.2 0.2 0.275 0.325 0 0.825 0.225 
10965    0.6 0.4 0.4 0.6 0.6 0  4.63854 0.85 0.875 0.225 1 0.3 0.35 0.575 0.4 0.725 0.625 0.375 0.55 0.375 0.375 0.125 0.175 0.825 0.8 0.525 0.525 0.85 0.05 0.5 0.6 
10966    0.6 0.4 0.4 0.6 0.6 0.2  4.28726 0.85 0.875 0.225 1 0.3 0.35 0.575 0.4 0.725 0.625 0.375 0.55 0.375 0.35 0.275 0.175 0.825 0.8 0.525 0.525 0.85 0.05 0.5 0.6 
11081    0.6 0.4 0.6 0.6 0.2 0.2  4.37984 0.875 0.875 0.7 1 0.3 0.35 0.575 0.125 0.4 0.3 0.375 0.55 0.375 0.35 0.225 0.925 0.825 0.225 0.4 0.125 0.85 0.05 0.5 0.6 
11091    0.6 0.4 0.6 0.6 0.6 0.2  3.73744 0.8 0.8 0.325 0.625 0.675 1 0.575 0 0.45 0.25 0 0.775 0.375 0.475 0.425 0.975 0.325 0.425 0.975 0.575 0.65 0.975 0.725 0.225 
11282    0.6 0.6 0 0.2 0.2 0.4  4.77534 0.95 0.15 0.625 0.625 0.225 0.7 0.575 0.35 0 0.25 0.025 0.675 0.575 0.625 0.425 0.975 0.325 0.2 0.175 0.75 0.325 0.975 0.825 0.225 
11287    0.6 0.6 0 0.2 0.4 0.4  2.97527 0.55 0.55 0.325 0.625 0.675 1 0.575 0.975 0 0.25 0 0.675 0.85 0.625 0.425 0.975 0.35 0.85 0.05 0.475 0.325 0.975 0.825 0.225 
11292    0.6 0.6 0 0.2 0.6 0.4  3.4361 0.8 0.125 0.45 0.625 0.875 1 0.575 0 0.1 0.25 0 0.675 0.225 0.625 0.425 0.975 0.95 0.425 0.975 0.8 0.325 0.55 0.825 0.225 
11304    0.6 0.6 0 0.4 0 0.8  2.67473 0.225 0.55 0.725 0.625 0.55 0.7 0.925 0.35 0.4 0.175 0 0.675 0.575 0.7 0.425 0.975 0.325 0.2 0.2 0.875 0.325 0.975 0.825 0.225 
11306    0.6 0.6 0 0.4 0.2 0.2  1.55499 0.95 0.05 0.75 0.625 0.225 0.7 0.125 0.35 0 0.25 0.675 0.15 0.575 0.625 0.425 0.975 0.325 0.025 0.925 0.975 0.325 0.75 0.425 0.5 
11307    0.6 0.6 0 0.4 0.2 0.4  3.28755 0.625 0.55 0.725 0.625 0.55 0.7 0.625 0.35 0 0.175 0 0.675 0.8 0.4 0.425 0.975 0.4 0.2 0.2 0.275 0.325 0.975 0.825 0.225 
11308    0.6 0.6 0 0.4 0.2 0.6  3.01237 0.475 0.55 0.725 0.625 0.55 0.7 0.925 0.35 0 0.175 0 0.675 0.525 0.7 0.425 0.975 0.325 0.2 0.2 0.275 0.325 0.975 0.825 0.225 
11311    0.6 0.6 0 0.4 0.4 0.2  4.00184 0.95 0.15 0.625 0.625 0.225 0.7 0.575 0.35 0.425 0.25 0.025 0.8 0.575 0.625 0.425 0.975 0.325 0.2 0.35 0.75 0.325 0.975 0.825 0.225 
11312    0.6 0.6 0 0.4 0.4 0.4  3.73448 0.95 0.15 0.625 0.625 0.225 0.85 0.575 0.35 0.425 0.25 0.025 0.8 0.575 0.625 0.425 0.975 0.325 0.2 0.35 0.75 0.325 0.975 0.825 0.225 
11316    0.6 0.6 0 0.4 0.6 0.2  3.53162 0.8 0.8 0.325 0.625 0.675 1 0.575 0.675 0 0.25 0 0.675 0.375 0.95 0.425 0.975 0.325 0.425 0.975 0.575 0.325 0.975 0.725 0.225 
11317    0.6 0.6 0 0.4 0.6 0.4  4.28887 0.95 0.775 0.75 0.625 0.9 0.7 0.575 0.375 0.125 0.25 0 0.15 0.575 0.625 0.425 0.975 0.325 0.425 0.775 0.975 0.325 0.75 0.225 0.625 
11318    0.6 0.6 0 0.4 0.6 0.6  3.77345 0.8 0.475 0.325 0.625 0.675 1 0.425 0 0 0.375 0 0.675 0.375 0.625 0.425 0.975 0.325 0.425 0.975 0.275 0.325 0.175 0.825 0.225 
11328    0.6 0.6 0 0.6 0 0.6  3.26444 0.475 0.55 0.725 0.625 0.55 0.7 0.925 0.9 0 0.175 0 0.675 0.525 0.7 0.425 0.975 0.325 0.2 0.2 0.4 0.325 0.975 0.825 0.225 
11333    0.6 0.6 0 0.6 0.2 0.6  2.38391 0.475 0.55 0.725 0.625 0.8 0.625 0.925 0.35 0 0.175 0 0.675 0.575 0.4 0.425 0.975 0.325 0.2 0.2 0.875 0.325 0.975 0.825 0.225 
11337    0.6 0.6 0 0.6 0.4 0.4  3.95308 0.95 0.15 0.625 0.625 0.775 0.7 0.575 0.35 0.425 0.25 0.025 0.8 0.575 0.625 0.425 0.975 0.325 0.2 0.35 0.75 0.325 0.975 0.825 0.225 
11341    0.6 0.6 0 0.6 0.6 0.2  3.65934 0.8 0.65 0.325 0.625 0.675 1 0.575 0 0 0.25 0.3 0.675 0.375 0.95 0.425 0.975 0.325 0.425 0.975 0.575 0.325 0.975 0.725 0.225 
11342    0.6 0.6 0 0.6 0.6 0.4  3.61156 0.8 0.475 0.325 0.625 0.675 1 0.425 0.7 0 0.375 0 0.675 0.375 0.625 0.425 0.975 0.325 0.425 0.975 0.275 0.325 0.175 0.825 0.225 
11343    0.6 0.6 0 0.6 0.6 0.6  3.38367 0.8 0.95 0.725 0.825 0.875 1 0.575 0 0.1 0.25 0 0.675 0.375 0.625 0.425 0.975 0.325 0.425 0.975 0.275 0.325 0.275 0.825 0.225 
11411    0.6 0.6 0.2 0.2 0.4 0.2  5.97473 0.95 0.05 0.75 0.625 0.225 0.7 0.575 0.35 0 0.25 0 0.15 0.575 0.625 0.425 0.5 0.325 0.275 0.2 0.975 0.325 0.75 0.825 0.625 
11412    0.6 0.6 0.2 0.2 0.4 0.4  4.22181 0.95 0.775 0.75 0.625 0.9 0.7 0.575 0.375 0 0.25 0 0.15 0.575 0.625 0.425 0.975 0.325 0.275 0.2 0.975 0.325 0.75 0.825 0.625 
11416    0.6 0.6 0.2 0.2 0.6 0.2  5.45886 0.95 0.05 0.75 0.475 0.225 0.7 0.575 0.3 0 0 0 0.15 0.875 0.625 0.425 0.975 0.325 0.2 0.2 0.975 0.325 0.75 0.575 0.225 
11417    0.6 0.6 0.2 0.2 0.6 0.4  4.31448 0.95 0.775 0.75 0.35 0.9 0.7 0.575 0.2 0.125 0.25 0 0.15 0.8 0.625 0.425 0.975 0.325 0.425 0.2 0.975 0.325 0.75 0.825 0.625 
11431    0.6 0.6 0.2 0.4 0.2 0.2  5.91522 0.95 0.05 0.75 0.625 0.225 0.7 0.575 0.35 0 0.25 0 0.15 0.225 0.625 0.425 0.975 0.325 0.2 0.2 0.975 0.575 0.75 0.825 0.325 
11432    0.6 0.6 0.2 0.4 0.2 0.4  5.613 0.95 0.55 0.725 0.625 0.55 0.7 0.925 0.35 0 0.175 0 0.675 0.85 0.4 0.425 0.975 0.325 0.2 0.2 0.275 0.325 0 0.825 0.225 
11436    0.6 0.6 0.2 0.4 0.4 0.2  5.52418 0.95 0.05 0.75 0.625 0.225 0.7 0.575 0.35 0 0.25 0 0.15 0.175 0.625 0.425 0.975 0.325 0.2 0.2 0.975 0.575 0.75 0.825 0.325 
11437    0.6 0.6 0.2 0.4 0.4 0.4  5.21534 0.95 0.05 0.75 0.625 0.9 0.7 0.575 0.35 0 0.25 0 0.15 0.575 0.625 0.425 0.975 0.325 0.275 0.2 0.975 0.325 0.75 0.825 0.625 
11441    0.6 0.6 0.2 0.4 0.6 0.2  5.06497 0.95 0.05 0.75 0.625 0.225 0.7 0.575 0.35 0 0.25 0 0.15 0.575 0.625 0.425 0.975 0.325 0.275 0.2 0.975 0.325 0.75 0.825 0.625 
11442    0.6 0.6 0.2 0.4 0.6 0.4  3.67098 0.725 0.5 0.325 0.625 0.675 1 0.425 0.95 0 0.25 0 0.675 0.375 0.625 0.425 0.975 0.325 0.425 0.975 0.275 0.25 0.175 0.825 0.225 
11454    0.6 0.6 0.2 0.6 0 0.8  2.6404 0.225 0.55 0.725 0.625 0.55 0.7 0.925 0.35 0 0.175 0 0.675 0.575 0.5 0.425 0.975 0.325 0.2 0.2 0.875 0.325 0.975 0.825 0.225 
11456    0.6 0.6 0.2 0.6 0.2 0.2  4.38424 0.95 0.05 0.75 0.625 0.225 0.7 0.575 0.35 0 0.65 0 0.325 0.575 0.625 0.425 0.3 0.325 0.2 0.2 1 0.325 0.4 0.825 0.625 
11457    0.6 0.6 0.2 0.6 0.2 0.4  5.33384 0.95 0.55 0.725 0.625 0.55 0.7 0.925 0.35 0 0.175 0 0.675 0.85 0.4 0.425 0.95 0.325 0.2 0.2 0.275 0.325 0 0.825 0.225 
11458    0.6 0.6 0.2 0.6 0.2 0.6  4.85336 0.975 0.775 0.75 0.625 0.9 0.7 0.575 0.375 0 0.25 0 0.15 0.575 0.625 0.425 0.975 0.325 0.075 0.2 0.975 0.325 0.75 0.825 0.625 
11461    0.6 0.6 0.2 0.6 0.4 0.2  4.89187 0.95 0.05 0.75 0.625 0.225 0.7 0.575 0.35 0 0.5 0 0.325 0.575 0.625 0.425 0.975 0.325 0.2 0.2 1 0.325 0.4 0.825 0.625 
11462    0.6 0.6 0.2 0.6 0.4 0.4  5.04238 0.95 0.05 0.75 0.625 0.225 0.7 0.575 0.35 0 0.25 0 0.15 0.575 0.625 0.425 0.975 0.325 0.275 0.875 0.975 0.325 0.75 0.825 0.625 
11466    0.6 0.6 0.2 0.6 0.6 0.2  3.81714 0.8 0.8 0.325 0.625 0.675 1 0.575 0 0 0.25 0 0.675 0.375 0.95 0.425 0.975 0.325 0.425 0.975 0.575 0.65 0.975 0.725 0.225 
11467    0.6 0.6 0.2 0.6 0.6 0.4  3.92324 0.8 0.95 0.45 0.625 0.95 1 0.575 0 0.1 0.25 0 0.675 0.375 0.275 0.425 0.975 0.325 0.425 0.975 0.65 0.075 0.8 0.825 0.225 
11471    0.6 0.6 0.2 0.6 0.8 0.2  2.29981 0.6 0.8 0.575 0.625 0.675 1 0.575 0.05 0 0.25 0 0.675 0.15 0.95 0.425 0.975 0.325 0.425 0.35 0.65 0.075 0.975 0.725 0.225 
11556    0.6 0.6 0.4 0.4 0.2 0.2  4.77398 0.95 0.55 0.725 0.625 0.625 0.7 0.625 0.35 0 0.175 0.15 0.675 0.525 0.4 0.425 0.975 0.325 0.2 0.875 0.275 0.675 0.025 0.825 0.225 
11557    0.6 0.6 0.4 0.4 0.2 0.4  4.54942 0.95 0.55 0.725 0.625 0.775 0.7 0.625 0.35 0 0.175 0.15 0.675 0.525 0.4 0.425 0.975 0.325 0.2 0.875 0.275 0.675 0.025 0.825 0.225 
11561    0.6 0.6 0.4 0.4 0.4 0.2  5.17228 0.95 0.55 0.775 0.625 0.65 0.7 0.625 0.375 0 0.175 0.15 0.675 0.525 0.4 0.425 0.975 0.325 0.2 0.875 0.275 0.675 0.025 0.825 0.225 
11562    0.6 0.6 0.4 0.4 0.4 0.4  3.8988 0.8 0.95 0.45 0.625 0.875 1 0.575 0 0.1 0.25 0 0.675 0.225 0.625 0.425 0.975 0.95 0.425 0.975 0.8 0.325 0.55 0.825 0.225 
11566    0.6 0.6 0.4 0.4 0.6 0.2  4.13491 0.95 0.05 0.75 0.625 0.225 0.7 0.575 0.35 0 0.25 0 0.325 0.225 0.625 0.425 0.975 0.8 0.2 0.2 0.975 0.325 0.4 0.825 0.625 
11578    0.6 0.6 0.4 0.6 0 0.6  2.28268 0.225 0.55 0.725 0.625 0.55 0.7 0.925 0.35 0.175 0.175 0 0.675 0.575 0.4 0.425 0.975 0.325 0.2 0.2 0.875 0.325 0.975 0.825 0.225 
11579    0.6 0.6 0.4 0.6 0 0.8  1.75385 0.175 0.55 0.725 0.625 0.55 0.7 0.925 0.35 0 0.175 0 0.675 0 0.4 0.425 0.975 0.325 0.2 0.2 0.275 0.325 0 0.825 0.225 
11581    0.6 0.6 0.4 0.6 0.2 0.2  4.55379 0.95 0.55 0.725 0.625 0.625 0.7 0.625 0.35 0 0.175 0.15 0.675 0.525 0.4 0.425 0.975 0.325 0.2 0.875 0.275 0.675 0.025 0.825 0 
11582    0.6 0.6 0.4 0.6 0.2 0.4  5.52935 0.95 0.55 0.725 0.625 0.55 0.7 0.925 0.35 0 0.175 0 0.675 0.05 0.4 0.425 0.975 0.325 0.2 0.2 0.275 0.25 0 0.825 0.225 
11583    0.6 0.6 0.4 0.6 0.2 0.6  3.03432 0.475 0.55 0.725 0.625 0.55 0.7 0.925 0.35 0 0.175 0 0.675 0.575 0.4 0.425 0.975 0.325 0.2 0.2 0.275 0.325 0.975 0.825 0.225 
11586    0.6 0.6 0.4 0.6 0.4 0.2  3.82742 0.95 0.7 0.725 0.625 0.55 0.175 0.925 0.35 0 0.175 0 0.675 0.575 0.4 0.425 0.975 0.325 0.2 0.2 0.85 0.45 0 0.825 0.225 
11587    0.6 0.6 0.4 0.6 0.4 0.4  4.3659 0.95 0.975 0.725 0.55 0.55 0.175 0.925 0.35 0 0.175 0 0.675 0.575 0.4 0.425 0.975 0.325 0.2 0.2 0.275 0.325 0 0.825 0.225 
11591    0.6 0.6 0.4 0.6 0.6 0.2  4.27692 0.95 0.55 0.775 0.625 0.65 0.7 0.625 0.35 0 0.175 0.15 0.675 0.525 0.4 0.425 0.975 0.325 0.2 0.875 0.275 0.675 0.025 0.425 0.225 
11711    0.6 0.6 0.6 0.6 0.4 0.2  3.24353 0.9 0.725 0.675 0.7 0.1 0.5 0.525 0.175 0.3 0.425 0.55 0.825 1 0.4 0.5 0.225 0.825 0 0.075 0.375 0.25 0.425 0.15 0.525 
12066    0.6 0.8 0.2 0.4 0.6 0.2  2.44989 0.45 0.825 0.95 0.625 0.3 1 0.575 0 0 0.25 0.9 0.675 0.375 0.275 0.425 0.975 0.325 0.425 0.975 0.275 0.325 0.975 0.825 0.225 
12067    0.6 0.8 0.2 0.4 0.6 0.4  2.71883 0.6 0.8 0.925 0.625 0.675 1 0.575 0 0 0.25 0 0.675 0.375 0.95 0.425 0.975 0.325 0.425 0.35 0.575 0.075 0.375 0.725 0.225 
12204    0.6 0.8 0.4 0.6 0 0.8  1.90486 0.175 0.6 0.725 0.625 0.55 0.7 0.925 0.35 0 0.175 0 0.675 0 0.4 0.425 0.5 0.325 0.2 0.2 0.275 0.325 0 0.825 0.225 
13416    0.8 0.2 0.4 0.2 0.6 0.2  2.65133 0.475 0.825 0.425 0.625 0.45 0.825 0.925 0.35 0.775 0.175 0 0.675 0.575 0.4 0.425 0.325 0.325 1 0.2 0.6 0.975 0.975 0.35 0.225 
13441    0.8 0.2 0.4 0.4 0.6 0.2  2.83317 0.475 0.55 0.425 0.625 0.45 0.7 0.925 0.35 0.625 0.175 0 0.675 0.575 0.4 0.425 0.975 0.325 1 0.2 0.6 0.975 0.975 0.35 0.225 
13442    0.8 0.2 0.4 0.4 0.6 0.4  2.80641 0.475 0.55 0.425 0.625 0.45 0.7 0.925 0.35 0.775 0.175 0.3 0.675 0.575 0.4 0.95 0.975 0.325 0.2 0.2 0.6 0.975 0.1 0.35 0.225 
13541    0.8 0.2 0.6 0.2 0.6 0.2  2.7612 0.475 0.55 0.425 0.625 0.45 0.7 0.925 0.35 0.775 0.25 0 0.5 0.575 0.4 0.425 0.975 0.325 0.2 0.2 0.6 0.975 0.975 0.35 0.225 
13565    0.8 0.2 0.6 0.4 0.6 0  2.66551 0.475 0.55 0.425 0.625 0.45 0.7 0.925 0.35 0.775 0.175 0 0.2 0.575 0.4 0.425 0.975 0.025 0.2 0.2 0.6 0.975 0.975 0.35 0.225 
13566    0.8 0.2 0.6 0.4 0.6 0.2  2.68642 0.475 0.55 0.425 0.625 0.45 0.7 0.925 0.35 0.775 0.175 0 0.675 0.575 0.4 0.425 0.975 0.325 0.2 0.2 0.6 0.975 0.975 0.35 0.225 
13587    0.8 0.2 0.6 0.6 0.4 0.4  2.79021 0.475 0.55 0.425 0.625 0.45 0.7 0.925 0.35 0.775 0.175 0 0.675 0.575 0.4 0.425 0.975 0.325 0.45 0.2 0.6 0.975 0.975 0.35 0.225 
13917    0.8 0.4 0.2 0.2 0.6 0.4  2.94645 0.625 0.725 0.325 0.825 0.675 1 0.575 0.025 0 0.25 0 0.675 0.375 0.95 0.425 1 0.325 0.425 0.975 0.45 0.05 0.975 0.725 0.7 
13922    0.8 0.4 0.2 0.2 0.8 0.4  2.68899 0.625 0.725 0.325 0.825 0.675 1 0.575 0.025 0 0.25 0 0.675 0.375 0.95 0.425 1 0.325 0.425 0.9 0.45 0.05 0.975 0.725 0.45 
13937    0.8 0.4 0.2 0.4 0.4 0.4  3.80273 0.8 0.725 0.325 0.625 0.675 1 0.575 0.7 0 0.25 0 0.675 0.375 0.975 0.425 1 0.325 0.425 0.975 0.45 0.85 0.975 0.725 0.7 
13972    0.8 0.4 0.2 0.6 0.8 0.4  2.55086 0.6 0.8 0.575 0.625 0.675 1 0.575 0 0.85 0.25 0 0.675 0.375 0.95 0.425 0.975 0.325 0.425 0.35 0.575 0.075 0.975 0.725 0.225 
14083    0.8 0.4 0.4 0.6 0.2 0.6  3.34052 0.475 0.55 0.425 1 0.55 0.7 0.925 0.025 0 0.175 0 0.675 0.575 0.4 0.425 0.975 0.325 0.2 0.2 0.6 0.525 0.975 0.825 0.225 
