0 38 3.75236 5.65197 0.174704
1 81 4.10641 6.1445 0.171925
2 123 4.29313 6.1445 0.168748
3 152 4.36455 6.1445 0.167911
4 179 4.36316 6.1445 0.166565
5 204 4.38962 6.1445 0.165937
6 232 4.46593 6.42475 0.16487
7 249 4.49806 6.42475 0.163102
8 271 4.47705 6.42475 0.16325
9 292 4.50299 6.42475 0.163662
10 309 4.52243 6.42475 0.164088
11 326 4.53419 6.42475 0.164283
12 338 4.55282 6.42475 0.165042
13 350 4.57109 6.42475 0.165297
14 365 4.59077 6.42475 0.165094
15 379 4.61021 6.42475 0.164615
16 392 4.62888 6.42475 0.165545
17 410 4.63812 6.42475 0.166383
18 418 4.67039 6.42475 0.166376
19 432 4.67439 6.42475 0.166624
20 447 4.6789 6.42475 0.166656
21 459 4.67911 6.42475 0.166477
22 465 4.68819 6.42475 0.166421
23 473 4.69166 6.42475 0.166056
24 482 4.71496 6.42475 0.166057
25 493 4.72997 6.44654 0.165728
26 500 4.7472 6.44705 0.166257
27 513 4.74492 6.44705 0.166001
28 522 4.74329 6.53488 0.166227
29 531 4.73639 6.53488 0.166358
30 537 4.74261 6.53488 0.166083
31 553 4.74418 6.53488 0.165707
32 569 4.74656 6.654 0.165729
33 578 4.7449 6.654 0.165513
34 588 4.74581 6.654 0.16607
35 590 4.75593 6.68418 0.1661
36 596 4.76667 6.68418 0.166075
37 599 4.7716 6.68418 0.16574
38 605 4.78429 6.8766 0.165632
39 612 4.78049 6.8766 0.165568
40 622 4.76322 6.8766 0.165778
41 628 4.77729 6.8766 0.16559
42 633 4.77292 6.8766 0.165584
43 644 4.77351 6.8766 0.165323
44 651 4.77602 6.8766 0.165154
45 654 4.77988 7.28158 0.165124
46 658 4.78849 7.28158 0.165235
47 671 4.78035 7.28158 0.165274
48 676 4.78912 7.28158 0.165308
49 685 4.77802 7.28158 0.165413
50 693 4.77723 7.28158 0.16513
51 704 4.76507 7.28158 0.165435
52 708 4.76854 7.28158 0.165433
53 712 4.76651 7.28158 0.165492
54 716 4.77098 7.28158 0.165316
55 720 4.76927 7.28158 0.16533
56 729 4.76819 7.28158 0.165191
57 736 4.75839 7.28158 0.164862
58 741 4.76738 7.28158 0.165063
59 745 4.7722 7.28158 0.165017
60 753 4.77359 7.28158 0.164693
61 759 4.77696 7.28158 0.164777
62 764 4.779 7.28158 0.164805
63 771 4.77266 7.28158 0.164682
64 776 4.77271 7.28158 0.164684
65 783 4.77133 7.28158 0.16462
66 789 4.77693 7.28158 0.164704
67 795 4.77069 7.28158 0.16491
68 802 4.76617 7.28158 0.164861
69 808 4.76719 7.28158 0.164935
70 816 4.75139 7.28158 0.164761
71 823 4.74299 7.28158 0.164582
72 828 4.74333 7.28158 0.164491
73 833 4.74638 7.28158 0.164107
74 835 4.75526 7.28158 0.163941
75 838 4.76028 7.28158 0.163792
76 845 4.76389 7.28158 0.163949
77 849 4.76465 7.3083 0.16419
78 854 4.76742 7.3083 0.163973
79 858 4.76785 7.3083 0.16382
80 863 4.76571 7.3083 0.163917
81 865 4.76583 7.3083 0.163779
82 869 4.76656 7.66767 0.163749
83 873 4.76724 7.66767 0.16366
84 877 4.77408 7.66767 0.163489
85 882 4.7726 7.66767 0.16342
86 886 4.77308 7.66767 0.163393
87 889 4.77567 7.66767 0.163344
88 897 4.77388 7.66767 0.163026
89 905 4.76759 7.66767 0.163017
90 911 4.76489 7.66767 0.163051
91 915 4.76405 7.66767 0.162947
92 922 4.76133 7.66767 0.163144
93 923 4.76602 7.66767 0.163056
94 927 4.76333 7.66767 0.162952
95 933 4.76182 7.66767 0.162854
96 938 4.76043 7.66767 0.16311
97 945 4.75849 7.66767 0.163486
98 950 4.75942 7.66767 0.163403
99 955 4.7572 7.66767 0.163338
100 960 4.7534 7.66767 0.163083
101 965 4.7521 7.66767 0.163232
102 969 4.75006 7.66767 0.163166
103 975 4.74897 7.66767 0.163117
104 979 4.75817 7.66767 0.16298
105 984 4.75808 7.66767 0.163156
106 990 4.75976 7.66767 0.163087
107 994 4.75986 7.66767 0.163122
108 996 4.76117 7.66767 0.163089
109 998 4.76445 7.66767 0.163077
110 999 4.76991 7.66767 0.163444
111 1006 4.76961 7.66767 0.163394
112 1011 4.77412 7.66767 0.163427
113 1013 4.77128 7.66767 0.163452
114 1016 4.77345 7.66767 0.163299
115 1022 4.76638 7.66767 0.16333
116 1025 4.7747 7.66767 0.16345
117 1027 4.77766 7.66767 0.163291
118 1029 4.78166 7.66767 0.163416
119 1035 4.77623 7.66767 0.163354
120 1043 4.7664 7.66767 0.163416
121 1047 4.76787 7.66767 0.163221
122 1050 4.76596 7.66767 0.163285
123 1053 4.76356 7.66767 0.16318
124 1061 4.75652 7.66767 0.162891
125 1066 4.75309 7.66767 0.162873
126 1073 4.75328 7.66767 0.162846
127 1079 4.74819 7.66767 0.163081
128 1083 4.74328 7.66767 0.163264
129 1088 4.73669 7.66767 0.163438
130 1094 4.73313 7.66767 0.163379
131 1097 4.73298 7.66767 0.163389
132 1103 4.72781 7.66767 0.163391
133 1106 4.72918 7.66767 0.163377
134 1113 4.72148 7.66767 0.163225
135 1114 4.72315 7.66767 0.163262
136 1119 4.71747 7.66767 0.163277
137 1121 4.71695 7.66767 0.163176
138 1126 4.71264 7.66767 0.16311
139 1129 4.70737 7.66767 0.16316
140 1132 4.70868 7.66767 0.163199
141 1136 4.70839 7.66767 0.163199
142 1140 4.70091 7.66767 0.163255
143 1146 4.69805 7.66767 0.163156
144 1149 4.69859 7.66767 0.163145
145 1153 4.69464 7.66767 0.163164
146 1158 4.69238 7.66767 0.163094
147 1167 4.68494 7.66767 0.163154
148 1170 4.68668 7.66767 0.16303
149 1173 4.68488 7.66767 0.163122
150 1182 4.6735 7.66767 0.163196
151 1185 4.67627 7.66767 0.163155
152 1187 4.67579 7.66767 0.163146
153 1189 4.67567 7.66767 0.163192
154 1192 4.68148 7.66767 0.163059
155 1196 4.67475 7.66767 0.163068
156 1197 4.67591 7.66767 0.162992
157 1203 4.67033 7.66767 0.162872
158 1207 4.66913 7.66767 0.162896
159 1209 4.67055 7.66767 0.162831
160 1212 4.67255 7.66767 0.162854
161 1215 4.67151 7.66767 0.162889
162 1219 4.67027 7.66767 0.162808
163 1224 4.66799 7.66767 0.162837
164 1226 4.66834 7.66767 0.162863
165 1230 4.66799 7.66767 0.162685
166 1232 4.66626 7.66767 0.162696
167 1237 4.65992 7.66767 0.162779
168 1237 4.66261 7.66767 0.162749
169 1242 4.66481 7.66767 0.162682
170 1246 4.65809 7.66767 0.162662
171 1249 4.65855 7.66767 0.1628
172 1256 4.651 7.66767 0.162961
173 1262 4.65094 7.66767 0.163099
174 1266 4.64795 7.66767 0.163317
175 1271 4.64405 7.66767 0.163232
176 1277 4.63793 7.66767 0.16317
177 1279 4.63766 7.66767 0.162909
178 1281 4.63687 7.66767 0.162939
179 1285 4.63436 7.66767 0.162952
180 1292 4.63215 7.66767 0.163033
181 1295 4.62906 7.66767 0.163059
182 1298 4.62668 7.66767 0.163302
183 1306 4.61534 7.66767 0.163106
184 1310 4.61022 7.66767 0.163221
185 1311 4.61125 7.66767 0.163185
186 1312 4.61439 7.66767 0.163106
187 1321 4.60986 7.66767 0.163133
188 1325 4.60973 7.66767 0.163044
189 1327 4.61005 7.66767 0.162896
190 1330 4.61055 7.66767 0.162994
191 1336 4.60883 7.66767 0.16292
192 1339 4.61094 7.66767 0.162849
193 1344 4.60387 7.66767 0.162836
194 1346 4.6029 7.66767 0.16275
195 1350 4.6013 7.66767 0.162789
196 1353 4.5995 7.66767 0.162823
197 1354 4.60469 7.66767 0.162987
198 1361 4.59915 7.66767 0.162958
199 1365 4.59669 7.66767 0.162952
200 1368 4.59332 7.66767 0.163151
201 1369 4.59484 7.66767 0.163263
202 1371 4.59497 7.66767 0.163419
203 1377 4.58637 7.66767 0.163564
204 1383 4.58623 7.66767 0.163561
205 1386 4.58455 7.66767 0.163538
206 1389 4.58107 7.66767 0.163596
207 1395 4.57631 7.66767 0.16347
208 1400 4.57319 7.66767 0.163592
209 1400 4.57745 7.66767 0.163328
210 1402 4.57563 7.66767 0.1633
211 1409 4.56706 7.66767 0.163347
212 1417 4.55816 7.66767 0.163317
213 1417 4.55887 7.66767 0.1633
214 1421 4.55414 7.66767 0.16328
215 1432 4.5402 7.66767 0.163242
216 1435 4.53954 7.66767 0.163082
217 1439 4.5362 7.66767 0.163029
218 1447 4.52771 7.66767 0.163085
219 1449 4.52875 7.66767 0.163137
220 1453 4.52626 7.66767 0.163175
221 1457 4.52275 7.66767 0.163196
222 1462 4.51623 7.66767 0.163276
223 1466 4.51558 7.66767 0.16335
224 1470 4.51674 7.66767 0.163333
225 1477 4.51082 7.66767 0.163456
226 1479 4.51036 7.66767 0.163595
227 1483 4.50711 7.66767 0.163482
228 1487 4.50294 7.66767 0.163598
229 1494 4.49992 7.66767 0.163458
230 1498 4.50052 7.66767 0.163464
231 1504 4.49307 7.66767 0.163564
232 1508 4.48923 7.66767 0.163528
233 1512 4.48687 7.66767 0.163679
234 1518 4.48155 7.66767 0.163666
235 1518 4.48224 7.66767 0.163758
236 1518 4.48282 7.66767 0.163745
237 1521 4.48536 7.66767 0.163566
238 1524 4.4855 7.66767 0.163501
239 1530 4.48266 7.66767 0.163497
240 1533 4.48091 7.66767 0.163489
241 1537 4.47674 7.66767 0.163588
242 1542 4.47207 7.66767 0.163714
243 1546 4.46865 7.66767 0.16379
244 1552 4.46103 7.66767 0.163777
245 1557 4.46149 7.66767 0.163649
246 1561 4.45874 7.66767 0.163621
247 1564 4.45585 7.66767 0.163544
248 1571 4.4488 7.66767 0.163576
249 1574 4.44824 7.66767 0.163512
250 1578 4.44493 7.66767 0.163463
251 1581 4.44232 7.66767 0.163468
252 1585 4.44173 7.66767 0.163553
253 1592 4.43684 7.66767 0.163613
254 1595 4.43714 7.66767 0.163611
255 1600 4.4327 7.66767 0.163619
256 1602 4.4342 7.66767 0.163715
257 1606 4.43161 7.66767 0.163762
258 1607 4.4322 7.66767 0.163781
259 1607 4.43392 7.66767 0.163775
260 1613 4.42737 7.66767 0.163882
261 1620 4.4269 7.66767 0.16391
262 1622 4.42828 7.66767 0.163908
263 1627 4.42346 7.66767 0.163841
264 1630 4.42233 7.66767 0.163792
265 1633 4.42029 7.66767 0.16379
266 1634 4.4234 7.66767 0.163833
267 1636 4.42222 7.66767 0.163889
268 1641 4.41703 7.66767 0.164
269 1644 4.41485 7.66767 0.163998
270 1650 4.41183 7.66767 0.163859
271 1653 4.41176 7.66767 0.163955
272 1656 4.41025 7.66767 0.163939
273 1659 4.40959 7.66767 0.163913
274 1662 4.40861 7.66767 0.163997
275 1667 4.40512 7.66767 0.16401
276 1669 4.40707 7.66767 0.16399
277 1675 4.40421 7.66767 0.16399
278 1677 4.409 7.66767 0.163984
279 1682 4.4062 7.66767 0.163912
280 1686 4.40619 7.66767 0.163952
281 1692 4.40346 7.66767 0.163951
282 1698 4.39727 7.66767 0.163992
283 1703 4.39346 7.66767 0.164019
284 1707 4.39143 7.66767 0.16399
285 1712 4.39205 7.66767 0.163948
286 1714 4.3901 7.66767 0.163884
287 1724 4.38192 7.66767 0.163795
288 1729 4.38516 7.66767 0.163834
289 1733 4.3816 7.66767 0.163903
290 1738 4.3769 7.66767 0.16394
291 1740 4.37793 7.66767 0.163952
292 1745 4.37426 7.66767 0.163976
293 1750 4.36924 7.66767 0.164023
294 1753 4.36935 7.66767 0.164023
295 1762 4.36201 7.66767 0.163955
296 1765 4.36016 7.66767 0.163964
297 1772 4.35724 7.66767 0.164046
298 1778 4.35763 7.66767 0.164197
299 1781 4.35622 7.66767 0.164232
300 1783 4.35595 7.66767 0.164295
301 1788 4.35426 7.66767 0.164355
302 1791 4.35393 7.66767 0.164309
303 1792 4.35586 7.66767 0.164364
304 1792 4.3618 7.66767 0.164375
305 1797 4.357 7.66767 0.164352
306 1802 4.35428 7.66767 0.16427
307 1803 4.35277 7.66767 0.164243
308 1807 4.3502 7.66767 0.164266
309 1814 4.3455 7.66767 0.164304
310 1818 4.34295 7.66767 0.164221
311 1823 4.34043 7.66767 0.164168
312 1827 4.33879 7.66767 0.164043
313 1829 4.33804 7.66767 0.164065
314 1835 4.33281 7.66767 0.164076
315 1837 4.33181 7.66767 0.164094
316 1841 4.32949 7.66767 0.164114
317 1847 4.32592 7.66767 0.164085
318 1849 4.3249 7.66767 0.164014
319 1857 4.31869 7.66767 0.164188
320 1861 4.31592 7.66767 0.164152
321 1865 4.31405 7.66767 0.164095
322 1867 4.31371 7.66767 0.164086
323 1869 4.3137 7.66767 0.164007
324 1871 4.31284 7.66767 0.164077
325 1875 4.31326 7.66767 0.164225
326 1878 4.31322 7.66767 0.16422
327 1882 4.31318 7.66767 0.164203
328 1889 4.30687 7.66767 0.164083
329 1892 4.30424 7.66767 0.164068
330 1894 4.30298 7.66767 0.164067
331 1897 4.30266 7.66767 0.163995
332 1900 4.30357 7.66767 0.164018
333 1902 4.30241 7.66767 0.163984
334 1908 4.29617 7.66767 0.163917
335 1911 4.29549 7.66767 0.163854
336 1917 4.29005 7.66767 0.163866
337 1921 4.2879 7.66767 0.163863
338 1924 4.28736 7.66767 0.163807
339 1928 4.29139 7.66767 0.163683
340 1933 4.28772 7.66767 0.163652
341 1939 4.28293 7.66767 0.16371
342 1947 4.27713 7.66767 0.16381
343 1950 4.27596 7.66767 0.163828
344 1955 4.2732 7.66767 0.163874
345 1962 4.26937 7.66767 0.163903
346 1962 4.27204 7.66767 0.163836
347 1964 4.27067 7.66767 0.163907
348 1968 4.26864 7.66767 0.163936
349 1970 4.26779 7.66767 0.163901
350 1974 4.26604 7.66767 0.163899
351 1976 4.26719 7.66767 0.163922
352 1979 4.26424 7.66767 0.163996
353 1983 4.26194 7.66767 0.163996
354 1991 4.25655 7.66767 0.164124
355 1998 4.25084 7.66767 0.164094
356 2000 4.25045 7.66767 0.164125
357 2005 4.24597 7.66767 0.164111
358 2008 4.24391 7.66767 0.164145
359 2013 4.24006 7.66767 0.164013
360 2017 4.23681 7.66767 0.164011
361 2024 4.23132 7.66767 0.163906
362 2029 4.2271 7.66767 0.163949
363 2033 4.226 7.66767 0.163948
364 2035 4.22516 7.66767 0.164007
365 2041 4.22225 7.66767 0.163961
366 2047 4.21803 7.66767 0.163961
367 2047 4.21908 7.66767 0.163962
368 2050 4.22035 7.66767 0.163819
369 2050 4.22248 7.66767 0.163873
370 2055 4.21828 7.66767 0.163803
371 2057 4.21708 7.66767 0.163781
372 2058 4.21736 7.66767 0.163727
373 2063 4.2142 7.66767 0.16371
374 2070 4.2097 7.66767 0.163761
375 2072 4.20893 7.66767 0.163735
376 2076 4.2078 7.66767 0.163705
377 2079 4.2079 7.66767 0.163855
378 2081 4.207 7.66767 0.1638
379 2086 4.20472 7.66767 0.163819
380 2086 4.206 7.66767 0.163854
381 2090 4.20381 7.66767 0.163838
382 2094 4.20287 7.66767 0.163847
383 2096 4.20267 7.66767 0.163929
384 2100 4.20014 7.66767 0.163858
385 2102 4.19962 7.66767 0.163839
386 2106 4.20202 7.66767 0.163836
387 2108 4.20132 7.66767 0.163792
388 2112 4.19857 7.66767 0.1638
389 2117 4.19516 7.66767 0.163796
390 2121 4.19359 7.66767 0.163787
391 2122 4.19634 7.66767 0.163755
392 2124 4.19501 7.66767 0.16389
393 2129 4.19735 7.66767 0.16389
394 2131 4.19642 7.66767 0.163767
395 2134 4.19891 7.66767 0.163797
396 2138 4.19616 7.66767 0.163788
397 2143 4.19355 7.66767 0.163637
398 2147 4.19169 7.66767 0.163608
399 2147 4.19354 7.66767 0.163654
400 2152 4.1899 7.66767 0.163653
401 2154 4.18859 7.66767 0.163668
402 2159 4.18512 7.66767 0.163702
403 2163 4.18378 7.66767 0.163742
404 2172 4.17976 7.66767 0.163808
405 2180 4.17613 7.66767 0.163864
406 2181 4.17594 7.66767 0.163737
407 2186 4.17242 7.66767 0.163825
408 2193 4.16974 7.66767 0.163825
409 2194 4.17038 7.66767 0.16383
410 2195 4.17076 7.66767 0.163792
411 2200 4.16811 7.66767 0.163732
412 2206 4.16276 7.66767 0.16376
413 2211 4.15926 7.66767 0.163761
414 2214 4.15796 7.66767 0.163756
415 2219 4.15373 7.66767 0.163733
416 2221 4.15259 7.66767 0.163741
417 2225 4.1498 7.66767 0.163758
418 2228 4.14787 7.66767 0.16364
419 2232 4.14519 7.66767 0.163666
420 2236 4.14364 7.66767 0.163668
421 2242 4.14074 7.66767 0.163692
422 2244 4.14135 7.66767 0.163725
423 2248 4.13874 7.66767 0.163805
424 2252 4.13702 7.66767 0.163807
425 2256 4.13558 7.66767 0.163841
426 2261 4.1333 7.66767 0.163786
427 2266 4.132 7.66767 0.163926
428 2270 4.12879 7.66767 0.163952
429 2273 4.12659 7.66767 0.164004
430 2277 4.12389 7.66767 0.164083
431 2281 4.12392 7.66767 0.164096
432 2284 4.12348 7.66767 0.164061
433 2286 4.1251 7.66767 0.164102
434 2288 4.1247 7.66767 0.164124
435 2291 4.12245 7.66767 0.164096
436 2295 4.12076 7.66767 0.164015
437 2300 4.11908 7.66767 0.164003
438 2305 4.11877 7.66767 0.163935
439 2310 4.1148 7.66767 0.163966
440 2312 4.11507 7.66767 0.164008
441 2315 4.11573 7.66767 0.163904
442 2315 4.11687 7.66767 0.163883
443 2317 4.11572 7.66767 0.163891
444 2323 4.11019 7.66767 0.163977
445 2327 4.1075 7.66767 0.16401
446 2334 4.10316 7.66767 0.164148
447 2335 4.10284 7.66767 0.164151
448 2340 4.10123 7.66767 0.164092
449 2342 4.10012 7.66767 0.164102
450 2346 4.09965 7.66767 0.164173
451 2346 4.10041 7.66767 0.164137
452 2348 4.10233 7.66767 0.164169
453 2348 4.10333 7.66767 0.164263
454 2352 4.10219 7.66767 0.164161
455 2354 4.10288 7.85366 0.164147
456 2358 4.10108 7.85366 0.164186
457 2363 4.09953 7.85366 0.164167
458 2368 4.09647 7.85366 0.164129
459 2371 4.09459 7.85366 0.164095
460 2379 4.08929 7.85366 0.164089
461 2383 4.0888 7.85366 0.164136
462 2386 4.08715 7.85366 0.16412
463 2391 4.08801 7.85366 0.164072
464 2393 4.08816 7.85366 0.164082
465 2396 4.08629 7.85366 0.164095
466 2401 4.0844 7.85366 0.16414
467 2408 4.0812 7.85366 0.164238
468 2409 4.08267 7.85366 0.164245
469 2411 4.08365 7.85366 0.164188
470 2415 4.08134 7.85366 0.164144
471 2416 4.08417 7.85366 0.164082
472 2417 4.08461 7.85366 0.164055
473 2426 4.08073 7.85366 0.164004
474 2429 4.07839 7.85366 0.163999
475 2431 4.07919 7.85366 0.163988
476 2435 4.07837 7.85366 0.163957
477 2438 4.07784 7.85366 0.163992
478 2443 4.07495 7.85366 0.163944
479 2449 4.07325 7.85366 0.164059
480 2453 4.07004 7.85366 0.164044
481 2454 4.0711 7.85366 0.163964
482 2454 4.07252 7.85366 0.163943
483 2457 4.07212 7.85366 0.163896
484 2459 4.07225 7.85366 0.163975
485 2463 4.07069 7.85366 0.163907
486 2467 4.06887 7.85366 0.163885
487 2468 4.0691 7.85366 0.163852
488 2469 4.06916 7.85366 0.163893
489 2472 4.06722 7.85366 0.163935
490 2477 4.06458 7.85366 0.163982
491 2481 4.06383 7.85366 0.163968
492 2484 4.0637 7.85366 0.163945
493 2488 4.06333 7.85366 0.163947
494 2492 4.06242 7.85366 0.163961
495 2494 4.06187 7.85366 0.163871
496 2496 4.06094 7.85366 0.163906
497 2500 4.06039 7.85366 0.163839
498 2505 4.05819 7.85366 0.163859
499 2507 4.05734 7.85366 0.163852
500 2511 4.05585 7.85366 0.163845
501 2514 4.05453 7.85366 0.1638
502 2516 4.05435 7.85366 0.163798
503 2517 4.0538 7.85366 0.163825
504 2523 4.05015 7.85366 0.163864
505 2524 4.04991 7.85366 0.163837
506 2524 4.05204 7.85366 0.163846
507 2527 4.05097 7.85366 0.163837
508 2533 4.04859 7.85366 0.163852
509 2534 4.04887 7.85366 0.163718
510 2540 4.04662 7.85366 0.163807
511 2540 4.04737 7.85366 0.163789
512 2546 4.04456 7.85366 0.163821
513 2551 4.04402 7.85366 0.163841
514 2556 4.04255 7.85366 0.163845
515 2559 4.04135 7.85366 0.163836
516 2562 4.04047 7.85366 0.163849
517 2566 4.04015 7.85366 0.16386
518 2570 4.03879 7.85366 0.163773
519 2574 4.03903 7.85366 0.163735
520 2580 4.03654 7.85366 0.163722
521 2584 4.03507 7.85366 0.163695
522 2585 4.03498 7.85366 0.163643
523 2585 4.03533 7.85366 0.163652
524 2588 4.03501 7.85366 0.163691
525 2591 4.03427 7.85366 0.16369
526 2594 4.03187 7.85366 0.163612
527 2597 4.03187 7.85366 0.163659
528 2601 4.03003 7.85366 0.163664
529 2603 4.03017 7.85366 0.163695
530 2605 4.02959 7.85366 0.163711
531 2608 4.02831 7.85366 0.163728
532 2611 4.0284 7.85366 0.163762
533 2614 4.0281 7.85366 0.163712
534 2618 4.02587 7.85366 0.163722
535 2623 4.0231 7.85366 0.163684
536 2624 4.02434 7.85366 0.163672
537 2625 4.02367 7.85366 0.16371
538 2627 4.02457 7.85366 0.16367
539 2631 4.02317 7.85366 0.163696
540 2635 4.0217 7.85366 0.16361
541 2638 4.02096 7.85366 0.163628
542 2638 4.02135 7.85366 0.163615
543 2640 4.02053 7.85366 0.163633
544 2644 4.01836 7.85366 0.163736
545 2647 4.01807 7.85366 0.163784
546 2651 4.01578 7.85366 0.163782
547 2652 4.01753 7.85366 0.163711
548 2656 4.01647 7.85366 0.16366
549 2659 4.01521 7.85366 0.163717
550 2662 4.01436 7.85366 0.163662
551 2664 4.01438 7.85366 0.163687
552 2668 4.01393 7.85366 0.163723
553 2670 4.01328 7.85366 0.163685
554 2674 4.01234 7.85366 0.163741
555 2681 4.00805 7.85366 0.163733
556 2682 4.0078 7.85366 0.16366
557 2685 4.00699 7.85366 0.163714
558 2692 4.00518 7.85366 0.163645
559 2694 4.00485 7.85366 0.163674
560 2696 4.00411 7.85366 0.16367
561 2699 4.0046 7.85366 0.163725
562 2702 4.00355 7.85366 0.163721
563 2706 4.0034 7.85366 0.163719
564 2708 4.00355 7.85366 0.163705
565 2710 4.00218 7.85366 0.163685
566 2713 4.00101 7.85366 0.163721
567 2716 4.00139 7.85366 0.163741
568 2720 3.99982 7.85366 0.163763
569 2726 3.99809 7.85366 0.163708
570 2727 3.99784 7.85366 0.163752
571 2732 3.99524 7.85366 0.163725
572 2735 3.99449 7.85366 0.163738
573 2738 3.99284 7.85366 0.163781
574 2743 3.99032 7.85366 0.163834
575 2746 3.98805 7.85366 0.163859
576 2747 3.98845 7.85366 0.163916
577 2748 3.98834 7.85366 0.163939
578 2752 3.98747 7.85366 0.163806
579 2754 3.98741 7.85366 0.163815
580 2754 3.98814 7.85366 0.163801
581 2754 3.98934 7.85366 0.163786
582 2755 3.99067 7.85366 0.163768
583 2761 3.99014 7.85366 0.163784
584 2763 3.9901 7.85366 0.163717
585 2765 3.98911 7.85366 0.163716
586 2765 3.98979 7.85366 0.163684
587 2771 3.9881 7.85366 0.163725
588 2773 3.98721 7.85366 0.163703
589 2776 3.9863 7.85366 0.16374
590 2778 3.98552 7.85366 0.163769
591 2784 3.98312 7.85366 0.163751
592 2784 3.98434 7.85366 0.163682
593 2786 3.98453 7.85366 0.163695
594 2789 3.98366 7.85366 0.163725
595 2789 3.98384 7.85366 0.163705
596 2791 3.98509 7.85366 0.163727
597 2795 3.98281 7.85366 0.163713
598 2797 3.98374 7.85366 0.163737
599 2799 3.98406 7.85366 0.163755
600 2802 3.98255 7.85366 0.16372
601 2805 3.98086 7.85366 0.163764
602 2808 3.97961 7.85366 0.163754
603 2808 3.98059 7.85366 0.163801
604 2813 3.97724 7.85366 0.163824
605 2814 3.97847 7.85366 0.163841
606 2817 3.97868 7.85366 0.163843
607 2819 3.9797 7.85366 0.163899
608 2821 3.97886 7.85366 0.163856
609 2823 3.97955 7.85366 0.163876
610 2827 3.97814 7.85366 0.163911
611 2831 3.97711 7.85366 0.163843
612 2832 3.97828 7.85366 0.163847
613 2836 3.97696 7.85366 0.163843
614 2840 3.97446 7.85366 0.163828
615 2841 3.97691 7.85366 0.163879
616 2841 3.97832 7.85366 0.163851
617 2843 3.97786 7.85366 0.163837
618 2844 3.97937 7.85366 0.16382
619 2847 3.97836 7.85366 0.163815
620 2850 3.97751 7.85366 0.163828
621 2852 3.9763 7.85366 0.163775
622 2854 3.97653 7.85366 0.16379
623 2855 3.97646 7.85366 0.1638
624 2856 3.97694 7.85366 0.163742
625 2859 3.97558 7.85366 0.163756
626 2861 3.9747 7.85366 0.16381
627 2863 3.97405 7.85366 0.163763
628 2872 3.97015 7.85366 0.163696
629 2876 3.9696 7.85366 0.163737
630 2880 3.96948 7.85366 0.163782
631 2882 3.97117 7.85366 0.163805
632 2886 3.97 7.85366 0.163808
633 2889 3.96918 7.85366 0.163798
634 2894 3.96753 7.85366 0.163767
635 2898 3.96603 7.85366 0.163783
636 2902 3.96538 7.85366 0.163823
637 2905 3.96442 7.85366 0.163803
638 2907 3.96303 7.85366 0.16382
639 2909 3.963 7.85366 0.163844
640 2913 3.96299 7.85366 0.163826
641 2916 3.96381 7.85366 0.163875
642 2917 3.96357 7.85366 0.163906
643 2921 3.9623 7.85366 0.163955
644 2925 3.96167 7.85366 0.163929
645 2930 3.95981 7.85366 0.1639
646 2934 3.95819 7.85366 0.163847
647 2940 3.95538 7.85366 0.163834
648 2945 3.95369 7.85366 0.163898
649 2946 3.95357 7.85366 0.163938
650 2948 3.95254 7.85366 0.163966
651 2950 3.95289 7.85366 0.164024
652 2950 3.95301 7.85366 0.163948
653 2957 3.95014 7.85366 0.163984
654 2959 3.94903 7.85366 0.163993
655 2960 3.95105 7.85366 0.163997
656 2965 3.94836 7.85366 0.164012
657 2967 3.94911 7.85366 0.163947
658 2969 3.9493 7.85366 0.163921
659 2973 3.94816 7.85366 0.16392
660 2978 3.9478 7.85366 0.163863
661 2980 3.94771 7.85366 0.163846
662 2980 3.94885 7.85366 0.163814
663 2983 3.94793 7.85366 0.163875
664 2983 3.94859 7.85366 0.163854
665 2984 3.94854 7.85366 0.163777
666 2990 3.9462 7.85366 0.163747
667 2993 3.94421 7.85366 0.163726
668 2996 3.94438 7.85366 0.163732
669 2998 3.94337 7.85366 0.16376
670 2998 3.94364 7.85366 0.163756
671 3000 3.94342 7.85366 0.163757
672 3000 3.94416 7.85366 0.163738
673 3004 3.94273 7.85366 0.16368
674 3007 3.94219 7.85366 0.163666
675 3009 3.94133 7.85366 0.16365
676 3012 3.94137 7.85366 0.163684
677 3015 3.94138 7.85366 0.163674
678 3015 3.94167 7.85366 0.163654
679 3016 3.94323 7.85366 0.163626
680 3018 3.94461 7.85366 0.163548
681 3022 3.94427 7.85366 0.163551
682 3024 3.94506 7.85366 0.163518
683 3030 3.94261 7.85366 0.16359
684 3032 3.9426 7.85366 0.163551
685 3035 3.94168 7.85366 0.163538
686 3037 3.94165 7.85366 0.163561
687 3039 3.94082 7.85366 0.163585
688 3045 3.9379 7.85366 0.163577
689 3049 3.93659 7.85366 0.163534
690 3049 3.93721 7.85366 0.163514
691 3057 3.93353 7.85366 0.163457
692 3058 3.9331 7.85366 0.163495
693 3058 3.9335 7.85366 0.163494
694 3058 3.93436 7.85366 0.163525
695 3064 3.93175 7.85366 0.163548
696 3064 3.93231 7.85366 0.163556
697 3065 3.93401 7.85366 0.163553
698 3068 3.93493 7.85366 0.163553
699 3068 3.93585 7.85366 0.163518
700 3069 3.93641 7.85366 0.163567
701 3069 3.93752 7.85366 0.163607
702 3072 3.93727 7.85366 0.163677
703 3075 3.93612 7.85366 0.163693
704 3079 3.93518 7.85366 0.163769
705 3082 3.93445 7.85366 0.163745
706 3085 3.93308 7.85366 0.163805
707 3085 3.93352 7.85366 0.163796
708 3086 3.93405 7.85366 0.163798
709 3086 3.93491 7.85366 0.163793
710 3088 3.93434 7.85366 0.163818
711 3090 3.93435 7.85366 0.163844
712 3093 3.93308 7.85366 0.163762
713 3093 3.93431 7.85366 0.163772
714 3096 3.9333 7.85366 0.163802
715 3098 3.93311 7.85366 0.163785
716 3101 3.93216 7.85366 0.163787
717 3102 3.93235 7.85366 0.163783
718 3102 3.93257 7.85366 0.163796
719 3104 3.93276 7.85366 0.163793
720 3105 3.93323 7.85366 0.16381
721 3109 3.93178 7.85366 0.163841
722 3111 3.93077 7.85366 0.163731
723 3112 3.9315 7.85366 0.163664
724 3115 3.931 7.85366 0.163693
725 3117 3.93115 7.85366 0.163729
726 3118 3.93087 7.85366 0.163739
727 3122 3.93025 7.85366 0.163707
728 3125 3.92913 7.85366 0.16371
729 3129 3.92835 7.85366 0.163728
730 3132 3.92734 7.85366 0.163653
731 3133 3.92753 7.85366 0.163655
732 3134 3.92727 7.85366 0.16367
733 3135 3.92747 7.85366 0.163615
734 3137 3.92674 7.85366 0.163599
735 3138 3.92785 7.85366 0.163613
736 3140 3.92711 7.85366 0.163584
737 3141 3.92686 7.85366 0.163564
738 3142 3.92677 7.85366 0.163572
739 3143 3.9271 7.85366 0.163572
740 3144 3.92808 7.85366 0.163656
741 3147 3.92627 7.85366 0.163692
742 3148 3.9266 7.85366 0.163692
743 3150 3.92638 7.85366 0.163695
744 3156 3.92387 7.85366 0.16372
745 3156 3.92392 7.85366 0.163699
746 3159 3.92288 7.85366 0.163738
747 3161 3.92267 7.85366 0.163716
748 3162 3.92289 7.85366 0.163777
749 3163 3.92294 7.85366 0.163769
750 3166 3.92231 7.85366 0.163809
751 3168 3.92176 7.85366 0.163855
752 3168 3.92284 7.85366 0.163871
753 3169 3.92217 7.85366 0.163848
754 3170 3.92256 7.85366 0.163858
755 3172 3.92233 7.85366 0.16389
756 3175 3.92123 7.85366 0.163874
757 3179 3.91914 7.85366 0.163856
758 3180 3.91977 7.85366 0.163909
759 3183 3.91967 7.85366 0.163892
760 3184 3.91933 7.85366 0.163836
761 3186 3.91877 7.85366 0.163825
762 3191 3.91694 7.85366 0.163832
763 3191 3.91776 7.85366 0.163846
764 3191 3.91847 7.85366 0.163842
765 3194 3.91695 7.85366 0.163788
766 3199 3.91594 7.85366 0.163817
767 3204 3.91286 7.85366 0.163785
768 3207 3.91196 7.85366 0.163823
769 3208 3.91273 7.85366 0.163839
770 3211 3.9119 7.85366 0.163836
771 3215 3.91096 7.85366 0.163857
772 3217 3.91068 7.85366 0.163884
773 3220 3.9098 7.85366 0.163892
774 3223 3.90922 7.85366 0.163866
775 3225 3.90889 7.85366 0.163845
776 3227 3.90903 7.85366 0.1639
777 3228 3.90897 7.85366 0.163892
778 3229 3.90924 7.85366 0.163897
779 3229 3.91017 7.85366 0.16391
780 3230 3.91025 7.85366 0.163908
781 3233 3.90932 7.85366 0.163941
782 3233 3.91036 7.85366 0.163893
783 3234 3.90985 7.85366 0.16393
784 3236 3.90928 7.85366 0.16396
785 3238 3.90845 7.85366 0.163921
786 3243 3.907 7.85366 0.163898
787 3244 3.90678 7.85366 0.163895
788 3251 3.90386 7.85366 0.163889
789 3254 3.90446 7.85366 0.163951
790 3257 3.90281 7.85366 0.163916
791 3257 3.9041 7.85366 0.163909
792 3262 3.90216 7.85366 0.16389
793 3263 3.90257 7.85366 0.163879
794 3264 3.90246 7.85366 0.163865
795 3265 3.90277 7.85366 0.163838
796 3267 3.90351 7.85366 0.163866
797 3269 3.90293 7.85366 0.163874
798 3271 3.90367 7.85366 0.163928
799 3274 3.90351 7.85366 0.163849
800 3274 3.90438 7.85366 0.163828
801 3277 3.90385 7.85366 0.16385
802 3281 3.90374 7.85366 0.163839
803 3286 3.90246 7.85366 0.163827
804 3288 3.90179 7.85366 0.1638
805 3292 3.90026 7.85366 0.163789
806 3294 3.90066 7.85366 0.163798
807 3295 3.90158 7.85366 0.163843
808 3299 3.90086 7.85366 0.163857
809 3303 3.89896 7.85366 0.163879
810 3305 3.89841 7.85366 0.163884
811 3308 3.8976 7.85366 0.163926
812 3310 3.89818 7.85366 0.163957
813 3312 3.89749 7.85366 0.163976
814 3313 3.89724 7.85366 0.163977
815 3314 3.89689 7.85366 0.163942
816 3315 3.89724 7.85366 0.163931
817 3321 3.8947 7.85366 0.163959
818 3322 3.89554 7.85366 0.163955
819 3325 3.89444 7.85366 0.163956
820 3326 3.8944 7.85366 0.16396
821 3328 3.89411 7.85366 0.163945
822 3328 3.89451 7.85366 0.163917
823 3332 3.89246 7.85366 0.163921
824 3332 3.89298 7.85366 0.163928
825 3336 3.89158 7.85366 0.163918
826 3336 3.89198 7.85366 0.163967
827 3340 3.89084 7.85366 0.163946
828 3340 3.89101 7.85366 0.163933
829 3342 3.88998 7.85366 0.163895
830 3343 3.89053 7.85366 0.163886
831 3346 3.88955 7.85366 0.163869
832 3350 3.88877 7.85366 0.163879
833 3355 3.88647 7.85366 0.163855
834 3356 3.8871 7.85366 0.16381
835 3356 3.88732 7.85366 0.163797
836 3359 3.88654 7.85366 0.16376
837 3359 3.88728 7.85366 0.163749
838 3363 3.88673 7.85366 0.163724
839 3363 3.88771 7.85366 0.163761
840 3364 3.88836 7.85366 0.163788
841 3365 3.88906 7.85366 0.163765
842 3365 3.89006 7.85366 0.163759
843 3365 3.89074 7.85366 0.163763
844 3366 3.89116 7.85366 0.16373
845 3370 3.88921 7.85366 0.163723
846 3371 3.88921 7.85366 0.163802
847 3373 3.88925 7.85366 0.163794
848 3379 3.88755 7.85366 0.163864
849 3384 3.88555 7.85366 0.163879
850 3385 3.8861 7.85366 0.163909
851 3387 3.88576 7.85366 0.163921
852 3389 3.8855 7.85366 0.16392
853 3391 3.88522 7.85366 0.163965
854 3392 3.88611 7.85366 0.163915
855 3394 3.88543 7.85366 0.163898
856 3395 3.88493 7.85366 0.163859
857 3395 3.88549 7.85366 0.16383
858 3398 3.8848 7.85366 0.163876
859 3399 3.88488 7.85366 0.16386
860 3403 3.88313 7.85366 0.163869
861 3404 3.88316 7.85366 0.163847
862 3408 3.88174 7.85366 0.163852
863 3411 3.88068 7.85366 0.163852
864 3413 3.88039 7.85366 0.163843
865 3415 3.8798 7.85366 0.163847
866 3417 3.88056 7.85366 0.16382
867 3419 3.87982 7.85366 0.163827
868 3421 3.87959 7.85366 0.163812
869 3422 3.87981 7.85366 0.163788
870 3422 3.88093 7.85366 0.163796
871 3422 3.88222 7.85366 0.163852
872 3424 3.88169 7.85366 0.163863
873 3428 3.88044 7.85366 0.163872
874 3431 3.8789 7.85366 0.163879
875 3431 3.87955 7.85366 0.163882
876 3432 3.87967 7.85366 0.163881
877 3433 3.87953 7.85366 0.163891
878 3435 3.87874 7.85366 0.163916
879 3440 3.87862 7.85366 0.163927
880 3443 3.87807 7.85366 0.163873
881 3445 3.87766 7.85366 0.163887
882 3446 3.87853 7.85366 0.16389
883 3448 3.87817 7.85366 0.163895
884 3450 3.87777 7.85366 0.163877
885 3450 3.87854 7.85366 0.163943
886 3453 3.87746 7.85366 0.163935
887 3455 3.87727 7.85366 0.163983
888 3455 3.87751 7.85366 0.163987
889 3458 3.87687 7.85366 0.163966
890 3462 3.87596 7.85366 0.163984
891 3464 3.87508 7.85366 0.163933
892 3465 3.87655 7.85366 0.163929
893 3466 3.87696 7.85366 0.163939
894 3466 3.87777 7.85366 0.163912
895 3468 3.87763 7.85366 0.163912
896 3469 3.87846 7.85366 0.163908
897 3473 3.87815 7.85366 0.163871
898 3474 3.87886 7.85366 0.163885
899 3476 3.87891 7.85366 0.163857
900 3476 3.87969 7.85366 0.163838
901 3478 3.8798 7.85366 0.163812
902 3480 3.87948 7.85366 0.163833
903 3482 3.87897 7.85366 0.163815
904 3483 3.87903 7.85366 0.163842
905 3485 3.87802 7.85366 0.163854
906 3491 3.87572 7.85366 0.16385
907 3491 3.87787 7.85366 0.163754
908 3492 3.87911 7.85366 0.163794
909 3492 3.8796 7.85366 0.163809
910 3494 3.87932 7.85366 0.163787
911 3497 3.8787 7.85366 0.163771
912 3498 3.87901 7.85366 0.163766
913 3498 3.87959 7.85366 0.163724
914 3499 3.88009 7.85366 0.163718
915 3502 3.87943 7.85366 0.163756
916 3503 3.8796 7.85366 0.163765
917 3504 3.8803 7.85366 0.163797
918 3507 3.87945 7.85366 0.163839
919 3510 3.87825 7.85366 0.163881
920 3512 3.87823 7.85366 0.163889
921 3516 3.87751 7.85366 0.163885
922 3519 3.87686 7.85366 0.163929
923 3519 3.87775 7.85366 0.163898
924 3519 3.87823 7.85366 0.163894
925 3521 3.87883 7.85366 0.163889
926 3521 3.87919 7.85366 0.163887
927 3523 3.87864 7.85366 0.163862
928 3527 3.87787 7.85366 0.163881
929 3527 3.87882 7.85366 0.163882
930 3529 3.87878 7.85366 0.163864
931 3531 3.87839 7.85366 0.163834
932 3532 3.87847 7.85366 0.163811
933 3533 3.8784 7.85366 0.163798
934 3538 3.87922 7.85366 0.163789
935 3538 3.88115 7.85366 0.163744
936 3539 3.88154 7.85366 0.163728
937 3541 3.8818 7.85366 0.163743
938 3544 3.88105 7.85366 0.16371
939 3547 3.87992 7.85366 0.16373
940 3551 3.87887 7.85366 0.163736
941 3552 3.879 7.85366 0.163722
942 3557 3.87725 7.85366 0.163712
943 3559 3.87677 7.85366 0.163706
944 3563 3.87519 7.85366 0.163676
945 3566 3.87423 7.85366 0.163676
946 3569 3.87377 7.85366 0.163677
947 3572 3.87369 7.85366 0.163623
948 3572 3.87457 7.85366 0.163647
949 3573 3.87421 7.85366 0.163674
950 3574 3.87406 7.85366 0.163694
951 3576 3.87415 7.85366 0.1637
952 3577 3.87396 7.85366 0.163688
953 3577 3.87468 7.85366 0.163736
954 3582 3.87349 7.85366 0.163749
955 3582 3.87405 7.85366 0.163737
956 3584 3.87352 7.85366 0.16373
957 3587 3.87305 7.85366 0.163761
958 3590 3.87166 7.85366 0.163788
959 3593 3.87146 7.85366 0.163826
960 3594 3.87162 7.85366 0.16389
961 3594 3.87252 7.85366 0.163879
962 3597 3.8713 7.85366 0.163846
963 3601 3.87035 7.85366 0.163838
964 3603 3.87027 7.85366 0.163852
965 3605 3.86947 7.85366 0.163812
966 3606 3.86997 7.85366 0.163803
967 3608 3.869 7.85366 0.163794
968 3610 3.8681 7.85366 0.16384
969 3613 3.86752 7.85366 0.163852
970 3614 3.86709 7.85366 0.16385
971 3615 3.86739 7.85366 0.163876
972 3620 3.86549 7.85366 0.163894
973 3623 3.86509 7.85366 0.163884
974 3627 3.86479 7.85366 0.163874
975 3632 3.86363 7.85366 0.163855
976 3634 3.86395 7.85366 0.163781
977 3637 3.86234 7.85366 0.163777
978 3638 3.86234 7.85366 0.163733
979 3639 3.86205 7.85366 0.163719
980 3640 3.86284 7.85366 0.163634
981 3642 3.86185 7.85366 0.163581
982 3642 3.86227 7.85366 0.163572
983 3643 3.86219 7.85366 0.163553
984 3644 3.86264 7.85366 0.163606
985 3646 3.86203 7.85366 0.163588
986 3647 3.86261 7.85366 0.163589
987 3649 3.86203 7.85366 0.163595
988 3651 3.86128 7.85366 0.163572
989 3652 3.86205 7.85366 0.163596
990 3655 3.86129 7.85366 0.163569
991 3657 3.86102 7.85366 0.163593
992 3662 3.85893 7.85366 0.16357
993 3663 3.8604 7.85366 0.163568
994 3666 3.86001 7.85366 0.163575
995 3667 3.86086 7.85366 0.163566
996 3668 3.86196 7.85366 0.163546
997 3670 3.86129 7.85366 0.16349
998 3673 3.86096 7.85366 0.163472
999 3674 3.86097 7.85366 0.163441
1000 3676 3.8606 7.85366 0.163428
1001 3677 3.86111 7.85366 0.163463
1002 3680 3.86039 7.85366 0.163458
1003 3682 3.8609 7.85366 0.163479
1004 3683 3.86087 7.85366 0.163444
1005 3683 3.86197 7.85366 0.163453
1006 3686 3.8615 7.85366 0.163466
1007 3687 3.86216 7.85366 0.163409
1008 3688 3.86197 7.85366 0.163433
1009 3693 3.86039 7.85366 0.163401
1010 3695 3.86023 7.85366 0.16338
1011 3695 3.86059 7.85366 0.163392
1012 3697 3.86098 7.85366 0.163335
1013 3697 3.86195 7.85366 0.163306
1014 3700 3.8609 7.85366 0.163342
1015 3701 3.86093 7.85366 0.163309
1016 3702 3.86067 7.85366 0.16328
1017 3704 3.86068 7.85366 0.163247
1018 3704 3.86154 7.85366 0.163211
1019 3706 3.86164 7.85366 0.163184
1020 3709 3.8609 7.85366 0.163202
1021 3709 3.86093 7.85366 0.163208
1022 3709 3.86117 7.85366 0.163231
1023 3711 3.86115 7.85366 0.163172
1024 3714 3.8603 7.85366 0.163131
1025 3717 3.85939 7.85366 0.163121
1026 3717 3.86026 7.85366 0.163086
1027 3719 3.85994 7.85366 0.163093
1028 3719 3.86046 7.85366 0.163111
1029 3719 3.86069 7.85366 0.163085
1030 3725 3.85831 7.85366 0.163081
1031 3725 3.85904 7.85366 0.163037
1032 3726 3.85912 7.85366 0.16299
1033 3727 3.85848 7.85366 0.162957
1034 3727 3.8587 7.85366 0.162951
1035 3728 3.85847 7.85366 0.162959
1036 3731 3.85746 7.85366 0.162959
1037 3732 3.85753 7.85366 0.162951
1038 3733 3.85769 7.85366 0.162951
1039 3736 3.85674 7.85366 0.163014
1040 3738 3.85601 7.85366 0.163009
1041 3738 3.85627 7.85366 0.163022
1042 3739 3.85627 7.85366 0.163033
1043 3741 3.85544 7.85366 0.163043
1044 3743 3.85486 7.85366 0.163011
1045 3745 3.8539 7.85366 0.162986
1046 3746 3.855 7.85366 0.162964
1047 3748 3.85461 7.85366 0.162955
1048 3748 3.85477 7.85366 0.162958
1049 3748 3.8554 7.85366 0.162926
1050 3753 3.85407 7.85366 0.162954
1051 3753 3.85413 7.85366 0.162962
1052 3757 3.85265 7.85366 0.162924
1053 3759 3.85313 7.85366 0.16289
1054 3760 3.8531 7.85366 0.162888
1055 3764 3.85377 7.85366 0.16292
1056 3767 3.85408 7.85366 0.162955
1057 3769 3.85378 7.85366 0.162947
1058 3771 3.85384 7.85366 0.162934
1059 3774 3.85322 7.85366 0.162969
1060 3776 3.85263 7.85366 0.162961
1061 3777 3.85271 7.85366 0.162975
1062 3779 3.85266 7.85366 0.16302
1063 3780 3.85299 7.85366 0.163066
1064 3780 3.85397 7.85366 0.163059
1065 3782 3.85334 7.85366 0.163068
1066 3783 3.85381 7.85366 0.163049
1067 3783 3.85422 7.85366 0.163033
1068 3784 3.85419 7.85366 0.163053
1069 3784 3.85533 7.85366 0.1631
1070 3784 3.856 7.85366 0.163132
1071 3786 3.85664 7.85366 0.163134
1072 3786 3.85705 7.85366 0.16313
1073 3787 3.85686 7.85366 0.163089
1074 3788 3.85664 7.85366 0.163048
1075 3791 3.85546 7.85366 0.163057
1076 3792 3.85582 7.85366 0.163059
1077 3792 3.85615 7.85366 0.163069
1078 3795 3.85533 7.85366 0.163099
1079 3798 3.85428 7.85366 0.163101
1080 3800 3.85459 7.85366 0.163054
1081 3800 3.85505 7.85366 0.163033
1082 3802 3.85491 7.85366 0.16304
1083 3804 3.85415 7.85366 0.163014
1084 3806 3.85434 7.85366 0.163006
1085 3807 3.85408 7.85366 0.162994
1086 3808 3.85419 7.85366 0.163003
1087 3809 3.85404 7.85366 0.162996
1088 3810 3.85373 7.85366 0.162987
1089 3810 3.85408 7.85366 0.162983
1090 3812 3.8539 7.85366 0.162924
1091 3814 3.85417 7.85366 0.162954
1092 3817 3.85414 7.85366 0.162958
1093 3818 3.85509 7.85366 0.16293
1094 3818 3.85553 7.85366 0.162877
1095 3821 3.85552 7.85366 0.162864
1096 3822 3.85606 7.85366 0.162853
1097 3823 3.85658 7.85366 0.162874
1098 3824 3.85718 7.85366 0.162862
1099 3825 3.85685 7.85366 0.162848
1100 3827 3.85676 7.85366 0.162843
1101 3829 3.85596 7.85366 0.162815
1102 3831 3.85554 7.85366 0.162863
1103 3836 3.8546 7.85366 0.162885
1104 3837 3.85425 7.85366 0.16289
1105 3839 3.85451 7.85366 0.162881
1106 3840 3.85478 7.85366 0.162917
1107 3841 3.85526 7.85366 0.162864
1108 3844 3.85529 7.85366 0.162888
1109 3847 3.8551 7.85366 0.162928
1110 3852 3.85404 7.85366 0.16293
1111 3852 3.8551 7.85366 0.162921
1112 3852 3.85583 7.85366 0.162888
1113 3853 3.85611 7.85366 0.162874
1114 3853 3.85671 7.85366 0.162889
1115 3855 3.85688 7.85366 0.162912
1116 3857 3.85747 7.85366 0.16294
1117 3858 3.85777 7.85366 0.162957
1118 3859 3.85746 7.85366 0.162952
1119 3862 3.85676 7.85366 0.162943
1120 3866 3.85543 7.85366 0.162922
1121 3867 3.85559 7.85366 0.162936
1122 3868 3.85603 7.85366 0.162904
1123 3870 3.85582 7.85366 0.162894
1124 3871 3.85595 7.85366 0.162871
1125 3872 3.85597 7.85366 0.162805
1126 3872 3.85642 7.85366 0.162794
1127 3874 3.85648 7.85366 0.162779
1128 3874 3.85677 7.85366 0.162801
1129 3874 3.85733 7.85366 0.162782
1130 3874 3.85792 7.85366 0.162751
1131 3877 3.85797 7.85366 0.162757
1132 3877 3.85827 7.85366 0.162689
1133 3879 3.85773 7.85366 0.162675
1134 3881 3.85732 7.85366 0.162667
1135 3882 3.85753 7.85366 0.162683
1136 3883 3.85788 7.85366 0.162676
1137 3885 3.85804 7.85366 0.162683
1138 3885 3.85842 7.85366 0.162689
1139 3887 3.8578 7.85366 0.162697
1140 3890 3.85659 7.85366 0.162686
1141 3892 3.85615 7.85366 0.162633
1142 3893 3.85636 7.85366 0.162653
1143 3895 3.85571 7.85366 0.162627
1144 3896 3.85591 7.85366 0.162664
1145 3896 3.85714 7.85366 0.162663
1146 3898 3.85683 7.85366 0.16271
1147 3898 3.85718 7.85366 0.162726
1148 3900 3.85679 7.85366 0.162689
1149 3901 3.85678 7.85366 0.162668
1150 3902 3.85688 7.85366 0.162638
1151 3902 3.8574 7.85366 0.162616
1152 3903 3.85712 7.85366 0.162594
1153 3903 3.85748 7.85366 0.162574
1154 3903 3.85863 7.85366 0.16255
1155 3903 3.85932 7.85366 0.162596
1156 3906 3.85852 7.85366 0.162594
1157 3907 3.85825 7.85366 0.162623
1158 3909 3.85814 7.85366 0.162606
1159 3909 3.85872 7.85366 0.162614
1160 3909 3.85884 7.85366 0.162624
1161 3910 3.85919 7.85366 0.162643
1162 3913 3.85889 7.85366 0.162677
1163 3915 3.85835 7.85366 0.162707
1164 3915 3.85925 7.85366 0.162756
1165 3915 3.86152 7.85366 0.162723
1166 3918 3.8602 7.85366 0.162732
1167 3920 3.86013 7.85366 0.16272
1168 3921 3.86035 7.85366 0.162687
1169 3921 3.86076 7.85366 0.162711
1170 3921 3.86144 7.85366 0.162684
1171 3922 3.86201 7.85366 0.162698
1172 3922 3.86275 7.85366 0.16267
1173 3922 3.86437 7.85366 0.162649
1174 3924 3.86439 7.85366 0.162621
1175 3924 3.86477 7.85366 0.162631
1176 3925 3.86484 7.85366 0.162657
1177 3927 3.86536 7.85366 0.162605
1178 3927 3.86585 7.85366 0.162572
1179 3929 3.86526 7.85366 0.162547
1180 3930 3.8657 7.85366 0.162579
1181 3932 3.86529 7.85366 0.162534
1182 3933 3.86485 7.85366 0.162517
1183 3934 3.86465 7.85366 0.162513
1184 3936 3.86485 7.85366 0.162477
1185 3937 3.86555 7.85366 0.162489
1186 3937 3.86729 7.85366 0.162465
1187 3938 3.86721 7.85366 0.162416
1188 3941 3.86592 7.85366 0.162413
1189 3942 3.86602 7.85366 0.162392
1190 3943 3.86587 7.85366 0.162401
1191 3945 3.86587 7.85366 0.162472
1192 3945 3.86661 7.85366 0.162457
1193 3946 3.86675 7.85366 0.162399
1194 3947 3.86685 7.85366 0.162383
1195 3947 3.86759 7.85366 0.162367
1196 3950 3.86766 7.85366 0.16237
1197 3950 3.86789 7.85366 0.162384
1198 3952 3.86706 7.85366 0.162389
1199 3952 3.86751 7.85366 0.162367
1200 3954 3.86775 7.85366 0.162389
1201 3955 3.86799 7.85366 0.162338
1202 3957 3.86817 7.85366 0.162343
1203 3957 3.86822 7.85366 0.162343
1204 3957 3.8685 7.85366 0.162342
1205 3958 3.86818 7.85366 0.162348
1206 3960 3.86822 7.85366 0.16235
1207 3961 3.86846 7.85366 0.162326
1208 3961 3.86948 7.85366 0.162262
1209 3962 3.86943 7.85366 0.162244
1210 3963 3.86899 7.85366 0.162239
1211 3964 3.8698 7.85366 0.162204
1212 3964 3.8715 7.85366 0.162187
1213 3965 3.8717 7.85366 0.16218
1214 3965 3.87192 7.85366 0.162184
1215 3966 3.87213 7.85366 0.162194
1216 3967 3.87207 7.85366 0.162218
1217 3972 3.87041 7.85366 0.162256
1218 3973 3.8714 7.85366 0.162271
1219 3973 3.87172 7.85366 0.162279
1220 3973 3.87192 7.85366 0.16227
1221 3974 3.87232 7.85366 0.162238
1222 3976 3.87207 7.85366 0.162245
1223 3977 3.87198 7.85366 0.162266
1224 3977 3.87229 7.85366 0.162251
1225 3978 3.87221 7.85366 0.16226
1226 3979 3.87252 7.85366 0.162256
1227 3980 3.87261 7.85366 0.162272
1228 3980 3.87272 7.85366 0.162257
1229 3980 3.87298 7.85366 0.162292
1230 3982 3.87347 7.85366 0.162307
1231 3984 3.87388 7.85366 0.162341
1232 3986 3.87302 7.85366 0.162358
1233 3987 3.87322 7.85366 0.162378
1234 3987 3.87352 7.85366 0.162356
1235 3989 3.8737 7.85366 0.162348
1236 3990 3.87337 7.85366 0.162355
1237 3990 3.87381 7.85366 0.162353
1238 3991 3.87374 7.85366 0.16236
1239 3991 3.87396 7.85366 0.162373
1240 3993 3.87364 7.85366 0.162403
1241 3993 3.87411 7.85366 0.162369
1242 3995 3.87376 7.85366 0.162326
1243 3996 3.87418 7.85366 0.162339
1244 3996 3.87421 7.85366 0.162364
1245 3997 3.87415 7.85366 0.162404
1246 3998 3.87423 7.85366 0.162382
1247 4001 3.87399 7.85366 0.162363
1248 4002 3.87357 7.85366 0.162355
1249 4002 3.87392 7.85366 0.162405
1250 4002 3.87428 7.85366 0.162391
1251 4003 3.87449 7.85366 0.162335
1252 4005 3.87393 7.85366 0.162352
1253 4005 3.87505 7.85366 0.162334
1254 4005 3.87588 7.85366 0.162356
1255 4006 3.87565 7.85366 0.162325
1256 4009 3.87559 7.85366 0.162324
1257 4009 3.87614 7.85366 0.162312
1258 4011 3.87589 7.85366 0.162249
1259 4012 3.87573 7.85366 0.162257
1260 4015 3.8757 7.85366 0.16225
1261 4016 3.87558 7.85366 0.162267
1262 4016 3.87577 7.85366 0.162287
1263 4017 3.87553 7.85366 0.162303
1264 4018 3.87558 7.85366 0.162306
1265 4019 3.87625 7.85366 0.162322
1266 4019 3.87682 7.85366 0.162336
1267 4022 3.87638 7.85366 0.162303
1268 4024 3.87587 7.85366 0.162294
1269 4025 3.87603 7.85366 0.16226
1270 4027 3.87563 7.85366 0.162272
1271 4029 3.87543 7.85366 0.162218
1272 4029 3.87646 7.85366 0.162168
1273 4031 3.87599 7.85366 0.162172
1274 4033 3.87558 7.85366 0.162189
1275 4034 3.87556 7.85366 0.162186
1276 4037 3.87595 7.85366 0.162189
1277 4038 3.87648 7.85366 0.162194
1278 4038 3.87695 7.85366 0.162205
1279 4038 3.87761 7.85366 0.162175
1280 4040 3.87788 7.85366 0.16218
1281 4041 3.87784 7.85366 0.162184
1282 4042 3.87789 7.85366 0.162176
1283 4042 3.87793 7.85366 0.16217
1284 4043 3.87766 7.85366 0.162158
1285 4043 3.87766 7.85366 0.162158
1286 4046 3.87712 7.85366 0.162146
1287 4046 3.87726 7.85366 0.162131
1288 4047 3.87733 7.85366 0.162105
1289 4049 3.87731 7.85366 0.162117
1290 4049 3.87819 7.85366 0.162084
1291 4050 3.87783 7.85366 0.162084
1292 4053 3.87774 7.85366 0.162074
1293 4055 3.87785 7.85366 0.162067
1294 4055 3.87815 7.85366 0.162063
1295 4055 3.87893 7.85366 0.162049
1296 4057 3.87914 7.85366 0.162005
1297 4059 3.87961 7.85366 0.162003
1298 4060 3.87975 7.85366 0.162005
1299 4062 3.87933 7.85366 0.16199
1300 4062 3.87938 7.85366 0.161984
1301 4062 3.87998 7.85366 0.162009
1302 4063 3.87995 7.85366 0.162002
1303 4064 3.87994 7.85366 0.161987
1304 4066 3.88077 7.85366 0.162005
1305 4066 3.88087 7.85366 0.161997
1306 4069 3.87988 7.85366 0.162003
1307 4069 3.88115 7.85366 0.162005
1308 4071 3.88135 7.85366 0.16204
1309 4072 3.88179 7.85366 0.162066
1310 4073 3.8817 7.85366 0.162063
1311 4074 3.88154 7.85366 0.162063
1312 4075 3.88142 7.85366 0.162025
1313 4077 3.88105 7.85366 0.16202
1314 4077 3.88168 7.85366 0.162016
1315 4079 3.8822 7.85366 0.161987
1316 4080 3.88222 7.85366 0.161957
1317 4080 3.88248 7.85366 0.161938
1318 4081 3.88254 7.85366 0.161962
1319 4082 3.88211 7.85366 0.161946
1320 4083 3.88249 7.85366 0.161929
1321 4083 3.88276 7.85366 0.161922
1322 4083 3.88314 7.85366 0.161957
1323 4084 3.88297 7.85366 0.161901
1324 4084 3.88401 7.85366 0.161919
1325 4087 3.883 7.85366 0.16188
1326 4088 3.88266 7.85366 0.161866
1327 4089 3.88314 7.85366 0.161888
1328 4091 3.88316 7.85366 0.161874
1329 4093 3.88367 7.85366 0.161843
1330 4093 3.88417 7.85366 0.16185
1331 4095 3.88408 7.85366 0.161879
1332 4097 3.88422 7.85366 0.16187
1333 4098 3.88414 7.85366 0.16193
1334 4098 3.88531 7.85366 0.16194
1335 4099 3.88506 7.85366 0.161917
1336 4100 3.88557 7.85366 0.161894
1337 4102 3.88615 7.85366 0.161939
1338 4103 3.88629 7.85366 0.161902
1339 4104 3.88631 7.85366 0.161947
1340 4108 3.88476 7.85366 0.161921
1341 4109 3.88523 7.85366 0.161894
1342 4110 3.88529 7.85366 0.16188
1343 4110 3.88584 7.85366 0.16184
1344 4111 3.88625 7.85366 0.161835
1345 4112 3.88638 7.85366 0.16184
1346 4112 3.88746 7.85366 0.161868
1347 4113 3.88759 7.85366 0.161881
1348 4115 3.8869 7.85366 0.161904
1349 4115 3.88694 7.85366 0.161875
1350 4115 3.88788 7.85366 0.161867
1351 4116 3.88786 7.85366 0.161878
1352 4118 3.88736 7.85366 0.161911
1353 4118 3.88808 7.85366 0.161884
1354 4119 3.88826 7.85366 0.161858
1355 4121 3.88802 7.85366 0.161844
1356 4122 3.88819 7.85366 0.161878
1357 4124 3.88815 7.85366 0.161915
1358 4124 3.88838 7.85366 0.161898
1359 4124 3.88875 7.85366 0.161871
1360 4124 3.88893 7.85366 0.161849
1361 4126 3.88907 7.85366 0.161832
1362 4126 3.88953 7.85366 0.161914
1363 4127 3.88935 7.85366 0.161959
1364 4129 3.88931 7.85366 0.16195
1365 4131 3.88916 7.85366 0.161969
1366 4131 3.88961 7.85366 0.161973
1367 4133 3.8888 7.85366 0.161988
1368 4134 3.88853 7.85366 0.161978
1369 4134 3.88861 7.85366 0.161974
1370 4135 3.88818 7.85366 0.161992
1371 4137 3.88747 7.85366 0.161942
1372 4137 3.88768 7.85366 0.161947
1373 4138 3.88793 7.85366 0.161925
1374 4138 3.88866 7.85366 0.161965
1375 4142 3.8882 7.85366 0.162017
1376 4142 3.88904 7.85366 0.161982
1377 4142 3.88952 7.85366 0.161985
1378 4144 3.88889 7.85366 0.161996
1379 4144 3.88946 7.85366 0.162001
1380 4145 3.8892 7.85366 0.162022
1381 4147 3.88848 7.85366 0.162002
1382 4148 3.88843 7.85366 0.162028
1383 4148 3.88906 7.85366 0.162003
1384 4150 3.88863 7.85366 0.162024
1385 4152 3.88837 7.85366 0.162051
1386 4154 3.88822 7.85366 0.162047
1387 4154 3.88821 7.85366 0.162043
1388 4155 3.88818 7.85366 0.162041
1389 4156 3.88827 7.85366 0.162024
1390 4158 3.88801 7.85366 0.162055
1391 4160 3.88783 7.85366 0.162054
1392 4160 3.88808 7.85366 0.16205
1393 4161 3.88777 7.85366 0.16209
1394 4162 3.8879 7.85366 0.162058
1395 4163 3.88776 7.85366 0.162063
1396 4164 3.88809 7.85366 0.162071
1397 4165 3.8885 7.85366 0.162058
1398 4165 3.88854 7.85366 0.162081
1399 4165 3.88933 7.85366 0.162038
1400 4165 3.88956 7.85366 0.162011
1401 4166 3.89036 7.85366 0.162017
1402 4167 3.89042 7.85366 0.162032
1403 4167 3.89091 7.85366 0.162017
1404 4167 3.89118 7.85366 0.162021
1405 4170 3.89021 7.85366 0.162046
1406 4170 3.89043 7.85366 0.162038
1407 4171 3.89024 7.85366 0.162016
1408 4171 3.89039 7.85366 0.162029
1409 4171 3.89062 7.85366 0.162014
1410 4172 3.89043 7.85366 0.162003
1411 4175 3.89052 7.85366 0.161953
1412 4176 3.89071 7.85366 0.161937
1413 4177 3.89036 7.85366 0.161941
1414 4177 3.89134 7.85366 0.161922
1415 4178 3.89118 7.85366 0.161927
1416 4179 3.89071 7.85366 0.161889
1417 4181 3.89003 7.85366 0.161911
1418 4181 3.89035 7.85366 0.161921
1419 4182 3.89048 7.85366 0.161902
1420 4184 3.88973 7.85366 0.161896
1421 4184 3.89018 7.85366 0.16188
1422 4185 3.88986 7.85366 0.161883
1423 4186 3.88979 7.85366 0.161893
1424 4186 3.88997 7.85366 0.161865
1425 4187 3.88979 7.85366 0.161847
1426 4188 3.8897 7.85366 0.161841
1427 4189 3.89001 7.85366 0.161869
1428 4191 3.8903 7.85366 0.161811
1429 4192 3.8901 7.85366 0.161779
1430 4194 3.88979 7.85366 0.161808
1431 4196 3.89024 7.85366 0.161838
1432 4198 3.88908 7.85366 0.161814
1433 4199 3.8895 7.85366 0.161795
1434 4202 3.88881 7.85366 0.161775
1435 4202 3.88923 7.85366 0.161778
1436 4203 3.88899 7.85366 0.161756
1437 4203 3.88923 7.85366 0.161812
1438 4204 3.88908 7.85366 0.161773
1439 4204 3.88933 7.85366 0.161812
1440 4204 3.8901 7.85366 0.161799
1441 4206 3.88942 7.85366 0.161837
1442 4206 3.8896 7.85366 0.161839
1443 4208 3.88902 7.85366 0.161838
1444 4208 3.88909 7.85366 0.161839
1445 4210 3.88858 7.85366 0.161822
1446 4210 3.8888 7.85366 0.161818
1447 4211 3.88857 7.85366 0.161814
1448 4212 3.88813 7.85366 0.161789
1449 4214 3.88723 7.85366 0.161777
1450 4215 3.88744 7.85366 0.161793
1451 4215 3.88804 7.85366 0.161781
1452 4216 3.8881 7.85366 0.16175
1453 4218 3.88727 7.85366 0.16172
1454 4220 3.88717 7.85366 0.16173
1455 4221 3.88686 7.85366 0.161703
1456 4221 3.88719 7.85366 0.161699
1457 4222 3.88718 7.85366 0.16172
1458 4223 3.88776 7.85366 0.161737
1459 4225 3.88854 7.85366 0.161737
1460 4225 3.88889 7.85366 0.16176
1461 4228 3.88754 7.85366 0.161745
1462 4230 3.88711 7.85366 0.16176
1463 4233 3.88622 7.85366 0.16175
1464 4233 3.88667 7.85366 0.161759
1465 4233 3.88701 7.85366 0.161786
1466 4236 3.88609 7.85366 0.161736
1467 4237 3.8859 7.85366 0.161737
1468 4237 3.88678 7.85366 0.161732
1469 4237 3.88686 7.85366 0.161729
1470 4237 3.88743 7.85366 0.161715
1471 4238 3.88813 7.85366 0.161727
1472 4238 3.88868 7.85366 0.161712
1473 4238 3.88959 7.85366 0.161718
1474 4239 3.88953 7.85366 0.161736
1475 4242 3.88875 7.85366 0.161732
1476 4242 3.88908 7.85366 0.161758
1477 4242 3.89038 7.85366 0.161729
1478 4244 3.89021 7.85366 0.16172
1479 4244 3.89065 7.85366 0.161686
1480 4247 3.89 7.85366 0.161712
1481 4248 3.88993 7.85366 0.161683
1482 4248 3.8901 7.85366 0.161682
1483 4251 3.88979 7.85366 0.161651
1484 4252 3.88988 7.85366 0.161629
1485 4255 3.88905 7.85366 0.161605
1486 4256 3.88943 7.85366 0.161576
1487 4261 3.88745 7.85366 0.161595
1488 4262 3.88716 7.85366 0.161566
1489 4263 3.8873 7.85366 0.161585
1490 4264 3.88756 7.85366 0.16157
1491 4264 3.88801 7.85366 0.16156
1492 4266 3.88774 7.85366 0.161569
1493 4269 3.88772 7.85366 0.161549
1494 4270 3.88769 7.85366 0.161535
1495 4270 3.88822 7.85366 0.161526
1496 4270 3.88882 7.85366 0.161494
1497 4271 3.88855 7.85366 0.161523
1498 4273 3.88835 7.85366 0.161529
1499 4273 3.88858 7.85366 0.161536
1500 4274 3.88859 7.85366 0.161546
1501 4274 3.88905 7.85366 0.161552
1502 4275 3.88912 7.85366 0.161507
1503 4277 3.88896 7.85366 0.161519
1504 4278 3.88869 7.85366 0.161509
1505 4280 3.88799 7.85366 0.161491
1506 4283 3.88725 7.85366 0.161531
1507 4283 3.88762 7.85366 0.161529
1508 4284 3.88762 7.85366 0.161525
1509 4285 3.88822 7.85366 0.161487
1510 4285 3.88921 7.85366 0.161476
1511 4286 3.88895 7.85366 0.161505
1512 4286 3.88963 8.08347 0.161515
1513 4286 3.89001 8.08347 0.161499
1514 4287 3.88998 8.08347 0.161508
1515 4287 3.89029 8.08347 0.161547
1516 4288 3.89026 8.08347 0.161565
1517 4289 3.89026 8.08347 0.161534
1518 4292 3.89102 8.08347 0.161476
1519 4292 3.8917 8.08347 0.16147
1520 4293 3.89169 8.08347 0.161447
1521 4294 3.89214 8.08347 0.161473
1522 4295 3.89237 8.08347 0.161475
1523 4295 3.89269 8.08347 0.161497
1524 4297 3.89201 8.08347 0.161484
1525 4297 3.89239 8.08347 0.161476
1526 4298 3.89292 8.08347 0.161444
1527 4300 3.89228 8.08347 0.161429
1528 4302 3.89174 8.08347 0.16141
1529 4304 3.89174 8.08347 0.161453
1530 4305 3.89161 8.08347 0.161437
1531 4305 3.89204 8.08347 0.161455
1532 4305 3.89224 8.08347 0.161487
1533 4307 3.89221 8.08347 0.161477
1534 4307 3.89291 8.08347 0.161498
1535 4308 3.89275 8.08347 0.161501
1536 4309 3.89287 8.08347 0.161509
1537 4310 3.89346 8.08347 0.161489
1538 4310 3.89445 8.08347 0.161453
1539 4310 3.89532 8.08347 0.161442
1540 4311 3.8955 8.08347 0.161454
1541 4313 3.89528 8.08347 0.16146
1542 4315 3.89475 8.08347 0.161478
1543 4315 3.89575 8.08347 0.161445
1544 4317 3.89598 8.08347 0.161406
1545 4318 3.89601 8.08347 0.161419
1546 4318 3.89606 8.08347 0.161434
1547 4319 3.89649 8.08347 0.161463
1548 4321 3.89626 8.08347 0.161458
1549 4323 3.89565 8.08347 0.161441
1550 4327 3.8942 8.08347 0.161471
1551 4327 3.89474 8.08347 0.161433
1552 4327 3.89512 8.08347 0.161448
1553 4327 3.8955 8.08347 0.161463
1554 4328 3.89527 8.08347 0.161482
1555 4329 3.89554 8.08347 0.161489
1556 4333 3.8944 8.08347 0.161505
1557 4334 3.89412 8.08347 0.161505
1558 4336 3.89384 8.08347 0.16149
1559 4336 3.89422 8.08347 0.161494
1560 4336 3.89454 8.08347 0.161479
1561 4336 3.89523 8.08347 0.161448
1562 4338 3.89445 8.08347 0.161453
1563 4338 3.89446 8.08347 0.161452
1564 4338 3.89455 8.08347 0.161449
1565 4338 3.89465 8.08347 0.161435
1566 4340 3.89358 8.08347 0.161455
1567 4342 3.89297 8.08347 0.16144
1568 4342 3.89449 8.08347 0.161389
1569 4343 3.89421 8.08347 0.161344
1570 4343 3.89424 8.08347 0.161343
1571 4343 3.89436 8.08347 0.161356
1572 4343 3.89455 8.08347 0.161344
1573 4343 3.89459 8.08347 0.161356
1574 4343 3.89475 8.08347 0.161371
1575 4343 3.89504 8.08347 0.161364
1576 4344 3.89479 8.08347 0.161347
1577 4346 3.89411 8.08347 0.161355
1578 4346 3.8943 8.08347 0.161355
1579 4348 3.89362 8.08347 0.161372
1580 4349 3.89366 8.08347 0.161355
1581 4349 3.89463 8.08347 0.161334
1582 4349 3.89487 8.08347 0.16135
1583 4350 3.89549 8.08347 0.161358
1584 4350 3.89555 8.08347 0.161366
1585 4351 3.89548 8.08347 0.161387
1586 4352 3.89561 8.08347 0.161397
1587 4352 3.89693 8.08347 0.161385
1588 4354 3.89684 8.08347 0.161343
1589 4356 3.89652 8.08347 0.161286
1590 4359 3.89545 8.08347 0.16126
1591 4360 3.89521 8.08347 0.161248
1592 4360 3.89584 8.08347 0.161251
1593 4360 3.89607 8.08347 0.161237
1594 4362 3.89682 8.08347 0.161245
1595 4364 3.89612 8.08347 0.161241
1596 4364 3.89621 8.08347 0.161235
1597 4367 3.89523 8.08347 0.161231
1598 4370 3.89471 8.08347 0.161235
1599 4374 3.89349 8.08347 0.161187
1600 4375 3.89363 8.08347 0.16115
1601 4375 3.89375 8.08347 0.161144
1602 4375 3.894 8.08347 0.161123
1603 4375 3.89412 8.08347 0.161127
1604 4377 3.89354 8.08347 0.161097
1605 4377 3.89387 8.08347 0.161087
1606 4378 3.89456 8.08347 0.161115
1607 4378 3.89464 8.08347 0.161105
1608 4379 3.89517 8.08347 0.161085
1609 4380 3.89474 8.08347 0.16109
1610 4381 3.89467 8.08347 0.161104
1611 4382 3.89424 8.08347 0.161101
1612 4384 3.89387 8.08347 0.16111
1613 4384 3.89409 8.08347 0.161105
1614 4384 3.89422 8.08347 0.161067
1615 4385 3.89386 8.08347 0.161078
1616 4385 3.89414 8.08347 0.161062
1617 4386 3.89391 8.08347 0.16105
1618 4388 3.89312 8.08347 0.161027
1619 4388 3.89319 8.08347 0.161034
1620 4388 3.8937 8.08347 0.16103
1621 4389 3.8938 8.08347 0.161039
1622 4389 3.89421 8.08347 0.161044
1623 4389 3.8943 8.08347 0.16101
1624 4389 3.89493 8.08347 0.160999
1625 4389 3.89505 8.08347 0.160993
1626 4392 3.89462 8.08347 0.160993
1627 4393 3.89521 8.08347 0.161001
1628 4395 3.8945 8.08347 0.161003
1629 4396 3.89505 8.08347 0.160998
1630 4398 3.89522 8.08347 0.160996
1631 4401 3.89522 8.08347 0.161007
1632 4401 3.89541 8.08347 0.161016
1633 4401 3.89561 8.08347 0.161033
1634 4401 3.89635 8.08347 0.160982
1635 4401 3.89712 8.08347 0.160967
1636 4402 3.89763 8.08347 0.16098
1637 4402 3.89796 8.08347 0.160957
1638 4403 3.89808 8.08347 0.160953
1639 4405 3.89819 8.08347 0.160879
1640 4406 3.89831 8.08347 0.160891
1641 4407 3.89856 8.08347 0.160908
1642 4408 3.89796 8.08347 0.160903
1643 4409 3.89822 8.08347 0.160912
1644 4411 3.8975 8.08347 0.160881
1645 4411 3.89821 8.08347 0.160891
1646 4411 3.89846 8.08347 0.160916
1647 4411 3.89875 8.08347 0.160919
1648 4413 3.89826 8.08347 0.160928
1649 4414 3.89839 8.08347 0.160933
1650 4414 3.89862 8.08347 0.160929
1651 4416 3.89801 8.08347 0.160943
1652 4416 3.89814 8.08347 0.160954
1653 4417 3.89808 8.08347 0.160945
1654 4417 3.89828 8.08347 0.160935
1655 4417 3.8985 8.08347 0.160933
1656 4418 3.8988 8.08347 0.160913
1657 4419 3.89849 8.08347 0.160903
1658 4419 3.89944 8.08347 0.160888
1659 4421 3.89923 8.08347 0.160907
1660 4421 3.90002 8.08347 0.160876
1661 4421 3.9001 8.08347 0.160865
1662 4423 3.89976 8.08347 0.160879
1663 4423 3.90084 8.08347 0.160871
1664 4425 3.90021 8.08347 0.16085
1665 4426 3.90007 8.08347 0.160865
1666 4426 3.90017 8.08347 0.160865
1667 4427 3.90023 8.08347 0.160898
1668 4428 3.90002 8.08347 0.160877
1669 4428 3.90123 8.08347 0.160875
1670 4429 3.90141 8.08347 0.160894
1671 4429 3.90237 8.08347 0.160921
1672 4429 3.90283 8.08347 0.160913
1673 4429 3.90304 8.08347 0.16093
1674 4429 3.90322 8.08347 0.160921
1675 4431 3.90275 8.08347 0.160929
1676 4431 3.90295 8.08347 0.160944
1677 4431 3.90344 8.08347 0.160974
1678 4431 3.90421 8.08347 0.160984
1679 4432 3.90401 8.08347 0.160987
1680 4432 3.90419 8.08347 0.160982
1681 4433 3.90425 8.08347 0.160966
1682 4434 3.90401 8.08347 0.160957
1683 4435 3.90532 8.08347 0.160948
1684 4435 3.90576 8.08347 0.160945
1685 4437 3.90523 8.08347 0.16091
1686 4438 3.90557 8.08347 0.160942
1687 4438 3.90585 8.08347 0.160962
1688 4438 3.90629 8.08347 0.160955
1689 4439 3.90572 8.08347 0.160942
1690 4440 3.90539 8.08347 0.160926
1691 4440 3.90557 8.08347 0.160948
1692 4440 3.90606 8.08347 0.160955
1693 4441 3.90567 8.08347 0.160977
1694 4442 3.90551 8.08347 0.160964
1695 4443 3.90576 8.08347 0.160962
1696 4443 3.90633 8.08347 0.160977
1697 4443 3.90681 8.08347 0.160983
1698 4445 3.90665 8.08347 0.160958
1699 4445 3.90729 8.08347 0.160924
1700 4447 3.90664 8.08347 0.160922
1701 4447 3.90714 8.08347 0.160913
1702 4448 3.90814 8.08347 0.160883
1703 4449 3.9088 8.08347 0.160895
1704 4450 3.90934 8.08347 0.160914
1705 4450 3.90984 8.08347 0.160962
1706 4450 3.91044 8.08347 0.160968
1707 4452 3.90964 8.08347 0.160973
1708 4452 3.90992 8.08347 0.160983
1709 4452 3.91035 8.08347 0.161
1710 4452 3.91069 8.08347 0.161008
1711 4454 3.91101 8.08347 0.160998
1712 4454 3.91163 8.08347 0.16097
1713 4454 3.91184 8.08347 0.16099
1714 4454 3.91219 8.08347 0.161008
1715 4454 3.91286 8.08347 0.161017
1716 4454 3.91288 8.08347 0.161022
1717 4454 3.91316 8.08347 0.161014
1718 4454 3.91362 8.08347 0.161016
1719 4454 3.91362 8.08347 0.161016
1720 4456 3.91361 8.08347 0.160978
1721 4456 3.91362 8.08347 0.160991
1722 4456 3.91392 8.08347 0.160997
1723 4457 3.91429 8.08347 0.161008
1724 4458 3.9141 8.08347 0.161007
1725 4459 3.91493 8.08347 0.161004
1726 4459 3.9158 8.08347 0.16103
1727 4459 3.91604 8.08347 0.161037
1728 4460 3.91678 8.08347 0.161037
1729 4460 3.91679 8.08347 0.161043
1730 4461 3.91667 8.08347 0.161052
1731 4461 3.91685 8.08347 0.161065
1732 4462 3.91753 8.08347 0.161042
1733 4462 3.91784 8.08347 0.161047
1734 4463 3.9182 8.08347 0.16103
1735 4464 3.91799 8.08347 0.161012
1736 4464 3.91818 8.08347 0.161006
1737 4464 3.91868 8.08347 0.161
1738 4464 3.91922 8.08347 0.160998
1739 4464 3.9196 8.08347 0.160998
1740 4464 3.91988 8.08347 0.16098
1741 4464 3.92022 8.08347 0.160995
1742 4466 3.9196 8.08347 0.160992
1743 4467 3.91956 8.08347 0.160981
1744 4468 3.91948 8.08347 0.160989
1745 4468 3.9195 8.08347 0.160962
1746 4468 3.91984 8.08347 0.160952
1747 4469 3.92 8.08347 0.160972
1748 4469 3.92006 8.08347 0.160996
1749 4469 3.92028 8.08347 0.161009
1750 4469 3.9208 8.08347 0.16102
1751 4469 3.92131 8.08347 0.161012
1752 4469 3.92161 8.08347 0.160978
1753 4469 3.92163 8.08347 0.160975
1754 4469 3.92179 8.08347 0.160987
1755 4470 3.92194 8.08347 0.160985
1756 4471 3.92198 8.08347 0.160978
1757 4471 3.92262 8.08347 0.160977
1758 4472 3.92226 8.08347 0.160981
1759 4472 3.92238 8.08347 0.160965
1760 4472 3.9227 8.08347 0.16098
1761 4472 3.92373 8.08347 0.161004
1762 4472 3.92384 8.08347 0.161026
1763 4474 3.92297 8.08347 0.161034
1764 4474 3.923 8.08347 0.161017
1765 4475 3.92304 8.08347 0.161013
1766 4475 3.92305 8.08347 0.161006
1767 4477 3.92293 8.08347 0.160994
1768 4477 3.9234 8.08347 0.160998
1769 4478 3.92321 8.08347 0.160998
1770 4478 3.9233 8.08347 0.160971
1771 4478 3.92401 8.08347 0.160971
1772 4478 3.92403 8.08347 0.160971
1773 4478 3.92426 8.08347 0.160973
1774 4478 3.92441 8.08347 0.160969
1775 4478 3.92489 8.08347 0.160998
1776 4480 3.92474 8.08347 0.160969
1777 4480 3.92528 8.08347 0.160964
1778 4480 3.92586 8.08347 0.160972
1779 4480 3.92609 8.08347 0.16095
1780 4480 3.92693 8.08347 0.160943
1781 4481 3.92737 8.08347 0.160933
1782 4481 3.92777 8.08347 0.160918
1783 4483 3.92755 8.08347 0.16096
1784 4483 3.92777 8.08347 0.160953
1785 4483 3.92823 8.08347 0.160967
1786 4483 3.92896 8.08347 0.160978
1787 4484 3.92906 8.08347 0.160966
1788 4487 3.92837 8.08347 0.160949
1789 4488 3.92817 8.08347 0.160942
1790 4488 3.92844 8.08347 0.160952
1791 4488 3.92895 8.08347 0.160965
1792 4488 3.93014 8.08347 0.160927
1793 4490 3.93011 8.08347 0.160896
1794 4490 3.9304 8.08347 0.16091
1795 4492 3.92983 8.08347 0.160914
1796 4493 3.93019 8.08347 0.16092
1797 4494 3.93015 8.08347 0.160934
1798 4494 3.9307 8.08347 0.160932
1799 4494 3.93082 8.08347 0.160931
1800 4494 3.93107 8.08347 0.160968
1801 4494 3.93139 8.08347 0.160967
1802 4496 3.93059 8.08347 0.160974
1803 4496 3.93098 8.08347 0.160955
1804 4497 3.93095 8.08347 0.160975
1805 4499 3.93098 8.08347 0.160982
1806 4499 3.93116 8.08347 0.160973
1807 4499 3.93155 8.08347 0.160986
1808 4500 3.93264 8.08347 0.161003
1809 4500 3.93289 8.08347 0.161003
1810 4500 3.93298 8.08347 0.160988
1811 4500 3.93337 8.08347 0.160991
1812 4501 3.93319 8.08347 0.160977
1813 4501 3.93353 8.08347 0.160981
1814 4502 3.9336 8.08347 0.161012
1815 4503 3.93383 8.08347 0.160999
1816 4505 3.93354 8.08347 0.161039
1817 4506 3.93345 8.08347 0.161066
1818 4509 3.93295 8.08347 0.16106
1819 4509 3.93302 8.08347 0.161067
1820 4509 3.93342 8.08347 0.161079
1821 4510 3.93376 8.08347 0.161063
1822 4513 3.9329 8.08347 0.161085
1823 4513 3.93307 8.08347 0.161078
1824 4513 3.93322 8.08347 0.16108
1825 4514 3.93285 8.08347 0.161082
1826 4514 3.93341 8.08347 0.161082
1827 4515 3.93317 8.08347 0.161072
1828 4515 3.93346 8.08347 0.161072
1829 4515 3.93444 8.08347 0.161062
1830 4517 3.93373 8.08347 0.161056
1831 4517 3.93404 8.08347 0.161078
1832 4517 3.93418 8.08347 0.161093
1833 4517 3.93487 8.08347 0.161102
1834 4518 3.93486 8.08347 0.161087
1835 4519 3.93512 8.08347 0.161088
1836 4520 3.93491 8.08347 0.161104
1837 4521 3.93566 8.08347 0.161105
1838 4521 3.93609 8.08347 0.161058
1839 4522 3.9361 8.08347 0.161075
1840 4522 3.93636 8.08347 0.16106
1841 4523 3.93717 8.08347 0.161071
1842 4524 3.93675 8.08347 0.161051
1843 4526 3.9369 8.08347 0.161061
1844 4527 3.9365 8.08347 0.161046
1845 4527 3.93673 8.08347 0.161044
1846 4527 3.93747 8.08347 0.161062
1847 4527 3.93752 8.08347 0.161052
1848 4527 3.93843 8.08347 0.161113
1849 4528 3.93821 8.08347 0.161129
1850 4528 3.9383 8.08347 0.161127
1851 4529 3.93831 8.08347 0.16113
1852 4529 3.93845 8.08347 0.161092
1853 4529 3.93894 8.08347 0.161106
1854 4530 3.93915 8.08347 0.161091
1855 4532 3.93908 8.08347 0.161096
1856 4533 3.9387 8.08347 0.161055
1857 4533 3.93948 8.08347 0.16104
1858 4535 3.93909 8.08347 0.161042
1859 4539 3.93827 8.08347 0.16103
1860 4539 3.93848 8.08347 0.161032
1861 4539 3.93884 8.08347 0.161039
1862 4539 3.9391 8.08347 0.161043
1863 4539 3.93927 8.08347 0.161052
1864 4539 3.93933 8.08347 0.161067
1865 4539 3.93943 8.08347 0.161061
1866 4539 3.93975 8.08347 0.161051
1867 4539 3.94011 8.08347 0.161036
1868 4542 3.93965 8.08347 0.161014
1869 4542 3.94092 8.08347 0.160966
1870 4543 3.94142 8.08347 0.160943
1871 4543 3.94191 8.08347 0.160992
1872 4545 3.94184 8.08347 0.160985
1873 4546 3.94224 8.08347 0.16099
1874 4548 3.94199 8.08347 0.16098
1875 4548 3.94236 8.08347 0.160968
1876 4548 3.94286 8.08347 0.160952
1877 4548 3.94327 8.08347 0.160951
1878 4549 3.9432 8.08347 0.160969
1879 4549 3.94366 8.08347 0.160953
1880 4549 3.94368 8.08347 0.160964
1881 4551 3.9433 8.08347 0.160975
1882 4552 3.94288 8.08347 0.160983
1883 4552 3.94336 8.08347 0.160984
1884 4552 3.94387 8.08347 0.160994
1885 4552 3.94423 8.08347 0.161005
1886 4553 3.94392 8.08347 0.160989
1887 4553 3.94462 8.08347 0.161
1888 4553 3.94537 8.08347 0.160993
1889 4554 3.94558 8.08347 0.161019
1890 4555 3.94603 8.08347 0.161038
1891 4556 3.94684 8.08347 0.161052
1892 4556 3.94734 8.08347 0.161073
1893 4557 3.94739 8.08347 0.161082
1894 4558 3.94768 8.08347 0.161108
1895 4558 3.9479 8.08347 0.161099
1896 4558 3.94792 8.08347 0.161104
1897 4558 3.94851 8.08347 0.161096
1898 4558 3.94919 8.08347 0.161096
1899 4560 3.94866 8.08347 0.161072
1900 4561 3.94876 8.08347 0.161048
1901 4562 3.9485 8.08347 0.16108
1902 4563 3.94843 8.08347 0.161111
1903 4563 3.94879 8.08347 0.161111
1904 4564 3.94892 8.08347 0.161125
1905 4564 3.9491 8.08347 0.161114
1906 4565 3.9488 8.08347 0.161117
1907 4565 3.94893 8.08347 0.161087
1908 4566 3.94849 8.08347 0.161106
1909 4566 3.94912 8.08347 0.161122
1910 4566 3.94937 8.08347 0.161137
1911 4566 3.94966 8.08347 0.161125
1912 4566 3.95004 8.08347 0.161124
1913 4567 3.95062 8.08347 0.161125
1914 4568 3.95021 8.08347 0.161122
1915 4569 3.95072 8.08347 0.161125
1916 4570 3.95107 8.08347 0.161138
1917 4570 3.95164 8.08347 0.161122
1918 4570 3.95219 8.08347 0.161127
1919 4571 3.9521 8.08347 0.161136
1920 4572 3.9522 8.08347 0.161139
1921 4572 3.95238 8.08347 0.161142
1922 4572 3.95258 8.08347 0.161138
1923 4572 3.95291 8.08347 0.161141
1924 4572 3.95327 8.08347 0.161123
1925 4574 3.95336 8.08347 0.161159
1926 4575 3.9534 8.08347 0.161175
1927 4576 3.95306 8.08347 0.16115
1928 4577 3.9527 8.08347 0.161154
1929 4580 3.95147 8.08347 0.161128
1930 4581 3.95251 8.08347 0.161156
1931 4582 3.95411 8.08347 0.161178
1932 4582 3.95439 8.08347 0.161168
1933 4584 3.95362 8.08347 0.161193
1934 4584 3.9537 8.08347 0.161211
1935 4585 3.95362 8.08347 0.161184
1936 4586 3.95337 8.08347 0.161209
1937 4587 3.95322 8.08347 0.161217
1938 4588 3.95287 8.08347 0.161213
1939 4589 3.95309 8.08347 0.161227
1940 4590 3.95278 8.08347 0.161252
1941 4590 3.95307 8.08347 0.161233
1942 4590 3.95313 8.08347 0.161256
1943 4591 3.95283 8.08347 0.161262
1944 4591 3.95302 8.08347 0.16123
1945 4591 3.95329 8.08347 0.161236
1946 4592 3.9534 8.08347 0.161238
1947 4593 3.9534 8.08347 0.161213
1948 4593 3.95372 8.08347 0.161213
1949 4594 3.95386 8.08347 0.161226
1950 4594 3.954 8.08347 0.161223
1951 4595 3.95386 8.08347 0.16125
1952 4595 3.95437 8.08347 0.161277
1953 4595 3.95462 8.08347 0.161294
1954 4595 3.95467 8.08347 0.161276
1955 4595 3.95489 8.08347 0.16126
1956 4595 3.95514 8.08347 0.161286
1957 4595 3.95591 8.08347 0.161289
1958 4595 3.9562 8.08347 0.161282
1959 4596 3.95593 8.08347 0.161288
1960 4596 3.95609 8.08347 0.161272
1961 4597 3.95603 8.08347 0.161281
1962 4598 3.95582 8.08347 0.161267
1963 4599 3.95624 8.08347 0.161245
1964 4599 3.95676 8.08347 0.161256
1965 4599 3.95751 8.08347 0.161253
1966 4600 3.95883 8.08347 0.16123
1967 4600 3.95883 8.08347 0.161223
1968 4600 3.95922 8.08347 0.161225
1969 4601 3.95909 8.08347 0.161221
1970 4601 3.95926 8.08347 0.161201
1971 4602 3.95918 8.08347 0.161222
1972 4602 3.95945 8.08347 0.161245
1973 4602 3.95945 8.08347 0.161245
1974 4602 3.95953 8.08347 0.16124
1975 4602 3.96007 8.08347 0.161228
1976 4604 3.96008 8.08347 0.161221
1977 4606 3.95993 8.08347 0.161237
1978 4606 3.96002 8.08347 0.161218
1979 4608 3.95946 8.08347 0.161214
1980 4609 3.95912 8.08347 0.161199
1981 4609 3.95915 8.08347 0.161198
1982 4609 3.95937 8.08347 0.161188
1983 4610 3.95895 8.08347 0.1612
1984 4610 3.95936 8.08347 0.161192
1985 4611 3.95937 8.08347 0.161191
1986 4612 3.95924 8.08347 0.161205
1987 4612 3.95928 8.08347 0.161199
1988 4612 3.95957 8.08347 0.161203
1989 4612 3.95963 8.08347 0.161187
1990 4613 3.95981 8.08347 0.161143
1991 4614 3.95958 8.08347 0.161159
1992 4615 3.95982 8.08347 0.161175
1993 4616 3.95956 8.08347 0.161189
1994 4616 3.95971 8.08347 0.161217
1995 4617 3.95954 8.08347 0.161258
1996 4617 3.95959 8.08347 0.161245
1997 4617 3.95991 8.08347 0.161259
1998 4617 3.96005 8.08347 0.161265
1999 4619 3.95954 8.08347 0.161282
2000 4619 3.95969 8.08347 0.161296
2001 4621 3.95901 8.08347 0.161223
2002 4621 3.95948 8.08347 0.161259
2003 4621 3.95948 8.08347 0.161247
2004 4621 3.95978 8.08347 0.161232
2005 4622 3.9594 8.08347 0.16123
2006 4622 3.95997 8.08347 0.161246
2007 4624 3.9604 8.08347 0.161234
2008 4625 3.96005 8.08347 0.161235
2009 4625 3.96025 8.08347 0.161246
2010 4626 3.9602 8.08347 0.161249
2011 4626 3.9602 8.08347 0.161249
2012 4627 3.96005 8.08347 0.161259
2013 4629 3.96026 8.08347 0.161256
2014 4630 3.95999 8.08347 0.161257
2015 4632 3.95935 8.08347 0.161241
2016 4632 3.95955 8.08347 0.161229
2017 4633 3.95943 8.08347 0.161204
2018 4633 3.96017 8.08347 0.161182
2019 4633 3.9605 8.08347 0.161204
2020 4634 3.9603 8.08347 0.161217
2021 4634 3.96071 8.08347 0.161214
2022 4635 3.96036 8.08347 0.161208
2023 4635 3.96054 8.08347 0.161203
2024 4636 3.96111 8.08347 0.161194
2025 4636 3.96126 8.08347 0.161156
2026 4637 3.96177 8.08347 0.161145
2027 4637 3.96211 8.08347 0.161178
2028 4637 3.96266 8.08347 0.161137
2029 4637 3.96307 8.08347 0.161137
2030 4638 3.96305 8.08347 0.161136
2031 4638 3.96339 8.08347 0.161144
2032 4638 3.96373 8.08347 0.161138
2033 4640 3.96298 8.08347 0.161127
2034 4641 3.96273 8.08347 0.161101
2035 4641 3.96289 8.08347 0.161115
2036 4641 3.96315 8.08347 0.161099
2037 4641 3.96319 8.08347 0.161104
2038 4641 3.96339 8.08347 0.161087
2039 4641 3.96342 8.08347 0.161079
2040 4641 3.96419 8.08347 0.161066
2041 4642 3.96402 8.08347 0.161034
2042 4642 3.96491 8.08347 0.161039
2043 4643 3.96479 8.08347 0.161043
2044 4643 3.96488 8.08347 0.161053
2045 4643 3.96498 8.08347 0.161041
2046 4645 3.96433 8.08347 0.161045
2047 4645 3.96459 8.08347 0.161035
2048 4645 3.96465 8.08347 0.161032
2049 4645 3.96488 8.08347 0.161047
2050 4646 3.96481 8.08347 0.161052
2051 4646 3.96538 8.08347 0.161064
2052 4646 3.96562 8.08347 0.161064
2053 4646 3.96606 8.08347 0.161075
2054 4648 3.96596 8.08347 0.161083
2055 4651 3.96545 8.08347 0.161085
2056 4651 3.96584 8.08347 0.161071
2057 4651 3.9665 8.08347 0.161081
2058 4651 3.96653 8.08347 0.161086
2059 4653 3.96561 8.08347 0.161106
2060 4654 3.96569 8.08347 0.161097
2061 4655 3.96548 8.08347 0.161096
2062 4656 3.96522 8.08347 0.161086
2063 4657 3.96548 8.08347 0.161063
2064 4658 3.96584 8.08347 0.161096
2065 4658 3.96647 8.08347 0.16106
2066 4658 3.96692 8.08347 0.161061
2067 4658 3.96692 8.08347 0.161061
2068 4659 3.96697 8.08347 0.161037
2069 4659 3.96752 8.08347 0.16102
2070 4660 3.96758 8.08347 0.160992
2071 4661 3.96754 8.08347 0.160976
2072 4662 3.96802 8.08347 0.160959
2073 4663 3.96774 8.08347 0.160963
2074 4663 3.96861 8.08347 0.160963
2075 4663 3.96884 8.08347 0.160942
2076 4663 3.96903 8.08347 0.160944
2077 4664 3.96886 8.08347 0.160943
2078 4664 3.96893 8.08347 0.160951
2079 4664 3.96965 8.08347 0.160956
2080 4664 3.97006 8.08347 0.160979
2081 4666 3.96986 8.08347 0.160994
2082 4668 3.96966 8.08347 0.160999
2083 4668 3.96989 8.08347 0.160989
2084 4668 3.97011 8.08347 0.160987
2085 4669 3.96957 8.08347 0.160995
2086 4670 3.96926 8.08347 0.160975
2087 4671 3.96949 8.08347 0.160956
2088 4673 3.96865 8.08347 0.160966
2089 4674 3.96847 8.08347 0.160969
2090 4677 3.96754 8.08347 0.160965
2091 4677 3.9681 8.08347 0.16094
2092 4677 3.9681 8.08347 0.16094
2093 4679 3.96714 8.08347 0.16089
2094 4679 3.96787 8.08347 0.160903
2095 4679 3.96817 8.08347 0.160906
2096 4679 3.96834 8.08347 0.160907
2097 4679 3.96858 8.08347 0.160874
2098 4680 3.96831 8.08347 0.160873
2099 4680 3.96849 8.08347 0.160889
2100 4681 3.96801 8.08347 0.160886
2101 4682 3.96769 8.08347 0.16089
2102 4683 3.96744 8.08347 0.160899
2103 4683 3.9676 8.08347 0.160886
2104 4684 3.96723 8.08347 0.160877
2105 4686 3.96655 8.08347 0.16088
2106 4686 3.96671 8.08347 0.160881
2107 4687 3.96639 8.08347 0.160844
2108 4687 3.96671 8.08347 0.160861
2109 4687 3.96738 8.08347 0.160831
2110 4687 3.9675 8.08347 0.160824
2111 4687 3.96775 8.08347 0.16083
2112 4687 3.96775 8.08347 0.16083
2113 4687 3.96796 8.08347 0.16083
2114 4689 3.96878 8.08347 0.160829
2115 4689 3.96888 8.08347 0.160819
2116 4689 3.96911 8.08347 0.16082
2117 4689 3.9698 8.08347 0.160815
2118 4691 3.96903 8.08347 0.160808
2119 4692 3.96902 8.08347 0.160803
2120 4692 3.96919 8.08347 0.160809
2121 4693 3.96901 8.08347 0.160769
2122 4693 3.9691 8.08347 0.160773
2123 4693 3.96931 8.08347 0.160785
2124 4694 3.96927 8.08347 0.16078
2125 4694 3.96949 8.08347 0.160793
2126 4695 3.96927 8.08347 0.160795
2127 4695 3.96939 8.08347 0.160778
2128 4695 3.96964 8.08347 0.160792
2129 4696 3.96937 8.08347 0.160822
2130 4696 3.96947 8.08347 0.160816
2131 4696 3.96989 8.08347 0.160824
2132 4698 3.96931 8.08347 0.160808
2133 4699 3.96903 8.08347 0.160801
2134 4699 3.96912 8.08347 0.16081
2135 4699 3.9693 8.08347 0.160805
2136 4699 3.96943 8.08347 0.160805
2137 4699 3.96994 8.08347 0.160819
2138 4699 3.97028 8.08347 0.160806
2139 4699 3.97054 8.08347 0.160803
2140 4701 3.97014 8.08347 0.160788
2141 4701 3.9705 8.08347 0.160793
2142 4701 3.97107 8.08347 0.160785
2143 4701 3.97122 8.08347 0.160772
2144 4701 3.97126 8.08347 0.160752
2145 4701 3.97203 8.08347 0.160719
2146 4701 3.97214 8.08347 0.160718
2147 4701 3.97226 8.08347 0.160717
2148 4701 3.9725 8.08347 0.160717
2149 4701 3.97266 8.08347 0.160719
2150 4701 3.9731 8.08347 0.160703
2151 4701 3.97335 8.08347 0.160685
2152 4702 3.97287 8.08347 0.160683
2153 4705 3.97214 8.08347 0.16069
2154 4705 3.97255 8.08347 0.160682
2155 4706 3.97249 8.08347 0.160668
2156 4707 3.97213 8.08347 0.160668
2157 4707 3.9726 8.08347 0.160666
2158 4709 3.972 8.08347 0.160647
2159 4709 3.97204 8.08347 0.160624
2160 4710 3.9719 8.08347 0.160616
2161 4710 3.97196 8.08347 0.160619
2162 4710 3.97236 8.08347 0.160621
2163 4710 3.97251 8.08347 0.160634
2164 4710 3.97252 8.08347 0.160632
2165 4711 3.97244 8.08347 0.160629
2166 4711 3.97253 8.08347 0.160637
2167 4711 3.9735 8.08347 0.160629
2168 4711 3.97355 8.08347 0.160622
2169 4712 3.97334 8.08347 0.160623
2170 4712 3.9741 8.08347 0.160593
2171 4712 3.97418 8.08347 0.160576
2172 4713 3.97369 8.08347 0.160554
2173 4714 3.97336 8.08347 0.160565
2174 4714 3.9737 8.08347 0.160583
2175 4714 3.97395 8.08347 0.160614
2176 4714 3.97411 8.08347 0.160612
2177 4715 3.9742 8.08347 0.160613
2178 4716 3.97422 8.08347 0.160604
2179 4717 3.97416 8.08347 0.160635
2180 4717 3.97486 8.08347 0.160617
2181 4719 3.97441 8.08347 0.160633
2182 4720 3.97413 8.08347 0.160647
2183 4720 3.97445 8.08347 0.160659
2184 4720 3.9746 8.08347 0.160652
2185 4721 3.97478 8.08347 0.160654
2186 4723 3.97455 8.08347 0.160639
2187 4727 3.97348 8.08347 0.160643
2188 4728 3.97347 8.08347 0.16065
2189 4731 3.9726 8.08347 0.16062
2190 4732 3.97279 8.08347 0.160598
2191 4732 3.97303 8.08347 0.160609
2192 4732 3.97311 8.08347 0.160574
2193 4733 3.97266 8.08347 0.160575
2194 4733 3.97335 8.08347 0.160543
2195 4733 3.97382 8.08347 0.16054
2196 4734 3.97366 8.08347 0.160563
2197 4735 3.9738 8.08347 0.160564
2198 4735 3.97383 8.08347 0.160564
2199 4735 3.97396 8.08347 0.160559
2200 4735 3.97421 8.08347 0.160547
2201 4736 3.9741 8.08347 0.160554
2202 4737 3.97413 8.08347 0.16056
2203 4739 3.97407 8.08347 0.160567
2204 4739 3.97422 8.08347 0.160553
2205 4739 3.97448 8.08347 0.160544
2206 4739 3.97448 8.08347 0.160544
2207 4740 3.97441 8.08347 0.160536
2208 4740 3.97459 8.08347 0.160552
2209 4740 3.97462 8.08347 0.160556
2210 4740 3.97481 8.08347 0.160549
2211 4741 3.97487 8.08347 0.160545
2212 4741 3.97539 8.08347 0.160516
2213 4741 3.97539 8.08347 0.160516
2214 4742 3.97493 8.08347 0.160501
2215 4743 3.97466 8.08347 0.160521
2216 4743 3.97573 8.08347 0.160509
2217 4743 3.97595 8.08347 0.160512
2218 4743 3.97618 8.08347 0.160514
2219 4743 3.97628 8.08347 0.160533
2220 4743 3.97664 8.08347 0.160533
2221 4744 3.97645 8.08347 0.160563
2222 4744 3.97671 8.08347 0.160568
2223 4744 3.97762 8.08347 0.160572
2224 4744 3.97763 8.08347 0.160578
2225 4745 3.97791 8.08347 0.160616
2226 4746 3.97815 8.08347 0.160596
2227 4746 3.97839 8.08347 0.160604
2228 4747 3.9783 8.08347 0.160632
2229 4747 3.9786 8.08347 0.160617
2230 4748 3.97881 8.08347 0.160627
2231 4748 3.97938 8.08347 0.160652
2232 4748 3.97965 8.08347 0.160674
2233 4748 3.98004 8.08347 0.16065
2234 4748 3.98034 8.08347 0.160651
2235 4748 3.98051 8.08347 0.160673
2236 4748 3.98084 8.08347 0.16067
2237 4748 3.98178 8.08347 0.160709
