2054    0 0.6 0.2 0.4 0 0.8  4.08364 1 0.675 0.475 0.225 0.5 0.625 0 0.35 0.425 0.8 0.425 0.2 0.825 0.425 0.025 0.4 0.45 0.45 0.175 1 0.675 0.9 0.325 0.875 
2059    0 0.6 0.2 0.4 0.2 0.8  4.03894 0.95 0.475 0.475 0.35 0.575 0.925 0.875 0.975 0.175 0.675 0.725 0.3 0.675 0.05 0.325 0.1 0.325 0.275 0.425 0.075 0.675 0.15 0.75 0.925 
2062    0 0.6 0.2 0.4 0.4 0.4  4.54395 0.95 0.175 0.475 0.35 0.575 0.925 0.775 1 0.025 0.225 0.125 0.275 0.675 0 0.325 0.1 0.375 0.275 0.425 0.075 0.675 0.15 0.75 0.925 
2063    0 0.6 0.2 0.4 0.4 0.6  3.71316 0.95 0.475 0.475 0.35 0.55 0.925 0.875 0.35 0.6 1 0.725 0.3 0.65 0.05 0.325 0.1 0.325 0.275 0.425 0.075 0.775 0.15 0.75 0.925 
2079    0 0.6 0.2 0.6 0 0.8  5.95643 1 0.675 0.475 0.225 0.5 0.625 0 0.35 0.425 0.8 0.425 0.2 0.825 0.425 0.025 0.4 0.475 0.45 0.175 1 0.675 0.9 0.325 0.875 
2083    0 0.6 0.2 0.6 0.2 0.6  5.82966 1 0.675 0.475 0.225 0.5 0.625 0 0.35 0.475 0.8 0.425 0.2 0.825 0.425 0.025 0.4 0.475 0.45 0.175 1 0.675 0.9 0.325 0.875 
2084    0 0.6 0.2 0.6 0.2 0.8  5.3598 1 0.4 0.95 0.8 0.725 0.625 0.7 0.55 0.7 0.8 0.1 0.425 0.55 1 0.325 0.825 0.475 0.45 0.875 0 0.875 0.9 0.325 0.1 
2087    0 0.6 0.2 0.6 0.4 0.4  4.42874 0.925 0.45 0.475 0.35 0.575 0.925 0.875 1 0.025 0.225 0.125 0.3 0.675 0.05 0.325 0.1 0.325 0.275 0.425 0.075 0.675 0.15 0.75 0.925 
2088    0 0.6 0.2 0.6 0.4 0.6  4.8159 1 0.4 0.95 0.8 0.5 0.625 0.7 0.275 0.65 0.8 0.1 0.425 0.825 1 0.325 0.825 0.475 0.45 0.875 0.675 0.05 0.9 0.325 0.1 
2092    0 0.6 0.2 0.6 0.6 0.4  4.70724 0.925 0.475 0.475 0.475 0.575 0.925 0.875 0.35 0.6 0.675 0.725 0.2 0.6 0.05 0.325 0.325 0.325 0.275 0.425 0.075 0.675 0.15 0.75 0.925 
2096    0 0.6 0.2 0.6 0.8 0.2  4.19988 0.95 0.075 0.475 0.35 0.575 0.925 0.875 0.35 0.025 0.675 0.725 0.3 0.675 0.05 0.325 0.1 0.325 0.35 0.425 0.075 0.675 0.15 0.75 0.925 
2159    0 0.6 0.4 0.2 0.2 0.8  2.18017 0.95 0.475 0.475 0.35 0.55 0.925 0.875 0.35 0.6 1 0.725 0.3 0.475 0.05 0.325 0.1 0.325 0.275 0.425 0.075 0.775 0.15 0.75 0.925 
2179    0 0.6 0.4 0.4 0 0.8  4.23813 0.95 0.075 0.45 0.35 0.575 0.925 0.875 0.35 0.025 0.175 0.725 0.475 0.675 0.05 0.325 0.1 0.325 0.35 0.425 0.075 0.675 0.15 0.75 0.8 
2183    0 0.6 0.4 0.4 0.2 0.6  5.92176 1 0.625 0.45 0.225 0.5 0.625 0.7 0.725 0.45 0.125 0.425 0.4 0.15 0.2 0.025 0.4 0.475 0.45 0.35 1 0.675 0.9 0.325 0.85 
2184    0 0.6 0.4 0.4 0.2 0.8  4.62762 0.95 0.475 0.475 0.35 0.575 0.925 0.875 0.35 0.6 0.675 0.725 0.175 0.65 0.125 0.325 0.1 0.325 0.275 0.425 0.075 0.675 0.15 0.75 0.6 
2188    0 0.6 0.4 0.4 0.4 0.6  5.09397 0.95 0.475 0.475 0.35 0.575 0.95 0.875 0.6 0.6 0.025 0.175 0.875 0.65 0.15 0.325 0.1 0.325 0.275 0.425 0.075 0.675 0.15 0.75 0.925 
2192    0 0.6 0.4 0.4 0.6 0.4  5.43013 1 0.625 0.45 0.225 0.5 0.625 0.7 0.725 0.45 0.125 0.325 0.4 0.15 0.2 0.025 0.4 0.475 0.45 0.35 1 0.675 0.9 0.325 0.85 
2204    0 0.6 0.4 0.6 0 0.8  5.69899 0.9 0.6 0.475 0.225 0.5 0.625 0.7 0.45 0.65 0.8 0.425 0.65 0.225 0.275 0.025 0.475 0.475 0.45 0.225 1 0.675 0.95 0.775 0.875 
2208    0 0.6 0.4 0.6 0.2 0.6  4.97305 0.95 0.3 0.3 0.35 0.575 0.925 0.875 1 0.025 0.225 0.125 0.3 0.775 0.05 0.325 0.1 0.325 0.275 0.425 0.075 0.675 0.175 0.75 0.925 
2209    0 0.6 0.4 0.6 0.2 0.8  3.82523 0.825 0.475 0.475 0.35 0.575 0.925 0.875 0.35 0 0.675 0.725 0.3 0.65 0.05 0.325 0.1 0.325 0.275 0.425 0.075 0.675 0.15 0.75 0.925 
2212    0 0.6 0.4 0.6 0.4 0.4  4.48949 0.95 0.175 0.475 0.35 0.575 0.925 0.875 1 0.025 0.15 0.125 0.3 0.675 0 0.325 0.1 0.325 0.275 0.425 0.075 0.675 0.15 0.75 0.925 
2213    0 0.6 0.4 0.6 0.4 0.6  4.82256 0.95 0.075 0.475 0.35 0.575 0.925 0.875 0.35 0.35 0.675 0.725 0.725 0.675 0.05 0.325 0.1 0.325 0.35 0.425 0.075 0.675 0.15 0.75 0.8 
2215    0 0.6 0.4 0.6 0.6 0  4.10758 0.95 0.075 0.475 0.35 0.575 0.925 0.875 0.35 0.025 0.975 0.7 0.3 0.975 0.05 0.325 0.1 0.325 0.275 0.425 0.075 0.675 0.15 0.75 0.925 
2216    0 0.6 0.4 0.6 0.6 0.2  4.17369 0.95 0.05 0.3 0.35 0.575 0.925 0.875 1 0.025 0.225 0.125 0.3 0.775 0.05 0.325 0.1 0.325 0.275 0.425 0.075 0.675 0.225 0.75 0.925 
2217    0 0.6 0.4 0.6 0.6 0.4  4.44745 0.95 0.175 0.475 0.35 0.575 0.925 0.775 1 0.025 0.225 0.125 0.3 0.675 0 0.325 0.1 0.325 0.275 0.425 0.075 0.675 0.15 0.75 0.925 
2220    0 0.6 0.4 0.6 0.8 0  4.75763 0.95 0.075 0.475 0.35 0.575 0.925 0.875 0.325 0.35 0.675 0.725 0.725 0.675 0.05 0.325 0.1 0.325 0.35 0.425 0.075 0.675 0.15 0.75 0.8 
2221    0 0.6 0.4 0.6 0.8 0.2  4.54455 0.95 0.475 0.475 0.35 0.575 0.925 0.875 0.775 0.525 0.025 0.175 0.1 0.65 0.125 0.4 0.1 0.325 0.275 0.425 0.075 0.675 0.15 0.75 0.925 
2679    0 0.8 0.2 0.4 0 0.8  4.19213 0.95 0.075 0.475 0.8 0.575 0.925 0.875 0.35 0.025 0.6 0.7 0.325 0.5 0.05 0.325 0.1 0.325 0.275 0.425 0.075 0.675 0.15 0.75 0.925 
2683    0 0.8 0.2 0.4 0.2 0.6  4.08211 0.925 0.475 0.475 0.35 0.575 0.925 0.875 0.175 0.8 0.675 0.9 0.2 0.6 0.05 0.325 0.1 0.325 0.275 0.425 0.075 0.675 0.15 0.75 0.925 
2704    0 0.8 0.2 0.6 0 0.8  6.00018 0.9 0.6 0.475 0.225 0.7 0.625 0.7 0.4 0.65 0.6 0.425 0.625 0.45 0.275 0.025 0.475 0.475 0.45 0.9 1 0.675 0.95 0.775 0.875 
2708    0 0.8 0.2 0.6 0.2 0.6  4.11679 0.825 0.475 0.475 0.925 0.575 0.85 0.875 0.95 0 0.675 0.725 0.3 0.65 0.05 0.325 0.1 0.325 0.975 0.425 0.075 0.675 0.15 0.75 0.925 
2709    0 0.8 0.2 0.6 0.2 0.8  4.77842 0.925 0.475 0.475 0.35 0.575 0.925 0.875 0.35 0.6 0.675 0.725 0.2 0.6 0.05 0.325 1 0.325 0.375 0.425 0.075 0.675 0.15 0.75 0.925 
2712    0 0.8 0.2 0.6 0.4 0.4  4.72748 0.95 0.075 0.25 0.5 0.575 0.925 0.875 0.35 0.025 0.675 0.7 0.3 0.675 0.05 0.325 0.1 0.325 0.275 0.425 0.075 0.675 0.15 0.75 0.925 
2713    0 0.8 0.2 0.6 0.4 0.6  5.87643 1 0.625 0.45 0.225 0.5 0.625 0.7 0.725 0.45 0.975 0.3 0.4 0.15 0.2 0.025 0.4 0.475 0.45 0.35 1 0.675 0.9 0.325 0.85 
2716    0 0.8 0.2 0.6 0.6 0.2  5.85452 0.95 1 0.475 0.125 0.575 0.95 0.875 0.6 0.6 0.025 0.175 0.875 0.65 0.15 0.325 0.1 0.325 0.275 0.425 0.075 0.675 0.65 0.75 0.925 
2720    0 0.8 0.2 0.6 0.8 0  4.16491 0.825 0.475 0.475 0.925 0.575 0.925 0.875 0.35 0 0.675 0.725 0.3 0.65 0.05 0.325 0.1 0.325 0.975 0.425 0.075 0.675 0.15 0.75 0.925 
2804    0 0.8 0.4 0.4 0 0.8  4.20894 0.8 0.475 0.475 0.35 0.575 0.925 0.875 1 0.6 0.675 0.725 0.65 0.65 0.05 0.225 0.7 0.325 0.95 0.425 0.075 0.675 0.15 0.775 0.925 
2809    0 0.8 0.4 0.4 0.2 0.8  4.74751 0.95 0.075 0.45 0.35 0.575 0.925 0.875 0.35 0.025 0.175 0.725 0.375 0.675 0.05 0.325 0.1 0.325 0.35 0.425 0.075 0.675 0.15 0.75 0.8 
2812    0 0.8 0.4 0.4 0.4 0.4  4.15706 0.95 0.05 0.3 0.35 0.575 0.925 0.875 1 0.025 0.225 0.125 0.3 0.775 0.05 0.325 0.1 0.325 0.275 0.425 0.075 0.675 0.15 0.75 0.925 
2813    0 0.8 0.4 0.4 0.4 0.6  4.17642 0.95 0.075 0.475 0.35 0.575 0.925 0.875 0.35 0.025 0.95 0.7 0.3 0.975 0.05 0.325 0.1 0.325 0.275 0.425 0.075 0.675 0.15 0.75 0.925 
2816    0 0.8 0.4 0.4 0.6 0.2  4.76445 0.95 0.075 0.475 0.35 0.575 0.925 0.875 0.35 0.975 0.675 0.725 0.3 0.675 0.05 0.325 0.1 0.9 0.35 0.425 0.075 0.675 0.15 0.575 0.875 
2821    0 0.8 0.4 0.4 0.8 0.2  4.23822 0.95 0.075 0.475 0.35 0.575 0.925 0.875 0.35 0.15 0.175 0.725 0.375 0.675 0.05 0.325 0.1 0.325 0.35 0.425 0.075 0.675 0.15 0.75 0.8 
2829    0 0.8 0.4 0.6 0 0.8  5.81537 0.9 0.6 0.475 0.225 0.7 0.625 0.7 0.4 0.65 0.6 0.425 0.65 0.45 0.275 0.025 0.475 0.475 0.45 0.225 1 0.675 0.95 0.775 0.875 
2834    0 0.8 0.4 0.6 0.2 0.8  4.63417 1 0.75 0.475 0.025 0.5 0.625 0.2 0.725 0.65 0.025 0.425 0.05 0.825 1 0.3 0.4 0.475 0.45 0.175 1 0.675 0.9 0.325 0.875 
2837    0 0.8 0.4 0.6 0.4 0.4  4.94226 0.95 0.075 0.475 0.35 0.575 0.925 0.875 0.35 0.975 0.675 0.725 0.375 0.675 0.05 0.325 0.05 0.325 0.35 0.425 0.075 0.675 0.15 0.75 0.8 
2838    0 0.8 0.4 0.6 0.4 0.6  4.94444 0.95 0.05 0.3 0.35 1 0.925 0.875 1 0.025 0.225 0.375 0.3 0.775 0.05 0.325 0.1 0.325 0.275 0.375 0.075 0.675 0.15 0.75 0.925 
2845    0 0.8 0.4 0.6 0.8 0  5.27698 0.95 0.075 0.475 0.35 0.575 0.925 0.875 0.35 0.975 0.675 0.725 0.6 0.675 0.05 0.325 0.1 0.275 0.35 0.425 0.075 0.675 0.15 0.75 0.875 
3837    0.2 0.2 0 0.6 0.4 0.4  6.15007 1 0.675 0.475 0.225 0.5 0.625 0 0.35 0.825 0.8 0.425 0.2 0.825 0.425 0.025 0.4 0.475 0.45 0.175 1 0.675 0.9 0.325 0.875 
3966    0.2 0.2 0.2 0.6 0.6 0.2  5.72825 1 0.675 0.475 0.225 0.5 0.625 0 0.35 0.65 0.8 0.425 0.2 0.825 0.425 0.025 0.4 0.475 0.45 0.175 1 0.675 0.9 0.325 0.875 
3970    0.2 0.2 0.2 0.6 0.8 0  6.05776 1 0.675 0.475 0.225 0.5 0.625 0 0.35 0.975 0.8 0.425 0.2 0.825 0.425 0.025 0.4 0.475 0.45 0.175 1 0.675 0.9 0.325 0.875 
4458    0.2 0.4 0 0.6 0.2 0.6  5.78052 0.95 0.475 0.475 0.225 0.725 0.175 0.875 0.35 0.6 0.675 0.725 0.875 0.65 0.4 0.325 0.1 0.425 0.1 0.425 0.725 0.475 0.15 0.75 0.925 
4463    0.2 0.4 0 0.6 0.4 0.6  6.00839 1 0.75 0.475 0.025 0.5 0.625 0.2 0.375 0.05 0.025 0.425 0.05 0.825 1 0.55 0.35 0.475 0.45 0.2 1 0.675 0.9 0.325 0.875 
4467    0.2 0.4 0 0.6 0.6 0.4  6.09168 1 0.65 0.475 0.175 0.5 0.625 0.7 0.725 0.875 0.7 0.425 0.425 0.85 1 0.025 0.4 0.475 0.45 0.175 1 0.675 0.9 0.325 0.875 
4470    0.2 0.4 0 0.6 0.8 0  5.30996 1 0.75 0.475 0.025 0.5 0.625 0.2 0.725 0.05 0.025 0.425 0.05 0.825 1 0.3 0.4 0.475 0.45 0.175 1 0.675 0.9 0.325 0.875 
4479    0.2 0.4 0 0.8 0 0.8  6.0661 1 0.75 0.475 0.075 0.5 0.625 0.15 0.9 0.65 0.9 0.425 0.85 0.825 1 0.025 0.425 0.475 0.45 0.175 1 0.675 0.85 0.325 0.875 
4482    0.2 0.4 0 0.8 0.2 0.4  7.22646 1 0.675 0.475 0.4 0.5 0.625 0.65 0.35 0.525 0.8 0.225 0.05 0.875 0.425 0.025 0.55 0.475 0.45 0.175 1 0.675 0.9 0.3 0.875 
4483    0.2 0.4 0 0.8 0.2 0.6  6.08386 1 0.75 0.275 0.225 0.5 0.625 0.7 0.725 0.65 0.8 0.625 0.375 0.825 0.475 0.025 0.4 0.475 0.225 0.95 1 0.675 0.475 0.325 0.7 
4484    0.2 0.4 0 0.8 0.2 0.8  6.40637 1 0.75 0.475 0.225 0.5 0.625 0.7 0.725 0.75 0.8 0.625 0.325 0.825 0.475 0.025 0.4 0.475 0.225 0.95 1 0.675 0.475 0.325 0.7 
4487    0.2 0.4 0 0.8 0.4 0.4  5.38785 0.95 0.475 0.475 0.35 0.95 0.925 0.875 0.775 0.6 0.025 0.175 0.875 0.65 0.125 0.325 0.1 0.325 0.275 0.425 0.075 0.675 0.15 0.75 0.925 
4495    0.2 0.4 0 0.8 0.8 0  6.41778 1 0.65 0.475 0.025 0.5 0.625 0.7 0.725 0.65 0.7 0.625 0.425 0.85 1 0.025 0.4 0.475 0.45 0.175 1 0.675 0.9 0.325 0.875 
4554    0.2 0.4 0.2 0.4 0 0.8  6.3473 1 0.65 0.475 0.7 0.5 0.625 0.525 0.725 0.65 0.75 0.475 0.075 0.825 1 0.025 0.4 0.475 0.45 0.175 1 0.025 0.9 0.325 0.875 
4558    0.2 0.4 0.2 0.4 0.2 0.6  5.86566 1 0.75 0.475 0.225 0.5 0.625 0.7 0.725 0.65 0.8 0.425 0.65 0.825 1 0.025 0.175 0.475 0.4 0.35 1 0.075 0.9 0.325 0.875 
4559    0.2 0.4 0.2 0.4 0.2 0.8  5.19894 1 0.625 0.475 0.225 0.5 0.625 0.85 0.1 0.65 0.25 0.525 0.65 0.175 1 0.025 0.4 0.5 0.45 0.375 1 0.025 0.9 0.325 0.875 
4562    0.2 0.4 0.2 0.4 0.4 0.4  5.7025 1 0.75 0.475 0.025 0.5 0.225 0.2 0.725 0.65 0.025 0.425 0.05 0.825 1 0.95 0.4 0.475 0.45 0.175 1 0.675 0.9 0.325 0.875 
4563    0.2 0.4 0.2 0.4 0.4 0.6  4.55537 0.95 0.4 0.475 0.35 0.575 0.925 0.875 1 0.025 0.15 0.125 0.3 0.675 0 0.325 0.1 0.325 0.275 0.425 0.075 0.675 0.15 0.75 0.925 
4567    0.2 0.4 0.2 0.4 0.6 0.4  5.65982 1 0.475 0.475 0.225 0.5 0.625 0.325 0.25 0.65 0.8 0.425 0.175 0.825 0.975 0.025 0.4 0.475 0.45 0.175 1 0.675 0.9 0.325 0.875 
4570    0.2 0.4 0.2 0.4 0.8 0  5.13993 1 0.65 0.95 0.8 0.4 0.625 0.475 0.725 0.65 0.8 0.1 0.425 0.975 1 0.325 0.825 0.475 0.45 0.125 0 0.675 0.85 0.325 0.1 
4571    0.2 0.4 0.2 0.4 0.8 0.2  4.9884 1 0.65 0.95 0.975 0.5 0.3 0.7 0.725 0.65 0.8 0.1 0.075 0.825 1 0.325 0.825 0.475 0.45 0.875 1 0.675 0.9 0.325 0.1 
4578    0.2 0.4 0.2 0.6 0 0.6  5.34597 1 0.475 0.475 0.225 0.05 0.625 0.15 0 0.65 0.8 0.425 0.45 0.825 1 0.575 0.725 0.375 0.975 0.8 0.9 0.075 0.9 0.325 0.875 
4579    0.2 0.4 0.2 0.6 0 0.8  6.62999 1 0.75 0.475 0.05 0.5 0.9 0.7 0.725 0.65 0.075 0.425 0.65 0.975 1 0.025 0.4 0.475 0.575 0.175 1 0.775 0.9 0.325 0.875 
4582    0.2 0.4 0.2 0.6 0.2 0.4  5.53552 1 0.65 0.95 0.8 0.5 0.625 0.7 1 0.65 0.8 0.1 0.575 0.825 1 0.325 0.825 0.475 0.45 0.875 1 0.675 0.9 0.325 0.1 
4583    0.2 0.4 0.2 0.6 0.2 0.6  6.41184 1 0.75 0.475 0.225 0.5 0.775 0.7 0.725 0.65 0.3 0.425 0.65 0.825 0.25 0.025 0.175 0.475 1 0.175 1 0.075 0.9 0.125 0.875 
4584    0.2 0.4 0.2 0.6 0.2 0.8  6.23536 1 0.65 0.475 0.225 0.5 0.625 0.7 0.725 0.65 0.075 0.425 0.65 0.825 1 0.025 0.4 0.475 0.55 0.175 1 0.85 0.9 0.1 0.875 
4587    0.2 0.4 0.2 0.6 0.4 0.4  6.10006 1 0.675 0.475 0.225 0.5 0.625 0 0.35 0.65 0.8 0.425 0.2 0.825 0.425 0.025 0.975 0.475 0.45 0.175 1 0.675 0.9 0.325 0.875 
4588    0.2 0.4 0.2 0.6 0.4 0.6  6.61883 1 0.75 0.475 0.225 0.5 0.625 0.7 0.25 0.65 0.8 0.425 0.65 0.425 1 0.025 0.2 0.475 0.4 0.175 1 0.075 0.9 0.8 0.875 
4590    0.2 0.4 0.2 0.6 0.6 0  5.28554 1 0.75 0.15 0.225 0.5 0.875 0.7 0.725 0.65 0.975 0.425 0.65 0.975 1 0.025 0.775 0.475 0.95 0.575 1 0.075 0.9 0.325 0.275 
4591    0.2 0.4 0.2 0.6 0.6 0.2  6.39091 1 0.65 0.475 0.175 0.5 0.6 0.7 0.725 0.65 0.8 0.425 0.075 0.825 1 0.025 0.4 0.475 0.45 0.175 1 0.8 0.9 0.325 0.875 
4592    0.2 0.4 0.2 0.6 0.6 0.4  6.84742 1 0.65 0.475 0.7 0.5 0.625 0.7 0.725 0.65 0.7 0.425 0.075 0.825 1 0.025 0.4 0.475 0.45 0.175 1 0.025 0.9 0.325 0.875 
4595    0.2 0.4 0.2 0.6 0.8 0  6.21671 1 0.675 0.475 0.225 0.5 0.375 0 0.35 0.825 0.8 0.425 0.2 0.95 0.425 0.025 0.4 0.075 0.45 0.175 1 0.675 0.9 0.2 0.875 
4596    0.2 0.4 0.2 0.6 0.8 0.2  6.54264 1 0.75 0.475 0.225 0.5 0.625 0.7 0.25 0.65 0.8 0.425 0.65 0.425 1 0.025 0.175 0.475 0.4 0.175 1 0.075 0.9 0.8 0.875 
4604    0.2 0.4 0.2 0.8 0 0.8  6.24936 1 0.75 0.475 0.225 0.5 0.625 0.7 0.725 0.75 0.65 0.625 0.325 0.825 0.475 0.025 0.4 0.475 0.225 0.95 1 0.675 0.475 0.325 0.7 
4608    0.2 0.4 0.2 0.8 0.2 0.6  6.09542 1 0.75 0.475 0.075 0.5 0.025 0.2 0.725 0.675 0.675 0.425 0.05 0.825 1 0.3 0.7 0.475 0.325 0.175 0.95 0.675 0.725 0.325 0.075 
4609    0.2 0.4 0.2 0.8 0.2 0.8  6.90551 1 0.65 0.475 0.225 0.5 0.825 0.7 0.725 0.65 0.775 0.4 0.65 0.825 1 0.025 0.4 0.475 0.55 0.175 1 0.85 0.9 0.4 0.875 
4612    0.2 0.4 0.2 0.8 0.4 0.4  6.41886 1 0.5 0.475 0.225 0.5 0.625 0.7 0.725 0.65 0.6 0.35 0.3 0.825 1 0.025 0.55 0.475 0.45 0.175 1 0.675 0.9 0.325 0.875 
4613    0.2 0.4 0.2 0.8 0.4 0.6  4.99369 1 0.75 0.475 0.075 0.5 0.625 0.15 0.9 0.65 0.9 0.425 0.85 0.825 1 0.025 0.425 0.475 0.45 0.9 0.775 0.675 0.85 0.325 0.875 
4615    0.2 0.4 0.2 0.8 0.6 0  5.98702 1 0.75 0.775 0.225 0.05 0.625 0.3 0.625 0.65 0.8 0.05 0.65 0.825 1 0.025 0.4 0.475 0.45 0.175 0.175 0.675 0.9 0.75 0.675 
4616    0.2 0.4 0.2 0.8 0.6 0.2  6.01507 1 0.75 0.475 0.225 0.5 0.625 0.7 0.725 0.65 0.9 0.425 0.65 0.5 1 0.025 0.175 0.475 0.4 0.175 1 0.075 0.9 0.8 0.875 
4620    0.2 0.4 0.2 0.8 0.8 0  6.60491 1 0.75 0.475 0.075 0.5 0.625 0.15 0.9 0.65 0.9 0.425 0.85 0.825 1 0.025 0.4 0.475 0.45 0.175 1 0.675 0.85 0.325 0.875 
4621    0.2 0.4 0.2 0.8 0.8 0.2  6.36181 1 0.75 0.475 0.225 0.5 0.625 0.7 0.7 0.65 0.8 0.425 0.65 0.625 1 0.025 0.175 0.475 0.4 0.175 1 0.025 0.9 0.8 0.875 
4654    0.2 0.4 0.4 0.2 0 0.8  5.04258 1 0.375 0.75 0.775 0.425 0.15 0.625 1 0.4 0.4 0.525 0.225 0.1 0.625 0.625 0.35 0.9 0.7 0.325 0.5 0 0.2 0.075 0.325 
4659    0.2 0.4 0.4 0.2 0.2 0.8  4.4013 1 0.65 0.55 0.175 0.425 0.625 0.325 0.725 0.65 0.05 0.425 0.425 0.85 1 0.025 0.4 0.475 0.45 0.175 1 0.675 0.9 0.325 0.875 
4663    0.2 0.4 0.4 0.2 0.4 0.6  5.24029 1 0.375 0.625 0.775 0.425 0.15 0.625 1 0.4 0.4 0.525 0.375 0.1 0.625 0.1 0.35 0.9 0.7 0.325 0.5 0.5 0.625 0.075 0.275 
4679    0.2 0.4 0.4 0.4 0 0.8  6.26264 1 0.325 0.475 0.225 0.5 0.625 0 0.35 0.65 0.8 0.425 0.2 0.825 0.425 0.025 0.4 0.475 0.45 0.175 1 0.675 0.9 0.325 0.875 
4683    0.2 0.4 0.4 0.4 0.2 0.6  5.57374 1 0.65 0.95 0.8 0.325 0.625 0.7 0.725 0.325 0.4 0.1 0.425 0.825 1 0.325 0.825 0.475 0.45 0.875 1 0.675 0.9 0.325 0.1 
4684    0.2 0.4 0.4 0.4 0.2 0.8  5.65372 1 0.75 0.475 0.225 0.05 0.625 0.325 0.725 0.65 0.8 0.425 0.65 0.8 1 0.025 0.175 0.275 0.4 0.175 1 0.075 0.9 0.325 0.875 
4686    0.2 0.4 0.4 0.4 0.4 0.2  5.52828 1 0.4 0.95 0.8 0.5 0.625 0.7 0.725 0.65 0.8 0.1 0.425 0.475 1 0.325 0.825 0.475 0.45 0.875 1 0.675 0.9 0.325 0.1 
4687    0.2 0.4 0.4 0.4 0.4 0.4  5.04983 1 0.65 0.95 0.8 0.4 0.625 0.7 0.725 0.65 0.8 0.1 0.425 0.975 1 0.325 0.825 0.475 0.45 0.775 0 0.675 0.85 0.325 0.1 
4688    0.2 0.4 0.4 0.4 0.4 0.6  6.64248 1 0.75 0.4 0.225 0.5 0.625 0.075 0.575 0.65 0.8 0.425 0.65 0.825 0.425 0.025 0.4 0.475 0.45 0.175 0.8 0.675 0.9 0.325 0.925 
4691    0.2 0.4 0.4 0.4 0.6 0.2  5.4697 1 0.4 0.95 0.8 0.5 0.625 0.7 0.55 0.65 0.8 0.1 0.425 0.375 1 0.325 0.825 0.475 0.45 0.875 0 0.675 0.9 0.325 0.1 
4692    0.2 0.4 0.4 0.4 0.6 0.4  5.50084 1 0.65 0.95 0.8 0.4 0.625 0.7 0.725 0.325 0.4 0.1 0.425 0.425 1 0.325 0.825 0.475 0.45 0.875 1 0.675 0.875 0.325 0.1 
4695    0.2 0.4 0.4 0.4 0.8 0  6.18645 1 0.4 0.9 0.8 0.5 0.875 0.7 0.7 0.65 0.375 0.1 0.1 0.825 1 0.325 0.825 0.475 0.45 0.875 1 0.675 0.9 0.325 0.1 
4696    0.2 0.4 0.4 0.4 0.8 0.2  6.46384 1 0.4 0.95 0.8 0.5 0.85 0.7 0.55 0.65 0.8 0.1 0.425 0.575 0.35 0.325 0.825 0.475 0.45 0.85 0 0.675 0.9 0.325 0.1 
4704    0.2 0.4 0.4 0.6 0 0.8  6.48837 1 0.175 0.475 0.8 0.5 0.375 0.7 0.725 0.65 0.05 0.425 0.65 0.825 1 0.025 0.4 0.475 0.45 0.4 1 0.975 0.825 0.325 0.875 
4707    0.2 0.4 0.4 0.6 0.2 0.4  3.56139 0.75 0.375 0.75 0.775 0.7 0.425 0.625 1 0.4 0.4 0.525 0.325 0.1 0.625 0.625 0.4 0.9 0.7 0.325 0.4 0 0.2 0.075 0.325 
4708    0.2 0.4 0.4 0.6 0.2 0.6  5.30777 1 0.4 0.95 0.8 0.5 0.625 0.7 0.55 0.65 0.525 0.1 0.425 0.85 0.35 0.325 0.825 0.475 0.45 0.875 0 0.775 0.9 0.325 0.975 
4709    0.2 0.4 0.4 0.6 0.2 0.8  5.12883 0.95 0.475 0.475 0.35 0.575 0.925 0.875 0.775 0.6 0.025 0.175 0.875 0.55 0.125 0.325 0.1 0.325 0.275 0.425 0.075 0.675 0.15 0.75 0.925 
4712    0.2 0.4 0.4 0.6 0.4 0.4  5.16829 0.95 0.475 0.475 0.35 0.575 0.95 0.875 0.6 0.6 0.025 0.175 0.875 0.65 0.15 0.325 0.1 0.325 0.275 0.425 0.075 0.675 0.775 0.75 0.925 
4713    0.2 0.4 0.4 0.6 0.4 0.6  4.433 0.95 0.175 0.475 0.35 0.575 0.925 0.775 1 0.025 0.225 0.125 0.3 0.675 0 0.325 0.1 0.325 0.275 0.425 0.075 0.675 0.15 0.675 0.925 
4716    0.2 0.4 0.4 0.6 0.6 0.2  6.25128 1 0.425 0.475 0.225 0.5 0.625 0 0.35 0.975 0.8 0.425 0.2 0.825 0.425 0.025 0.4 0.475 0.45 0.175 1 0.675 0.9 0.325 0.875 
4717    0.2 0.4 0.4 0.6 0.6 0.4  4.19966 0.95 0.475 0.475 0.35 0.575 0.925 0.875 0.775 0.15 0.025 0.175 0.1 0.65 0.125 0.4 0.1 0.325 0.275 0.425 0.075 0.675 0.15 0.75 0.925 
4720    0.2 0.4 0.4 0.6 0.8 0  6.49407 1 0.675 0.475 0.225 0.5 0.55 0 0.35 0.825 0.8 0.425 0.2 0.95 0.425 0.025 0.4 0.075 0.45 0.175 1 0.675 0.9 0.325 0.875 
4721    0.2 0.4 0.4 0.6 0.8 0.2  4.26637 0.975 0.175 0.475 0.35 0.575 0.925 0.775 1 0.025 0.225 0.125 0.3 0.675 0 0.325 0.1 0.325 0.275 0.425 0.075 0.675 0.15 0.75 0.925 
4779    0.2 0.4 0.6 0.2 0 0.8  3.63382 1 0.65 0.525 0.2 0.5 0.625 0.325 0.725 0.65 0.05 0.425 0.425 0.85 1 0.025 0.4 0.475 0.45 0.175 1 0.675 0.9 0.325 0.875 
4783    0.2 0.4 0.6 0.2 0.2 0.6  3.44417 0.75 0.375 0.75 0.775 0.55 0.15 0.625 1 0.4 0.4 0.525 0.325 0.1 0.625 0.625 0.4 0.9 0.7 0.325 0.175 0 0.2 0.075 0.325 
4784    0.2 0.4 0.6 0.2 0.2 0.8  3.49256 0.95 0.075 0.475 0.35 0.575 0.925 0.875 0.35 0.35 0.675 0.725 0.375 0.675 0.05 0.325 0.1 0.325 0.35 0.425 0.075 0.675 0.15 0.75 0.8 
4791    0.2 0.4 0.6 0.2 0.6 0.2  5.76701 1 0.375 0.75 0.775 0.425 0.15 0.625 0.975 0.4 0.4 0.525 0.375 0.1 0.625 0.1 0.35 0.9 0.7 0.325 0.5 0.45 0.625 0.075 0.325 
4796    0.2 0.4 0.6 0.2 0.8 0.2  6.24637 1 0.375 0.75 0.775 0.425 0.15 0.625 1 0.4 0.4 0.525 0.375 0.1 0.625 0.775 0.35 0.9 0.7 0.325 0.5 0.5 0.625 0.075 0.275 
4804    0.2 0.4 0.6 0.4 0 0.8  4.73724 1 0.375 0.75 0.775 0.425 0.15 0.9 1 0.4 0.4 0.525 0.225 0.1 0.625 0.625 0.35 0.9 0.7 0.325 0.5 0 0.2 0.075 0.325 
4808    0.2 0.4 0.6 0.4 0.2 0.6  5.39284 1 0.4 0.95 0.8 0.5 0.625 0.7 0.55 0.65 0.95 0.1 0.425 0.575 0.35 0.325 0.825 0.475 0.45 0.875 0 0.675 0.9 0.325 0.1 
4809    0.2 0.4 0.6 0.4 0.2 0.8  4.97364 1 0.4 0.95 0.8 0.5 0.625 0.7 0.55 0.65 0.8 0.1 0.425 0.575 0.35 0.325 0.825 0.475 0.45 0.875 0 0.675 0.9 0.325 0.1 
4812    0.2 0.4 0.6 0.4 0.4 0.4  5.6776 1 0.4 0.9 0.8 0.5 0.625 0.7 0.575 0.5 0.8 0.1 0.425 0.675 1 0.325 0.825 0.475 0.45 0.875 1 0.675 0.9 0.325 0.1 
4817    0.2 0.4 0.6 0.4 0.6 0.4  5.65229 1 0.65 0.95 0.8 0.4 0.625 0.7 0.725 0.325 0.4 0.1 0.425 0.825 1 0.325 0.825 0.475 0.45 0.875 1 0.675 0.9 0.325 0.1 
4820    0.2 0.4 0.6 0.4 0.8 0  3.23879 0.6 0.475 0.475 0.35 0.575 0.975 0.875 0.35 0.05 0.4 0.15 0.95 0.65 0.075 0.325 0.1 0.325 0.275 0.425 0.075 0.75 1 0.75 0.925 
5079    0.2 0.6 0 0.6 0 0.8  6.26669 1 0.75 0.475 0.075 0.5 0.625 0.7 0.725 0.65 0.8 0.425 0.05 0.825 1 0.3 0.4 0.475 0.45 0.175 0.575 0.675 0.9 0.325 0.425 
5083    0.2 0.6 0 0.6 0.2 0.6  4.97963 1 0.75 0.475 0.025 0.5 0.625 0.2 0.725 0.05 0.025 0.425 0.05 0.825 1 0.55 0.4 0.475 0.45 0.175 1 0.675 0.9 0.325 0.875 
5084    0.2 0.6 0 0.6 0.2 0.8  5.34116 1 0.75 0.475 0.075 0.7 0.575 0.7 0.725 0.65 0.8 0.425 0.05 0.825 1 0.3 0.4 0.475 0.45 0.075 0.575 0.675 0.9 0.325 0.425 
5088    0.2 0.6 0 0.6 0.4 0.6  4.63735 1 0.75 0.775 0.225 0.5 0.625 0.3 0.725 0.65 0.8 0.1 0.65 0.825 1 0.025 0.4 0.475 0.45 0.175 1 0.675 0.9 0.325 0.875 
5103    0.2 0.6 0 0.8 0 0.6  3.95863 0.775 0.4 0.95 0.475 0.5 0.625 0.7 0.15 0.65 0.8 0.1 0.425 0.825 1 0.325 0.825 0.475 0.45 0.875 1 0.675 0.9 0.325 0.05 
5104    0.2 0.6 0 0.8 0 0.8  6.81406 1 0.75 0.475 0.225 0.5 0.625 0.7 0.25 0.65 0.8 0.425 0.975 0.425 1 0.025 0.175 0.475 0.4 0.175 1 0.075 0.9 0.8 0.875 
5108    0.2 0.6 0 0.8 0.2 0.6  6.12961 1 0.65 0.475 0.175 0.5 0.625 0.7 0.725 0.65 0.8 0.425 0.3 0.825 1 0.025 0.4 0.475 0.45 0.175 1 0.675 0.9 0.325 0.875 
5109    0.2 0.6 0 0.8 0.2 0.8  6.15958 1 0.75 0.475 0.225 0.5 0.625 0.7 0.25 0.65 0.8 0.425 0.65 0.625 1 0.025 0.175 0.475 0.4 0.175 1 0.025 0.9 0.8 0.875 
5112    0.2 0.6 0 0.8 0.4 0.4  6.42493 1 0.65 0.55 0.175 0.5 0.625 0.7 0.725 0.65 0.8 0.275 0.425 0.85 1 0.025 0.4 0.475 0.45 0.175 1 0.675 0.9 0.325 0.875 
5113    0.2 0.6 0 0.8 0.4 0.6  6.32274 1 0.675 0.525 0.225 0.5 0.625 0.7 0.725 0.65 0.8 0.425 0.425 0.825 1 0.025 0.4 0.475 0.45 0.175 1 0.675 0.9 0.325 0.875 
5116    0.2 0.6 0 0.8 0.6 0.2  6.39874 1 0.75 0.475 0.225 0.5 0.625 0.7 0.725 0.6 0.8 0.425 0.65 0.825 1 0.025 0.425 0.475 0.45 0.175 1 0.675 0.9 0.625 0.875 
5117    0.2 0.6 0 0.8 0.6 0.4  5.14801 1 0.75 0.475 0.85 0.5 0.625 0.2 0.375 0.05 0.025 0.425 0.05 0.825 1 0.55 0.35 0.475 0.45 0.175 1 0.675 0.9 0.325 0.875 
5120    0.2 0.6 0 0.8 0.8 0  6.16347 1 0.75 0.475 0.225 0.5 0.625 0.7 0.725 0.65 0.8 0.425 0.65 0.825 1 0.025 0.425 0.475 0.45 0.175 1 0.675 0.9 0.625 0.875 
5121    0.2 0.6 0 0.8 0.8 0.2  5.48095 1 0.75 0.475 0.95 0.5 0.45 0.275 0.725 0.65 0.8 0.425 0.65 0.825 1 0.025 0.175 0.475 0.4 0.175 1 0.075 0.9 0.325 0.875 
5179    0.2 0.6 0.2 0.4 0 0.8  5.61074 1 0.75 0.475 0.025 0.5 0.225 0.2 0.725 0.65 0.025 0.425 0.05 0.825 1 0.3 0.4 0.475 0.45 0.175 1 0.675 0.9 0.325 0.875 
5183    0.2 0.6 0.2 0.4 0.2 0.6  4.10949 0.8 0.475 0.475 0.35 0.575 0.925 0.875 1 0.6 0.675 0.725 0.65 0.65 0.05 0.225 0.1 0.325 0.95 0.425 0.075 0.675 0.15 0.775 0.925 
5184    0.2 0.6 0.2 0.4 0.2 0.8  4.4509 0.975 0.625 0.45 0.225 0.5 0.625 0.7 0.35 0.45 0.1 0.425 0.4 0.175 1 0.025 0.4 0.475 0.45 0.15 1 0.675 0.9 0.725 0.875 
5187    0.2 0.6 0.2 0.4 0.4 0.4  4.2675 0.95 0.05 0.475 0.35 0.575 0.925 0.875 1 0.025 0.225 0.125 0.3 0.675 0 0.325 0.1 0.325 0.275 0.425 0.075 0.675 0.15 0.75 0.925 
5188    0.2 0.6 0.2 0.4 0.4 0.6  5.09704 1 0.75 0.475 0.225 0.05 0.625 0.15 0.725 0.65 0.8 0.425 0.25 0.825 1 0.75 0.175 0.475 0.4 0.175 1 0.075 0.9 0.325 0.875 
5192    0.2 0.6 0.2 0.4 0.6 0.4  4.38318 0.95 0.475 0.85 0.35 0.575 0.925 0.875 0.975 0.6 0.675 0.725 0.15 0.675 0.05 0.325 0.1 0.325 0.275 0.425 0.075 0.85 0.15 0.75 0.925 
5195    0.2 0.6 0.2 0.4 0.8 0  5.26551 1 0.65 0.95 0.8 0.4 0.625 0.7 0.725 0.65 0.8 0.1 0.425 0.975 1 0.325 0.825 0.475 0.45 0.875 1 0.675 0.9 0.325 0.1 
5196    0.2 0.6 0.2 0.4 0.8 0.2  4.09276 0.95 0.475 0.85 0.35 0.575 0.925 0.875 0.975 0.6 0.675 0.725 0.3 0.675 0.05 0.325 0.1 0.325 0.275 0.425 0.075 0.85 0.15 0.75 0.925 
5204    0.2 0.6 0.2 0.6 0 0.8  7.00516 1 0.65 0.475 0.175 0.5 0.6 0.7 0.725 0.35 1 0.425 0.075 0 1 0.025 0.4 0.475 0.45 0.175 1 0.8 0.9 0.325 0.875 
5207    0.2 0.6 0.2 0.6 0.2 0.4  6.69032 1 0.75 0.475 0.225 0.5 0.625 0.7 0.725 0.65 0.525 0.425 0.65 0.5 1 0.025 0.175 0.475 0.4 0.175 1 0.075 0.9 0.8 0.875 
5208    0.2 0.6 0.2 0.6 0.2 0.6  6.37996 1 0.65 0.475 0.175 0.5 0.625 0.7 0.725 0.65 0.325 0.425 0.425 0.85 1 0.025 0.4 0.475 0.45 0.175 1 0.675 0.9 0.325 0.875 
5209    0.2 0.6 0.2 0.6 0.2 0.8  6.37677 1 0.65 0.475 0.175 0.5 0.6 0.7 0.725 0.65 1 0.425 0.325 0 1 0.025 0.4 0.475 0.45 0.175 1 0.8 0.9 0.325 0.875 
5211    0.2 0.6 0.2 0.6 0.4 0.2  6.05653 1 0.675 0.475 0.225 0.5 0.625 0 0.35 0.65 0.8 0.05 0.2 0.825 0.425 0.025 0.975 0.475 0.45 0.175 1 0.675 0.9 0.325 0.875 
5212    0.2 0.6 0.2 0.6 0.4 0.4  6.39693 1 0.75 0.95 0.75 0.45 0.625 0.3 0.725 0.65 0.8 0.425 0.65 0.825 1 0.025 0.4 0.475 0.45 0.175 1 0.275 0.9 0.325 0.875 
5213    0.2 0.6 0.2 0.6 0.4 0.6  6.17443 1 0.65 0.475 0.175 0.5 0.625 0.7 0.725 0.65 0.7 0.425 0.425 0.85 1 0.025 0.4 0.475 0.45 0.175 1 0.675 0.9 0.325 0.875 
5216    0.2 0.6 0.2 0.6 0.6 0.2  6.66978 1 0.675 0.475 0.225 0.5 0.55 0 0.35 0.825 0.8 0.425 0.2 0.825 0.425 0.025 0.4 0.075 0.45 0.175 1 0.675 0.9 0.325 0.875 
5217    0.2 0.6 0.2 0.6 0.6 0.4  6.16988 1 0.65 0.475 0.175 0.5 0.6 0.7 0.725 0.65 0.8 0.425 0.075 0.825 1 0.025 0.4 0.475 0.45 0.6 1 0.8 0.9 0.475 0.875 
5220    0.2 0.6 0.2 0.6 0.8 0  5.88667 1 0.4 0.575 0.8 0.5 0.5 0.7 0.55 0.65 0.8 0.1 0.425 0.825 1 0.325 0.825 0.475 0.45 0.875 0 0.675 0.9 0.575 0.1 
5221    0.2 0.6 0.2 0.6 0.8 0.2  5.75722 0.95 0.475 0.475 0.35 0.575 0.625 0.875 0.1 0.6 0.8 0.175 0.875 0.65 0.125 0.325 0.1 0.325 0.275 0.425 0.075 0.675 0.15 0.75 0.925 
5229    0.2 0.6 0.2 0.8 0 0.8  6.78314 1 0.65 0.475 0.175 0.5 0.6 0.7 0.725 0.65 0.8 0.425 0.075 0.375 1 0.025 0.4 0.475 0.45 0.175 1 0.8 0.9 0.325 0.875 
5232    0.2 0.6 0.2 0.8 0.2 0.4  5.93625 1 0.65 0.475 0.225 0.5 0 0.7 0.725 0.825 0.075 0.425 0.65 0.825 1 0.025 0.4 0.475 0.55 0.175 1 0.85 0.9 0.1 0.875 
5233    0.2 0.6 0.2 0.8 0.2 0.6  6.67042 1 0.75 0.475 0.225 0.5 0.625 0.7 0.25 0.65 0.8 0.425 0.65 0.5 1 0.025 0.175 0.475 0.4 0.175 1 0.075 0.9 0.8 0.875 
5234    0.2 0.6 0.2 0.8 0.2 0.8  6.38759 1 0.65 0.475 0.175 0.5 0.125 0.7 0.725 0.65 0.8 0.425 0.075 0.375 1 0.025 0.4 0.475 0.45 0.175 1 0.8 0.9 0.325 0.875 
5237    0.2 0.6 0.2 0.8 0.4 0.4  6.41154 1 0.65 0.525 0.175 0.5 0.625 0.675 0.725 0.65 0.8 0.275 0.425 0.85 1 0.025 0.4 0.475 0.45 0.175 1 0.675 0.9 0.325 0.875 
5238    0.2 0.6 0.2 0.8 0.4 0.6  6.66852 1 0.65 0.475 0.175 0.5 0.625 0.7 0.725 0.45 0.175 0.425 0.05 0.825 1 0.025 0.4 0.475 0.45 0.825 1 0.675 0.9 0.325 0.875 
5240    0.2 0.6 0.2 0.8 0.6 0  5.63597 1 0.7 0.275 0.225 0.425 0.625 0.85 0.1 0.65 0.25 0.425 0.65 0.175 1 0.025 0.4 0.5 0.45 1 0.775 0.3 0.925 0.325 0.875 
5241    0.2 0.6 0.2 0.8 0.6 0.2  7.12812 1 0.65 0.475 0.175 0.5 0.625 0.7 0.725 0.45 0.8 0.425 0.05 0.825 1 0.025 0.4 0.475 0.45 0.825 1 0.675 0.9 0.325 0.875 
5242    0.2 0.6 0.2 0.8 0.6 0.4  6.3856 1 0.75 0.475 0.225 0.5 0.625 0.7 0.7 0.65 0.8 0.625 0.65 0.625 1 0.025 0.175 0.475 0.4 0.175 1 0.025 0.9 0.8 0.875 
5245    0.2 0.6 0.2 0.8 0.8 0  6.25611 1 0.75 0.475 0.225 0.5 0.625 0.7 0.725 0.65 0.8 0.425 0.65 0.5 1 0.025 0.175 0.475 0.4 0.175 1 0.075 0.9 0.8 0.875 
5246    0.2 0.6 0.2 0.8 0.8 0.2  5.84027 1 0.75 0.475 0.225 0.5 0.625 0.7 0.875 0.65 0.8 0.425 0.65 0.825 1 0.025 0.425 0.475 0.45 0.175 1 0.675 0.9 0.625 0.875 
5279    0.2 0.6 0.4 0.2 0 0.8  3.49931 0.95 0.075 0.475 0.35 0.575 0.925 0.875 0.35 0.025 0.675 0.725 0.3 0.675 0.05 0.325 0.1 0.375 0.35 0.425 0.075 0.5 0.15 0.75 0.925 
5284    0.2 0.6 0.4 0.2 0.2 0.8  5.0335 1 0.65 0.55 0.175 0.5 0.625 0.325 0.725 0.65 0.05 0.425 0.425 0.85 1 0.025 0.4 0.475 0.45 0.175 1 0.675 0.9 0.325 0.875 
5303    0.2 0.6 0.4 0.4 0 0.6  3.4069 0.6 0.475 0.475 0.35 0.575 0.925 0.875 0.35 0.6 0.675 0.525 0.3 0.65 0.05 0.325 0.1 0.325 0.275 0.425 0.075 0.675 0.15 0.75 0.925 
5304    0.2 0.6 0.4 0.4 0 0.8  6.56624 1 0.75 0.475 0.225 0.5 0.625 0.7 0.725 0.65 0.9 0.975 0.65 0.5 1 0.025 0.175 0.475 0.65 0.175 1 0.075 0.9 0.8 0.875 
5307    0.2 0.6 0.4 0.4 0.2 0.4  4.5169 0.95 0.075 0.475 0.35 0.575 0.925 0.875 0.35 0.025 0.6 0.7 0.325 0.975 0.05 0.325 0.1 0.325 0.275 0.425 0.075 0.675 0.15 0.75 0.925 
5308    0.2 0.6 0.4 0.4 0.2 0.6  5.98406 1 0.4 0.95 0.8 0.4 0.625 0.7 0.725 0.65 0.8 0.1 0.425 0.475 1 0.325 0.825 0.475 0.45 0.875 1 0.675 0.9 0.325 0.1 
5309    0.2 0.6 0.4 0.4 0.2 0.8  5.79741 1 0.65 0.95 0.8 0.4 0.625 0.7 0.725 0.325 0.8 0.1 0.425 0.825 1 0.325 0.825 0.475 0.45 0.875 1 0.675 0.9 0.325 0.1 
5311    0.2 0.6 0.4 0.4 0.4 0.2  5.81103 1 0.4 0.95 0.8 0.5 0.85 0.7 0.55 0.65 0.8 0.1 0.95 0.575 0.35 0.325 0.825 0.475 0.45 0.85 0 0.675 0.9 0.325 0.1 
5312    0.2 0.6 0.4 0.4 0.4 0.4  4.99942 0.95 0.475 0.475 0.35 0.575 0.95 0.875 0.6 0.6 0.025 0.175 0.875 0.65 0.15 0.325 0.1 0.325 0.275 0.425 0.075 0.675 0.95 0.75 0.925 
5313    0.2 0.6 0.4 0.4 0.4 0.6  5.4571 1 0.65 0.95 0.8 0.55 0.625 0.475 0.725 0.65 0.8 0.1 0.425 0.975 1 0.325 0.825 0.475 0.45 0.125 0 0.675 0.85 0.325 0.1 
5315    0.2 0.6 0.4 0.4 0.6 0  6.04651 1 0.4 0.95 0.8 0.5 0.625 0.7 0.725 0.65 0.55 0.1 0.425 0.825 1 0.325 0.825 0.475 0.45 0.875 1 0.675 0.9 0.325 0.05 
5316    0.2 0.6 0.4 0.4 0.6 0.2  7.30155 1 0.4 0.9 0.775 0.5 0.875 0.7 0.7 0.65 0.375 0.1 0.425 0.825 1 0.325 0.825 0.475 0.45 0.875 1 0.675 0.9 0.325 0.1 
5317    0.2 0.6 0.4 0.4 0.6 0.4  5.64135 1 0.475 0.475 0.35 0.575 0.925 0.875 0.1 0.95 0.225 0.725 0.3 0.65 0.05 0.325 0.1 0.325 0.275 0.425 0.925 0.675 0.35 0.75 0.925 
5320    0.2 0.6 0.4 0.4 0.8 0  5.7681 1 0.4 0.9 0.8 0.05 0.625 0.7 0.575 0.65 0.8 0.1 0.425 0.675 1 0.325 0.825 0.475 0.45 0.875 1 0.675 0.9 0.325 0.1 
5321    0.2 0.6 0.4 0.4 0.8 0.2  5.68914 1 0.4 0.9 0.8 0.5 0.625 0.7 0.575 0.5 0.8 0.1 0.425 0.675 1 0.325 0.825 0.475 0.45 0.875 1 0.675 0.9 0.2 0.1 
5329    0.2 0.6 0.4 0.6 0 0.8  6.53042 1 0.675 0.675 0.225 0.5 0.55 0 0.35 0.825 0.125 0.425 0.2 0.825 0.425 0.025 0.4 0.075 0.45 0.175 1 0.675 0.9 0.325 0.875 
5332    0.2 0.6 0.4 0.6 0.2 0.4  4.29284 0.95 0.075 0.475 0.35 0.575 0.925 0.875 0.35 0.025 0.975 0.7 0.4 0.975 0.05 0.325 0.1 0.325 0.275 0.425 0.075 0.675 0.15 0.75 0.925 
5333    0.2 0.6 0.4 0.6 0.2 0.6  6.51779 1 0.65 0.475 0.175 0.5 0.6 0.7 0.725 0.4 0.8 0.425 0.075 0.375 1 0.025 0.4 0.475 0.45 0.175 1 0.8 0.9 0.2 0.875 
5334    0.2 0.6 0.4 0.6 0.2 0.8  6.42864 1 0.6 0.475 0.225 0.5 0.625 0.7 0.725 0.625 0.125 0.425 0.65 0.875 1 0.025 0.4 0.475 0.45 0.625 0.125 0.75 0.9 0.325 0.175 
5336    0.2 0.6 0.4 0.6 0.4 0.2  4.26208 0.95 0.1 0.475 0.35 0.575 0.925 0.875 0.35 0.025 0.975 0.7 0.3 0.975 0.05 0.325 0.1 0.325 0.275 0.425 0.075 0.675 0.15 0.75 0.925 
5337    0.2 0.6 0.4 0.6 0.4 0.4  5.73003 1 0.4 0.95 0.8 0.4 0.625 0.7 0.575 0.85 0.8 0.85 0.425 0.475 1 0.325 0.825 0.475 0.45 0.875 1 0.675 0.9 0.325 0.1 
5338    0.2 0.6 0.4 0.6 0.4 0.6  5.71978 0.95 0.475 0.475 0.35 0.575 0.625 0.875 0.1 0.6 0.8 0.175 0.6 0.65 0.125 0.325 0.1 0.325 0.275 0.425 0.075 0.675 0.15 0.75 0.925 
5341    0.2 0.6 0.4 0.6 0.6 0.2  5.89617 0.95 0.475 0.475 0.35 0.575 0.625 0.875 0.1 0.85 0.8 0.175 0.875 0.65 0.125 0.325 0.1 0.325 0.275 0.425 0.075 0.675 0.15 0.75 0.925 
5342    0.2 0.6 0.4 0.6 0.6 0.4  5.55798 0.95 0.05 0.475 0.35 0.575 0.925 0.6 1 0.025 0.225 0.125 0.3 0.7 0 0.325 0.1 0.325 0.275 0.575 0.075 0.675 0.15 0.75 0.2 
5345    0.2 0.6 0.4 0.6 0.8 0  6.61595 1 0.4 0.7 0.8 0.5 0.875 0.7 0.725 0.675 0.8 0.1 0.425 0.35 1 0.325 0.825 0.475 0.45 0.875 1 0.7 0.9 0.65 0.1 
5346    0.2 0.6 0.4 0.6 0.8 0.2  6.34221 1 0.75 0.4 0.225 0.5 0.625 0.075 0.6 0.65 0.8 0.425 0.65 0.825 0.425 0.025 0.4 0.475 0.45 0.175 0.8 0.375 0.9 0.325 0.925 
5404    0.2 0.6 0.6 0.2 0 0.8  2.99918 1 0.625 0.45 0.225 0.5 0.625 0.7 0.725 0.45 0.125 0.425 0.4 0.15 1 0.025 0.4 0.475 0.45 0.35 1 0.675 0.9 0.325 0.85 
5408    0.2 0.6 0.6 0.2 0.2 0.6  3.59798 0.95 0.475 0.475 0.35 0.575 0.925 0.875 0.775 0.15 0.025 0.175 0.1 0.65 0.35 0.4 0.85 0.325 0.275 0.425 0.075 0.675 0.15 0.75 0.925 
5409    0.2 0.6 0.6 0.2 0.2 0.8  5.14799 1 0.4 0.95 0.8 0.5 0.625 0.7 0.55 0.65 0.8 0.1 0.425 0.575 1 0.325 0.825 0.475 0.45 0.875 0 0.675 0.9 0.325 0.2 
5420    0.2 0.6 0.6 0.2 0.8 0  4.42091 1 0.65 0.625 0.125 0.5 0.625 0.7 0.925 0.65 0.7 0.425 0.425 0.875 0.3 0.025 0.4 0.525 0.45 0.025 1 0.675 0.9 0.275 0.35 
5429    0.2 0.6 0.6 0.4 0 0.8  6.4601 1 0.525 0.9 0.8 0.5 0.875 0.7 0.7 0.65 0.375 0.1 0.425 0.825 1 0.325 0.825 0.475 0.45 0.125 1 0.675 0.9 0.325 0.1 
5433    0.2 0.6 0.6 0.4 0.2 0.6  5.95363 1 0.4 0.95 0.8 0.5 0.625 0.7 0.75 0.625 0.8 0.1 0.425 0.475 1 0.325 0.825 0.475 0.45 0.875 1 0.675 0.9 0.325 0.1 
5434    0.2 0.6 0.6 0.4 0.2 0.8  2.86832 0.6 0.475 0.475 0.35 0.35 0.925 0.875 0.1 0.6 1 0.525 0.3 0.65 0.05 0.325 0.1 0.325 0.35 0.425 0.075 0.675 0.15 0.75 0.925 
5437    0.2 0.6 0.6 0.4 0.4 0.4  5.90326 1 0.5 0.95 0.8 0.5 0.625 0.7 0.725 0.65 0.45 0.1 0.425 0.475 1 0.325 0.825 0.475 0.45 0.875 1 0.675 0.9 0.325 0.1 
5438    0.2 0.6 0.6 0.4 0.4 0.6  5.68481 1 0.4 0.95 0.8 0.4 0.625 0.7 0.575 0.65 0.8 0.1 0.425 0.475 1 0.325 0.825 0.475 0.45 0.875 1 0.675 0.9 0.325 0.1 
5440    0.2 0.6 0.6 0.4 0.6 0  6.07382 1 0.4 0.95 0.8 0.5 0.45 0.7 0.75 0.625 0.8 0.1 0.425 0.475 1 0.325 0.825 0.475 0.45 0.875 1 0.675 0.9 0.325 0.1 
5441    0.2 0.6 0.6 0.4 0.6 0.2  3.18488 0.6 0.475 0.475 0.35 0.575 0.975 0.875 0.35 0.05 1 0.15 0.3 0.65 0.075 0.325 0.1 0.325 0.275 0.425 0.075 0.675 1 0.75 0.925 
5442    0.2 0.6 0.6 0.4 0.6 0.4  2.61251 0.6 0.475 0.475 0.35 0.6 0.975 0.875 0.35 0.05 1 0.15 0.3 0.65 0.075 0.325 0.1 0.325 0.275 0.425 0.075 0.675 1 0.75 0.925 
5445    0.2 0.6 0.6 0.4 0.8 0  3.32316 0.6 0.475 0.475 0.35 0.575 0.925 0.875 0.35 0.05 0.675 0.15 0.3 0.65 0.05 0.325 0.1 0.325 0.275 0.425 0.075 0.675 1 0.75 0.925 
5734    0.2 0.8 0 0.8 0.2 0.8  4.62528 1 0.75 0.475 0.075 0.5 0.625 0.2 0.725 0.675 0.675 0.425 0.025 0.825 1 0.725 0.25 0.475 0.45 0.175 0.35 0.675 0.725 0.325 0.875 
5829    0.2 0.8 0.2 0.6 0 0.8  5.66994 0.9 0.6 0.475 0.225 0.5 0.625 0.7 0.2 0.65 0.8 0.425 0.65 0.225 0.275 0.025 0.475 0.475 0.45 0.225 1 0.675 0.95 0.775 0.875 
5833    0.2 0.8 0.2 0.6 0.2 0.6  4.8272 0.95 0.05 0.475 0.35 0.575 0.925 0.875 1 0.025 0.225 0.125 0.3 0.975 0 0.325 0.6 0.325 0.275 0.425 0.05 0.675 0.15 0.75 0.925 
5834    0.2 0.8 0.2 0.6 0.2 0.8  5.60258 1 0.75 0.475 0.225 0.5 0.625 0.7 0.725 0.65 0.8 0.35 0.3 0.825 1 0.025 0.4 0.475 0.45 0.175 1 0.675 0.675 0.325 0.875 
5837    0.2 0.8 0.2 0.6 0.4 0.4  5.7669 0.9 0.6 0.475 0.05 0.7 0.625 0.7 0.4 0.65 0.6 0.425 0.65 0.45 0.275 0.025 0.475 0.475 0.45 0.225 1 0.675 0.95 0.775 0.875 
5845    0.2 0.8 0.2 0.6 0.8 0  5.17989 0.95 0.075 0.475 0.35 0.575 0.925 0.875 0.35 0.975 0.675 0.725 0.375 0.675 0.05 0.325 0.1 0.325 0.35 0.425 0.075 0.675 0.15 0.75 0.8 
5854    0.2 0.8 0.2 0.8 0 0.8  5.70818 1 0.75 0.475 0.075 0.5 0.625 0.7 0.725 0.65 0.925 0.425 0.05 0.825 1 0.3 0.4 0.475 0.45 0.175 0.575 0.675 0.9 0.325 0.425 
5929    0.2 0.8 0.4 0.4 0 0.8  2.6609 0.6 0.475 0.475 0.35 0.575 0.925 0.875 0.025 0.95 0.675 0.725 0.3 0.65 0.05 0.325 0.1 0.325 0.275 0.425 0.075 0.675 0.15 0.75 0.925 
5933    0.2 0.8 0.4 0.4 0.2 0.6  5.73792 1 0.625 0.45 0.225 0.5 0.625 0.7 0.725 0.45 0.125 0.325 0.4 0.15 0.2 0.025 0.4 0.475 0.45 0.35 0 0.675 0.9 0.325 0.85 
5934    0.2 0.8 0.4 0.4 0.2 0.8  5.8092 1 0.65 0.95 0.8 0.5 0.625 0.7 0.55 0.65 0.8 0.1 0.575 0.825 1 0.675 0.825 0.475 0.45 0.875 0.65 0.675 0.9 0.325 0.1 
5937    0.2 0.8 0.4 0.4 0.4 0.4  5.07743 0.95 0.475 0.475 0.35 0.575 0.525 0.875 0.975 0.175 0.675 0.725 0.3 0.675 0.2 0.3 0.1 0.325 0.275 0.425 0.075 0.675 0.15 0.75 0.925 
5938    0.2 0.8 0.4 0.4 0.4 0.6  4.81065 0.95 0.05 0.3 0.35 0.925 0.925 0.875 1 0.025 0.225 0.1 0.3 0.775 0.05 0.325 0.1 0.325 0.275 0.375 0.075 0.675 0.15 0.75 0.925 
5945    0.2 0.8 0.4 0.4 0.8 0  4.54221 0.95 0.075 0.475 0.35 0.575 0.925 0.875 0.175 0.975 0.675 0.725 0.3 0.675 0.05 0.325 0.1 0.25 0.35 0.425 0.075 0.675 0.15 0.75 0.875 
5954    0.2 0.8 0.4 0.6 0 0.8  5.90132 0.9 0.6 0.475 0.225 0.7 0.625 0.7 0.4 0.65 0.6 0.425 0.65 0.45 0.275 0.025 0.475 0.475 0.45 0.9 1 0.675 0.95 0.775 0.875 
5959    0.2 0.8 0.4 0.6 0.2 0.8  6.40694 1 0.65 0.95 0.8 0.5 0.625 0.7 1 0.65 0.8 0.1 0.575 0.825 1 0.675 0.825 0.475 0.45 0.875 0.65 0.675 0.9 0.325 0.1 
5970    0.2 0.8 0.4 0.6 0.8 0  4.46208 0.95 0.075 0.475 0.35 0.575 0.925 0.875 0.35 0.025 0.675 0.725 0.375 0.675 0.05 0.325 0.1 0.325 0.35 0.425 0.075 0.675 0.15 0.75 0.8 
5971    0.2 0.8 0.4 0.6 0.8 0.2  4.49243 0.95 0.05 0.475 0.35 0.575 0.925 0.875 0.675 0.025 0.225 0.7 0.3 0.675 0.05 0.325 0.1 0.325 0.275 0.425 0.2 0.675 0.15 0.75 0.925 
6967    0.4 0.2 0 0.6 0.6 0.4  5.8146 1 0.75 0.475 0.25 0.35 0.625 0.7 0.25 0.65 0.525 0.425 0.65 0.5 1 0.025 0.175 0.475 0.4 0.175 1 0.075 0.075 0.95 0.875 
6970    0.4 0.2 0 0.6 0.8 0  4.52162 1 0.65 0.95 0.8 0.4 0.625 0.7 0.725 0.65 0.8 0.1 0.425 0.975 1 0.325 0.825 0.475 0.45 0.9 0.9 0.675 0.9 0.325 0.1 
6979    0.4 0.2 0 0.8 0 0.8  6.30116 1 0.7 0.375 0.2 0.5 0.625 0.7 0.725 0.925 0.875 0.275 0.65 0.825 0.425 0.025 0.4 0.475 0.85 0.175 1 0.675 0.525 0.325 0.875 
6983    0.4 0.2 0 0.8 0.2 0.6  5.96113 0.95 0.475 0.475 0.225 0.725 0.175 0.875 0.35 0.6 0.675 0.725 0.875 0.65 0.125 0.325 0.1 0.425 0.1 0.425 0.725 0.475 0.15 0.75 0.925 
6991    0.4 0.2 0 0.8 0.6 0.2  6.92936 1 0.75 0.475 0.225 0.5 0.625 0.35 0.725 0.65 0.25 0.425 0.65 0.825 1 0.025 0.4 0.475 0.725 0.075 1 0.675 0.9 0.325 0.85 
6992    0.4 0.2 0 0.8 0.6 0.4  6.78672 1 0.75 0.475 0.075 0.5 0.625 0.7 0.725 0.65 0.8 0.425 0.05 0.825 1 0.3 0.4 0.475 0.45 0.075 0.575 0.675 0.9 0.325 0.425 
6995    0.4 0.2 0 0.8 0.8 0  6.85371 1 0.75 0.475 0.075 0.5 0.525 0.15 0.9 0.65 0.9 0.425 0.85 0.825 1 0.025 0.4 0.475 0.45 0.175 1 0.675 0.85 0.325 0.875 
6996    0.4 0.2 0 0.8 0.8 0.2  6.10816 1 0.75 0.475 0.075 0.5 0.625 0.7 0.725 0.65 0.8 0.425 0.05 0.8 1 0.3 0.4 0.475 0.45 0.075 0.575 0.675 0.9 0.325 0.425 
7070    0.4 0.2 0.2 0.4 0.8 0  6.11791 1 0.75 0.475 0.075 0.15 0.625 0.7 0.725 0.85 0.8 0.325 0.65 0.825 1 0.025 0.4 0.475 0.45 0.175 1 0.675 0.9 0.95 0.875 
7079    0.4 0.2 0.2 0.6 0 0.8  6.87088 1 0.475 0.475 0.25 0.575 0.625 0.875 0.025 0.625 0.225 0.725 0.425 0.65 0.05 0.325 0.1 0.325 0.275 0.425 1 0.675 0.35 0.75 0.925 
7083    0.4 0.2 0.2 0.6 0.2 0.6  6.29906 1 0.75 0.475 0.075 0.15 0.625 0.375 0.725 0.85 0.425 0.325 0.65 0.125 1 0.025 0.4 0.475 0.45 0.175 0.05 0.675 0.9 0.95 0.875 
7084    0.4 0.2 0.2 0.6 0.2 0.8  6.29303 1 0.475 0.475 0.225 0.575 0.625 0.875 0.025 0.625 0.225 0.725 0.3 0.65 0.05 0.325 0.1 0.325 0.275 0.425 0.925 0.675 0.35 0.75 0.975 
7086    0.4 0.2 0.2 0.6 0.4 0.2  6.54947 1 0.4 0.7 0.8 0.5 0.875 0.7 0.725 0.075 0.8 0.1 0.425 0.825 1 0.325 0.825 0.475 0.45 0.875 1 0.675 0.9 0.65 0.125 
7087    0.4 0.2 0.2 0.6 0.4 0.4  6.8275 1 0.6 0.475 0.225 0.45 0.625 0.7 0.725 0.625 0.8 0.425 0.65 0.875 0.95 0.025 0.4 0.475 0.45 0.625 1 0.75 0.9 0.325 0.175 
7091    0.4 0.2 0.2 0.6 0.6 0.2  6.65435 1 0.65 0.95 0.8 0.075 0.325 0.7 0.175 0.65 0.8 0.475 0.425 0.825 1 0.325 0.825 0.475 0.45 0.875 1 0.725 0.9 0.925 0.025 
7092    0.4 0.2 0.2 0.6 0.6 0.4  6.33877 1 0.475 0.475 0.25 0.575 0.625 0.875 0.025 0.625 0.225 0.725 0.3 0.65 0.05 0.325 0.1 0.325 0.275 0.425 0.925 0.675 0.35 0.75 0.925 
7095    0.4 0.2 0.2 0.6 0.8 0  7.09304 1 0.4 0.7 0.8 0.35 0.875 0.7 0.4 0.075 0.8 0.1 0.425 0.825 1 0.325 0.825 0.475 0.45 0.875 1 0.675 0.9 0.65 0.1 
7096    0.4 0.2 0.2 0.6 0.8 0.2  6.20547 1 0.65 0.475 0.225 0.775 0.625 0.7 0.725 0.65 0.25 0.425 0.65 0.85 1 0.025 0.4 0.475 0.55 0.175 1 0.85 0.9 0.1 0.875 
7104    0.4 0.2 0.2 0.8 0 0.8  6.18337 1 0.7 0.375 0.2 0.4 0.625 0.7 0.725 0.925 0.875 0.425 0.375 0.825 0.425 0.025 0.4 0.475 0.85 0.175 1 0.675 0.525 0.325 0.875 
7108    0.4 0.2 0.2 0.8 0.2 0.6  6.25971 1 0.7 0.225 0.2 0.5 0.625 0.7 0.725 0.925 0.875 0.425 0.65 0.825 0.425 0.025 0.4 0.475 0.85 0.175 1 0.675 0.525 0.325 0.875 
7109    0.4 0.2 0.2 0.8 0.2 0.8  6.22187 1 0.7 0.375 0.2 0.5 0.625 0.7 0.725 0.925 0.875 0.425 0.65 0.8 0.425 0.025 0.4 0.475 0.85 0.175 1 0.675 0.525 0.325 0.875 
7112    0.4 0.2 0.2 0.8 0.4 0.4  6.16665 1 0.75 0.475 0.225 0.5 0.625 0.7 0.725 0.75 0.8 0.625 0.325 0.825 0.475 0.025 0.4 0.475 0.225 0.95 1 0.675 0.475 0.375 0.7 
7113    0.4 0.2 0.2 0.8 0.4 0.6  6.50399 1 0.925 0.475 0.05 0.5 0.9 0.7 0.725 0.65 0.075 0.425 0.65 0.975 1 0.025 0.4 0.475 0.575 0.175 1 0.775 0.9 0.325 0.875 
7116    0.4 0.2 0.2 0.8 0.6 0.2  6.58126 1 0.75 0.475 0.225 0.5 0.625 0.35 0.725 0.65 0.25 0.9 0.65 0.825 1 0.025 0.4 0.5 0.725 0.075 1 0.675 0.9 0.325 0.85 
7117    0.4 0.2 0.2 0.8 0.6 0.4  5.5302 1 0.675 0.475 0.225 0.5 0.625 0.45 0.35 0.825 0.8 0.275 0.2 0.825 0.425 0.025 0.4 0.475 0.45 0.175 1 0.675 0.9 0.325 0.875 
7120    0.4 0.2 0.2 0.8 0.8 0  7.18357 1 0.925 0.475 0.025 0.5 0.625 0.2 0.725 0.05 0.025 0.425 0.05 0.825 1 0.55 0.4 0.475 0.45 0.7 1 0.675 0.9 0.325 0.85 
7121    0.4 0.2 0.2 0.8 0.8 0.2  4.85977 1 0.5 0.8 0.85 0.5 0.3 0.7 0.725 0.65 0.8 0.475 0.575 0.825 1 0.325 0.825 0.475 0.45 0.875 1 0.2 0.9 0.325 0.1 
7179    0.4 0.2 0.4 0.4 0 0.8  5.46263 1 0.7 0.475 0.35 0.5 0.625 0.85 0.1 0.65 0.975 0.25 0.65 0.275 0.275 0.025 0.4 0.5 0.45 1 0.775 0.675 1 0.325 0.875 
7183    0.4 0.2 0.4 0.4 0.2 0.6  5.90333 1 0.65 0.4 0.225 0.5 0.625 0.7 0.725 0.65 0.8 0.425 0.65 0.825 0.425 0.025 0.4 0.475 0.45 1 1 0.675 0.9 0.325 0.875 
7184    0.4 0.2 0.4 0.4 0.2 0.8  5.90002 1 0.65 0.4 0.225 0.5 0.625 0.7 0.725 0.925 0.95 0.425 0.65 0.825 0.425 0.025 0.4 0.475 0.45 1 1 0.675 0.9 0.325 0.875 
7187    0.4 0.2 0.4 0.4 0.4 0.4  5.62304 1 0.75 0.4 0.225 0.5 0.625 0.7 0.825 0.825 0.8 0.425 0.65 0.825 0.425 0.025 0.4 0.475 0.45 1 1 0.675 0.9 0.325 0.875 
7188    0.4 0.2 0.4 0.4 0.4 0.6  5.6109 1 0.75 0.475 0.225 0.5 0.625 0.325 0.45 0.65 0.8 0.425 0.65 0.825 1 0.425 0.4 0.475 0.45 0.125 0.4 0.675 0.9 0.325 0.875 
7191    0.4 0.2 0.4 0.4 0.6 0.2  5.15577 1 0.4 0.9 0.8 0.5 0.55 0.7 0.7 0.65 0.375 0.1 0.425 0.825 0.6 0.325 0.825 0.475 0.45 0.875 1 0.675 0.9 0.325 0.1 
7192    0.4 0.2 0.4 0.4 0.6 0.4  5.95167 1 0.65 0.4 0.225 0.5 0.625 0.7 0.725 0.65 0.95 0.425 0.65 0.825 0.425 0.025 0.4 0.475 0.45 1 1 0.675 0.9 0.325 0.875 
7195    0.4 0.2 0.4 0.4 0.8 0  6.45534 1 0.65 0.95 0.8 0.4 0.625 0.7 0.725 0.325 0.8 0.1 0.425 0.825 1 0.325 0.825 0.475 1 0.875 1 0.675 0.9 0.325 0.1 
7196    0.4 0.2 0.4 0.4 0.8 0.2  5.62574 1 0.6 0.225 0.225 0.625 0.625 0.7 0.9 0.65 0.35 0.55 0.65 0.825 0.2 0.025 0.4 0.475 0.45 0.225 0.8 0.675 0.975 0.325 0.875 
7204    0.4 0.2 0.4 0.6 0 0.8  5.39599 1 0.65 0.95 0.8 0.4 0.625 0.475 0.725 0.65 0.8 0.35 0.425 0.975 0.55 0.325 0.825 0.475 0.45 0.125 0 0.675 0.85 0.325 0.1 
7208    0.4 0.2 0.4 0.6 0.2 0.6  5.4762 1 0.75 0.4 0.175 0.5 0.625 0.7 0.725 0.65 0.8 0.425 0.65 0.825 0.425 0.025 0.575 0.475 0.45 1 1 0.675 0.9 0.325 0.875 
7212    0.4 0.2 0.4 0.6 0.4 0.4  6.00663 1 0.65 0.4 0.225 0.5 0.625 0.7 0.725 0.65 0.8 0.425 0.65 0.825 0.6 0.025 0.4 0.475 0.45 1 1 0.675 0.9 0.325 0.875 
7216    0.4 0.2 0.4 0.6 0.6 0.2  5.77353 1 0.65 0.95 0.8 0.4 0.625 0.7 0.3 0.65 0.8 0.9 0.425 0.975 1 0.325 0.825 0.475 0.45 0.125 0 0.675 0.85 0.325 0.1 
7217    0.4 0.2 0.4 0.6 0.6 0.4  6.14417 1 0.7 0.475 0.225 0.6 0.625 0.85 0.1 0.65 0.85 0.425 0.65 0.175 1 0.025 0.4 0.5 0.45 1 0.775 0.675 1 0.325 0.875 
7220    0.4 0.2 0.4 0.6 0.8 0  5.61678 1 0.75 0.475 0.225 0.375 0.625 0.7 0.725 0.65 0.8 0.425 0.65 1 1 0.625 0.4 0.475 0.45 0.85 1 0.675 0.9 0.325 0.875 
7221    0.4 0.2 0.4 0.6 0.8 0.2  5.81117 1 0.6 0.225 0.225 0.625 0.625 0.7 0.9 0.65 0.875 0.55 0.65 0.825 0.2 0.025 0.4 0.475 0.45 0.225 0.8 0.675 0.975 0.325 0.875 
7279    0.4 0.2 0.6 0.2 0 0.8  5.0777 1 0.375 0.75 0.775 0.425 0.15 0.625 1 0.4 0.4 0.525 0.375 0.1 0.625 0.1 0.35 0.9 0.7 0.325 0.5 0.5 0.625 0.075 0.275 
7317    0.4 0.2 0.6 0.4 0.6 0.4  5.69224 1 0.65 0.4 0.225 0.5 0.625 0.7 0.725 0.925 0.95 0.425 0.65 0.825 0.425 0 0.4 0.475 0.45 1 1 0.675 0.9 0.325 0.875 
7320    0.4 0.2 0.6 0.4 0.8 0  3.81061 1 0.75 0.475 0.725 0.175 0.625 0.2 0.725 0.65 0.025 0.425 0.05 0.825 1 0.3 0.2 0.475 0.45 0.175 1 0.675 0.9 0.325 0.875 
7583    0.4 0.4 0 0.6 0.2 0.6  5.23154 1 0.75 0.175 0.025 0.5 0.625 0.2 0.725 0.65 0.8 0.425 0.05 0.825 1 0.3 0.4 0.475 0.45 0.175 1 0.675 0.975 0.325 0.875 
7587    0.4 0.4 0 0.6 0.4 0.4  6.23481 1 0.625 0.45 0.225 0.5 0.625 0.7 0.325 0.45 0.125 0.425 0.4 0.175 1 0.025 0.4 0.475 0.45 0.175 1 0.675 0.9 0.275 0.875 
7588    0.4 0.4 0 0.6 0.4 0.6  5.62779 1 0.85 0.475 0.3 0.5 0.625 0.7 0.725 0.65 0.8 0.625 0.65 0.825 1 0.025 0.4 0.475 0.45 0.175 1 0.675 0.9 0.325 0.775 
7591    0.4 0.4 0 0.6 0.6 0.2  4.92522 1 0.4 0.95 0.8 0.5 0.625 0.7 0.725 0.625 0.8 0.1 0.425 0.475 1 0.225 0.825 0.475 0.45 0.875 1 0.675 0.475 0.325 0.1 
7592    0.4 0.4 0 0.6 0.6 0.4  5.76557 1 0.75 0.475 0.025 0.5 0.625 0.2 0.375 0.05 0.025 0.425 0.05 0.825 1 0.55 0.35 0.475 0.45 0.175 1 0.675 0.9 0.325 0.875 
7595    0.4 0.4 0 0.6 0.8 0  5.64899 1 0.75 0.475 0.225 0.35 0.625 0.7 0.25 0.65 0.8 0.425 0.65 0.5 1 0.025 0.175 0.475 0.4 0.175 1 0.075 0.075 0.95 0.875 
7596    0.4 0.4 0 0.6 0.8 0.2  5.80075 1 0.65 0.525 0.175 0.45 0.625 0.7 0.725 0.65 0.8 0.275 0.425 0.85 1 0.025 0.4 0.475 0.45 0.175 1 0.675 0.9 0.325 0.875 
7604    0.4 0.4 0 0.8 0 0.8  6.41975 1 0.75 0.475 0.075 0.5 0.025 0.2 0.725 0.675 0.675 0.425 0.675 0.825 1 0.3 0.7 0.475 0.325 0.175 0.025 0.675 0.725 0.325 0.075 
7607    0.4 0.4 0 0.8 0.2 0.4  6.38712 1 0.65 0.475 0.225 0.5 0 0.7 0.725 0.825 0.075 0.425 0.65 0.05 1 0.025 0.4 0.475 0.55 0.175 1 0.85 0.9 0.1 0.875 
7608    0.4 0.4 0 0.8 0.2 0.6  6.65557 1 0.75 0.475 0.05 0.65 0.9 0.15 0.725 0.65 0.075 0.425 0.65 0.975 1 0.025 0.4 0.475 0.575 0.175 1 0.775 0.9 0.325 0.575 
7609    0.4 0.4 0 0.8 0.2 0.8  6.63293 1 0.75 0.475 0.225 0.5 0.45 0.7 0.25 0.65 0.8 0.425 0.65 0.5 1 0.025 0.175 0.475 0.4 0.175 1 0.075 0.9 0.8 0.875 
7611    0.4 0.4 0 0.8 0.4 0.2  5.57803 1 0.65 0.4 0.225 0.5 0.625 0.7 0 0.65 0.8 0.425 0.65 0.825 0.425 0.025 0.4 1 0.45 1 1 0.675 0.9 0.325 0.875 
7612    0.4 0.4 0 0.8 0.4 0.4  6.51475 1 0.75 0.475 0.225 0.5 0.625 0.6 0.725 0.65 0.8 0.425 0.9 0.825 1 0.025 0.4 0.475 0.725 0.175 1 0.675 0.9 0.325 0.85 
7613    0.4 0.4 0 0.8 0.4 0.6  6.48626 1 0.75 0.475 0.075 0.5 0.625 0.7 0.725 0.65 0.8 0.425 0.05 0.8 1 0.3 0.4 0.475 0.45 0.6 0.575 0.675 0.9 0.325 0.65 
7616    0.4 0.4 0 0.8 0.6 0.2  6.64823 1 0.75 0.475 0.225 0.5 0.625 0.4 0.725 0.975 0.8 0.425 0.65 0.825 1 0.025 0.4 0.975 0.45 0.175 1 0.225 0.9 0.325 0.875 
7617    0.4 0.4 0 0.8 0.6 0.4  6.9008 1 0.6 0.025 0.45 0.5 0.625 0.7 0.725 0.65 0.8 0.375 0.225 0.55 1 0.5 0.4 0.475 0.45 0.175 1 0.75 0.9 0.325 0.875 
7620    0.4 0.4 0 0.8 0.8 0  6.84672 1 0.6 0.025 0.45 0.5 0.625 0.7 0.8 0.65 0.8 0.325 0.225 0.55 1 0.5 0.45 0.475 0.45 0.175 1 0.75 0.9 0.325 0.875 
7621    0.4 0.4 0 0.8 0.8 0.2  6.71966 1 0.65 0.475 0.6 0.5 0.625 0.7 0.725 0.45 0.8 0.425 0.05 0.825 1 0.025 0.4 0.475 0.45 0.825 1 0.675 0.9 0.325 0.875 
7679    0.4 0.4 0.2 0.4 0 0.8  6.37325 1 0.75 0.475 0.05 0.5 0.9 0.7 0.85 0.65 0.8 0.425 0.65 0.825 1 0.025 0.4 0.475 0.575 0.175 1 0.675 0.9 0.325 0.875 
7683    0.4 0.4 0.2 0.4 0.2 0.6  5.61123 1 0.65 0.475 0.175 0.5 0.3 0.7 0.9 0.65 0.7 0.425 0.425 0.85 1 0.025 0.4 0.475 0.225 0.975 1 0.675 0.9 0.325 0.875 
7684    0.4 0.4 0.2 0.4 0.2 0.8  6.0087 1 0.65 0.475 0.225 0.5 0.625 0.7 0.725 0.65 0.8 0.425 0.95 0.825 1 0.025 0.4 0.475 0.45 0.05 1 0.675 0.9 0.325 0.075 
7687    0.4 0.4 0.2 0.4 0.4 0.4  5.7289 1 0.75 0.275 0.225 0.5 0.9 0.7 0.95 0.65 0.8 0.425 0.65 0.825 1 0.025 0.4 0.475 0.575 0.175 1 0.675 0.9 0.325 0.875 
7688    0.4 0.4 0.2 0.4 0.4 0.6  6.00644 1 0.375 0.75 0.775 0.425 0.15 0.625 1 0.525 0.7 0.525 0.375 0.1 0.625 0.1 0.925 0.775 0.7 0.325 0.5 0 0.625 0.075 0.325 
7690    0.4 0.4 0.2 0.4 0.6 0  6.07195 1 0.75 0.475 0.225 0.5 0.125 0.7 0.725 0.65 0.3 0.425 0.65 0.7 0.25 0.025 0.175 0.475 0.775 0.175 1 0.075 0.925 0.125 0.875 
7691    0.4 0.4 0.2 0.4 0.6 0.2  5.26998 1 0.75 0.1 0.225 0.5 0.625 0.7 0.725 0.65 0.8 0.425 0.65 0.825 1 0.025 0.4 0.475 0.45 0.175 0.075 0.675 0.9 0.325 0.875 
7692    0.4 0.4 0.2 0.4 0.6 0.4  6.50206 1 0.75 0.475 0.05 0.5 0.9 0.7 0.725 0.65 0.8 0.425 0.65 0.825 1 0.025 0.4 0.475 0.575 0.175 1 0.675 0.9 0.325 0.875 
7695    0.4 0.4 0.2 0.4 0.8 0  6.9905 1 0.4 0.7 0.8 0.5 0.875 0.7 0.725 0.075 0.8 0.1 0.425 0.825 1 0.325 0.825 0.475 0.45 0.875 1 0.675 0.9 0.65 0.1 
7696    0.4 0.4 0.2 0.4 0.8 0.2  6.3719 1 0.75 0.475 0.05 0.5 0.9 0.7 0.85 0.65 0.8 0.425 0.275 0.825 1 0.025 0.4 0.475 0.575 0.175 1 0.675 0.9 0.325 0.875 
7703    0.4 0.4 0.2 0.6 0 0.6  5.37285 1 0.7 0.475 0.225 0.125 0.625 0.85 0.1 0.65 0.25 0.425 0.65 0.175 1 0.025 0.4 0 0.45 1 0.775 0.675 1 0.325 0.875 
7704    0.4 0.4 0.2 0.6 0 0.8  7.01238 1 0.525 0.475 0.8 0.875 0.375 0.7 0.725 0.65 0.05 0.425 0.65 0.825 1 0.025 0.4 0.475 0.45 0.175 1 0.975 0.9 0.325 0.875 
7707    0.4 0.4 0.2 0.6 0.2 0.4  6.38699 1 0.75 0.775 0.225 0.575 0.625 0.3 0.725 0.55 0.8 0.425 0.875 0.825 1 0.025 0.4 0.475 0.45 0.175 1 0.675 0.9 0.325 0.875 
7708    0.4 0.4 0.2 0.6 0.2 0.6  6.87211 1 0.75 0.475 0.8 0.5 0.375 0.7 0.725 0.65 0.05 0.425 0.65 0.825 1 0.025 0.4 0.475 0.45 0.175 1 0.975 0.9 0.325 0.875 
7709    0.4 0.4 0.2 0.6 0.2 0.8  6.63457 1 0.625 0.475 0.225 0.5 0.475 0.425 0.65 0.65 0.25 0.9 0.65 0.175 1 0.025 0.4 0.5 0.45 1 1 0.85 0.9 0.325 0.875 
7711    0.4 0.4 0.2 0.6 0.4 0.2  5.87885 1 0.75 0.475 0.225 0.5 0.875 0.7 0.725 0.65 0.975 0.425 0.4 0.825 1 0.025 0.775 0.475 0.95 0.575 1 0.075 0.9 0.325 0.275 
7712    0.4 0.4 0.2 0.6 0.4 0.4  6.76732 1 0.75 0.475 0.425 0.5 0.9 0.7 0.775 0.65 0.7 0.325 0.65 0.825 1 0.575 0.4 0.475 0.575 0.175 1 0.675 0.9 0.325 0.875 
7713    0.4 0.4 0.2 0.6 0.4 0.6  6.78981 1 0.75 0.475 0.225 0.5 0.625 0.7 0.725 0.65 0.8 0.425 0.65 0.825 1 0.025 0.4 0.475 0.725 0.175 1 0.675 0.9 0.325 0.85 
7715    0.4 0.4 0.2 0.6 0.6 0  6.26125 1 0.75 0.475 0.075 0.15 0.625 0.7 0.625 0.85 0.8 0.325 0.65 0.825 1 0.025 0.4 0.475 0.45 0.175 1 0.675 0.9 0.95 0.875 
7716    0.4 0.4 0.2 0.6 0.6 0.2  6.75476 1 0.65 0.475 0.7 0.5 0.625 0.7 0.725 0.65 0.75 0.425 0.075 0.825 1 0.025 0.4 0.475 0.45 0.175 1 0.025 0.9 0.325 0.875 
7717    0.4 0.4 0.2 0.6 0.6 0.4  6.59458 1 0.65 0.475 0.175 0.5 0.625 0.7 0.725 0.65 0.7 0.425 0.425 0.85 1 0.025 0.4 0.475 0.45 0.175 1 0.675 0.9 0.275 0.875 
7720    0.4 0.4 0.2 0.6 0.8 0  6.69676 1 0.4 0.7 0.8 0.5 0.875 0.7 0.725 0.65 0.8 0.1 0.425 0.825 1 0.325 0.825 0.475 0.45 0.875 1 0.675 0.9 0.65 0.1 
7721    0.4 0.4 0.2 0.6 0.8 0.2  6.89832 1 0.75 0.475 0.225 0.5 0.625 0.7 0.725 0.65 0.8 0.625 0.375 0.825 0.475 0.025 0.4 0.475 0.825 0.175 1 0.675 0 0.175 0.775 
7728    0.4 0.4 0.2 0.8 0 0.6  6.27711 1 0.675 0.475 0.225 0.5 0.4 0.7 0.725 0.65 0.8 0.425 0.425 0.825 1 0.025 0.4 0.475 0.425 0.8 1 0.675 0.9 0.3 0.875 
7729    0.4 0.4 0.2 0.8 0 0.8  6.967 1 0.675 0.475 0.225 0.5 0.625 0.7 0.35 0.425 0.8 0.425 0.2 0.825 0.425 0.025 0.4 0.475 0.45 0.175 1 0.675 0.9 0.325 0.875 
7732    0.4 0.4 0.2 0.8 0.2 0.4  6.8299 1 0.75 0.475 0.075 0.5 0.625 0.15 0.9 0.65 0.9 0.425 0.85 0.875 1 0.025 0.425 0.475 0.45 0.175 1 0.675 0.85 0.325 0.875 
7733    0.4 0.4 0.2 0.8 0.2 0.6  6.48503 1 0.75 0.475 0.225 0.5 0.625 0.7 0.725 0.65 0.8 0.625 0.375 0.825 0.475 0.025 0.4 0.475 0.825 0.175 1 0.675 0.475 0.325 0.775 
7734    0.4 0.4 0.2 0.8 0.2 0.8  6.72635 1 0.75 0.275 0.225 0.5 0.625 0.7 0.25 0.65 0.8 0.625 0.375 0.825 0.475 0.025 0.4 0.475 0.225 0.95 1 0.825 0.475 0.325 0.7 
7737    0.4 0.4 0.2 0.8 0.4 0.4  6.88819 1 0.75 0.475 0.8 0.5 0.375 0.7 0.725 0.65 0.05 0.425 0.65 0.825 1 0.025 0.4 0.475 0.45 0.175 0.85 0.975 0.9 0.325 0.875 
7738    0.4 0.4 0.2 0.8 0.4 0.6  6.23122 1 0.65 0.475 0.175 0.5 0.625 0.7 0.725 0.7 0.7 0.425 0.425 0.85 1 0.025 0.4 0.475 0.45 0.175 1 0.675 0.9 0.325 0.875 
7740    0.4 0.4 0.2 0.8 0.6 0  6.46315 1 0.6 0.025 0.45 0.5 0.625 0.7 0.725 0.65 0.8 0.325 0.225 0.55 1 0.5 0.45 0.475 0.45 0.175 1 0.75 0.9 0.325 0.875 
7741    0.4 0.4 0.2 0.8 0.6 0.2  6.99606 1 0.65 0.475 0.025 0.5 0.625 0.7 0.725 0.65 0.7 0.625 0.425 0.85 1 0.025 0.4 0.475 0.45 0.175 0.85 0.675 0.9 0.325 0.875 
7742    0.4 0.4 0.2 0.8 0.6 0.4  6.83109 1 0.75 0.475 0.8 0.5 0.375 0.7 0.725 0.975 0.05 0.425 0.65 0.825 1 0.025 0.4 0.475 0.45 0.175 0.85 0.975 0.9 0.325 0.875 
7745    0.4 0.4 0.2 0.8 0.8 0  7.3731 1 0.675 0.475 0.4 0.5 0.625 0.65 0.5 0.525 0.8 0.225 0.05 0.875 0.425 0.025 0.55 0.475 0.525 0.175 1 0.675 0.9 0.3 0.875 
7746    0.4 0.4 0.2 0.8 0.8 0.2  6.57322 1 0.65 0.475 0.175 0.5 0.625 0.7 0.725 0.65 0.375 0.425 0.075 0.825 1 0.025 0.4 0.475 0.45 0.175 1 0.675 0.9 0.325 0.875 
7779    0.4 0.4 0.4 0.2 0 0.8  4.96315 1 0.625 0.45 0.225 0.225 0.625 0.7 0.725 0.45 0.125 0.425 0.4 0.15 1 0.025 0.4 0.475 0.45 0.35 1 0.675 0.9 0.325 0.85 
7783    0.4 0.4 0.4 0.2 0.2 0.6  5.25084 1 0.75 0.475 0.225 0.5 0.625 0.7 0.725 0.65 0.4 0.425 0.65 0.825 1 0.025 0.175 0.475 0.4 0.35 1 0.075 0.9 0.325 0.875 
7784    0.4 0.4 0.4 0.2 0.2 0.8  4.86826 1 0.65 0.55 0.175 0.425 0.625 0.325 0.725 0.65 0.675 0.425 0.425 0.85 1 0.025 0.4 0.475 0.45 0.175 1 0.675 0.9 0.325 0.875 
7788    0.4 0.4 0.4 0.2 0.4 0.6  5.65437 1 0.75 0.475 0.225 0.5 0.875 0.325 0.725 0.65 0.975 0.775 0.65 0.825 1 0.025 0.775 0.475 0.4 0.175 1 0.075 0.9 0.325 0.875 
7795    0.4 0.4 0.4 0.2 0.8 0  5.99713 1 0.65 0.475 0.7 0.5 0.625 0.525 0.725 0.65 0.75 0.475 0.075 0.825 1 0.025 0.4 0.475 0.45 0.175 1 0.025 1 0.325 0.875 
7803    0.4 0.4 0.4 0.4 0 0.6  5.95769 1 0.75 0.475 0.225 0.5 0.625 0.7 0.725 0.65 0.8 0.425 0.65 0.825 1 0.025 0.175 0.475 0.4 0.175 1 0.075 0.9 0.325 0.875 
7804    0.4 0.4 0.4 0.4 0 0.8  6.83325 1 0.75 0.475 0.225 0.5 0.125 0.7 0.725 0.65 0.3 0.425 0.175 0.175 0.25 0.025 0.25 0.475 0.2 0.175 1 0.075 0.9 0.125 0.875 
7807    0.4 0.4 0.4 0.4 0.2 0.4  5.98365 1 0.75 0.475 0.225 0.5 0.9 0.7 0.725 0.65 0.025 0.425 0.65 0.825 1 0.925 0.4 0.475 0.575 0.175 1 0.675 0.9 0.325 0.875 
7808    0.4 0.4 0.4 0.4 0.2 0.6  6.34936 1 0.75 0.475 0.225 0.5 0.9 0.7 0.95 0.65 0.8 0.425 0.65 0.825 1 0.025 0.4 0.475 0.575 0.175 1 0.675 0.9 0.325 0.875 
7809    0.4 0.4 0.4 0.4 0.2 0.8  6.71639 1 0.65 0.475 0.225 0.5 0.825 0.7 0.725 0.65 0.775 0.4 0.65 0.825 1 0.025 0.4 0.475 0.55 0.175 1 0.85 0.9 0.1 0.875 
7811    0.4 0.4 0.4 0.4 0.4 0.2  6.61191 1 0.75 0.475 0.225 0.5 0.125 0.7 0.725 0.65 0.3 0.425 0.65 0.7 0.25 0.025 0.175 0.475 0.775 0.175 1 0.075 0.9 0.125 0.875 
7812    0.4 0.4 0.4 0.4 0.4 0.4  6.57909 1 0.75 0.475 0.05 0.5 0.9 0.7 0.725 0.65 0.95 0.425 0.3 0.825 1 0.025 0.4 0.475 0.575 0.175 1 0.675 0.9 0.325 0.875 
7813    0.4 0.4 0.4 0.4 0.4 0.6  6.23948 1 0.65 0.475 0.175 0.5 0.625 0.7 0.725 0.65 0.325 0.425 0.95 0.85 1 0.025 0.4 0.475 0.45 0.175 1 0.675 0.9 0.325 0.875 
7816    0.4 0.4 0.4 0.4 0.6 0.2  7.02909 1 0.4 0.9 0.8 0.5 0.875 0.7 0.7 0.65 0.375 0.1 0.425 0.825 1 0.325 0.825 0.475 0.45 0.875 1 0.675 0.9 0.325 0.1 
7817    0.4 0.4 0.4 0.4 0.6 0.4  6.45202 1 0.6 0.475 0.225 0.5 0.775 0.7 0.5 0.625 0.8 0.95 0.65 0.875 1 0.025 0.4 0.475 0.45 0.625 1 0.75 0.9 0.325 0.175 
7820    0.4 0.4 0.4 0.4 0.8 0  6.84733 1 0.6 0.475 0.225 0.5 0.775 0.7 0.725 0.625 0.8 0.425 0.65 0.875 1 0.025 0.4 0.475 0.45 0.625 1 0.75 0.9 0.325 0.175 
7821    0.4 0.4 0.4 0.4 0.8 0.2  6.93002 1 0.4 0.9 0.8 0.5 0.875 0.7 0.725 0.65 0.375 0.1 0.425 0.825 1 0.325 0.825 0.475 0.45 0.875 1 0.675 0.9 0.325 0.1 
7829    0.4 0.4 0.4 0.6 0 0.8  6.55841 1 0.425 0.6 0.225 0.5 0.625 0.7 0.85 0.35 0.8 0.425 0.65 0.825 0.325 0.025 0.4 0.475 0.6 0.175 1 0.675 0.9 0.1 0.875 
7832    0.4 0.4 0.4 0.6 0.2 0.4  6.38417 1 0.6 0.475 0.225 0.45 0.625 0.7 0.725 0.625 0.8 0.425 0.65 0.875 1 0.025 0.4 0.475 0.45 0.625 1 0.75 0.9 0.325 0.175 
7833    0.4 0.4 0.4 0.6 0.2 0.6  5.98225 1 0.7 0.475 0.225 0.675 0.625 0.85 0.1 0.65 0.25 0.425 0.65 0.175 1 0.025 0.4 0.5 0.45 1 0.775 0.675 1 0.325 0.875 
7834    0.4 0.4 0.4 0.6 0.2 0.8  6.35142 1 0.75 0.475 0.05 0.5 0.9 0.7 0.725 0.35 0.075 0.425 0.65 0.825 1 0.025 0.4 0.475 0.575 0.175 1 0.675 0.9 0.325 0.875 
7837    0.4 0.4 0.4 0.6 0.4 0.4  6.36837 1 0.6 0.475 0.225 0.5 0.775 0.7 0.725 0.625 0.8 0.95 0.65 0.875 1 0.025 0.4 0.475 0.45 0.625 1 0.75 0.9 0.325 0.175 
7838    0.4 0.4 0.4 0.6 0.4 0.6  6.15644 1 0.675 0.475 0.225 0.5 0.55 0 0.35 0.825 0.125 0.425 0.2 0.825 0.425 0.025 0.4 0.075 0.45 0.175 1 0.675 0.9 0.325 0.875 
7841    0.4 0.4 0.4 0.6 0.6 0.2  6.60594 1 0.675 0.675 0.225 0.5 0.55 0 0.35 0.825 0.125 0.425 0.2 0.825 0.425 0.025 1 0.075 0.45 0.175 1 0.825 0.9 0.325 0.875 
7842    0.4 0.4 0.4 0.6 0.6 0.4  6.87685 1 0.4 0.7 0.8 0.5 0.875 0.7 0.725 0.075 0.8 0.1 0.425 0.825 1 0.325 0.825 0.475 0.45 0.875 1 0.7 0.9 0.65 0.1 
7845    0.4 0.4 0.4 0.6 0.8 0  6.756 1 0.75 0.475 0.075 0.45 1 0.7 0.8 0.65 0.125 0.425 0.025 0.825 1 0.025 0.4 0.475 0.45 0.175 1 0.675 0.9 0.325 1 
7846    0.4 0.4 0.4 0.6 0.8 0.2  5.93238 1 0.6 0.225 0.225 0.625 0.625 0.7 0.725 0.65 0.35 0.55 0.65 0.825 0.2 0.025 0.4 0.475 0.45 0.225 0.8 0.675 0.975 0.325 0.875 
7904    0.4 0.4 0.6 0.2 0 0.8  6.26742 1 0.475 0.475 0.225 0.05 0.625 0.15 0.95 0.65 0.8 0.425 0.475 0.3 1 0.575 0.175 0.375 0.4 0.8 1 0.075 0.9 0.325 0.875 
7907    0.4 0.4 0.6 0.2 0.2 0.4  3.02144 0.6 0.475 0.475 0.35 0.575 0.975 0.875 0.35 0.05 0.925 0.15 0.95 0.65 0.075 0.325 0.1 0.325 0.275 0.425 0.075 0.75 1 0.75 0.925 
7908    0.4 0.4 0.6 0.2 0.2 0.6  2.83717 0.75 0.375 0.75 0.775 0.55 0.15 0.625 1 0.4 0.4 0.525 0.325 0.1 0.625 0.625 0.4 0.9 0.7 0.325 0.05 0 0.2 0.075 0.325 
7909    0.4 0.4 0.6 0.2 0.2 0.8  5.73014 1 0.375 0.75 0.775 0.425 0.15 0.625 1 0.4 0.825 0.525 0.675 0.1 0.625 0.625 0.35 0.375 0.7 0.325 0.5 0 0.2 0.075 0.325 
7913    0.4 0.4 0.6 0.2 0.4 0.6  5.96293 1 0.75 0.475 0.075 0.5 0.625 0.15 0.9 0.65 0.9 0.425 0.85 0.825 1 0.025 0.425 0.475 0.45 0.175 1 0.675 0.85 0.325 0.625 
7916    0.4 0.4 0.6 0.2 0.6 0.2  4.15767 1 0.65 0.55 0.175 0.15 0.625 0.325 0.725 0.65 0.05 0.425 0.425 0.85 1 0.025 0.4 0.475 0.45 0.175 1 0.675 0.9 0.325 0.875 
7920    0.4 0.4 0.6 0.2 0.8 0  6.03117 1 0.75 0.475 0.225 0.5 0.625 0.7 0.725 0.65 0.8 0.425 0.65 0.825 1 0.025 0.175 0.475 0.4 0.175 1 0.075 0.9 0.325 0.025 
7921    0.4 0.4 0.6 0.2 0.8 0.2  3.86538 1 0.7 0.475 0.225 0.675 0.625 0.85 0.575 0.725 0.25 0.425 0.65 0.85 1 0.025 0.4 0.5 0.45 1 0.775 0.675 1 0.325 0.875 
7929    0.4 0.4 0.6 0.4 0 0.8  5.92174 1 0.475 0.475 0.225 0.05 0.625 0.15 0.95 0.65 0.8 0.425 0.475 0.3 1 0.575 0.175 0.375 0.4 0.8 1 0.875 0.9 0.325 0.875 
7933    0.4 0.4 0.6 0.4 0.2 0.6  5.78404 1 0.425 0.475 0.225 0.5 0.625 0 0.35 0.975 0.8 0.775 0.2 0.825 0.425 0.025 0.4 0.475 0.45 0.175 1 0.675 0.9 0.325 0.875 
7934    0.4 0.4 0.6 0.4 0.2 0.8  5.27091 1 0.4 0.9 0.8 0.5 0.625 0.7 0.075 0.5 0.8 0.65 0.425 0.675 1 0.325 0.825 0.475 0.45 0.875 1 0.675 0.9 0.2 0.1 
7937    0.4 0.4 0.6 0.4 0.4 0.4  6.14775 1 0.65 0.475 0.225 0.5 0.625 0.7 0.725 0.575 0.8 0.425 0.95 0.825 1 0.025 0.4 0.475 0.45 0.175 1 0.675 0.9 0.325 0.075 
7938    0.4 0.4 0.6 0.4 0.4 0.6  5.0532 1 0.4 0.95 0.8 0.5 0.625 0.7 0.55 0.65 0.8 0.4 0.425 0.575 0.35 0.325 0.825 0.475 0.45 0.875 0 0.675 0.9 0.325 0.1 
7941    0.4 0.4 0.6 0.4 0.6 0.2  6.06639 1 0.65 0.475 0.225 0.5 0.625 0.7 0.725 0.65 0.8 0.425 0.95 0.825 1 0.55 0.4 0.475 0.45 0.175 1 0.675 0.9 0.325 0.075 
7942    0.4 0.4 0.6 0.4 0.6 0.4  5.66053 1 0.65 0.95 0.8 0.4 0.625 0.7 0.725 0.65 0.8 0.1 0.425 0.975 1 0.325 0.825 0.475 0.45 0.125 0 0.675 0.9 0.325 0.1 
7945    0.4 0.4 0.6 0.4 0.8 0  6.34319 1 0.6 0.475 0.225 0.5 0.775 0.7 0.725 0.625 0.05 0.95 0.65 0.875 1 0.025 0.4 0.475 0.45 0.625 1 0.75 0.9 0.325 0.175 
7946    0.4 0.4 0.6 0.4 0.8 0.2  5.96566 1 0.4 0.95 0.8 0.5 0.625 0.7 0.55 0.65 0.8 0.1 0.425 0.575 1 0.325 0.825 0.475 0.45 0.875 0 0.675 0.9 0.325 0.1 
8209    0.4 0.6 0 0.6 0.2 0.8  5.02371 1 0.75 0.475 0.075 0.5 0.625 0.2 0.725 0.675 0.675 0.425 0.025 0.825 1 0.3 0.25 0.475 0.45 0.175 0.35 0.675 0.725 0.325 0.875 
8229    0.4 0.6 0 0.8 0 0.8  6.47012 1 0.675 0.525 0.225 0.5 0.625 0.7 0.725 0.35 0.8 0.425 0.425 0.775 1 0.5 0.4 0.475 0.45 0.175 1 0.675 0.9 0.325 0.875 
8233    0.4 0.6 0 0.8 0.2 0.6  6.39349 1 0.75 0.475 0.225 0.5 0.625 0.7 0.725 0.65 0.8 0.425 0.15 0.825 1 0.025 0.4 0.475 0.45 0.175 1 0.675 0.9 0.325 0.875 
8234    0.4 0.6 0 0.8 0.2 0.8  5.9183 1 0.75 0.625 0.225 0.5 0.625 0.7 0.25 0.725 0.8 0.425 0.65 0.625 1 0.025 0.175 0.475 0.4 0.175 1 0.025 0.9 0.8 0.875 
8237    0.4 0.6 0 0.8 0.4 0.4  6.08372 1 0.75 0.475 0.075 0.5 0.625 0.2 0.725 0.675 0.675 0.425 0.05 0.825 1 0.3 0.25 0.475 0.45 0.975 1 0.675 0.725 0.325 0.875 
8238    0.4 0.6 0 0.8 0.4 0.6  6.08901 1 0.65 0.475 0.175 0.7 0.625 0.7 0.725 0.65 0.7 0.425 0.425 0.85 1 0.025 0.4 0.475 0.45 0.175 1 0.675 0.9 0.325 0.875 
8241    0.4 0.6 0 0.8 0.6 0.2  6.46551 1 0.75 0.475 0.225 0.5 0.625 0.7 0.725 0.65 0.8 0.35 0.3 0.825 1 0.025 0.4 0.475 0.45 0.175 1 0.675 0.9 0.325 0.875 
8242    0.4 0.6 0 0.8 0.6 0.4  6.34323 1 0.65 0.475 0.175 0.5 0.625 0.7 0.725 0.875 0.25 0.425 0.425 0.85 1 0.025 0.4 0.1 0.45 0.175 1 0.675 0.9 0.325 0.875 
8245    0.4 0.6 0 0.8 0.8 0  5.88223 1 0.65 0.525 0.25 0.45 0.625 0.7 0.5 0.65 0.8 0.275 0.05 0.85 1 0.025 0.4 0.475 0.45 0.175 1 0.675 0.9 0.325 0.875 
8246    0.4 0.6 0 0.8 0.8 0.2  6.32813 1 0.75 0.475 0.225 0.5 0.625 0.7 0.725 0.325 0.8 0.425 0.225 0.825 1 0.025 0.4 0.475 0.475 0.175 1 0.675 0.9 0.325 0.85 
8309    0.4 0.6 0.2 0.4 0.2 0.8  4.79621 1 0.75 0.475 0.225 0.05 0.625 0.15 0.725 0.65 0.8 0.425 0.65 0.8 1 0.025 0.175 0.275 0.4 0.175 1 0.075 0.9 0.325 0.875 
8312    0.4 0.6 0.2 0.4 0.4 0.4  5.82749 1 0.6 0.475 0.625 0.45 0.625 0.7 0.725 0.625 0.8 0.425 0.65 0.875 0.95 0.025 0.4 0.475 0.45 0.625 1 0.75 0.9 0.325 0.175 
8317    0.4 0.6 0.2 0.4 0.6 0.4  5.89703 1 0.75 0.775 0.225 0.5 0.625 0.3 0.725 0.65 0.8 0.425 0.65 0.825 1 0.025 0.4 0.475 0.45 0.175 0.175 0.675 0.9 0.325 0.675 
8329    0.4 0.6 0.2 0.6 0 0.8  6.12694 1 0.65 0.55 0.175 0.5 0.625 0.7 0.725 0.225 0.8 0.275 0.425 0.85 1 0.025 0.4 0.475 0.45 0.175 1 0.675 0.1 0.325 0.875 
8333    0.4 0.6 0.2 0.6 0.2 0.6  6.59512 1 0.75 0.475 0.05 0.5 0.9 0.7 0.725 0.575 0.8 0.425 0.65 0.825 1 0.025 0.4 0.475 0.575 0.175 0.025 0.675 0.9 0.325 0.875 
8334    0.4 0.6 0.2 0.6 0.2 0.8  6.81836 1 0.75 0.475 0.8 0.5 0.375 0.7 0.725 0.65 0.05 0.725 0.65 0.25 1 0.025 0.4 0.475 0.45 0.175 1 0.975 0.9 0.325 0.875 
8336    0.4 0.6 0.2 0.6 0.4 0.2  5.99581 1 0.75 0.475 0.075 0.15 0.625 0.7 0.725 0.025 0.8 0.325 0.65 0.775 1 0.025 0.4 0.475 0.45 0.175 1 0.675 0.9 0.55 0.875 
8337    0.4 0.6 0.2 0.6 0.4 0.4  6.76794 1 0.65 0.475 0.175 0.5 0.625 0.7 0.725 0.45 0.175 0.425 0.05 0.775 1 0.025 0.4 0.475 0.45 0.825 1 0.675 0.9 0.325 1 
8338    0.4 0.6 0.2 0.6 0.4 0.6  5.74911 1 0.675 0.525 0.225 0.5 0.625 0.7 0.725 0.35 0.8 0.425 0.425 0.775 1 0.025 0.4 0.475 0.45 0.175 1 0.675 0.9 0.325 0.875 
8341    0.4 0.6 0.2 0.6 0.6 0.2  5.94709 1 0.675 0.475 0.225 0.5 0.625 0.7 0.725 0.65 0.8 0.425 0.425 0.825 1 0.025 0.4 0.475 0.45 0.2 1 0.675 0.9 0.325 0.875 
8342    0.4 0.6 0.2 0.6 0.6 0.4  5.96992 1 0.625 0.45 0.225 0.5 0.625 0.7 0.725 0.45 0.125 0.425 0.4 0.175 1 0.025 0.4 0.475 0.45 0.175 1 0.675 0.9 0.325 0.875 
8345    0.4 0.6 0.2 0.6 0.8 0  5.89426 1 0.65 0.475 0.175 0.5 0.6 0.7 0.725 0.65 1 0.625 0.325 0 1 0.025 0.4 0.475 0.45 0.175 1 0.8 0.9 0.325 0.875 
8346    0.4 0.6 0.2 0.6 0.8 0.2  6.64302 1 0.65 0.475 0.175 0.5 0.6 0.7 0.725 0.65 1 0.425 0.075 0 1 0.025 0.4 0.475 0.45 0.175 1 0.8 0.9 0.325 0.875 
8354    0.4 0.6 0.2 0.8 0 0.8  6.48971 1 0.75 0.475 0.05 0.5 0.9 0.7 0.85 0.65 0.425 0.425 0.65 0.825 1 0.025 0.4 0.475 0.025 0.175 1 0.675 0.9 0.325 0.875 
8358    0.4 0.6 0.2 0.8 0.2 0.6  6.8297 1 0.75 0.625 0.225 0.5 0.625 0.7 0.25 0.725 0.8 0.425 0.65 0.625 1 0.025 0.175 0.475 0.4 0.175 1 0.1 0.9 0.8 0.875 
8359    0.4 0.6 0.2 0.8 0.2 0.8  6.28364 1 0.75 0.475 0.225 0.5 0.625 0.7 0.725 0.65 0.8 0.35 0.3 0.825 1 0.025 0.4 0.475 0.45 0.175 1 0.675 0.95 0.325 0.875 
8362    0.4 0.6 0.2 0.8 0.4 0.4  6.33644 1 0.575 0.525 0.175 0.5 0.625 0.7 0.725 0.65 0.8 0.275 0.425 0.85 1 0.025 0.4 0.475 0.45 0.175 1 0.675 0.9 0.325 0.875 
8363    0.4 0.6 0.2 0.8 0.4 0.6  6.51312 0.95 0.65 0.475 0.175 0.5 0.6 0.7 0.725 0.65 0.8 0.425 0.075 0.375 1 0.025 0.4 0.475 0.45 0.175 1 0.8 0.9 0.325 0.875 
8365    0.4 0.6 0.2 0.8 0.6 0  6.65504 1 0.625 0.5 0.225 0.5 0.625 0.7 0.775 0.65 0.8 0.725 0 0.175 1 0.025 0.4 0.475 0.525 0.175 1 0.675 0.9 0.325 0.875 
8366    0.4 0.6 0.2 0.8 0.6 0.2  6.05113 1 0.75 0.475 0.225 0.5 0.625 0.7 0.725 0.65 0.8 0.975 0.65 0.5 1 0.025 0.175 0.475 0.4 0.175 1 0.075 0.9 0.8 0.875 
8367    0.4 0.6 0.2 0.8 0.6 0.4  6.2517 1 0.65 0.525 0.175 0.5 0.625 0.7 0.725 0.65 0.8 0.275 0.425 0.85 1 0.025 0.4 0.475 0.45 0.175 1 0.675 0.9 0.325 0.875 
8370    0.4 0.6 0.2 0.8 0.8 0  6.37353 1 0.75 0.475 0.075 0.5 0.625 0.7 0.9 0.65 0.8 0.425 0.025 0.825 1 0.675 0.4 0.475 0.45 0.175 1 0.675 0.75 0.325 0.875 
8371    0.4 0.6 0.2 0.8 0.8 0.2  6.77031 1 0.75 0.475 0.8 0.5 0.375 0.7 0.725 0.65 0.05 0.425 0.65 0.25 1 0.025 0.4 0.475 0.45 0.175 1 0.975 0.9 0.325 0.875 
8404    0.4 0.6 0.4 0.2 0 0.8  3.10881 0.75 0.375 0.75 0.775 0.425 0.15 0.625 1 0.4 0.4 0.525 0.225 0.1 0.625 0.625 0.35 0.9 0.7 0.325 0.05 0 0.2 0.075 0.325 
8428    0.4 0.6 0.4 0.4 0 0.6  3.47761 0.6 0.475 0.475 0.35 0.575 0.925 0.875 0.35 0.05 0.675 0.15 0.3 0.65 0.05 0.325 0.1 0.325 0.275 0.425 0.15 0.675 1 0.75 0.925 
8429    0.4 0.6 0.4 0.4 0 0.8  6.39371 1 0.75 0.475 0.05 0.5 0.9 0.7 0.725 0.725 0.8 0.425 0.65 0.825 1 0.025 0.4 0.475 0.575 0.175 0.025 0.675 0.9 0.325 0.875 
8432    0.4 0.6 0.4 0.4 0.2 0.4  2.82342 0.6 0.475 0.475 0.35 0.575 0.975 0.875 0.925 0.05 0.675 0.15 0.3 0.65 0.075 0.325 0.1 0.325 0.275 0.425 0.075 0.675 1 0.75 0.925 
8433    0.4 0.6 0.4 0.4 0.2 0.6  5.28881 1 0.675 0.475 0.225 0.5 0.625 0.7 0.525 0.65 0.8 0.225 0.65 0.6 0.95 0.75 0.4 0.475 0.45 0.175 1 0.675 0.9 0.325 0.875 
8434    0.4 0.6 0.4 0.4 0.2 0.8  5.47734 1 0.65 0.95 0.8 0.4 0.625 0.7 0.725 0.65 0.8 0.1 0.425 0.975 1 0.325 0.825 0.475 0.45 0.125 0 0.675 0.85 0.325 0.1 
8437    0.4 0.6 0.4 0.4 0.4 0.4  5.99112 1 0.725 0.475 0.05 0.5 0.9 0.7 0.725 0.65 0.8 0.425 0.65 0.825 1 0.1 0.4 0.475 0.575 0.175 1 0.675 0.9 0.325 0.875 
8438    0.4 0.6 0.4 0.4 0.4 0.6  4.83921 0.95 0.05 0.475 0.35 0.075 0.925 0.875 1 0.025 0.225 0.125 0.3 0.775 0.05 0.325 0.1 0.325 0.275 0.375 0.075 0.675 0.15 0.75 0.925 
8441    0.4 0.6 0.4 0.4 0.6 0.2  7.13428 1 0.4 0.9 0.8 0.5 0.875 0.7 0.725 0.65 0.375 0.1 0.425 0.125 1 0.325 0.825 0.475 0.45 0.875 1 0.675 0.9 0.325 0.1 
8445    0.4 0.6 0.4 0.4 0.8 0  5.81866 1 0.4 0.95 0.8 0.5 0.625 0.7 0.725 0.65 0.8 0.1 0.425 0.825 1 0.325 0.825 0.475 0.45 0.875 1 0.675 0.9 0.325 0.05 
8446    0.4 0.6 0.4 0.4 0.8 0.2  5.51954 1 0.65 0.425 0.175 0.5 0.975 0.7 0.725 0.45 0.8 0.425 0.05 0.825 1 0.025 0.4 0.475 0.45 0.825 1 0.675 0.9 0.325 0.875 
8454    0.4 0.6 0.4 0.6 0 0.8  6.03504 1 0.75 0.475 0.15 0.5 0.9 0.7 0.95 0.65 0.8 0.425 0.65 0.825 1 0.025 0.4 0.475 0.575 0.175 1 0.675 0.9 0.325 0.775 
8458    0.4 0.6 0.4 0.6 0.2 0.6  6.50189 1 0.75 0.475 0.225 0.5 0.625 0.7 0.725 0.6 0.9 0.975 0.65 0.5 1 0.025 0.175 0.475 0.65 0.175 1 0.075 0.9 0.8 0.875 
8459    0.4 0.6 0.4 0.6 0.2 0.8  4.72047 1 0.475 0.475 0.35 0.575 0.925 0.65 0.1 0.95 0.225 0.725 0.3 0.65 0.05 0.325 0.1 0.325 0.275 0.425 0.925 0.675 0.9 0.75 0.925 
8466    0.4 0.6 0.4 0.6 0.6 0.2  3.23471 0.525 0.475 0.475 0.35 0.625 0.925 0.875 0.35 0.05 0.675 0.15 0.3 0.65 0.05 0.325 0.1 0.325 0.275 0.425 0.15 0.675 1 0.75 0.925 
8529    0.4 0.6 0.6 0.2 0 0.8  3.67231 1 0.375 0.75 0.775 0.425 0.15 0.625 0.975 0.4 0.4 0.525 0.375 0.1 0.625 0.1 0.35 0.9 0.7 0.325 0.5 0 0.625 0.075 0.325 
8534    0.4 0.6 0.6 0.2 0.2 0.8  3.21693 0.75 0.375 0.75 0.775 0.425 0.15 0.625 0.05 0.4 0.4 0.525 0.225 0.1 0.625 0.625 0.35 0.9 0.125 0.325 0.05 0 0.2 0.075 0.325 
8538    0.4 0.6 0.6 0.2 0.4 0.6  5.8981 1 0.65 0.95 0.8 0.4 0.625 0.7 0.725 0.65 0.8 0.1 0.425 0.975 1 0.325 0.725 0.475 0.45 0.125 0 0.675 0.9 0.25 0.1 
8545    0.4 0.6 0.6 0.2 0.8 0  5.00965 1 0.4 0.9 0.8 0.05 0.625 0.7 0.325 0.65 0.8 0.1 0.425 0.675 1 0.325 0.825 0.475 0.45 0.875 1 0.675 0.9 0.325 0.1 
8554    0.4 0.6 0.6 0.4 0 0.8  5.92092 1 0.4 0.95 0.8 0.5 0.5 0.7 0.55 0.65 0.8 0.1 0.425 0.825 1 0.325 0.825 0.475 0.45 0.875 0 0.675 0.9 0.325 0.1 
8559    0.4 0.6 0.6 0.4 0.2 0.8  5.57461 1 0.675 0.475 0.225 0.5 0.4 0.7 0.575 0.675 0.8 0.425 0.425 0.825 0.2 0.025 0.4 0.475 0.425 0.8 1 0.675 0.9 0.1 0.875 
8563    0.4 0.6 0.6 0.4 0.4 0.6  5.01735 1 0.4 0.95 0.8 0.5 0.625 0.7 0.275 0.65 0.8 0.1 0.425 0.825 1 0.325 0.825 0.475 0.45 0.875 0.175 0.675 0.9 0.325 0.1 
8570    0.4 0.6 0.6 0.4 0.8 0  4.41474 1 0.4 0.95 0.8 0.725 0.625 0.7 0.55 0.65 0.8 0.1 0.175 0.825 1 0.325 0.825 0.825 0.45 0.875 0 0.675 0.9 0.325 0.1 
8571    0.4 0.6 0.6 0.4 0.8 0.2  4.33105 1 0.65 0.475 0.225 0.5 0.625 0.7 0.725 0.65 0.8 0.425 0.95 0.825 1 0.025 0.4 0.475 0.45 0.175 1 0.675 0.9 0.325 0.075 
9470    0.6 0 0 0.6 0.8 0  4.8372 1 0.65 0.95 0.8 0.5 0.2 0.7 0.45 0.65 0.8 0.1 0.425 0.825 1 0.325 0.9 0.475 0.45 0.875 1 0.725 0.9 0.325 0.1 
9495    0.6 0 0 0.8 0.8 0  5.4142 1 0.65 0.95 0.8 0.5 0.2 0.7 0.725 0.65 0.8 0.1 0.425 0.825 1 0.325 0.9 0.475 0.45 0.875 1 0.725 0.9 0.325 0.1 
9570    0.6 0 0.2 0.4 0.8 0  4.71051 1 0.65 0.95 0.975 0.5 0.3 0.7 0.725 0.65 0.8 0.1 0.575 0.5 1 0.325 0.825 0.475 0.45 0.875 1 0.675 0.9 0.325 0.1 
9595    0.6 0 0.2 0.6 0.8 0  6.21858 1 0.65 0.95 0.8 0.5 0.2 0.7 0.725 0.65 0.8 0.1 0.425 0.825 1 0.325 0.825 0.475 0.45 0.875 1 0.725 0.9 0.325 0.1 
9691    0.6 0 0.4 0.4 0.6 0.2  4.21876 1 0.7 0.475 0.35 0.5 0.625 0.85 0.1 0.65 0.25 0.425 0.7 0.275 0.275 0.375 0.4 0.5 0.45 1 0.775 0.675 1 0.325 0.875 
9695    0.6 0 0.4 0.4 0.8 0  4.26752 1 0.65 0.95 0.975 0.5 0.3 0.7 0.725 0.65 0.8 0.1 0.575 0.825 1 0.325 0.825 0.475 0.45 0.875 1 0.675 0.9 0.325 0.1 
9716    0.6 0 0.4 0.6 0.6 0.2  5.25293 1 0.7 0.475 0.35 0.5 0.625 0.85 0.1 0.65 0.525 0.25 0.725 0.275 0.275 0.025 0.4 0.5 0.45 1 0.775 0.675 1 0.325 0.875 
9720    0.6 0 0.4 0.6 0.8 0  6.32838 1 0.4 0.9 0.8 0.5 0.875 0.7 0.7 0.65 0.375 0.1 0.425 0.825 0.6 0.325 0.825 0.475 0.45 0.875 1 0.675 0.9 0.325 0.1 
10095    0.6 0.2 0 0.6 0.8 0  6.20255 1 0.75 0.475 0.225 0.35 0.625 0.7 0.25 0.65 0.525 0.425 0.65 0.5 1 0.025 0.175 0.475 0.4 0.175 1 0.075 0.075 0.95 0.875 
10112    0.6 0.2 0 0.8 0.4 0.4  5.51454 1 0.4 0.95 0.8 0.5 0.625 0.7 0.275 0.65 0.8 0.1 0.425 0.825 1 0.325 0.05 0.475 0.2 0.875 0.675 0.675 0.9 0.325 0.1 
10116    0.6 0.2 0 0.8 0.6 0.2  5.98827 1 0.75 0.475 0.225 0.5 0.625 0.7 0.725 0.65 0.8 0.625 0.375 0.825 0.475 0.025 0.4 0.475 0.825 0.175 1 0.675 0.475 0.475 0.775 
10120    0.6 0.2 0 0.8 0.8 0  6.77879 1 0.75 0.475 0.075 0.5 0.625 0.7 0.725 0.65 0.8 0.425 0.05 0.025 1 0.3 0.4 0.475 0.45 0.6 0.575 0.675 0.9 0.325 0.65 
10121    0.6 0.2 0 0.8 0.8 0.2  6.3362 1 0.75 0.475 0.225 0.15 0.625 0.7 0.05 0.65 0.6 0.225 0.2 0.825 1 0.025 0.4 0.475 0.825 0.175 1 0.675 1 0.325 0.775 
10179    0.6 0.2 0.2 0.4 0 0.8  5.70672 1 0.4 0.95 0.8 0.725 0.625 0.7 0.55 0.7 0.8 0.1 0.425 0.825 1 0.325 0.825 0.475 0.45 0.875 0 0.875 0.45 0.325 0.1 
10191    0.6 0.2 0.2 0.4 0.6 0.2  5.11168 1 0.375 0.75 0.775 0.425 0.15 0.625 1 0.4 0.4 0.525 0.225 0.675 0.625 0.275 0.35 0.9 0.7 0.325 0.5 0 0.2 0.075 0.325 
10195    0.6 0.2 0.2 0.4 0.8 0  6.07954 1 0.65 0.475 0.7 0.5 0.625 0.7 0.725 0.65 0.275 0.425 0.075 0.825 1 0.025 0.4 0.475 0.45 0.175 1 0.025 0.9 0.325 0.075 
10196    0.6 0.2 0.2 0.4 0.8 0.2  6.59919 1 0.75 0.475 0.225 0.5 0.9 0.7 0.725 0.65 0.025 0.425 0.65 0.825 1 0.025 0.4 0.475 0.575 0.175 1 0.675 0.9 0.325 0.875 
10204    0.6 0.2 0.2 0.6 0 0.8  6.26569 1 0.75 0.4 0.225 0.5 0.625 0.7 0.725 0.65 0.8 0.425 0.65 0.825 0.425 0.025 0.4 0.475 0.45 0.175 1 0.675 0.9 0.325 0.875 
10208    0.6 0.2 0.2 0.6 0.2 0.6  6.81379 1 1 0.95 0.8 0.5 0.625 0.7 0.725 0.65 0.8 0.1 0.425 0.825 1 0.325 0.825 0.475 0.675 0.875 1 0.675 0.9 0.675 0.1 
10209    0.6 0.2 0.2 0.6 0.2 0.8  6.49164 1 0.65 0.475 0.225 0.5 0.5 0.7 0.725 0.65 0.075 0.425 0.65 0.825 1 0.55 0.4 0.475 0.55 0.175 1 0.85 0.9 0.1 0.875 
10212    0.6 0.2 0.2 0.6 0.4 0.4  5.98093 1 0.75 0.225 0.225 0.625 0.625 0.7 0.725 0.65 0.35 0.45 0.65 0.825 0.2 0.85 0.4 0.475 0.45 0.225 1 0.675 0.975 0.25 0.875 
10213    0.6 0.2 0.2 0.6 0.4 0.6  5.88359 1 0.75 0.475 0.425 0.5 0.9 0.7 0.775 0.65 0.15 0.325 0.65 0.825 1 0.575 0.4 0.475 0.575 0.175 1 0.675 0.9 0.325 0.875 
10216    0.6 0.2 0.2 0.6 0.6 0.2  7.10056 1 0.75 0.475 0.225 0.5 0.125 0.7 0.725 0.95 0.3 0.425 0.175 0.925 0.25 0.025 0.25 0.475 0.2 0.275 1 0.075 0.9 0.125 0.875 
10217    0.6 0.2 0.2 0.6 0.6 0.4  5.91779 1 0.675 0.475 0.225 0.5 0.625 0.7 0.35 0.65 0.8 0.225 0.65 0.6 0.425 0.75 0.4 0.475 0.45 0.175 1 0.675 0.9 0.325 0.875 
10220    0.6 0.2 0.2 0.6 0.8 0  6.60562 1 0.4 0.7 0.8 0.5 0.875 0.7 0.4 0.075 0.8 0.1 0.425 0.825 1 0.325 0.825 0.475 0.45 0.875 1 0.675 0.9 0.65 0.1 
10221    0.6 0.2 0.2 0.6 0.8 0.2  6.63036 1 0.75 0.475 0.225 0.5 0.125 0.7 0.825 0.65 0.3 0.425 0.65 0.825 0.25 0.025 0.175 0.475 0.4 0.175 1 0.2 0.9 0.125 0.875 
10229    0.6 0.2 0.2 0.8 0 0.8  6.40182 1 0.7 0.375 0.2 0.5 0.625 0.7 0.725 0.925 0.875 0.425 0.65 0.825 0.425 0.025 0.4 0.475 0.85 0.175 1 0.675 0.525 0.325 0.875 
10233    0.6 0.2 0.2 0.8 0.2 0.6  6.3221 1 0.75 0.225 0.225 0.625 0.625 0.7 0.725 0.65 0.35 0.425 0.65 0.825 0.2 0.025 0.4 0.475 0.45 0.225 0.8 0.675 0.975 0.325 0.875 
10236    0.6 0.2 0.2 0.8 0.4 0.2  6.43162 1 0.7 0.225 0.475 0.5 0.6 0.7 0.725 0.925 0.875 0.425 0.65 0.825 0.425 0.025 0.4 0.475 0.85 0.175 1 0.925 0.525 0.325 0.875 
10237    0.6 0.2 0.2 0.8 0.4 0.4  5.82341 1 0.75 0.475 0.225 0.5 0.625 0.35 0.725 0.65 0.8 0.625 0.375 0.825 0.475 0.025 0.4 0.475 0.825 0.175 0.4 0.675 0.475 0.475 0.775 
10241    0.6 0.2 0.2 0.8 0.6 0.2  5.76667 1 0.2 0.95 0.8 0.4 0.625 0.7 0.725 0.65 0.8 0.1 0.425 0.475 0.4 0.325 0.825 0.475 0.1 0.875 1 0.675 0.9 0.325 0.1 
10242    0.6 0.2 0.2 0.8 0.6 0.4  6.28309 1 0.4 0.7 0.8 0.5 0.875 0.7 0.725 0.075 0.8 0.1 0.425 0.825 0.825 0.325 0.825 0.475 0.45 0.875 1 0.675 0.9 0.65 0.1 
10245    0.6 0.2 0.2 0.8 0.8 0  7.01169 1 0.75 0.475 0.025 0.5 0.625 0.575 0.725 0.05 0.025 0.425 0.05 0.825 1 0.55 0.4 0.475 0.45 0.175 1 0.675 0.9 0.325 0.875 
10246    0.6 0.2 0.2 0.8 0.8 0.2  6.67879 1 0.75 0.475 0.225 0.5 0.625 0.35 0.725 0.65 0.25 0.425 0.65 0.825 1 0.025 0.4 0.5 0.725 0.075 1 0.675 0.9 0.325 0.85 
10304    0.6 0.2 0.4 0.4 0 0.8  6.49668 1 0.475 0.475 0.725 0.575 0.625 0.875 0.025 0.625 0.425 0.725 0.3 0.65 0.05 0.325 0.1 0.325 0.275 0.425 0.825 0.675 0.35 0.75 0.925 
10307    0.6 0.2 0.4 0.4 0.2 0.4  6.17007 1 0.7 0.475 0.225 0.425 0.625 0.85 0.1 0.65 0.25 0.425 0.65 0.175 1 0.025 0.5 0.5 0.45 1 0.775 0.675 0.925 0.325 0.875 
10308    0.6 0.2 0.4 0.4 0.2 0.6  5.92582 1 0.75 0.4 0.225 0.5 0.625 0.7 0.725 0.65 0.8 0.425 0.65 0.825 0.425 0.025 0.4 0.475 0.45 1 1 0.675 0.9 0.325 0.875 
10309    0.6 0.2 0.4 0.4 0.2 0.8  5.71067 1 0.75 0.4 0.225 0.5 0.625 0.7 0.825 0.65 0.8 0.425 0.65 0.825 0.425 0.025 0.4 0.475 0.45 1 1 0.675 0.9 0.325 0.875 
10312    0.6 0.2 0.4 0.4 0.4 0.4  6.92584 1 0.75 0.95 0.225 0.5 0.625 0.3 0.725 0.65 0.8 0.425 0.95 0.825 1 0.025 0.4 0.475 0.45 0.175 1 0.675 0.9 0.325 0.875 
10313    0.6 0.2 0.4 0.4 0.4 0.6  6.04789 1 0.75 0.95 0.225 0.45 0.625 0.3 0.725 0.65 0.8 0.425 0.65 0.825 1 0.025 0.4 0.475 0.45 0.175 1 0.675 0.9 0.325 0.875 
10316    0.6 0.2 0.4 0.4 0.6 0.2  6.14263 1 0.475 0.475 0.225 0.05 0.625 0.15 0 0.65 0.8 0.425 0.45 0.825 1 0.575 0.175 0.375 0.975 0.8 1 0.075 0.9 0.325 0.875 
10317    0.6 0.2 0.4 0.4 0.6 0.4  5.82679 1 0.75 0.225 0.225 0.625 0.625 0.7 0.725 0.65 0.35 0.425 0.65 0.825 0.2 0.85 0.4 0.475 0.45 0.225 1 0.675 0.975 0.25 0.875 
10320    0.6 0.2 0.4 0.4 0.8 0  6.31321 1 0.75 0.475 0.225 0.5 0.625 0.7 0.725 0.65 0.525 0.425 0.65 0.825 1 0.525 0.175 0.475 0.4 0.175 1 0.075 0.9 0.325 0.875 
10321    0.6 0.2 0.4 0.4 0.8 0.2  6.47431 1 0.75 0.475 0.225 0.5 0.9 0.7 0.775 0.65 0.7 0.425 0.65 0.825 1 0.575 0.4 0.475 0.575 0.175 1 0.675 0.9 0.325 0.875 
10329    0.6 0.2 0.4 0.6 0 0.8  6.09831 1 0.65 0.475 0.175 0.5 0.625 0.7 0.725 0.575 0.325 0.425 0.95 0.85 1 0.025 0.4 0.475 0.45 0.175 0.925 0.675 0.9 0.325 0.875 
10333    0.6 0.2 0.4 0.6 0.2 0.6  6.06244 1 0.75 0.475 0.225 0.5 0.55 0.325 0.45 0.65 0.8 0.425 0.65 0.825 1 0.275 0.4 0.475 0.45 0.125 0.4 0.675 0.9 0.325 0.875 
10334    0.6 0.2 0.4 0.6 0.2 0.8  6.03398 1 0.675 0.475 0.225 0.75 0.625 0.45 0.35 0.825 0.8 0.275 0.2 0.825 0.425 0.025 0.4 0.475 0.45 0.175 1 0.675 0.9 0.325 0.875 
10337    0.6 0.2 0.4 0.6 0.4 0.4  5.99117 1 0.7 0.475 0.225 0.5 0.625 0.85 0.1 0.725 0.25 0.025 0.65 0.175 1 0.025 0.4 0.5 0.45 1 0.775 0.675 1 0.325 0.875 
10338    0.6 0.2 0.4 0.6 0.4 0.6  5.6236 1 0.75 0.225 0.225 0.625 0.625 0.7 0.25 0.875 0.35 0.425 0.65 0.825 0.2 0.85 0.4 0.475 0.45 0.225 1 0.675 0.975 0.25 0.875 
10341    0.6 0.2 0.4 0.6 0.6 0.2  6.28227 1 0.475 0.475 0.725 0.575 0.625 0.875 0.025 0.625 0.225 0.725 0.3 0.65 0.05 0.325 0.1 0.325 0.275 0.425 0.925 0.675 0.35 0.75 0.925 
10342    0.6 0.2 0.4 0.6 0.6 0.4  6.06958 1 0.75 0.225 0.225 0.5 0.625 0.7 0.725 0.65 0.8 0.425 0.65 0.825 0.2 0.025 0.4 0.475 0.45 0.225 1 0.675 0.9 0.325 0.975 
10345    0.6 0.2 0.4 0.6 0.8 0  6.64875 1 0.65 0.95 0.8 0.225 0.325 0.7 0.175 0.65 0.4 0.1 0.425 0.825 1 0.325 0.825 0.475 0.45 0.875 1 0.725 0.9 0.925 0.1 
10346    0.6 0.2 0.4 0.6 0.8 0.2  6.68961 1 0.75 0.225 0.225 0.625 0.925 0.7 0.725 0.65 0.35 0.425 0.65 0.825 0.2 0.025 0.4 0.475 0.45 0.225 0.85 0.675 0.975 0.325 0.875 
10404    0.6 0.2 0.6 0.2 0 0.8  4.54198 1 0.375 0.75 0.775 0.425 0.15 0.625 1 0.4 0.4 0.525 0.375 0.1 0.625 0.1 0.35 0.9 0.7 0.325 0.5 0.5 0.625 0.075 0.325 
10408    0.6 0.2 0.6 0.2 0.2 0.6  5.34139 1 0.375 0.75 0.775 0.425 0.15 0.625 0.975 0.4 0.4 0.525 0.375 0.1 0.625 0.1 0.35 0.9 0.7 0.325 0.5 0.475 0.625 0.075 0.325 
10409    0.6 0.2 0.6 0.2 0.2 0.8  5.14936 1 0.475 0.475 0.225 0.05 0.625 0.15 0 0.65 0.8 0.425 0.45 0.825 1 0.575 0.175 0.375 0.4 0.8 1 0.075 0.9 0.325 0.875 
10420    0.6 0.2 0.6 0.2 0.8 0  5.2674 1 0.375 0.75 0.775 0.425 0 0.625 1 0.4 0.4 0.525 0.375 0.1 0.625 0.1 0.35 0.9 0.7 0.325 0.5 0.5 0.625 0.075 1 
10421    0.6 0.2 0.6 0.2 0.8 0.2  5.9196 1 0.475 0.475 0.225 0.05 0.625 0.15 0 0.65 0.8 0.425 0.65 0.825 1 0.575 0.175 0.375 0.4 0.8 1 0.075 0.9 0.325 0.875 
10429    0.6 0.2 0.6 0.4 0 0.8  4.36536 1 0.375 0.75 0.775 0.425 0.15 0.625 1 0.4 0.4 0.525 0.375 0.1 0.625 0.1 0.35 0.9 0.7 0.325 0.5 0.5 0.625 0.075 1 
10434    0.6 0.2 0.6 0.4 0.2 0.8  4.76499 1 0.5 0.75 0.775 0.425 0.15 0.625 1 0.4 0.4 0.525 0.375 0.1 0.625 0.1 0.35 0.9 0.7 0.325 0.5 0.5 0.625 0.075 1 
10437    0.6 0.2 0.6 0.4 0.4 0.4  6.59394 1 0.75 0.95 0.225 0.45 0.625 0.3 0.725 0.65 0.8 0.425 0.65 0.825 1 0.025 0.4 0.475 0.45 0.175 1 0.725 0.9 0.35 0.875 
10438    0.6 0.2 0.6 0.4 0.4 0.6  5.36322 1 0.7 0.475 0.225 0.825 0.625 0.85 0.65 0.65 0.25 0.425 0.95 0.275 0.275 0.025 0.4 0.5 0.45 1 0.775 0.675 1 0.325 0.875 
10441    0.6 0.2 0.6 0.4 0.6 0.2  5.54166 1 0.7 0.475 0.225 0.425 0.625 0.85 0.1 0.65 0.25 0.425 0.65 0.175 1 0.025 0.4 0.5 0.45 1 0.775 0.675 0.925 0.325 0.875 
10442    0.6 0.2 0.6 0.4 0.6 0.4  5.46733 1 0.7 0.475 0.225 0.675 0.625 0.85 0.975 0.725 0.25 0.425 0.65 0.85 1 0.025 0.4 0.5 0.45 1 0.775 0.675 1 0.325 0.875 
10445    0.6 0.2 0.6 0.4 0.8 0  6.20946 1 0.475 0.475 0.225 0.05 0.625 0.15 0 0.65 0.8 0.425 0.65 0.825 1 0.575 0.175 0.375 0.4 0.175 1 0.075 0.9 0.325 0.875 
10446    0.6 0.2 0.6 0.4 0.8 0.2  5.10293 1 0.7 0.475 0.225 0.5 0.625 0.85 0.875 0.2 0.25 0.575 0.65 0.175 1 0.025 0.4 0.5 0.45 0.3 0.775 0.675 1 0.325 0.875 
10741    0.6 0.4 0 0.8 0.6 0.2  5.74757 1 0.75 0.275 0.225 0.5 0.625 0.7 0.725 0.65 0.95 0.625 0.375 0.825 0.475 0.025 0.4 0.475 0.225 0.175 1 0.675 0.475 0.325 0.775 
10745    0.6 0.4 0 0.8 0.8 0  6.04595 1 0.75 0.475 0.225 0.5 0.625 0.4 0.725 0.975 0.8 0.425 0.65 0.425 1 0.025 0.4 0.975 0.45 0.175 1 0.225 0.9 0.325 0.875 
10746    0.6 0.4 0 0.8 0.8 0.2  6.20498 1 0.6 0.025 0.45 0.5 0.625 0.7 0.725 0.65 0.8 0.325 0.225 0.55 1 0.9 0.45 0.475 0.45 0.175 1 0.75 0.9 0.325 0.875 
10816    0.6 0.4 0.2 0.4 0.6 0.2  5.81889 1 1 0.95 0.8 0.5 0.625 0.7 0.725 0.65 0.8 0.1 0.425 0.825 1 0.325 0.55 0.475 0.45 0.75 0.75 0.675 0.9 0.825 0.8 
10820    0.6 0.4 0.2 0.4 0.8 0  3.4665 0.75 0.375 0.75 0.775 0.425 0.15 1 0.05 0.4 0.4 0.525 0.775 0.1 0.575 0.375 0.35 0.9 0.7 0.225 0.05 0 0.2 0.075 0.9 
10829    0.6 0.4 0.2 0.6 0 0.8  6.28515 1 0.65 0.6 0.225 0.5 0.625 0.7 0.85 0.35 0.8 0.425 0.65 0.925 0.325 0.025 0.4 0.475 0.6 0.175 1 0.675 0.9 0.1 0.875 
10832    0.6 0.4 0.2 0.6 0.2 0.4  5.88755 1 0.675 0.475 0.225 0.5 0.625 0.7 0.525 0.65 0.8 0.225 0.9 0.6 0.425 0.75 0.4 0.475 0.45 0.175 1 0.675 0.9 0.325 0.875 
10833    0.6 0.4 0.2 0.6 0.2 0.6  6.50821 1 0.75 0.475 0.075 0.45 0.625 0.7 0.8 0.65 0.8 0.425 0.025 0.825 1 0.025 0.4 0.475 0.45 0.175 0.55 0.675 0.9 0.325 1 
10834    0.6 0.4 0.2 0.6 0.2 0.8  5.95048 1 0.75 0.475 0.225 0.5 0.9 0.575 0.725 0.65 0.15 0 0.85 0.825 1 0.025 0.4 0.475 0.575 0.175 1 0.675 0.9 0.325 0.875 
10837    0.6 0.4 0.2 0.6 0.4 0.4  6.15163 1 0.75 0.475 0.225 0.5 0.9 0.7 0.725 0.65 0.95 0.425 0.3 0.825 1 0.025 0.4 0.475 0.575 0.175 1 0.675 0.9 0.325 0.875 
10838    0.6 0.4 0.2 0.6 0.4 0.6  6.03371 1 0.675 0.475 0.4 0.5 0.625 0.7 0.35 0.65 0.8 0.225 0.65 0.825 0.425 0.025 0.4 0.475 0.45 0.175 1 0.675 0.9 0.325 0.875 
10841    0.6 0.4 0.2 0.6 0.6 0.2  6.15951 1 0.75 0.4 0.225 0.5 0.625 0.7 0.725 0.65 0.8 0.425 0.65 0.825 0.425 0.025 0.4 0.475 0.45 0.175 1 0.675 0.9 0.325 0.925 
10842    0.6 0.4 0.2 0.6 0.6 0.4  5.79667 1 0.7 0.475 0.075 0.825 0.625 0.85 0.1 0.65 0.25 0.425 0.65 0.275 0.275 0.025 0.4 0.425 0.45 0.275 0.775 0.675 1 0.325 0.875 
10845    0.6 0.4 0.2 0.6 0.8 0  6.545 1 0.75 0.475 0.075 0.5 0.625 0.15 0.9 0.875 0.9 0.425 0.075 0.825 1 0.025 0.425 0.475 0.45 0.9 0.775 0.675 0.85 0.325 0.6 
10846    0.6 0.4 0.2 0.6 0.8 0.2  6.41266 1 0.75 0.475 0.225 0.5 0.15 0.7 0.725 0.65 0.525 0.425 0.65 0.825 1 0.525 0.175 0.475 0.4 0.175 1 0.075 0.9 0.325 0.875 
10854    0.6 0.4 0.2 0.8 0 0.8  5.56978 1 0.75 0.225 0.225 0.5 0.625 0.7 0.725 0.65 0.8 0.425 0.65 0.825 0.425 0.025 0.4 0.475 0.45 0.175 1 0.65 0.9 0.325 0.875 
10862    0.6 0.4 0.2 0.8 0.4 0.4  5.82541 1 0.675 0.475 0.225 0.5 0.625 0.7 0.525 0.65 0.8 0.225 0.65 0.6 0.425 0.75 0.4 0.475 0.45 0.175 1 0.675 0.9 0.325 0.875 
10866    0.6 0.4 0.2 0.8 0.6 0.2  6.85883 1 0.75 0.475 0.225 0.5 0.15 0.7 0.725 0.65 0.575 0.425 0.65 0.825 1 0.525 0.825 0.475 0.4 0.175 1 0.075 0.9 0.325 0.875 
10867    0.6 0.4 0.2 0.8 0.6 0.4  6.03657 1 0.675 0.475 0.225 0.5 0.625 0.7 0.35 0.425 0.8 0.225 0.65 0.6 0.425 0.75 0.4 0.475 0.45 0.175 1 0.675 0.9 0.325 0.875 
10870    0.6 0.4 0.2 0.8 0.8 0  6.94132 1 0.6 0.025 0.45 0.5 0.625 0.7 0.725 0.65 0.8 0.425 0.225 0.55 1 0.5 0.475 0.475 0.45 0.175 1 0.75 0.9 0.325 0.875 
10871    0.6 0.4 0.2 0.8 0.8 0.2  5.62262 1 0.6 0.025 0.45 0.5 0.625 0.7 0.725 0.65 0.8 0.325 0.225 0.55 1 0.5 0.45 0.35 0.45 0.175 1 0.75 0.9 0.325 0.875 
10928    0.6 0.4 0.4 0.4 0 0.6  5.36562 1 0.225 0.225 0.225 0.5 0.55 0.7 0.725 0.65 0.8 0.425 0.65 0.825 0.2 0.025 0.4 0.475 0.45 0.225 1 0.675 0.9 0.325 0.875 
10929    0.6 0.4 0.4 0.4 0 0.8  6.19207 1 0.75 0.475 0.225 0.5 0.9 0.7 0.775 0.65 0.7 0.425 0.65 0.825 1 0.025 0.4 0.475 0.575 0.175 1 0.675 0.9 0.325 0.875 
10933    0.6 0.4 0.4 0.4 0.2 0.6  6.53216 1 0.6 0.475 0.225 0.6 0.625 0.7 0.725 0.65 0.8 0.425 0.125 0.825 1 0.025 0.4 0.475 0.55 0.175 1 0.675 0.9 0.1 0.875 
10934    0.6 0.4 0.4 0.4 0.2 0.8  6.67061 1 0.75 0.475 0.225 0.5 0.625 0.7 0.725 0.65 0.9 0.425 0.65 0.5 1 0.025 0.175 0.475 0.65 0.175 1 0.075 0.9 0.8 0.875 
10937    0.6 0.4 0.4 0.4 0.4 0.4  6.59636 1 0.75 0.475 0.225 0.5 0.125 0.7 0.725 0.65 0.3 0.425 0.65 0.825 0.25 0.025 0.175 0.475 0.4 0.175 1 0.075 0.9 0.125 0.875 
10938    0.6 0.4 0.4 0.4 0.4 0.6  6.06909 1 0.75 0.475 0.075 0.15 0.625 0.7 0.725 0.925 0.8 0.325 0.65 0.775 1 0.025 0.4 0.475 0.45 0.175 1 0.675 0.9 0.95 0.875 
10941    0.6 0.4 0.4 0.4 0.6 0.2  6.28904 1 0.75 0.475 0.225 0.5 0.625 0.325 0.45 0.65 0.8 0.425 0.65 0.825 1 0.275 0.4 0.475 0.45 0.125 0.4 0.675 0.9 0.325 0.875 
10942    0.6 0.4 0.4 0.4 0.6 0.4  6.25121 1 0.65 0.55 0.225 0.5 0.625 0.7 0.725 0.65 0.8 0.425 0.775 0.825 1 0.025 0.4 0.475 0.45 0.05 1 0.675 0.9 0.25 0.075 
10945    0.6 0.4 0.4 0.4 0.8 0  6.30132 1 0.6 0.475 0.225 0.6 0.625 0.7 0.725 0.65 0.8 0.425 0.65 0.825 1 0.025 0.4 0.475 0.55 0.175 1 0.675 0.9 0.1 0.875 
10946    0.6 0.4 0.4 0.4 0.8 0.2  6.54859 1 0.75 0.95 0.225 0.5 0.625 0.3 0.725 0.65 0.8 0.425 0.65 0.825 1 0.025 0.4 0.475 0.45 0.175 1 0.675 0.9 0.325 0.875 
10954    0.6 0.4 0.4 0.6 0 0.8  5.97701 1 0.65 0.475 0.225 0.5 0.625 0.7 0.85 0.35 0.8 0.425 0.65 0.825 0.325 0.025 0.4 0.475 0.6 0.175 1 0.675 0.9 0.1 0.875 
10958    0.6 0.4 0.4 0.6 0.2 0.6  5.65457 1 0.675 0.525 0.225 0.5 0.625 0.7 0.725 0.35 0.8 0.425 0.425 0.775 0.325 0.5 0.4 0.475 0.45 0.175 1 0.675 0.9 0.875 0.875 
10959    0.6 0.4 0.4 0.6 0.2 0.8  5.82508 1 0.6 0.475 0.225 0.6 0.625 0.7 0.725 0.65 0.8 0.425 0.65 0.825 1 0.675 0.4 0.475 0.55 0.175 1 0.675 0.9 0.1 0.875 
10962    0.6 0.4 0.4 0.6 0.4 0.4  6.44345 1 0.75 0.475 0.225 0.5 0.9 0.7 0.775 0.65 0.7 0.425 0.65 0.75 1 0.5 0.4 0.475 0.575 0.175 1 0.675 0.9 0.325 0.875 
10966    0.6 0.4 0.4 0.6 0.6 0.2  6.40905 1 0.65 0.6 0.225 0.5 0.625 0.7 0.85 0.35 0.8 0.425 0.65 0.825 0.325 0.025 0.4 0.475 0.6 0.175 1 0.675 0.9 0.1 0.875 
10967    0.6 0.4 0.4 0.6 0.6 0.4  5.64668 1 1 0.95 0.8 0.5 0.625 0.7 0.725 0.65 0.8 0.1 0.425 0.825 1 0.825 0.825 0.475 0.45 0.875 0.75 0.675 0.35 0.325 0.1 
10970    0.6 0.4 0.4 0.6 0.8 0  6.21151 1 0.6 0.025 0.45 0.375 0.625 0.7 0.725 0.65 0.8 0.325 0.225 0.025 1 0.5 0.45 0.475 0.45 0.175 1 0.75 0.9 0.325 0.875 
10971    0.6 0.4 0.4 0.6 0.8 0.2  5.903 1 0.05 0.95 0.8 0.4 0.625 0.7 0.725 0.65 0.25 0.1 0.325 0.975 1 0.325 0.825 0.475 0.45 0.125 0 0.675 0.85 0.325 0.1 
11033    0.6 0.4 0.6 0.2 0.2 0.6  5.73502 1 0.75 0.475 0.225 0.5 0.125 0.7 0.725 0.65 0.3 0.425 0.175 0.175 0.25 0.025 0.825 0.475 0.2 0.175 1 0.075 0.9 0.125 0.875 
11034    0.6 0.4 0.6 0.2 0.2 0.8  3.17246 0.75 0.375 0.175 0.775 0.55 0.15 0.625 1 0.4 0.1 0.525 0.325 0.1 0.625 0.625 0.4 0.9 0.7 0.325 0.05 0 0.2 0.075 0.325 
11046    0.6 0.4 0.6 0.2 0.8 0.2  6.16651 1 0.65 0.825 0.125 0.5 0.625 0.7 0.725 0.65 0.7 0.425 0.425 0.875 0.3 0.025 0.4 0.525 0.45 0.025 1 0.675 0.9 0.275 0.35 
11054    0.6 0.4 0.6 0.4 0 0.8  5.96105 1 0.85 0.475 0.225 0.5 0.125 0.7 0.725 0.65 0.3 0.425 0.175 0.175 0.25 0.025 0.2 0.475 0.2 0.175 0.325 0.075 0.9 0.125 0.85 
11058    0.6 0.4 0.6 0.4 0.2 0.6  6.2464 1 0.475 0.025 0.225 0.05 0.625 0.15 0.95 0.65 0.8 0.425 0.65 0.825 1 0.575 0.175 0.375 0.4 0.8 1 0.075 0.9 0.325 0.875 
11059    0.6 0.4 0.6 0.4 0.2 0.8  5.80699 1 0.475 0.475 0.225 0.05 0.625 0.15 0.95 0.65 0.8 0.425 0.65 0.825 1 0.575 0.175 0.375 0.4 0.8 1 0.075 0.9 0.325 0.875 
11062    0.6 0.4 0.6 0.4 0.4 0.4  5.56943 1 0.7 0.475 0.225 0.675 0.625 0.85 0.625 0.65 0.25 0.425 0.65 0.175 1 0.025 0.4 0.5 0.45 1 0.775 0.675 1 0.325 0.875 
11063    0.6 0.4 0.6 0.4 0.4 0.6  5.47112 1 0.75 0.475 0.225 0.5 0.875 0.675 0.725 0.65 0.975 0.775 0.65 0.825 1 0.025 0.775 0.475 0.4 0.175 1 0.075 0.9 0.325 0.875 
11066    0.6 0.4 0.6 0.4 0.6 0.2  6.66561 1 0.75 0.475 0.225 0.5 0.625 0.55 0.575 0.65 0.8 0.425 0.15 0.825 0.85 0.025 0.4 0.475 0.45 0.175 1 0.675 0.9 0.025 0.875 
11067    0.6 0.4 0.6 0.4 0.6 0.4  5.83529 1 0.75 0.475 0.225 0.5 0.625 0.325 0.725 0.65 0.8 0.425 0.65 0.825 1 0.025 0.4 0.475 0.45 0.175 0.4 0.675 0.9 0.325 0.875 
11070    0.6 0.4 0.6 0.4 0.8 0  5.53568 1 0.7 0.475 0.225 0.675 0.625 0.85 0.975 0.65 0.25 0.425 0.65 0.85 1 0.025 0.4 0.5 0.45 1 0.775 0.675 1 0.325 0.875 
11071    0.6 0.4 0.6 0.4 0.8 0.2  5.72594 1 0.75 0.475 0.225 0.175 0.625 0.325 0.7 0.65 0.675 0.425 0.65 0.825 1 0.025 0.4 0.475 0.45 0.175 0.4 0.675 0.9 0.325 0.875 
11171    0.6 0.4 0.8 0.2 0.8 0.2  6.34914 1 0.75 0.475 0.225 0.175 0.625 0.325 0.7 0.65 0.8 0.425 0.65 0.825 1 0.025 0.5 0.475 0.45 0.175 0.4 0.675 0.9 0.325 0.875 
12720    0.8 0 0.2 0.6 0.8 0  5.61388 1 0.65 0.95 0.8 0.225 0.2 0.7 0.725 0.65 0.8 0.1 0.425 0.825 1 0.325 0.825 0.475 0.45 0.875 1 0.725 0.9 0.325 0.1 
12820    0.8 0 0.4 0.4 0.8 0  5.13625 1 0.7 0.475 0.225 0.825 0.625 0.85 0.1 0.65 0.25 0.425 0.65 0.275 0.275 0.025 0.4 0.5 0.45 1 0.775 0.675 1 0.325 0.875 
12841    0.8 0 0.4 0.6 0.6 0.2  5.08297 1 1 0.95 0.8 0.5 0.625 0.7 0.425 0.65 0.8 0.1 0.425 0.825 1 0.325 0.825 0.525 0.625 0.875 0.425 0.675 0.9 0.325 0.1 
12845    0.8 0 0.4 0.6 0.8 0  6.4474 1 0.65 0.95 0.8 0.225 0.2 0.7 0.175 0.65 0.8 0.1 0.425 0.825 1 0.325 0.825 0.475 0.45 0.875 1 0.725 0.9 0.925 0.1 
12945    0.8 0 0.6 0.4 0.8 0  5.83638 1 0.75 0.475 0.225 0.5 0.125 0.7 0.325 0.65 0.3 0.425 0.65 0.825 0.25 0.025 0.175 0.475 0.4 0.175 0.3 0.075 0.9 0.875 0.875 
13341    0.8 0.2 0.2 0.6 0.6 0.2  6.01557 1 0.75 0.225 0.225 0.625 0.625 0.7 0.925 0.65 0.35 0.425 0.65 0.825 0.2 0.025 0.4 0.475 0.45 0.225 1 0.675 0.975 0.325 0.875 
13345    0.8 0.2 0.2 0.6 0.8 0  6.80144 1 0.65 0.95 0.8 0.225 0.325 0.7 0.175 0.65 0.8 0.1 0.425 0.825 1 0.325 0.825 0.475 0.45 0.875 1 0.725 0.9 0.925 0.1 
13370    0.8 0.2 0.2 0.8 0.8 0  3.71824 1 0.75 0.475 0.075 0.475 0.95 0.525 0.725 0.65 0.8 0.425 0.65 0.825 1 0.025 0.4 0.525 0.825 0.175 1 0.675 0.9 0.325 0.775 
13437    0.8 0.2 0.4 0.4 0.4 0.4  5.67263 1 0.7 0.475 0.225 0.425 0.25 0.85 0.1 0.65 0.25 0.625 0.65 0.175 1 0.025 0.4 0.5 0.45 1 0.775 0.675 0.925 0.325 0.95 
13440    0.8 0.2 0.4 0.4 0.6 0  6.17323 1 0.75 0.5 0.225 0.625 0.625 0.7 0.725 0.65 0.35 0.425 0.65 0.825 0.2 0.85 0.425 0.475 0.45 0.225 1 0.675 0.975 0.25 0.875 
13442    0.8 0.2 0.4 0.4 0.6 0.4  4.91105 1 0.65 0.95 0.8 0.1 0.125 0.7 0.725 0.65 0.375 0.1 0.575 0.825 1 0.325 0.825 0.475 0.45 0.875 1 0.675 0.9 0.325 0.05 
13445    0.8 0.2 0.4 0.4 0.8 0  4.91173 1 0.7 0.475 0.35 0.5 0.625 0.85 0.1 0.65 0.25 0.25 0.65 0.275 0.275 0.025 0.4 0.5 0.45 1 0.775 0.675 1 0.325 0.875 
13446    0.8 0.2 0.4 0.4 0.8 0.2  5.65923 1 0.75 0.475 0.025 0.5 0.625 0.2 0.725 0.65 0.025 0.425 0.05 0.825 1 0.3 0.4 0.075 0.45 0.175 1 0.675 0.9 0.325 0.875 
13466    0.8 0.2 0.4 0.6 0.6 0.2  6.37696 1 0.775 0.375 0.225 0.5 0.625 0.7 0.725 0.65 0.8 0.425 0.975 0.825 0.2 0.025 0.4 0.475 0.45 0.225 1 0.75 0.9 0.325 0.875 
13470    0.8 0.2 0.4 0.6 0.8 0  5.7036 1 0.7 0.475 0.225 0.5 0.625 0.85 0.1 0.725 0.25 0.025 0.65 0.175 1 0.025 0.4 0.025 0.45 1 0.775 0.675 1 0.325 0.875 
13471    0.8 0.2 0.4 0.6 0.8 0.2  5.59977 1 0.7 0.475 0.225 0.5 0.625 0.85 0.1 0.65 0.25 0.425 0.65 0.275 0.275 0.025 0.4 0.5 0.45 1 0.775 0.675 1 0.325 0.875 
13570    0.8 0.2 0.6 0.4 0.8 0  4.48345 1 0.7 0.475 0.225 0.825 0.625 0.85 0.1 0.65 0.25 0.425 0.7 0.275 0.275 0.025 0.4 0.5 0.45 1 0.775 0.675 0.2 0.325 0.875 
