4461    0.2 0.4 0 0.6 0.4 0.2  2.11455 0 0.475 0.45 0.975 0.725 0.475 0.15 0.225 0.45 0.325 0 0.525 1 0.725 0.55 0.75 0.625 0.75 0.775 0.375 0.125 0.35 0.35 0.7 
4561    0.2 0.4 0.2 0.4 0.4 0.2  4.35718 0.875 0.275 1 1 0.85 0.025 0.25 0.45 0.875 0.75 0.875 0.05 0.875 0.8 1 0.7 0.6 0.725 0.9 0.3 0.45 0.025 0.175 0.925 
4581    0.2 0.4 0.2 0.6 0.2 0.2  5.40869 0.975 0.525 0.45 0.975 0.775 0.575 0.375 0.8 0.95 0.825 0.075 0.375 0.75 0.55 0.15 0.7 0.925 0.875 0.9 0.95 0.075 0.375 0.5 0.75 
4611    0.2 0.4 0.2 0.8 0.4 0.2  2.07926 0.05 0.4 0.525 0.25 0.375 0.925 0.95 0.05 0.875 0.675 0.475 0.85 0.4 0.85 1 0.825 0.3 0.9 0.375 0.025 1 0.025 0.5 0.175 
4612    0.2 0.4 0.2 0.8 0.4 0.4  1.86879 0.05 0.4 0.475 0.25 0.375 0.925 0.95 0.05 0.875 0.675 0.475 0.85 0.45 0.85 1 0.825 0.3 0.9 0.375 0.025 1 0.025 0.5 0.175 
4683    0.2 0.4 0.4 0.4 0.2 0.6  1.94807 0 0.05 0.925 1 0.275 0.45 0.2 0.825 0.4 0.7 0.3 0.45 0.925 0.25 0.85 0.05 0.4 0.025 0.1 0.825 0.95 0.45 0.65 0.55 
4686    0.2 0.4 0.4 0.4 0.4 0.2  2.027 0 0.2 0.075 0.95 0.325 0.975 0.35 0.3 1 0.8 0.35 0.875 0.2 0.45 0.35 0.15 0.375 0.025 0.275 0.475 0.125 0.25 0.825 0.6 
4706    0.2 0.4 0.4 0.6 0.2 0.2  4.38329 0.85 0.025 0.2 0.625 0.125 0.175 0.7 0.4 0.825 0 0.675 0 0.05 0.5 0.25 0.05 0.9 0.85 0.275 0.275 0.7 0.95 0 0.5 
4712    0.2 0.4 0.4 0.6 0.4 0.4  2.08787 0.15 0.65 0.825 0.625 0.875 0.725 0.85 0.375 0.925 0.125 0.925 0.15 0.925 0.625 0 0.175 0.3 0.35 0.2 0.45 0 0.6 0.075 0.425 
4806    0.2 0.4 0.6 0.4 0.2 0.2  3.30317 0.15 0.825 0.025 0.7 0.45 0.35 0.675 0.8 0.125 0.575 1 0.775 0.45 0.4 0.425 0.3 0.6 0.6 0.65 0.8 0.125 0.25 0.425 0.85 
4836    0.2 0.4 0.6 0.6 0.4 0.2  2.17561 0 0.3 0.675 1 0.375 0.9 0.525 0.525 0.425 0.5 0.2 0.875 0.375 0.425 0.85 0.65 0.75 0.175 0.325 0.3 0.35 0.525 0.85 0.825 
4837    0.2 0.4 0.6 0.6 0.4 0.4  2.29074 0.175 0.3 0.425 0.475 0.275 0.8 0.2 0 0.175 0.075 0.85 0.6 0.075 0.45 0.2 0.1 0.175 0.575 0.15 0.175 1 0.5 0.375 0.075 
5082    0.2 0.6 0 0.6 0.2 0.4  3.14564 0.65 0.75 0.725 0.925 0.075 0.1 0.4 0.55 0.3 0.25 0.875 0.85 0.875 0.2 0.95 0.775 0.7 0.425 0.125 0.475 0.7 0.8 0.475 0.275 
5085    0.2 0.6 0 0.6 0.4 0  3.13061 0.575 0.025 0.075 0.975 0.125 0.225 0.3 0.2 0.925 0.05 0.4 0.75 0.725 0.675 0.4 0 0.625 0.5 0.725 0.875 0.625 0.325 0.725 0.275 
5185    0.2 0.6 0.2 0.4 0.4 0  3.29407 0.725 0.975 0.875 0.8 0.55 1 0.375 0.1 0.4 0.525 0.875 0.275 0.825 0.8 0.95 0.075 0.15 0.925 0.375 0.175 0.075 0.475 0.025 0.975 
5186    0.2 0.6 0.2 0.4 0.4 0.2  3.60837 0.725 0.975 0.875 0.8 0.55 1 0.375 0.1 0.825 0.525 0.875 0.275 0.825 0.8 0.95 0.075 0.15 0.925 0.375 0.175 0.075 0.475 0.025 0.975 
5206    0.2 0.6 0.2 0.6 0.2 0.2  4.07175 0.875 0.275 1 1 0.85 0.025 0.25 0.45 0.875 0.75 0.875 0.05 0.875 0.8 1 0.7 0.6 0.6 0.9 0.3 0.45 0.025 0.175 0.925 
5207    0.2 0.6 0.2 0.6 0.2 0.4  2.97524 0.175 0.6 0.5 0.95 0.1 0.05 0.125 0 1 0.575 0.575 0.1 0.975 0.825 1 0.65 0.8 0.025 0.725 0.875 0.025 0.325 0.5 0.8 
5211    0.2 0.6 0.2 0.6 0.4 0.2  2.14485 0.025 0.15 0.85 0.55 0.425 0.35 0.65 0.05 0.175 0.325 0.8 0.85 0.525 0.225 0.35 0.375 0.05 0 0.775 0.55 0.95 0.3 0.55 0.75 
5237    0.2 0.6 0.2 0.8 0.4 0.4  2.09388 0.05 0.4 0.525 0.425 0.775 0.95 0.95 0.05 0.875 0.675 0.475 0.85 0.85 0.85 1 0.825 0.3 0.9 0.375 0.025 1 0.025 0.325 0.175 
5311    0.2 0.6 0.4 0.4 0.4 0.2  2.15187 0.075 0.5 0.975 0.275 0.075 0.35 0.175 0.2 0.2 0.175 0.15 0.325 0.05 0.55 0.8 0.875 0.45 0.1 0.35 0.825 0.775 0.05 1 0.35 
5330    0.2 0.6 0.4 0.6 0.2 0  2.65364 0.15 0.825 0.025 0.7 0.9 0.35 0.675 0.8 0.125 0.575 1 0.775 0.45 0.4 0.4 0.3 0.925 0.6 0.65 0.8 0.125 0.25 0.425 0.85 
5331    0.2 0.6 0.4 0.6 0.2 0.2  2.88741 0.75 0.6 1 0.45 0.15 0.075 0.9 0.975 0.375 0.3 0.65 0.35 0.725 0.525 0.85 0.3 0.825 0.675 0.825 0.05 0.3 0.025 0.2 0.75 
5361    0.2 0.6 0.4 0.8 0.4 0.2  2.21709 0.175 0.575 0.55 0.425 0.125 0.35 0.9 0.925 0.175 0.3 0.875 0.9 0.6 0.975 0.45 0.875 0.8 0.75 0.45 0.525 0.9 0.85 0.35 0.9 
5683    0.2 0.8 0 0.4 0.2 0.6  2.80864 0.3 0.15 0.925 0.8 0.575 0.225 0.725 0.8 0.575 0.65 0.325 0.825 0.725 0.525 0.4 0.175 0.375 0.4 0.725 0.1 0.2 0.675 0.15 0.275 
5709    0.2 0.8 0 0.6 0.2 0.8  1.84587 0.075 0.2 0.05 0.65 0.875 0.05 0 0.5 0.9 0.225 0.125 0.475 0.9 0.35 0.625 0.75 0.5 0.45 0.55 0.725 0.6 0.575 0.45 0.65 
5807    0.2 0.8 0.2 0.4 0.2 0.4  2.84896 0.3 0.15 0.925 0.8 0.575 0.225 0.725 0.8 0.575 0.65 0.5 0.825 0.725 0.325 0.4 0.175 0.375 0.4 0.725 0.1 0.2 0.675 0.15 0.275 
5816    0.2 0.8 0.2 0.4 0.6 0.2  2.44894 0.3 0.15 0.925 0.8 0.575 0.675 0.725 0.8 0.575 0.65 0.325 0.825 0.725 0.525 0.4 0.175 0.375 0.4 0.725 0.1 0.2 0.675 0.15 0.275 
5833    0.2 0.8 0.2 0.6 0.2 0.6  2.50312 0.3 0.15 0.925 0.8 0.575 0.225 0.725 0.8 0.575 0.65 0.3 0.825 0.725 0.525 0.4 0.175 0.375 0.4 0.725 0.1 0.2 0.675 0.15 0.275 
6532    0.4 0 0.4 0.2 0.2 0.4  2.06337 0.025 0.175 0.8 0.05 0.35 0.9 0.35 0.475 0.725 0.05 0.225 1 0.025 0.875 0.8 0.15 0.725 0.05 0.875 0.925 0.65 0.825 0.85 0.375 
6561    0.4 0 0.4 0.4 0.4 0.2  3.81245 0.775 0.5 0.35 0.375 0.25 0 0.625 0.925 0.475 0.35 0.725 0.05 0.55 0.325 0.25 0.075 0.675 0.025 0.65 0.55 0.975 0.875 0.9 0.15 
6577    0.4 0 0.4 0.6 0 0.4  3.56943 0.775 0.5 0.35 0.375 0.25 0.775 0.625 0.925 0.475 0.35 0.725 0.05 0.55 0.325 0.25 0.075 0.675 0.025 0.65 0.55 0.975 0.875 0.9 0.15 
6582    0.4 0 0.4 0.6 0.2 0.4  3.16292 0.625 0.425 0.675 0.25 0.475 0.775 0.175 0.225 0.5 0.95 1 0.525 0.7 0.775 0.775 0 0.45 0.75 0.925 0.5 0.7 1 0.675 0.325 
6586    0.4 0 0.4 0.6 0.4 0.2  2.59368 0.45 0.475 0.375 0.775 0.375 0.975 0.025 0.525 0.175 0.725 0.525 0.275 0.875 0.25 0.075 0.2 0.875 0.025 0 0.025 0.275 0 0.7 0.575 
6726    0.4 0 0.6 0.8 0 0.2  3.68947 0.475 0.675 0.625 0.5 0.9 0.75 0.8 0.025 0.2 0.55 0 0.35 0.05 0.35 0.05 0.6 0.55 0.2 0.35 0.925 0.35 0.9 0.3 0.35 
6736    0.4 0 0.6 0.8 0.4 0.2  3.82303 0.65 0.55 0.625 0.9 0.525 0.025 0.925 0.65 0.35 0.025 0.025 0.4 0.15 1 0.95 0.6 0.95 0.725 0.4 0.75 0.375 0.55 0.875 0.575 
6931    0.4 0.2 0 0.4 0.2 0.2  4.78063 0.975 0.725 0.5 0.175 0.225 0.075 0.375 0.5 0.425 0.125 0.8 0.925 0.4 0.675 0.975 0.775 0.575 0.25 0.075 0.75 0.7 0.225 0.65 0.475 
7051    0.4 0.2 0.2 0.4 0 0.2  5.00313 1 0.35 0.7 0.575 0.35 0.05 0.1 0 0.775 0 0.775 0.725 0.775 0.325 0.2 0.8 1 0.275 0.325 0.075 0.425 0.7 0.35 0.675 
7055    0.4 0.2 0.2 0.4 0.2 0  4.85803 0.85 0.95 0.775 0.175 0.775 0.6 1 0.075 0.825 0.85 0.625 0.025 0.875 0.35 0.6 0.225 0.175 0.6 0.075 0.925 0.925 0.825 0.025 0.125 
7056    0.4 0.2 0.2 0.4 0.2 0.2  5.64065 0.925 0.95 0.275 0.975 0.375 0.975 0.25 0.5 0.15 0.35 0.55 0.4 0.15 0.35 0.1 0.175 0.325 0.65 0.775 0.55 0.475 0.9 0.1 0.625 
7060    0.4 0.2 0.2 0.4 0.4 0  5.28884 1 0.15 0.225 0.85 0.875 0.075 0.15 0.85 0.325 0.025 0.6 0.425 0.475 0.375 0.1 0.475 0 0.6 0.2 0.525 0.4 0.425 0.4 0.575 
7061    0.4 0.2 0.2 0.4 0.4 0.2  4.97177 0.8 0.025 0.125 0.95 0.55 0.425 0.625 0.125 0.425 0.95 0.15 0.8 0.825 0.85 0 0.3 0.625 0.35 0.4 0.675 0 0.05 0.625 0.175 
7062    0.4 0.2 0.2 0.4 0.4 0.4  3.7803 0.95 0.5 0.475 0.175 0.575 1 0.05 0.6 0.6 0.275 0.8 1 0.7 0.05 0.95 0.575 1 0.275 0.35 0.6 0.125 1 0.275 0.975 
7066    0.4 0.2 0.2 0.4 0.6 0.2  2.4303 0.475 1 0.475 0.3 0 0.775 0.9 0.1 0.075 0.9 0.175 0.275 1 0.675 0.85 0.025 0.15 0.225 0.7 0.9 0.05 0.3 0.675 0.525 
7076    0.4 0.2 0.2 0.6 0 0.2  4.23066 0.975 0.7 0.55 0.45 0.975 0.375 0.025 0.35 0.325 0.8 1 0.675 0.65 0.85 0.075 0.325 0.325 0.5 0.725 0.275 1 0.625 0.05 0.725 
7081    0.4 0.2 0.2 0.6 0.2 0.2  4.66489 0.875 0.075 0.55 0.7 0.55 0.475 0.725 0.95 0.225 0.225 0.275 0.375 0.325 0.4 0.025 0.775 0.325 0.925 0.15 0.65 0.1 0.1 0.975 0.425 
7085    0.4 0.2 0.2 0.6 0.4 0  5.06073 0.975 0.825 0.025 0.325 0.85 0.975 0 0.225 0.5 0.15 0.775 0.275 0.125 0.725 0.75 0.925 0.6 0.825 0.45 0.05 0.175 0.475 0.575 0.75 
7110    0.4 0.2 0.2 0.8 0.4 0  2.41679 0.45 0.575 0.7 0.3 1 0.3 0.5 0.8 0.525 0.9 0 0.35 0.15 0.975 0.775 0.9 0.175 0.05 0.45 0.225 0.125 0.675 0.45 0.175 
7163    0.4 0.2 0.4 0.2 0.4 0.6  1.79552 0.05 1 0.45 0.575 0.5 0.4 0.625 0 0.925 0.95 0.975 0.8 0.6 0.95 0.375 0.5 1 0.15 0.65 0.975 0.9 0.8 0.525 0.675 
7181    0.4 0.2 0.4 0.4 0.2 0.2  3.72003 0.65 0.475 0.1 0.225 0.075 0.125 0.875 0.325 0.775 0.225 0.95 0.025 0.35 0.25 0.3 0.575 0.725 0.15 0.55 0.425 0.75 0.55 0.425 0.65 
7183    0.4 0.2 0.4 0.4 0.2 0.6  2.00282 0.05 0.75 0.25 0.05 0.375 0.825 0.025 0.75 0.025 0.65 0.375 0.7 0.15 0.05 0.3 0.95 0.8 0.175 0.725 0.875 0.15 0.625 0.6 0.275 
7185    0.4 0.2 0.4 0.4 0.4 0  4.50813 0.9 0.175 0.3 0.625 0.85 0.125 0.825 0.375 0.2 0.875 0.775 0.25 0.975 0.475 0.1 0.85 0.15 0.575 0.15 0.225 0.3 0.6 0.625 0.1 
7186    0.4 0.2 0.4 0.4 0.4 0.2  3.86392 0.65 0.55 0.625 0.9 0.525 0.025 0.45 0.65 0.35 0.025 0.025 0.4 0.15 1 0.95 0.6 0.95 0.725 0.4 0.75 0.375 0.55 0.875 0.125 
7202    0.4 0.2 0.4 0.6 0 0.4  3.91312 0.775 0.5 0.35 0.375 0.25 0.775 0.625 0.925 0.475 0.35 0.725 0.05 0.1 0.325 0.875 0.075 0.675 0.025 0.65 0.55 0.975 0.875 0.95 0.15 
7205    0.4 0.2 0.4 0.6 0.2 0  4.40965 0.8 0.65 0.35 0.725 0.3 0.3 0.025 0.85 0.85 0.125 0.225 0.075 0.75 0.975 0.8 0.575 0.95 0.375 0.875 0.625 0.2 0.675 0.625 0.7 
7206    0.4 0.2 0.4 0.6 0.2 0.2  4.3896 0.85 0.025 0.2 0.625 0.125 0.175 0.7 0.4 0.825 0 0.675 0 0.05 0.5 0.25 0.05 0.9 0.85 0.275 0.275 0.9 0.95 0 0.5 
7207    0.4 0.2 0.4 0.6 0.2 0.4  1.86851 0.2 0.9 0.075 0.8 0.1 0.675 0.575 0.4 0.125 0.725 0 0.85 0.025 1 0.9 0.625 0.3 0.15 0.825 0.3 0.3 1 0.175 0.55 
7210    0.4 0.2 0.4 0.6 0.4 0  4.09243 0.8 0.65 0.35 0.725 0.3 0.3 0.25 0.85 0.6 0.125 0.025 0.075 0.75 0.975 0.8 0.575 0.95 0.375 0.875 0.75 0.2 0.675 0.625 0.7 
7211    0.4 0.2 0.4 0.6 0.4 0.2  2.15627 0.2 0.45 0.075 0.875 0.2 0.05 0.075 0.225 0.725 0.7 0.725 0.675 0.15 0.9 0.35 0.575 0.45 0.325 0.45 0.025 0.075 0.15 0.125 0.375 
7215    0.4 0.2 0.4 0.6 0.6 0  3.43723 0.5 0.975 0.425 0.25 0.825 0.475 0.75 0.075 0.125 0.65 1 0.5 0.175 0.475 0.85 0.15 0.05 0.825 0.575 0.125 0.85 0.05 0.2 0.05 
7216    0.4 0.2 0.4 0.6 0.6 0.2  2.4159 0.5 0.55 0.875 0.15 0.05 0.625 0.025 0.025 0.25 0 0.675 0.875 0.725 0.5 0.8 0.05 0.85 0.775 0 1 0 0.5 0.25 0.975 
7287    0.4 0.2 0.6 0.2 0.4 0.4  2.13556 0.05 1 0.45 0.575 0.5 0.4 0.625 0 0.625 0.95 0.975 0.8 0.6 1 0.375 0.5 1 0.15 0.65 0.975 0.9 0.8 0.525 0.675 
7288    0.4 0.2 0.6 0.2 0.4 0.6  2.11657 0.05 1 0.45 0.575 0.5 0.4 0.625 0 0.925 0.95 0.975 0.8 0.6 1 0.375 0.5 1 0.15 0.65 0.975 0.9 0.8 0.525 0.675 
7307    0.4 0.2 0.6 0.4 0.2 0.4  2.47625 0.225 0.75 0.15 0.6 0.075 0.1 1 0.475 0.375 0.375 0.8 0.075 0.225 0.55 0.45 0.45 0.775 0.275 0.95 0.35 0.675 0.25 0.75 0.925 
7311    0.4 0.2 0.6 0.4 0.4 0.2  3.18143 0.475 0.55 0.675 0.15 0.825 0.4 0 0.625 0.1 0.1 0.2 0.9 0.5 0.325 0.2 0.775 0.45 0.95 0.05 0.15 0.9 0.1 0.45 0.175 
7320    0.4 0.2 0.6 0.4 0.8 0  2.04675 0.25 0.9 0.225 0.5 0.625 0.7 0 0.15 0.1 0.9 0.1 0.625 0.425 0.525 0 0.925 0.825 0.4 0.125 0.6 0.625 0.375 0.875 0.625 
7321    0.4 0.2 0.6 0.4 0.8 0.2  2.15981 0.25 0.9 0.225 0.575 0.625 0.7 0 0.15 0.1 0.9 0.1 0.625 0.425 0.525 0 0.925 0.825 0.4 0.125 0.6 0.625 0.375 0.875 0.625 
7331    0.4 0.2 0.6 0.6 0.2 0.2  2.56748 0.375 0.375 0.325 0.375 0.85 0.875 0.475 0.175 0.975 0.25 0.775 0.175 0.45 0.325 0.875 0.55 0.275 0.875 0.725 0.65 0.175 0.15 0.05 0.225 
7332    0.4 0.2 0.6 0.6 0.2 0.4  2.50042 0.375 0.375 0.325 0.375 0.85 0.875 0.475 0.05 0.225 0.25 0.625 0.175 0.45 0.325 0.875 0.55 0.275 0.875 0.725 0.65 0.175 0.15 0.05 0.225 
7336    0.4 0.2 0.6 0.6 0.4 0.2  2.49821 0.2 1 0.825 0.025 0.475 0.3 0.9 0.85 0.625 0.075 0.325 0.2 0.525 0.975 0 0.625 0.75 0.5 0.4 0.325 0.425 0.475 0.05 0.325 
7337    0.4 0.2 0.6 0.6 0.4 0.4  3.08491 0.475 0.55 0.675 0.15 0.825 0.4 0 0.625 0.675 0.1 0.2 0.9 0.5 0.325 0.2 0.775 0.45 0.95 0.05 0.15 0.9 0.925 0.1 0.175 
7547    0.4 0.4 0 0.2 0.8 0.4  2.15752 0.275 0.95 0.175 0.1 0.85 0.975 0.25 0.275 0.875 0.225 0.5 0.375 0.825 0.675 0.55 0.95 0.175 0.375 0.4 0.025 0.4 0.375 1 0.4 
7548    0.4 0.4 0 0.2 0.8 0.6  2.16276 0.275 0.95 0.175 0.1 0.85 0.975 0.25 0.275 0.875 0.225 0.5 0.725 0.825 0.675 0.55 0.95 0.175 0.375 0.4 0.025 0.4 0.375 1 0.4 
7556    0.4 0.4 0 0.4 0.2 0.2  5.10962 0.975 0.7 0.55 0.45 0.275 0.6 0.025 0.35 0.975 0.8 1 0.675 0.65 0.85 0.825 0.325 0.325 0.5 0.725 0.275 1 0.625 0.05 0.725 
7557    0.4 0.4 0 0.4 0.2 0.4  2.85753 0.475 0.425 0.8 0.475 1 0.65 0.35 0.25 0.675 0.725 0.475 0.725 0.2 0.8 0.525 0.2 0.375 1 0.625 0.5 0.675 0.225 0.025 0.35 
7561    0.4 0.4 0 0.4 0.4 0.2  5.80932 1 0.525 0.325 0.275 0.475 0.9 0.8 0.075 0.85 0.2 0.5 0.925 0.8 0.775 0 0.95 0.5 0.775 0.475 0.45 0.725 0.3 0.525 0.425 
7562    0.4 0.4 0 0.4 0.4 0.4  5.26193 1 0.4 0.5 0.975 0.9 0.7 0.9 0.625 0.75 0.75 0.65 0.2 0.875 0.025 0.85 0.975 0.375 0.975 0.1 0.325 0.9 0.025 0.225 0.05 
7563    0.4 0.4 0 0.4 0.4 0.6  3.29419 0.625 0.575 0.175 0.425 0.85 0.15 0.25 0.775 0.75 0.7 0.275 0.85 0.575 0.75 0.225 0.7 0.425 0.6 0.5 0.825 0.2 0.575 0.575 0.6 
7566    0.4 0.4 0 0.4 0.6 0.2  2.66549 0.65 1 0.475 0.3 0 0.775 0.9 0.1 0.075 0.9 0.175 0.275 1 0.675 0.85 0.025 0.15 0.225 0.7 0.9 0.05 0.3 0.675 0.525 
7581    0.4 0.4 0 0.6 0.2 0.2  3.77676 0.75 0.075 0.225 0.6 0.65 0.275 0.95 0.475 0.8 0.7 0.95 0.575 0.125 1 0.825 0.825 0.85 0.925 0.925 0.65 0.65 0.85 0.325 0.675 
7586    0.4 0.4 0 0.6 0.4 0.2  4.07297 0.85 0.25 0.55 0.775 0.875 0.525 0.45 0.5 0.225 0.7 0.25 0.975 0.725 0.35 1 0.15 0.15 0.45 0.55 0.55 0.8 0.925 0.825 0.475 
7587    0.4 0.4 0 0.6 0.4 0.4  1.9312 0.05 0.4 0.525 0.25 0.375 0.925 0.95 0.05 0.875 0.675 0.475 0.85 0.85 0.85 1 0 0.3 0.9 0.375 0.025 1 0.025 0.5 0.175 
7591    0.4 0.4 0 0.6 0.6 0.2  2.07574 0 0.475 0.45 0.075 0.725 0.475 0.15 0.225 0.45 0.325 0 0.525 1 0.725 0.55 0.75 0.625 0.75 0.775 0.375 0.825 0.35 0.35 0.7 
7662    0.4 0.4 0.2 0.2 0.4 0.4  1.68601 0.15 0.325 0.55 0.525 0.275 0.125 0.45 0.775 0.5 0.925 0.2 0.025 0.325 0.7 0.65 0.85 0.4 0.65 0.2 0.3 0.85 0.8 0.675 0.375 
7666    0.4 0.4 0.2 0.2 0.6 0.2  3.27141 0.3 0.45 0.2 0.225 0.725 0.6 0.875 0.875 0.575 0.775 0.425 0.9 0.525 0.75 1 0.125 0.225 0.45 0.075 0.675 0 0.85 0.975 0.175 
7671    0.4 0.4 0.2 0.2 0.8 0.2  1.7413 0.275 0.95 0.175 0.1 0.85 0.975 0.25 0.275 0.875 0.225 0.5 0.725 0.825 0.675 0.55 0.95 0.175 0.375 0.4 0.625 0.4 0.375 0.8 0.4 
7681    0.4 0.4 0.2 0.4 0.2 0.2  4.96013 0.925 0.45 0.075 0.875 0.2 0.05 0.075 0.225 0.725 0.7 0.725 0.675 0.15 0.9 0.35 0.575 0.45 0.775 0.45 0.025 0.075 0.15 0.125 0.375 
7682    0.4 0.4 0.2 0.4 0.2 0.4  4.78332 0.975 0.85 0.025 0.7 0.75 0.975 0.275 0.875 0.275 0.975 0.7 0.9 0.825 0.675 1 0.7 0.95 0.825 0.65 0.175 0.05 0.95 0.975 0.95 
7683    0.4 0.4 0.2 0.4 0.2 0.6  1.72443 0.15 0.325 0.55 0.05 0.275 0.125 0.45 0.775 0.5 0.925 0.2 0.025 0.325 0.7 0.65 0.85 0.4 0.65 0.2 0.3 0.65 0.8 0.675 0.85 
7685    0.4 0.4 0.2 0.4 0.4 0  5.57916 0.975 0.525 0.45 0.175 0.775 0.575 0.375 0.8 0.65 0.825 0.3 0.375 0.75 0.55 0.15 0.7 0.925 0.875 0.9 0.95 0.525 0.375 0.5 0 
7686    0.4 0.4 0.2 0.4 0.4 0.2  5.32389 1 0.525 0.325 0.275 0.475 0.9 0.8 0.075 0.85 0.2 0.5 0.925 0.8 0.775 0 0.6 0.5 0.775 0.475 0.45 0.725 0.3 0.525 0.425 
7690    0.4 0.4 0.2 0.4 0.6 0  4.03802 0.875 1 0.075 0.525 0.525 0.575 0.425 0.45 0.55 0.45 0.225 0.025 0.225 0.45 0.05 1 0.8 0.325 0.975 0.575 0.025 0.075 0.125 0.525 
7691    0.4 0.4 0.2 0.4 0.6 0.2  2.81899 0.875 1 0.075 0.525 0.525 0.575 0.425 0.45 0.55 0.875 0.225 0.025 0.225 0.45 0.05 1 0.8 0.325 0.975 0.575 0.025 0.075 0.125 0.525 
7692    0.4 0.4 0.2 0.4 0.6 0.4  2.85509 0.475 0.55 0.45 0.15 0.825 0.4 0 0.625 0.675 0.1 0.2 0.9 0.5 0.325 0.2 0.15 0.45 0.95 0.65 0.15 0.9 0.925 0.1 0.175 
7701    0.4 0.4 0.2 0.6 0 0.2  4.58566 0.975 0.7 0.55 1 0.975 0.375 0.025 0.35 0.5 0.8 1 0.675 0.65 0.85 0.075 0.325 0.325 0.5 0.725 0.275 1 0.625 0.05 0.725 
7702    0.4 0.4 0.2 0.6 0 0.4  3.32241 0.65 0.75 0.725 0.925 0.825 0.1 0.4 0.55 0.3 0.25 0.875 0.85 0.875 0.2 0.95 0.775 0.7 0.425 0.125 0.475 0.7 0.8 0.475 0.275 
7706    0.4 0.4 0.2 0.6 0.2 0.2  5.25432 0.95 0.875 0.775 0.175 0.075 1 0.525 0.025 1 0.7 0.25 1 0.6 0.925 0.15 0.225 0.65 0.5 0.45 0.55 0.85 0.5 0.35 0.825 
7707    0.4 0.4 0.2 0.6 0.2 0.4  3.95738 0.7 0.125 0.325 0.375 1 0.75 0.3 0.225 1 0.625 0 0.075 0.875 0.65 0.975 0.975 0.425 0.175 0.55 0.325 0.725 0.225 0.025 0.925 
7710    0.4 0.4 0.2 0.6 0.4 0  3.73452 0.7 1 0.025 0.425 1 0.3 0.175 0.8 1 0.7 0.625 0.925 0.1 0.95 0.075 0.175 0.725 0.6 0.15 0.4 0.15 0.1 0.75 0.925 
7711    0.4 0.4 0.2 0.6 0.4 0.2  4.89701 0.875 0.275 1 1 0.85 0.025 0.25 0.45 0.875 0.75 0.875 0.05 0.875 0.8 1 0.7 0.6 0.725 0.6 0.3 0.45 0.025 0.175 0.925 
7732    0.4 0.4 0.2 0.8 0.2 0.4  1.91579 0.4 0.45 0.55 0.05 0.725 0.175 0.875 0.325 0.075 0.3 0 0.725 0.325 0.3 0.8 0.125 0.425 0.175 0.3 0.775 0.975 0.7 0.85 0.475 
7737    0.4 0.4 0.2 0.8 0.4 0.4  3.17641 0.325 0.075 0.45 0.65 0.425 0.225 0.7 0.175 0.025 0.225 0.625 0.2 0.225 0.2 0.325 0.625 0.15 0.625 0.5 0.4 0.975 0.05 0.725 0.025 
7741    0.4 0.4 0.2 0.8 0.6 0.2  2.10265 0.05 0.4 0.525 0.25 0.375 0.925 0.95 0.05 0.875 0.675 0.475 0.85 0.85 0.85 1 0.825 0.3 0.9 0.375 0.025 1 0.025 0.5 0.175 
7783    0.4 0.4 0.4 0.2 0.2 0.6  2.05588 0.025 0.175 0.8 0.05 0.35 0.9 0.35 0.475 0.725 0.05 0.225 1 0.025 0.875 0.8 0.55 0.725 0.05 0.875 0.925 0.65 0.825 0.85 0.375 
7804    0.4 0.4 0.4 0.4 0 0.8  1.87916 0.075 0.2 0.05 0.65 0.875 0.05 0.325 0.5 0.9 0.225 0.125 0.475 0.9 0.35 0.625 0.75 0.5 0.45 0.55 0.45 0.6 0.575 0.45 0.65 
7810    0.4 0.4 0.4 0.4 0.4 0  5.09794 0.85 0.95 0.475 0.175 0.775 0.6 1 0.075 0.825 0.85 0.625 0.025 0.875 0.35 0.375 0.225 0.175 0.6 0.075 0.925 0.925 0.825 0.375 0.125 
7811    0.4 0.4 0.4 0.4 0.4 0.2  3.66769 0.525 0.125 0.05 0.075 0.825 0.15 0.275 0.375 0.65 0.4 0.525 0.05 0.25 0.55 0.65 0.525 0.15 0.55 0.875 0.475 0.025 0.35 0.65 0.5 
7815    0.4 0.4 0.4 0.4 0.6 0  3.54774 0.875 1 0.35 0.525 0.525 0.575 0.425 0.45 0.55 0.45 0.225 0.025 0.225 0.45 0.05 1 0.8 0.325 0.975 0.575 0.025 0.075 0.125 0.525 
7816    0.4 0.4 0.4 0.4 0.6 0.2  2.86549 0.375 0.85 0.425 0.5 0.825 0.6 0.15 0.3 0.35 0.075 0.45 0.525 0.675 0.5 0.175 0.25 0.8 0.95 0.95 0.55 0.125 0.975 0.45 0.625 
7830    0.4 0.4 0.4 0.6 0.2 0  3.55058 0.875 0.4 0.975 0.775 0.2 0.2 0.95 0.65 0.85 0.25 0.575 0.025 0.85 0.725 0.475 0.5 0.075 0.825 0.325 0.025 0.95 0.6 0.65 0.6 
7831    0.4 0.4 0.4 0.6 0.2 0.2  4.78986 0.85 0.025 0.2 0.625 0.125 0.175 0.7 0.4 0.875 0 0.675 0 0.05 0.5 0.25 0.05 0.9 0.85 0.275 0.275 0.7 0.95 0 0.5 
7835    0.4 0.4 0.4 0.6 0.4 0  4.20821 0.7 0.5 0.125 0.4 0.5 0.3 0.35 0.275 0.325 0.5 0.475 0.45 0.625 0.625 0.6 0.025 0.35 0.9 0.875 0.775 0.65 0.025 0.375 0.35 
7836    0.4 0.4 0.4 0.6 0.4 0.2  5.02948 0.925 0.975 0.175 0.55 0.4 0.875 0.725 0.85 0.575 0.425 0.35 0.25 0.35 0.375 0.775 0.5 0.55 0.2 0.45 0.725 0.125 0.3 0.875 0.1 
7837    0.4 0.4 0.4 0.6 0.4 0.4  3.91309 0.65 0.475 0.1 0.225 0.075 0.125 0.875 0.325 0.775 0.225 0.95 0.025 0.35 0.25 0.3 0.575 0.725 0.15 0.55 0.425 0.75 0.875 0.425 0.65 
7841    0.4 0.4 0.4 0.6 0.6 0.2  3.26593 0.525 0.25 0.325 0.15 0.975 0.975 0.85 0.825 0.85 0.775 0.425 0.35 0.425 0.95 0.875 0.65 0 0.975 0.5 0.8 0.7 0.2 0.525 0.975 
7856    0.4 0.4 0.4 0.8 0.2 0.2  3.10714 0.65 0.55 0.625 0.9 0.525 0.025 0.925 0.65 0.35 0.025 0.025 0.4 0.15 1 0.95 0.6 0.95 0.725 0.4 0.75 0.375 0.55 0.875 0.125 
7931    0.4 0.4 0.6 0.4 0.2 0.2  2.55083 0.2 0.9 0.075 0.8 0.1 0.675 0.575 0.4 0.675 0.025 0 0.85 0.025 1 0.9 0.625 0.3 0.15 0.825 0.3 0.3 1 0.175 0.55 
7936    0.4 0.4 0.6 0.4 0.4 0.2  2.36351 0.2 0.9 0.075 0.8 0.1 0.675 0.575 0.4 0.675 0.025 0 0.85 0.025 1 0.9 0.625 0.3 0.15 0.825 0.3 0.3 0.1 0.175 0.55 
7940    0.4 0.4 0.6 0.4 0.6 0  1.95706 0.25 0.9 0.225 0.575 0.625 0.7 0 0.15 0.1 0.9 0.1 0.725 0.425 0.525 0 0.925 0.825 0.4 0.125 0.6 0.625 0.375 0 0.625 
7941    0.4 0.4 0.6 0.4 0.6 0.2  2.01403 0.25 0.9 0.225 0.575 0.625 0.7 0 0.025 0.1 0.9 0.1 0.625 0.425 0.525 0 0.25 0.825 0.4 0.125 0.6 0.625 0.375 0.875 0.625 
7956    0.4 0.4 0.6 0.6 0.2 0.2  2.80131 0.375 0.85 0.425 0.5 0.825 0.6 0.15 0.3 0.35 0.075 0.45 0.525 0.675 0.5 0.175 0.25 0.8 0.95 0.725 0.55 0.125 0.975 0.45 0.625 
8158    0.4 0.6 0 0.2 0.2 0.6  2.0077 0.15 0.325 0.55 0.525 0.275 0.125 0.45 0.775 0.5 0.925 0.2 0.025 0.325 0.7 0.65 0.85 0.4 0.65 0.2 0.3 0.85 0.8 0.675 0.85 
8166    0.4 0.6 0 0.2 0.6 0.2  2.89487 0.575 0.175 0.625 0.325 0.225 1 0.7 0.35 0.85 0.65 0.25 0.025 0.925 0.95 1 0.275 0.725 0.275 0.3 0.475 0.025 0.625 0.375 0.925 
8182    0.4 0.6 0 0.4 0.2 0.4  2.1722 0.2 0.675 0.05 0.425 0.225 0.1 0.375 0.725 0.825 0.6 0.475 0.1 0.15 0 0.775 0.825 0.975 0.85 0.125 0.5 0.375 0.9 0.625 0.2 
8186    0.4 0.6 0 0.4 0.4 0.2  3.20854 0.575 0.525 0.225 0.925 1 0.975 0.7 0.8 0.6 0.65 0.525 0.05 0.975 0.925 0.7 0.65 0.9 0.5 0.55 0.7 0.7 0.825 0.225 0.825 
8187    0.4 0.6 0 0.4 0.4 0.4  3.13088 0.525 0.05 0.625 1 0.4 0.025 0.775 0.1 0.425 0.625 0.35 0.525 0.05 0.6 0.325 0.175 0.425 0.675 0.65 0.025 0.9 0.9 0.725 0.025 
8192    0.4 0.6 0 0.4 0.6 0.4  2.99163 0.35 0.675 0.55 0.45 0.275 0.5 0.675 0.85 0.775 0.25 0.675 0.2 0.875 0.25 0.475 0.6 0.225 0.95 0.6 0.525 0.825 1 0.65 0.85 
8195    0.4 0.6 0 0.4 0.8 0  2.07782 0.275 0.95 0.175 0.1 0.85 0.975 0.25 0.275 0.875 0.225 0.5 0.725 0.825 0.675 0.55 0.8 0.175 0.375 0.4 0.025 0.4 0 1 0.4 
8196    0.4 0.6 0 0.4 0.8 0.2  1.86552 0.1 0.675 0.55 0.875 0.275 0.825 0.675 0.85 0.775 0.25 0.675 0.2 0.875 0.25 0.475 0.6 0.225 0.95 0.6 0.525 0.825 1 0.65 0.85 
8202    0.4 0.6 0 0.6 0 0.4  3.27703 0.65 0.55 0.725 0.925 0.825 0.1 0.4 0.55 0.3 0.25 0.875 0.85 0.875 0.2 0.95 0.775 0.7 0.425 0.125 0.475 0.7 0.8 0.475 0.275 
8207    0.4 0.6 0 0.6 0.2 0.4  2.71476 0.3 0.4 0.825 0.325 0 0.7 0.725 0.725 0.625 0.05 0.5 0.55 0.35 0.675 0.775 0.2 0.95 0.65 0.9 0.7 0.925 0.625 0.125 0.925 
8211    0.4 0.6 0 0.6 0.4 0.2  2.37257 0.225 0.4 0.825 0.325 0 0.1 0.725 0.725 0.075 0.05 0.5 0.55 0.35 0.675 1 0.275 0.95 0.65 0.9 0.7 0.925 0.625 0.125 0.925 
8307    0.4 0.6 0.2 0.4 0.2 0.4  2.57467 0.2 0.675 0.05 0.425 0.225 0.1 0.375 0.725 0.8 0.6 0.475 0.1 0.15 0 0.775 0.825 0.975 0.85 0.125 0.5 0.025 0.9 0.625 0.2 
8308    0.4 0.6 0.2 0.4 0.2 0.6  2.30961 0.15 0.325 0.025 0.525 0.275 0.125 0.45 0.775 0.5 0.925 0.2 0.025 0.325 0.7 0.65 0.85 0.4 0.65 0.2 0.3 0.675 0.8 0.675 0.85 
8310    0.4 0.6 0.2 0.4 0.4 0  3.92826 0.85 0.85 0.9 0.525 0.45 0.325 0.15 0.4 0.2 0.275 0.325 0.75 0.075 0.75 0.925 0.7 0.1 0.675 0.175 0.025 0.4 0.55 0.825 0.125 
8311    0.4 0.6 0.2 0.4 0.4 0.2  3.22893 0.725 0.975 0.775 0.8 0.55 1 0.375 0.1 0.825 0.525 0.875 0.275 0.825 0.8 0.95 0.075 0.15 0.925 0.375 0.175 0.075 0.475 0.025 0.975 
8312    0.4 0.6 0.2 0.4 0.4 0.4  2.42926 0.475 0.225 0.05 0.925 0.5 0.15 0.55 0.7 0.975 0.725 0.025 0.7 0.975 0.85 0.675 0.075 0.975 0.575 0.75 0.275 0 0.275 0.625 0.425 
8316    0.4 0.6 0.2 0.4 0.6 0.2  3.23049 0.275 0.025 0.3 0.375 0.325 0.85 0.325 0.2 0.225 0.3 0.55 0.925 0.25 0.6 0.825 0.6 0.925 0.475 0.5 0.275 0.15 0.925 0.4 0.35 
8326    0.4 0.6 0.2 0.6 0 0.2  2.60533 0.425 0.475 0.55 0.175 0.675 0.8 0.075 0.075 0.35 0.225 0.85 0.75 0.1 0.175 0.475 0.675 0.4 0.075 0.35 0.8 0.375 0.475 0.975 0.55 
8331    0.4 0.6 0.2 0.6 0.2 0.2  2.63462 0.425 0.575 0.975 0.325 0.55 0 0.125 0.15 0.875 0.825 0.05 0.225 0.275 0.225 0.375 0 0.3 0.15 0.45 0.5 0.7 0.575 0.475 0.45 
8332    0.4 0.6 0.2 0.6 0.2 0.4  3.33216 0.45 0.6 1 0.45 0.9 0.075 0.9 0.975 0.375 0.3 0.65 0.35 0.725 0.525 0.875 0.3 0.825 0.675 0.825 0.05 0.3 0.025 0.2 0.75 
8333    0.4 0.6 0.2 0.6 0.2 0.6  2.75383 0.5 0.475 0.275 0.175 0.95 0.05 0.625 0.025 0.3 0.875 0.125 0.9 0.45 0.2 0.275 0.35 0.35 0.175 0.85 0.75 0.1 0.35 0.4 0.975 
8337    0.4 0.6 0.2 0.6 0.4 0.4  2.8751 0.4 0.45 0.95 0.875 0.725 0.975 0.75 0.6 0.8 0.35 0.425 0.8 0.35 0.4 0.475 0.6 0.425 0.85 0.55 0.85 0.025 0.725 0.225 0.775 
8362    0.4 0.6 0.2 0.8 0.4 0.4  2.88113 0.325 0.075 0.45 0.65 0.425 0.225 0.925 0.175 0.025 0.225 0.625 0.2 0.225 0.2 0.325 0.625 0.15 0.625 0.5 0.4 0.825 0.05 0.725 0.025 
8436    0.4 0.6 0.4 0.4 0.4 0.2  2.42695 0.075 0.5 0.975 0.275 0.075 0.35 0.175 0.2 0.2 0.175 0.15 0.325 0.05 0.55 0.8 0.875 0.4 0.1 0.35 0.825 0.775 0.05 0.2 0.35 
8437    0.4 0.6 0.4 0.4 0.4 0.4  2.29429 0.2 0.675 0.05 0.425 0.225 0.1 0.375 0.725 0.8 0.6 0.475 0.1 0.15 0 0.775 0.825 0.975 0.375 0.125 0.5 0.375 0.9 0.625 0.2 
8442    0.4 0.6 0.4 0.4 0.6 0.4  2.31926 0.1 0.675 0.55 0.45 0.275 0.825 0.425 0.85 0.775 0.25 0.675 0.2 0.875 0.25 0.475 0.6 0.225 0.95 0.6 0.525 0.825 1 0.65 0.85 
8452    0.4 0.6 0.4 0.6 0 0.4  2.65241 0.425 0.475 0.55 0.175 0.675 0.65 0.075 0.075 0.175 0.225 0.85 0.75 0.95 0.175 0.475 0.675 0.4 0.075 0.35 0.8 0.375 0.475 0.975 0.55 
8481    0.4 0.6 0.4 0.8 0.2 0.2  2.17606 0.225 0.4 0.975 0.775 0.2 0.2 0.95 0.65 0.85 0.25 0.575 0.025 0.85 0.725 0.475 0.5 0.075 0.825 0.325 0.025 0.95 0.6 0.65 0.725 
8486    0.4 0.6 0.4 0.8 0.4 0.2  2.16714 0.175 0.575 0.55 0.425 0.125 0.35 0.9 0.925 0.175 0.3 0.875 0.9 0.6 0.975 0.45 0.6 0.8 0.75 0.45 0.525 0.9 0.85 0.35 0.9 
8809    0.4 0.8 0 0.4 0.2 0.8  2.31487 0.075 0.2 0.05 0.65 0.875 0.05 0.325 0.5 0.9 0.225 0.125 0.475 0.9 0.35 0.625 0.75 0.5 0.45 0.55 0.725 0.6 0.575 0.45 0.65 
9062    0.4 0.8 0.4 0.4 0.4 0.4  2.80861 0.4 0.225 0.95 0.875 0.725 0.975 0.75 0.6 0.8 0.35 0.425 0.8 0.35 0.4 0.475 0.6 0.425 0.85 0.55 0.85 0.725 0.725 0.225 0.775 
9533    0.6 0 0.2 0.2 0.2 0.6  2.0383 0.075 0.175 0.775 0.675 0.175 0.725 0.875 0.375 0.25 0.35 0.075 1 0.775 0.475 0.1 0.85 0.45 0.85 0.05 0.85 1 0.425 0.875 1 
9556    0.6 0 0.2 0.4 0.2 0.2  5.08709 0.975 0.475 0.75 0.575 0.225 0.725 0.625 0.6 0.425 0.05 0.85 0.875 0.55 0.525 0 0.5 0.475 0.125 0.65 0.6 0.175 0.075 0.925 0.1 
9561    0.6 0 0.2 0.4 0.4 0.2  2.71161 0.5 0.55 0.875 0.15 0.05 0.625 0.775 0.025 0.25 0 0.675 0.875 0.725 0.9 0.8 0.675 0.85 0.625 0 1 0 0.5 0.25 0.975 
9562    0.6 0 0.2 0.4 0.4 0.4  3.36193 0.625 0.425 1 0.25 0.475 0.775 0.175 0.225 0.5 0.95 1 0.525 0.7 0.775 0.775 0 0.45 0.75 0.925 0.5 0.525 0.8 0.675 0.325 
9581    0.6 0 0.2 0.6 0.2 0.2  4.58472 0.9 0.2 0.875 0.225 0.85 0.175 0.475 0.175 0.2 0.775 0.35 0.5 0.9 0.95 0.675 0.875 0.425 0.9 0 0.275 0.9 0.65 0.35 0.675 
9586    0.6 0 0.2 0.6 0.4 0.2  3.5672 0.7 0.125 0.325 0.375 0.425 0.75 0.3 0.225 1 0.625 0 0.075 0.875 0.65 0.275 0.975 0.425 0.175 0.55 0.325 0.725 0.225 0.025 0.925 
9667    0.6 0 0.4 0.2 0.6 0.4  2.11448 0.075 0.175 0.775 0.675 0.175 0.725 0.875 0.375 0.225 0.35 0.075 1 0.775 0.475 0.1 0.85 0.45 0.85 0.05 0.85 1 0.425 0.175 0.975 
9682    0.6 0 0.4 0.4 0.2 0.4  2.68911 0.225 0.75 0.1 0.6 0.075 0.1 0.8 0.475 0.925 0.375 0.95 0.075 0.225 0.55 0.45 0.45 0.775 0.275 0.95 0.35 0.675 0.25 0.75 0.925 
9692    0.6 0 0.4 0.4 0.6 0.4  1.99812 0 0.05 0.925 1 0.275 0.45 0.2 0.825 0.4 0.7 0.3 0.45 0.5 0.25 0.175 0.925 0.4 0.4 0.1 0.825 0.95 0.45 0.65 0.55 
9706    0.6 0 0.4 0.6 0.2 0.2  3.2848 0.675 0.225 0.375 0.775 0.375 0.975 0.025 0.525 0.175 0.725 0.525 0.275 0.875 0.25 0.075 0.2 0.6 0.025 0 0.025 0.275 0 0.7 0.575 
9707    0.6 0 0.4 0.6 0.2 0.4  2.24411 0.225 0.85 0.375 0.7 0.4 1 0.65 0.525 0.4 0.925 0.175 0.825 0.5 0.45 0.175 0.425 0.45 0.075 0.55 0.75 0.65 0.7 0.325 0.025 
9716    0.6 0 0.4 0.6 0.6 0.2  2.95881 0.5 0.55 0.875 0.15 0.05 0.625 0.025 0.025 0.25 0 0.675 0.875 0.725 0.9 0.8 0.675 0.85 0.775 0 1 0 0.5 0.25 0.975 
9732    0.6 0 0.4 0.8 0.2 0.4  2.86087 0.5 0.45 0.75 0.5 0.3 0.9 0.825 0.15 0.65 0.175 0.15 0.125 0.125 0.4 0.25 0.725 0.575 0.1 0.55 0.275 0.375 0.425 0.15 0.25 
9733    0.6 0 0.4 0.8 0.2 0.6  2.2961 0.075 0.175 0.775 0.675 0.175 0.725 0.875 0.35 0.25 0.35 0.075 1 0.775 0.475 0.1 0.85 0.45 0.85 0.05 0.85 1 0.425 0.875 0.45 
9816    0.6 0 0.6 0.4 0.6 0.2  2.92449 0.5 0.55 0.875 0.15 0.05 0.625 0.025 0.025 0.25 0 0.675 0.875 0.525 0.9 0.8 0.675 0.2 0.775 0 1 0 0.5 0.45 0.975 
9836    0.6 0 0.6 0.6 0.4 0.2  2.18738 0.2 1 0.825 0.025 0.475 0.3 0.9 0.85 0.625 0.075 0.325 0.2 0.525 0.975 0 0.625 0.75 0.5 1 0.325 0.425 0.475 0.05 0.325 
9841    0.6 0 0.6 0.6 0.6 0.2  2.86026 0.5 0.55 0.875 0.15 0.05 0.625 0.025 0.025 0.25 0 0.675 0.875 0.15 0.9 0.8 0.675 0.85 0.775 0 1 0 0.5 0.25 0.975 
9842    0.6 0 0.6 0.6 0.6 0.4  2.86609 0.5 0.55 0.875 0.15 0.05 0.625 0.025 0.025 0.6 0 0.675 0.875 0.725 0.9 0.8 0.675 0.85 0.775 0 1 0 0.5 0.25 0.05 
10037    0.6 0.2 0 0.2 0.4 0.4  3.83192 0.475 0.55 0.675 0.15 0.825 0.4 0.325 0.625 0.675 0.575 0.2 0.9 0.5 0.325 0.2 0.425 0.45 0.95 0.05 0.15 0.9 0.925 0.1 0.175 
10057    0.6 0.2 0 0.4 0.2 0.4  2.93136 0.825 0.575 0.225 0.175 0.05 0.575 0.525 0.25 0.875 0.85 0.675 0.55 0.95 0.075 0.975 0.575 1 0.65 0.875 0.475 0.325 0.6 0.825 0.95 
10062    0.6 0.2 0 0.4 0.4 0.4  2.9014 0.625 0.85 0.575 0.225 0.825 0.05 0.525 0.85 0.925 0.25 0.025 0.925 0.125 0.125 0.8 0.2 0.8 0.175 0.15 0.075 0.1 0.375 0.475 0.75 
10161    0.6 0.2 0.2 0.2 0.4 0.2  3.44923 0.575 0.075 0.15 0.875 0.45 0.275 0.475 0.25 0.575 0.05 0.225 0.05 1 0.525 0.5 0.95 0.275 0.325 0.925 0.45 0 0.15 0.1 0.925 
10162    0.6 0.2 0.2 0.2 0.4 0.4  4.23552 0.875 0.075 0.55 0.7 0.55 0.475 0.725 0.95 0.225 0.225 0.275 0.375 0.325 0.4 0.025 0.775 0.325 0.925 0.15 0.65 0.1 0.1 0.975 0 
10163    0.6 0.2 0.2 0.2 0.4 0.6  2.48632 0.5 0.475 0.275 0.175 0.95 0.05 0.625 0.025 0.625 0.875 0.125 0.9 0.45 0.2 0.275 0.65 0.35 0.175 0.85 0.575 0.1 0.35 0.4 0.975 
10166    0.6 0.2 0.2 0.2 0.6 0.2  2.59435 0.475 1 0.475 0.3 0 0.775 0.9 0.1 0.075 0.9 0.175 0.275 1 0.675 0.85 0.025 0.15 0.225 0.7 0.9 0.275 0.3 0.675 0.525 
10167    0.6 0.2 0.2 0.2 0.6 0.4  2.0065 0.025 0.975 0.45 0.525 0.425 0.55 0.275 0.8 0.75 0.425 0.8 0.6 0 0.2 0.175 1 0.875 0.375 0.075 0.475 0.425 0.825 0.7 0.75 
10181    0.6 0.2 0.2 0.4 0.2 0.2  4.54827 0.95 0.55 0.8 0 0.15 1 0.275 0.1 0.625 0.675 0.325 0.25 0.825 0.275 0.225 0.025 0.125 0.475 0.2 0.675 0.75 0.6 0.275 0.975 
10182    0.6 0.2 0.2 0.4 0.2 0.4  4.05349 0.7 0.125 0.325 0.375 1 0.75 0.3 0.225 1 0.625 0 0.075 0.875 0.65 0.275 0.975 0.425 0.175 0.55 0.325 0.725 0.225 0.025 0.925 
10183    0.6 0.2 0.2 0.4 0.2 0.6  3.14378 0.475 0.425 0.8 0.475 1 0.65 0.35 0.25 0.675 0.725 0.475 0.725 0.2 0.8 0.925 0.2 0.375 1 0.625 0.5 0.675 0.225 0.025 0.475 
10185    0.6 0.2 0.2 0.4 0.4 0  5.24009 1 0.15 0.225 0.85 0.875 0.375 0.15 0.85 0.325 0.025 0.6 0.425 0.475 0.375 0.1 0.475 0 0.6 0.2 0.525 0.4 0.425 0.4 0.575 
10186    0.6 0.2 0.2 0.4 0.4 0.2  5.43792 0.85 0.1 0.55 0.575 0.475 0.25 0.925 0.25 0.6 0 0.35 0.475 0.95 0.9 0.3 0.425 0.625 0.25 0.575 0.725 0.5 0.3 0.475 0.95 
10187    0.6 0.2 0.2 0.4 0.4 0.4  4.35458 0.95 0.5 0.475 0.175 0.575 1 0.05 0.6 0.6 0.275 0.8 1 0.7 0.05 0.95 0.575 0.3 0.275 0.35 0.6 0.125 1 0.275 0.975 
10191    0.6 0.2 0.2 0.4 0.6 0.2  2.66171 0.45 0.65 0.375 0.675 0.375 0.975 0.025 0.525 0.175 0.725 0.525 0.275 0.875 0.25 0.075 0.2 0.6 0.85 0 0.025 0.275 0 0.7 0.575 
10202    0.6 0.2 0.2 0.6 0 0.4  2.47989 0.15 0.35 0.475 0.125 0.1 0.7 0.5 0.425 0.975 0.65 0.075 0.1 0.1 0.225 0.95 0.7 0.15 0.025 0.025 0.725 0.35 0.875 0.3 0.45 
10206    0.6 0.2 0.2 0.6 0.2 0.2  5.65741 0.95 0.975 0.075 0.725 0.85 0.6 0.575 0.95 0.625 0.9 0.05 0.075 0.3 0.45 0.9 0.925 0.85 0.725 0.9 0.6 0.75 0.225 0.625 0.8 
10207    0.6 0.2 0.2 0.6 0.2 0.4  3.97783 0.9 0.375 0.275 1 0.95 0.775 0.4 0.625 0.425 0.4 0.475 0.65 0.1 0.875 0.5 0.875 0.075 0.15 0.35 0.225 0.6 0.225 0.65 0.2 
10211    0.6 0.2 0.2 0.6 0.4 0.2  5.61732 1 0.4 0.5 0.975 0.9 0.7 0.9 0.625 0.75 0.75 0.65 0.2 0.875 0.025 0.85 0.975 0.65 0.975 0.1 0.45 0.9 0.025 0.225 0.2 
10212    0.6 0.2 0.2 0.6 0.4 0.4  4.31037 0.925 0.55 0.675 0.15 0.625 0.4 0 0.625 0.675 0.925 0.2 0.9 0.5 0.325 0.2 0.775 0.45 0.95 0.05 0.15 0.9 0.925 0.1 0.175 
10236    0.6 0.2 0.2 0.8 0.4 0.2  2.91532 0.7 0.625 0.15 0.575 0.275 0.05 0.65 0.85 0.4 0.4 0.775 0.8 0.05 0.175 0.1 0.35 0.425 0.825 0.475 0.2 0.45 0.75 0.975 0.75 
10288    0.6 0.2 0.4 0.2 0.4 0.6  1.93136 0.025 0.975 0.45 0.525 0.425 0.55 0.275 0.8 0.75 0.425 0.8 0.6 0 0.2 0.175 1 0.375 0.375 0.075 0.475 0.425 0.825 0.7 0.75 
10292    0.6 0.2 0.4 0.2 0.6 0.4  2.26019 0.025 0.975 0.45 0.525 0.425 0.55 0.275 0.8 0.75 0.425 0.8 0.6 0 0.2 0.175 1 0.875 0.375 0.075 0.475 0.525 0.35 0.7 0.75 
10306    0.6 0.2 0.4 0.4 0.2 0.2  2.44597 0.425 0.35 0.65 0.9 0.275 0.375 0.65 0.75 0.175 0.95 0.375 0.65 0.5 0.95 0.8 1 0.35 0.675 0.55 0.45 0.425 0.575 0.925 0.575 
10307    0.6 0.2 0.4 0.4 0.2 0.4  3.67907 0.575 0.4 0.825 0.875 0 0.7 0.725 0.725 0.625 0.05 0.5 0.55 0.35 0.675 0.775 0.2 0.95 0.65 0.9 0.7 0.925 0.625 0.125 0.925 
10310    0.6 0.2 0.4 0.4 0.4 0  4.55317 0.85 1 0.325 0.975 0.725 0.15 0.6 0.1 1 0.025 0.95 0.1 0.525 0.625 0.225 0.925 0.725 0.2 0.025 0.85 0.125 0.175 0 0.35 
10311    0.6 0.2 0.4 0.4 0.4 0.2  3.33491 0.65 0.075 0.375 0.05 0 0.925 0.325 0.3 0.225 0.125 0.575 0.3 0.9 0.425 0.9 0.475 0.35 0.375 0.325 0.325 0.6 0.9 0 0.8 
10312    0.6 0.2 0.4 0.4 0.4 0.4  4.14223 0.775 0.375 0.325 0.375 0.85 0.875 1 0.05 0.225 0.25 0.775 0.175 0.45 0.325 0.875 0.55 0.275 0.875 0.725 0.65 0.175 0.15 0.05 0.225 
10316    0.6 0.2 0.4 0.4 0.6 0.2  4.38168 0.9 0.525 0.225 0.575 0.7 0.575 0.45 0.025 0.675 0.2 0.35 0.2 0.025 0.5 0.55 0.85 0.175 0.425 0.225 0.275 0.2 0.075 0.525 0.025 
10317    0.6 0.2 0.4 0.4 0.6 0.4  2.41106 0.425 0.85 0.9 0.675 0.125 0.925 0.975 0.375 1 0.125 0.575 0.575 0.775 0.85 0.175 0.475 0.875 0.925 1 0.8 0.425 0.6 0.425 0.725 
10331    0.6 0.2 0.4 0.6 0.2 0.2  3.33935 0.55 0.975 0.55 0.675 0.525 0.6 0.925 0.575 0.425 0.025 0.825 0.2 0.1 0.475 0.9 0.9 0.775 0.175 0.5 0.125 0.8 0.15 0.525 0.975 
10332    0.6 0.2 0.4 0.6 0.2 0.4  4.14442 0.85 0.1 0.55 0.575 0.475 0.25 0.925 0.25 0.6 0.375 0.35 0.475 0.95 0.9 0.3 0.425 0.625 0.25 0.9 0.725 0.5 0.3 0.475 0.95 
10333    0.6 0.2 0.4 0.6 0.2 0.6  2.29565 0.225 0.4 0.825 0.325 0 0.7 0.725 0.725 0.7 0.05 0.5 0.55 0.35 0.675 0.775 0.475 0.95 0.65 0.9 0.7 0.925 0.625 0.125 0.925 
10335    0.6 0.2 0.4 0.6 0.4 0  4.15222 0.8 0.65 0.35 0.725 0.3 0.3 0.25 0.85 0.85 0.125 0.025 0.075 0.75 0.975 0.8 0.575 0.95 0.375 0.875 0.625 0.2 0.675 0.625 0.7 
10336    0.6 0.2 0.4 0.6 0.4 0.2  3.4702 0.7 0.625 0.15 0.575 0.275 0.575 0.65 0.85 0.4 0.4 0.775 0.8 0.05 0.55 0.1 0.35 0.425 0.825 0.475 0.275 0.45 0.75 0.85 0.75 
10412    0.6 0.2 0.6 0.2 0.4 0.4  2.04212 0.05 1 0.45 0.675 0.5 0.4 0.625 0 0.925 0.95 0.975 0.8 0.6 1 0.375 0.5 1 0.15 0.65 0.975 0.9 0.8 0.525 0.675 
10416    0.6 0.2 0.6 0.2 0.6 0.2  1.65549 0 0.05 0.925 1 0.275 0.45 0.2 0.825 0.4 0.7 0.3 0.45 0.5 0.825 0.175 0.925 0.4 0.4 0.1 0.825 0.95 0.45 0.65 0.55 
10432    0.6 0.2 0.6 0.4 0.2 0.4  2.12479 0.025 0.05 0.65 0.675 0.3 0.15 0.425 0.5 0.075 0.1 0.9 0.225 0.775 0.825 0.3 0.325 0 0.825 0.475 0.925 0.5 0.85 0.6 0.4 
10435    0.6 0.2 0.6 0.4 0.4 0  2.20576 0.175 0.875 0.75 0.575 0.225 0.725 0.625 0.6 0.425 0.05 0.85 0.875 0.55 0.525 0 1 0.475 0.125 0.65 0.2 0.175 0.075 0.075 0.1 
10440    0.6 0.2 0.6 0.4 0.6 0  2.26718 0.2 0.45 0.075 0.875 0.2 0.05 0.075 0.225 0.725 0.7 0.725 0.675 0.15 0.9 0.35 0.575 0.45 0.775 0.45 0.025 0.075 0.15 0.125 0.375 
10451    0.6 0.2 0.6 0.6 0 0.2  2.18816 0.15 0.925 0.475 0.125 0.1 0.7 0.5 0.425 0.975 0.65 0.075 0.1 0.1 0.225 0.95 0.7 0.15 0.025 0.025 0.725 0.35 0.875 0.3 0.45 
10460    0.6 0.2 0.6 0.6 0.4 0  2.55961 0.2 0.45 0.075 0.875 0.2 0.05 0.075 0.225 0.725 0.7 0.725 0.675 0.15 0.9 0.35 0.575 0.45 0 0.45 0.025 0.075 0.15 0.125 0.375 
10663    0.6 0.4 0 0.2 0.4 0.6  2.25575 0 1 0.4 0.55 0.425 0.025 0.7 0.8 0.1 0.125 0.275 0.325 0.425 0.275 0.55 0.25 0.45 0.725 0.8 0.975 0.2 0.275 0.925 0.15 
10666    0.6 0.4 0 0.2 0.6 0.2  3.53894 0.575 0.075 0.725 0.875 0.45 0.275 0.475 0.25 0.575 0.05 0.225 0.05 1 0.525 0.5 0.95 0.275 0.325 0.925 0.45 0 0.6 0.1 0.925 
10667    0.6 0.4 0 0.2 0.6 0.4  2.89842 0.65 0.85 0.9 0.775 0.35 0.575 0.55 0.1 0.075 0.55 0.675 0.825 0.575 0.025 0.85 0.35 0.05 0.35 0.725 0.95 0.8 0.875 0.625 0.925 
10677    0.6 0.4 0 0.4 0 0.4  4.08679 0.8 0.675 0.025 0.45 0.625 0.55 0.825 0.275 0.725 0.65 0.7 0.525 0.675 0.9 0.2 0.675 0.525 0.3 0.1 0.8 0.675 0.65 0.875 0.375 
10681    0.6 0.4 0 0.4 0.2 0.2  4.95868 0.975 0.725 0.5 0.175 0.225 0.075 0.375 0.5 0.425 0.675 0.8 0.925 0.4 0.675 0.975 0.775 0.575 0.25 0.075 0.75 0.85 0.225 0.65 0.475 
10686    0.6 0.4 0 0.4 0.4 0.2  5.00204 0.975 0.525 0.45 0.975 0.775 0.575 0.375 0.8 0.65 0.825 0.075 0.375 0.75 0.55 0.15 0.7 0.925 0.875 0.9 0.95 0.525 0.875 0.5 0.75 
10707    0.6 0.4 0 0.6 0.2 0.4  1.44684 0.15 0.775 0.15 0.025 0.825 0.375 0 0.3 0.175 0.875 0 0.525 0.75 0 0.825 0.15 0.75 0.025 0.65 0.725 0.325 0.5 0.025 0.65 
10711    0.6 0.4 0 0.6 0.4 0.2  3.20399 0.7 0.525 0.325 0.275 0.475 0.9 0.8 0.075 0.85 0.2 0.25 0.925 0.8 0.775 0 0.95 0.5 0.775 0.475 0.45 0.725 0.3 0.525 0.425 
10712    0.6 0.4 0 0.6 0.4 0.4  3.58245 0.7 0.65 0.6 0.05 0 0.85 0.975 0.275 0.775 0.45 0.775 0.2 0.625 0.2 0.725 0.525 0.75 0.175 0.45 0.2 0.575 0.475 0.3 0.95 
10737    0.6 0.4 0 0.8 0.4 0.4  2.96134 0.65 0.225 0.775 0.7 0.775 0.625 0.725 0.3 0.325 0.375 0.375 0.6 0.275 0.85 0.525 0.375 0.825 0.975 0.275 0.75 0.125 0.575 0.225 0.5 
10788    0.6 0.4 0.2 0.2 0.4 0.6  2.07805 0 1 0.4 0.55 0.425 0.025 0.6 0.8 0.1 0.125 0.275 0.325 0.425 0.275 0.55 0.25 0.45 0.725 0.8 0.975 0.2 0.275 0.925 0.15 
10791    0.6 0.4 0.2 0.2 0.6 0.2  3.79877 0.725 0.8 0.2 0.25 0.375 0.55 0.225 0.125 0.025 0.9 0.075 0.55 0.175 0.95 0.15 0.6 0.875 0.2 1 0.8 0.7 0.8 0.425 0.825 
10802    0.6 0.4 0.2 0.4 0 0.4  4.59849 0.975 0.85 0.025 0.7 0.85 0.975 0.275 0.875 0.275 0.775 0.7 0.9 0.825 0.675 1 0.7 0.95 0.825 0.775 0.175 0.05 0.95 0.975 0.95 
10803    0.6 0.4 0.2 0.4 0 0.6  2.42731 0.15 0.925 0.475 0.125 0.1 0.7 0.5 0.425 0.975 0.65 1 0.1 0.1 0.225 0.95 0.7 0.15 0.025 0.025 0.725 0.35 0.875 0.3 0.45 
10806    0.6 0.4 0.2 0.4 0.2 0.2  3.86538 0.975 0.525 0.45 0.975 0.775 0.575 0.375 0.8 0.65 0.825 0.075 0.375 0.75 0.55 0.15 0.7 0.925 0.875 0.9 0.95 0.525 0.375 0.5 0.75 
10807    0.6 0.4 0.2 0.4 0.2 0.4  1.98618 0.15 0.825 0.875 0.75 0.225 0.725 0.425 0.825 0.025 0.575 0.05 0.325 0.6 0.025 0.9 0.95 0.175 0.75 0.075 0.6 0.3 0.025 0.25 0.825 
10810    0.6 0.4 0.2 0.4 0.4 0  3.68573 0.825 0.175 0.275 0.975 0.375 0.975 0.25 0.5 0.15 0.35 0.55 0.4 0.15 0.35 0.1 0.45 0.325 0.65 0.375 0.55 0.475 0.9 0.1 0.625 
10811    0.6 0.4 0.2 0.4 0.4 0.2  5.89674 0.975 0.825 0.025 0.325 0.85 0.975 0 0.225 0.5 0.15 0.775 0.275 0.125 0.875 0.75 0.925 0.6 0.825 0.45 0.05 0.35 0.475 0.575 0.75 
10812    0.6 0.4 0.2 0.4 0.4 0.4  3.44354 0.425 0.55 0.9 0.675 0.125 0.925 0.975 0.375 1 0.125 0.575 0.575 0.775 0.85 0.175 0.475 0.875 0.925 1 0.8 0.425 0.6 0.925 0.725 
10815    0.6 0.4 0.2 0.4 0.6 0  3.03829 0.475 0.3 0.3 0.075 0.675 0.825 0.375 0.3 0.5 0.775 0.75 0.475 0 0.025 0.525 0.55 0.175 0.95 0.875 0.375 0.35 0.85 0.125 0.9 
10816    0.6 0.4 0.2 0.4 0.6 0.2  3.41259 0.725 0.975 0.875 0.8 0.55 1 0.375 0.1 0.825 0.525 0.875 0.275 0.825 0.8 0.45 0.075 0.15 0.925 0.375 0.175 0.075 0.475 0.025 0.975 
10817    0.6 0.4 0.2 0.4 0.6 0.4  2.78275 0.525 0.05 0.5 1 0.4 0.025 0.775 0.1 0.425 0.625 0.35 0.525 0.875 0.6 0.325 0.175 0.425 0.675 0.65 0.025 0.9 0.9 0.725 0.025 
10831    0.6 0.4 0.2 0.6 0.2 0.2  4.26947 0.825 0.175 0.275 0.975 0.375 0.975 0.25 0.5 0.15 0.35 0.55 0.4 0.15 0.35 0.1 0.45 0.325 0.65 0.775 0.55 0.475 0.9 0.1 0.625 
10832    0.6 0.4 0.2 0.6 0.2 0.4  4.7689 0.975 0.85 0.025 0.7 0.85 0.975 0.275 0.875 0.275 0.775 0.7 0.9 0.825 0.675 1 0.7 0.95 0.825 0.65 0.175 0.05 0.95 0.975 0.95 
10836    0.6 0.4 0.2 0.6 0.4 0.2  4.26878 0.825 0.175 0.275 0.975 0.375 0.975 0.25 0.5 0.15 0.35 0.55 0.4 0.15 0.825 0.1 0.45 0.325 0.65 0.775 0.55 0.475 0.125 0.1 0.625 
10837    0.6 0.4 0.2 0.6 0.4 0.4  2.33539 0.725 0.4 0.45 0.9 0.675 0.35 0.225 0.3 0.8 0.7 0.625 0.4 0.3 0.8 0.75 0.075 0.575 0.8 0.025 0.1 1 0.725 0.3 0.65 
10935    0.6 0.4 0.4 0.4 0.4 0  2.65031 0.525 0.125 0.05 0.075 0.825 0.15 0.275 0.375 0.65 0.4 0.525 0.05 0.25 0.55 0.65 0.525 0.15 0.55 0.875 0.475 0 0.35 0.65 0.2 
10936    0.6 0.4 0.4 0.4 0.4 0.2  4.64836 0.9 0.525 0.225 0.575 0.7 0.575 0.45 0.025 0.675 0.2 0.35 0.2 0.025 0.5 0.55 0.85 0.175 0.425 0.225 0.9 0.2 0.075 0.525 0.025 
10937    0.6 0.4 0.4 0.4 0.4 0.4  2.25827 0.2 0.7 0 0.475 0.75 0.8 0.325 0.775 0.625 0.3 0.15 0.45 0.9 0.2 0.9 0.5 0.225 0.975 0.75 0.35 0.075 0.55 0.675 0.625 
10956    0.6 0.4 0.4 0.6 0.2 0.2  2.78909 0.425 0.575 0.975 0.325 0.55 0 0.125 0.15 0.875 0.825 0.775 0.225 0.275 0.225 0.7 0.575 0.3 0.15 0.45 0.55 0.7 0.575 0.475 0.45 
10957    0.6 0.4 0.4 0.6 0.2 0.4  1.95361 0 0.6 0.65 0.575 0.35 0.975 0.175 0.925 0.975 0.525 0.225 0.9 0.9 0.25 0.225 0.95 0.475 0.25 0.05 0.525 0.625 0.575 0.425 0.4 
10961    0.6 0.4 0.4 0.6 0.4 0.2  2.03612 0 0.3 0.675 1 0.375 0.9 0.525 0.525 0.425 0.5 0.2 0.875 0.375 0.425 0.625 0.525 0.75 0.175 0.325 0.3 0.35 0.525 0.85 0.825 
11065    0.6 0.4 0.6 0.4 0.6 0  2.30904 0.2 0.7 0 0.475 0.75 0.8 0.425 0.775 0.625 0.3 0.15 0.45 0.65 0.425 0.9 0.5 0.225 0.975 0.75 0.35 0.075 0.55 0.675 0.625 
11066    0.6 0.4 0.6 0.4 0.6 0.2  2.38243 0.2 0.7 0 0.475 0.75 0.8 0.425 0.775 0.625 0.3 0.15 0.45 0.9 0.425 0.9 0.5 0.225 0.975 0.75 0.35 0.075 0.55 0.675 0.675 
11076    0.6 0.4 0.6 0.6 0 0.2  2.16448 0.15 0.025 0.475 0.125 0.1 0.7 0.5 0.425 0.975 0.65 0.075 0.1 0.1 0.225 0.95 0.7 0.15 0.025 0.7 0.725 0.35 0.875 0.3 0.45 
11292    0.6 0.6 0 0.2 0.6 0.4  3.05404 0.575 0.075 0.725 0.875 0.45 0.275 0.475 0.25 0.675 0.05 0.225 0.05 1 0.525 0.5 0.95 0.275 0.325 0.925 0.45 0 0.15 0.1 0.925 
11297    0.6 0.6 0 0.2 0.8 0.4  2.26108 0.1 0.675 0.55 0.45 0.275 0.825 0.675 0.85 0.775 0.25 0.675 0.2 0.875 0.25 0.475 0.6 0.225 0.95 0.6 0.525 0.825 1 0.65 0.85 
11320    0.6 0.6 0 0.4 0.8 0  2.38684 0.275 0.35 0.075 0.925 0.275 0.75 0.725 0.25 0.475 1 0.75 0 0.55 0.75 0.775 0.4 0.975 0.4 0.55 0.325 0.925 0.725 0.75 0.35 
11413    0.6 0.6 0.2 0.2 0.4 0.6  2.42151 0 1 0.4 0.55 0.425 0.025 0.6 0.8 0.1 0.125 0.275 0.325 0.425 0.275 0.55 0.25 0.45 0.675 0.8 0.975 0.2 0.275 0.925 0.15 
11416    0.6 0.6 0.2 0.2 0.6 0.2  3.18 0.575 0.075 0.725 0.875 0.45 0.275 0.475 0.25 0.575 0.05 0.225 0.05 1 0.525 0.5 0.95 0.275 0.325 0.925 0.45 0 0.15 0.1 0.925 
11441    0.6 0.6 0.2 0.4 0.6 0.2  1.67548 0.05 0.65 0.725 0.1 0.3 0.95 0.175 0.725 0.325 0.65 0.925 0.4 0.5 1 0.35 0.15 0.825 0.35 0.55 0.1 0.975 0 0.3 0.25 
11456    0.6 0.6 0.2 0.6 0.2 0.2  2.08987 0.15 0.775 0.15 0.025 0.825 0.375 0 0.3 0.175 0.875 0 0.525 0.35 0 0.825 0.15 0.75 0.025 0.65 0.725 0.325 0.5 0.45 0.575 
11457    0.6 0.6 0.2 0.6 0.2 0.4  2.8479 0.75 0.225 1 0.45 0.9 0.075 0.9 0.975 0.375 0.3 0.65 0.35 0.725 0.525 0.85 0.3 0.825 0.675 0.1 0.05 0.3 0.025 0.2 0.75 
11545    0.6 0.6 0.4 0.2 0.8 0  2.37918 0.55 0.65 0.725 0.1 0.45 0.95 0.725 0.725 0.325 0.65 0.925 0.4 0.5 1 0.35 0.15 0.825 0.35 0.55 0.1 0.975 0 0.3 0.25 
11581    0.6 0.6 0.4 0.6 0.2 0.2  2.34197 0.225 0.4 0.975 0.775 0.55 0.2 0.95 0.65 0.85 0.2 0.575 0.025 0.85 0.725 0.475 0.5 0.075 0.825 0.325 0.025 0.95 0.6 0.65 0.725 
12056    0.6 0.8 0.2 0.4 0.2 0.2  2.21152 0.225 0.4 0.975 0.775 0.2 0.2 0.7 0.65 0.2 0.85 0.575 0.025 0.85 0.725 0.475 0.5 0.075 0.825 0.325 0.65 0.95 0.6 0.65 0.725 
12686    0.8 0 0.2 0.4 0.4 0.2  3.18757 0.65 0.375 0.9 0.55 0.35 0.575 0.55 0.1 0.075 0.55 0.675 0.825 0.575 0.025 0.85 0.35 0.05 0.35 0.725 0.95 0.8 0.875 0.625 0.925 
12961    0.8 0 0.6 0.6 0.4 0.2  3.11256 0.55 0.975 0.45 0.675 0.525 0.35 0.925 0.575 0.425 0.025 0.825 0.2 0.1 0.475 0.9 0.475 0.15 0.175 0.5 0.125 0.1 0.15 0.525 0.975 
13287    0.8 0.2 0.2 0.2 0.4 0.4  2.55128 0.475 0.175 0.3 0.75 0.4 0.675 0.85 0.675 0.65 0.075 0.05 0.3 0.425 0.075 0.7 0.375 0.425 0.15 0.725 0.2 0.45 0.15 0 0.675 
13289    0.8 0.2 0.2 0.2 0.4 0.8  1.64556 0.025 0.4 0.05 1 0.9 0.75 0.95 0.225 0.45 0.05 0.5 0.725 0.1 0.55 0 0.475 0.775 0.725 0.8 0.775 0.275 0.75 0.4 0.425 
13306    0.8 0.2 0.2 0.4 0.2 0.2  2.54529 0.425 0.575 0.225 0.175 0.05 0.575 0.525 0.9 0.875 0.85 0.675 0.55 0.95 0.075 0.975 0.575 1 0.65 0.875 0.475 0.325 0.375 0.825 0.95 
13312    0.8 0.2 0.2 0.4 0.4 0.4  2.70425 0.025 0.05 0.65 0.675 0.3 0.275 0.425 0.5 0.075 0.1 0.9 0.225 0.775 0.175 0.675 1 0 0.825 0.475 0.925 0.5 0.375 0.6 0.4 
13315    0.8 0.2 0.2 0.4 0.6 0  1.84623 0 0.05 0.925 1 0.275 0.45 0.2 0.25 0.4 0.45 0.925 0.45 0.5 0.25 0.175 0.925 0.4 0.4 0.1 0.825 0.95 0.85 0.65 0.55 
13437    0.8 0.2 0.4 0.4 0.4 0.4  2.2786 0 0.05 0.925 1 0.275 0.45 0.2 0.825 0.4 0.7 0.475 0.45 0.5 0.25 0.175 0.925 0.4 0.4 0.1 0.825 0.95 0.45 0.65 0.55 
13556    0.8 0.2 0.6 0.4 0.2 0.2  2.18649 0.025 0.05 0.65 0.675 0.3 0.275 0.425 0.5 0.075 0.1 0.9 0.225 0.775 0.825 0.3 0.325 0 0.825 0.475 0.925 0.5 0.85 0.6 0.4 
13565    0.8 0.2 0.6 0.4 0.6 0  2.43582 0.275 0.825 0.225 0.5 0.7 0.9 0.25 0.4 0.5 0 0.6 0.125 0.8 0.475 0.775 0.925 0.75 0.875 0.45 0.325 0.35 0.65 0.95 0.95 
13587    0.8 0.2 0.6 0.6 0.4 0.4  2.58808 0.275 0.825 0.225 0.5 0.125 0.9 0.25 0.4 0.5 0 0.6 0.025 0.8 0.475 0.775 0.925 0.75 0.875 0.45 0.325 0.35 0.65 0.95 0.95 
13592    0.8 0.2 0.6 0.6 0.6 0.4  2.6006 0.275 0.825 0.225 0.5 0.125 0.9 0.25 0.4 0.425 0 0.6 0.675 0.8 0.475 0.775 0.925 0.75 0.875 0.45 0.325 0.35 0.65 0.95 0.95 
13790    0.8 0.4 0 0.2 0.6 0  2.91132 0.475 0.3 0.3 0.075 0.675 0.825 0.375 0.8 0.5 0.075 0.65 0.475 0 0.025 0.525 0.55 0.175 0.95 0.2 0.375 0.35 0.85 0.125 0.9 
13813    0.8 0.4 0 0.4 0.4 0.6  1.79052 0.15 0.775 0.15 0.025 0.825 0.375 0 0.3 0.175 0.875 0 0.525 0.35 0 0.825 0.15 0.75 0.025 0.65 0.725 0.325 0.5 0.025 0.575 
13831    0.8 0.4 0 0.6 0.2 0.2  1.96152 0 0.475 0.45 0.975 0.725 0.475 0.15 0.225 0.45 0.2 0 0.525 1 0.725 0.55 0.85 0.625 0.75 0.775 0.375 0.825 0.35 0.025 0.7 
13862    0.8 0.4 0 0.8 0.4 0.4  2.95211 0.65 0.225 0.775 0.7 0.775 0.625 0.725 0.3 0.525 0.375 0.375 0.6 0.275 0.85 0.525 0.375 0.825 0.975 0.275 0.75 0.125 0.55 0.225 0.5 
13932    0.8 0.4 0.2 0.4 0.2 0.4  2.25952 0 0.6 0.65 0.575 0.35 0.975 0.175 0.925 0.975 0.025 0.225 0.9 0.9 0.25 0.225 0.95 0.475 0.25 0.05 0.525 0.625 0.575 0.425 0.4 
13940    0.8 0.4 0.2 0.4 0.6 0  2.95171 0.475 0.3 0.3 0.075 0.675 0.825 0.375 0.3 0.5 0.775 0.825 0.475 0 0.025 0.525 0.55 0.175 0.95 0.2 0.375 0.35 0.85 0.125 0.9 
13986    0.8 0.4 0.2 0.8 0.4 0.2  2.76475 0.425 0.55 0.25 0.675 0.125 0.925 0.975 0.375 1 0.125 0.575 0.575 0.1 0.85 0.175 0.475 0.875 0.925 1 0.8 0.425 0.6 0.175 0.725 
14041    0.8 0.4 0.4 0.2 0.6 0.2  1.76132 0.125 0.575 0.1 0.95 0.35 0.65 0.6 0.35 0.4 0.65 0.475 0.025 0.325 0.575 0.925 0.825 0.95 0.3 0.85 0.725 0.475 0.5 0.1 0.025 
14437    0.8 0.6 0 0.4 0.4 0.4  2.88533 0.275 0.3 0.575 0.9 0.025 0.2 0.1 0.425 0.675 0.675 0.575 0.05 0.95 0.95 0.2 0.525 0.775 0.8 0.725 0.55 0.625 0.45 0.5 0.275 
