0 279 3.09637 5.89674 0.168354
1 414 3.01311 6.00751 0.16879
2 517 3.00879 6.00751 0.167108
3 618 2.98765 6.33948 0.166025
4 691 2.98117 6.50208 0.165791
5 766 2.9729 6.50208 0.166441
6 845 2.98074 6.50208 0.166836
7 912 2.9747 6.50208 0.166381
8 967 2.97354 6.50208 0.166431
9 1051 2.9494 6.50208 0.166087
10 1120 2.93553 6.50208 0.166006
11 1177 2.93318 6.50208 0.166066
12 1228 2.93736 6.50208 0.166269
13 1295 2.93041 6.50208 0.165485
14 1340 2.92971 6.50208 0.16564
15 1390 2.92486 6.50208 0.165498
16 1445 2.92793 6.50208 0.165019
17 1492 2.9284 6.50208 0.16431
18 1540 2.92514 6.50375 0.163848
19 1588 2.92322 6.50375 0.16362
20 1639 2.9251 6.50375 0.163596
21 1689 2.92114 6.50375 0.163304
22 1737 2.91691 6.57836 0.163379
23 1780 2.91902 6.57836 0.163467
24 1827 2.91628 6.57836 0.163556
25 1869 2.92521 6.57836 0.163834
26 1908 2.92285 6.57836 0.163608
27 1941 2.92186 6.57836 0.163951
28 1997 2.91848 6.57836 0.163815
29 2026 2.91991 6.57836 0.163745
30 2059 2.9192 6.57836 0.163362
31 2098 2.91949 6.57836 0.163163
32 2132 2.9175 6.57836 0.163019
33 2175 2.91418 6.57836 0.162899
34 2202 2.91961 6.57836 0.162539
35 2242 2.91587 6.57836 0.162344
36 2272 2.91723 6.57836 0.162554
37 2301 2.92286 6.57836 0.162465
38 2332 2.92523 6.57836 0.162333
39 2364 2.92689 6.57836 0.162129
40 2407 2.92321 6.57836 0.161888
41 2444 2.91988 6.57836 0.161649
42 2485 2.91516 6.57836 0.161671
43 2509 2.91822 6.57836 0.161806
44 2544 2.91737 6.71795 0.161482
45 2574 2.91884 6.71795 0.161595
46 2600 2.91931 6.71795 0.161467
47 2626 2.92058 6.71795 0.16142
48 2656 2.91969 6.71795 0.161305
49 2683 2.91954 6.71795 0.161421
50 2716 2.91675 6.71795 0.161318
51 2746 2.91688 6.71795 0.161356
52 2775 2.91828 6.71795 0.161196
53 2800 2.91871 6.9823 0.160936
54 2824 2.91756 6.9823 0.160955
55 2856 2.91672 6.9823 0.160973
56 2884 2.91886 6.9823 0.160972
57 2912 2.9175 6.9823 0.160866
58 2938 2.91941 6.9823 0.160778
59 2962 2.92153 6.9823 0.16067
60 2982 2.92259 6.9823 0.160543
61 3003 2.92249 6.9823 0.160372
62 3026 2.92492 6.9823 0.160236
63 3048 2.92762 6.9823 0.160152
64 3065 2.92671 6.9823 0.160242
65 3079 2.92789 6.9823 0.160165
66 3095 2.92994 6.9823 0.16016
67 3108 2.93195 6.9823 0.160174
68 3126 2.93285 6.9823 0.160192
69 3152 2.93198 6.9823 0.160177
70 3168 2.93333 6.9823 0.160063
71 3186 2.93361 6.9823 0.160036
72 3216 2.93342 6.9823 0.160022
73 3233 2.93634 6.9823 0.159951
74 3253 2.94055 6.9823 0.159915
75 3271 2.94308 6.9823 0.159879
76 3290 2.94521 6.9823 0.159697
77 3310 2.94859 6.9823 0.159657
78 3334 2.94984 6.9823 0.159583
79 3361 2.95219 6.9823 0.159455
80 3382 2.95069 6.9823 0.159326
81 3396 2.95178 7.01215 0.159312
82 3413 2.95326 7.01215 0.159202
83 3431 2.95321 7.01215 0.15914
84 3447 2.95387 7.01215 0.159033
85 3475 2.95227 7.01215 0.158956
86 3489 2.95505 7.01215 0.158827
87 3509 2.95688 7.01215 0.158726
88 3530 2.95607 7.01215 0.158698
89 3552 2.9557 7.01215 0.158581
90 3572 2.95718 7.01215 0.158454
91 3592 2.95761 7.01215 0.158429
92 3605 2.95838 7.01215 0.158426
93 3622 2.95936 7.16512 0.15836
94 3645 2.95989 7.16512 0.158239
95 3666 2.95904 7.16512 0.158266
96 3685 2.9589 7.16512 0.158198
97 3702 2.95983 7.16512 0.158048
98 3722 2.95963 7.16512 0.158107
99 3737 2.96113 7.16512 0.158072
100 3743 2.96445 7.16512 0.158105
101 3757 2.96681 7.16512 0.158069
102 3770 2.96857 7.16512 0.15807
103 3792 2.96921 7.16512 0.158074
104 3810 2.9704 7.16512 0.158064
105 3827 2.97082 7.16512 0.157947
106 3836 2.97217 7.16512 0.157836
107 3853 2.97171 7.16512 0.157724
108 3863 2.97525 7.16512 0.157838
109 3882 2.97503 7.16512 0.157726
110 3895 2.97498 7.16512 0.157649
111 3913 2.97436 7.16512 0.15766
112 3931 2.9748 7.16512 0.157645
113 3942 2.97652 7.16512 0.157578
114 3954 2.97792 7.16512 0.157532
115 3970 2.97791 7.16512 0.157429
116 3994 2.97855 7.16512 0.157331
117 4010 2.97923 7.16512 0.157268
118 4028 2.9788 7.16512 0.157285
119 4048 2.97932 7.16512 0.157227
120 4065 2.97868 7.16512 0.157128
121 4079 2.97978 7.16512 0.1571
122 4091 2.98154 7.16512 0.157014
123 4107 2.98092 7.16512 0.156904
124 4125 2.9808 7.16512 0.15682
125 4137 2.98209 7.16512 0.156721
126 4152 2.98163 7.16512 0.156706
127 4166 2.98291 7.16512 0.156692
128 4183 2.98198 7.16512 0.1566
129 4195 2.9831 7.16512 0.156533
130 4206 2.98443 7.16512 0.156368
131 4222 2.98448 7.16512 0.156457
132 4237 2.98532 7.16512 0.156502
133 4250 2.98605 7.16512 0.15648
134 4265 2.98628 7.16512 0.156524
135 4277 2.98803 7.16512 0.156491
136 4294 2.9882 7.16512 0.156378
137 4304 2.98898 7.16512 0.156406
138 4312 2.99093 7.16512 0.156288
139 4323 2.99074 7.16512 0.156207
140 4331 2.99266 7.16512 0.156176
141 4351 2.99305 7.16512 0.156172
142 4369 2.99235 7.16512 0.156147
143 4380 2.99296 7.16512 0.1562
144 4400 2.99225 7.16512 0.156162
145 4411 2.99296 7.16512 0.156115
146 4424 2.99378 7.16512 0.156111
147 4440 2.99464 7.16512 0.156049
148 4448 2.99558 7.16512 0.155981
149 4461 2.99466 7.16512 0.155998
150 4470 2.99748 7.16512 0.155985
151 4486 2.99676 7.16512 0.155953
152 4499 2.99658 7.16512 0.155983
153 4513 2.9976 7.16512 0.156049
154 4524 2.99801 7.16512 0.156054
155 4528 3.00043 7.16512 0.156012
156 4542 2.9997 7.16512 0.155961
157 4556 3.00038 7.16512 0.155919
158 4569 3.00148 7.16512 0.155998
159 4582 3.0025 7.16512 0.156074
160 4599 3.00271 7.16512 0.156003
161 4615 3.00398 7.16512 0.155946
162 4634 3.00191 7.16512 0.155849
163 4646 3.00481 7.16512 0.155843
164 4658 3.0061 7.16512 0.155761
165 4667 3.0072 7.16512 0.155729
166 4680 3.00871 7.16512 0.155706
167 4690 3.00957 7.16512 0.155714
168 4706 3.00939 7.16512 0.155686
169 4719 3.00883 7.16512 0.155642
170 4734 3.0075 7.16512 0.155579
171 4746 3.00836 7.16512 0.155432
172 4761 3.00819 7.16512 0.155453
173 4776 3.00874 7.16512 0.155549
174 4790 3.00897 7.16512 0.155493
175 4800 3.00941 7.16512 0.155511
176 4814 3.0094 7.16512 0.155522
177 4827 3.00921 7.16512 0.155518
178 4838 3.00921 7.16512 0.155538
179 4846 3.01071 7.16512 0.155463
180 4853 3.01313 7.16512 0.155407
181 4865 3.01392 7.16512 0.155316
182 4874 3.01323 7.16512 0.155204
183 4883 3.0141 7.16512 0.155178
184 4892 3.01382 7.16512 0.155165
185 4908 3.01352 7.16512 0.155196
186 4918 3.01386 7.16512 0.155171
187 4928 3.01419 7.16512 0.155162
188 4939 3.01633 7.16512 0.155179
189 4950 3.01694 7.16512 0.155144
190 4967 3.01725 7.16512 0.155178
191 4977 3.01831 7.16512 0.155169
192 4986 3.01972 7.16512 0.155163
193 4997 3.02106 7.16512 0.155085
194 5010 3.02151 7.16512 0.155071
195 5018 3.02345 7.16512 0.155095
196 5033 3.02308 7.16512 0.155129
197 5043 3.0243 7.16512 0.155101
198 5057 3.02311 7.16512 0.155071
199 5066 3.02338 7.16512 0.155003
200 5077 3.02329 7.16512 0.154952
201 5089 3.02452 7.16512 0.154897
202 5099 3.02442 7.16512 0.154942
203 5107 3.02516 7.16512 0.154947
204 5114 3.02616 7.16512 0.155018
205 5125 3.0256 7.16512 0.155069
206 5135 3.02639 7.16512 0.15494
207 5151 3.02563 7.16512 0.154986
208 5162 3.02562 7.16512 0.155033
209 5169 3.02667 7.16512 0.154978
210 5177 3.02826 7.16512 0.154978
211 5184 3.0289 7.16512 0.154925
212 5189 3.03076 7.16512 0.15488
213 5197 3.03103 7.16512 0.154805
214 5200 3.03198 7.16512 0.154781
215 5210 3.03183 7.16512 0.154733
216 5221 3.03194 7.16512 0.154714
217 5228 3.03219 7.16512 0.154694
218 5245 3.03035 7.16512 0.154664
219 5259 3.02991 7.16512 0.154527
220 5267 3.03129 7.16512 0.154471
221 5280 3.03094 7.16512 0.154501
222 5284 3.0316 7.16512 0.154492
223 5292 3.03201 7.16512 0.154533
224 5304 3.03277 7.16512 0.154494
225 5312 3.03341 7.16512 0.154531
226 5322 3.03379 7.16512 0.154526
227 5330 3.03485 7.16512 0.154447
228 5345 3.03451 7.16512 0.154385
229 5354 3.03501 7.16512 0.154354
230 5358 3.03619 7.16512 0.154296
231 5367 3.03619 7.16512 0.154343
232 5376 3.03715 7.16512 0.154266
233 5386 3.03761 7.16512 0.154198
234 5399 3.03705 7.16512 0.154041
235 5408 3.03729 7.16512 0.154014
236 5411 3.03871 7.16512 0.153995
237 5421 3.03879 7.16512 0.153976
238 5432 3.04028 7.16512 0.153958
239 5440 3.04037 7.16512 0.153849
240 5451 3.0402 7.16512 0.153818
241 5460 3.03994 7.16512 0.153856
242 5474 3.03945 7.16512 0.153797
243 5483 3.04037 7.16512 0.153721
244 5491 3.04008 7.16512 0.153747
245 5499 3.04042 7.16512 0.153663
246 5510 3.04044 7.16512 0.153625
247 5517 3.04143 7.16512 0.153632
248 5524 3.04242 7.16512 0.153638
249 5531 3.04298 7.16512 0.153632
250 5539 3.04326 7.16512 0.153629
251 5549 3.04363 7.16512 0.153627
252 5554 3.04373 7.16512 0.153617
253 5558 3.0452 7.16512 0.15354
254 5569 3.04509 7.16512 0.153485
255 5577 3.04569 7.16512 0.153498
256 5584 3.04643 7.16512 0.153472
257 5589 3.04721 7.16512 0.153395
258 5595 3.04713 7.16512 0.153356
259 5606 3.04753 7.16512 0.153353
260 5617 3.04795 7.16512 0.153276
261 5623 3.04892 7.16512 0.153182
262 5635 3.04883 7.16512 0.153168
263 5644 3.04906 7.16512 0.153132
264 5648 3.04958 7.16512 0.153141
265 5654 3.05043 7.16512 0.153128
266 5663 3.05145 7.16512 0.153155
267 5675 3.05141 7.16512 0.15315
268 5681 3.05224 7.16512 0.153117
269 5685 3.05294 7.16512 0.153041
270 5696 3.05218 7.16512 0.153082
271 5704 3.05284 7.16512 0.153043
272 5712 3.05414 7.38134 0.153046
273 5717 3.05538 7.38134 0.15297
274 5725 3.05548 7.38134 0.152938
275 5731 3.05683 7.38134 0.152868
276 5734 3.05751 7.38134 0.152832
277 5738 3.0578 7.38134 0.152826
278 5746 3.05844 7.38134 0.152842
279 5756 3.05931 7.38134 0.152774
280 5761 3.05943 7.38134 0.152736
281 5769 3.06027 7.38134 0.152716
282 5774 3.06065 7.38134 0.152613
283 5779 3.06082 7.38134 0.152595
284 5787 3.06101 7.38134 0.152617
285 5795 3.061 7.38134 0.152598
286 5801 3.06138 7.38134 0.152582
287 5808 3.06229 7.38134 0.152642
288 5813 3.06334 7.38134 0.15261
289 5817 3.06406 7.38134 0.152543
290 5821 3.0649 7.38134 0.152563
291 5830 3.06429 7.38134 0.152619
292 5840 3.0643 7.38134 0.152646
293 5849 3.06456 7.38134 0.152609
294 5854 3.06472 7.38134 0.152582
295 5860 3.06495 7.38134 0.152518
296 5866 3.06533 7.38134 0.15253
297 5871 3.06595 7.38134 0.152451
298 5880 3.06552 7.38134 0.152392
299 5882 3.06597 7.38134 0.152372
300 5893 3.066 7.38134 0.152337
301 5896 3.06678 7.38134 0.152394
302 5900 3.06806 7.38134 0.152428
303 5908 3.06808 7.38134 0.152389
304 5912 3.06865 7.38134 0.152363
305 5919 3.0684 7.38134 0.15231
306 5922 3.06856 7.38134 0.152225
307 5928 3.06932 7.38134 0.152191
308 5937 3.0693 7.38134 0.152227
309 5941 3.07021 7.38134 0.152221
310 5945 3.07119 7.38134 0.152156
311 5952 3.07111 7.38134 0.152191
312 5957 3.07252 7.38134 0.15214
313 5966 3.07261 7.38134 0.152143
314 5970 3.0732 7.38134 0.152123
315 5977 3.07363 7.38134 0.152081
316 5985 3.07431 7.38134 0.152186
317 5992 3.07507 7.38134 0.152205
318 5996 3.07612 7.38134 0.152188
319 6006 3.07573 7.38134 0.152134
320 6013 3.07638 7.38134 0.152182
321 6019 3.07684 7.38134 0.152149
322 6022 3.07762 7.38134 0.15213
323 6029 3.0784 7.38134 0.15204
324 6031 3.07944 7.38134 0.151962
325 6040 3.07967 7.38134 0.151903
326 6045 3.07957 7.38134 0.151951
327 6054 3.08025 7.38134 0.151923
328 6058 3.08104 7.38134 0.151922
329 6067 3.08091 7.38134 0.15184
330 6082 3.08035 7.38134 0.151785
331 6087 3.08146 7.38134 0.15174
332 6092 3.08226 7.38134 0.151699
333 6099 3.08308 7.38134 0.151768
334 6106 3.08394 7.38134 0.151758
335 6108 3.08446 7.38134 0.15174
336 6111 3.08505 7.38134 0.151756
337 6118 3.08517 7.38134 0.151724
338 6129 3.08485 7.38134 0.151748
339 6139 3.08505 7.38134 0.151715
340 6143 3.08561 7.38134 0.151654
341 6152 3.08533 7.38134 0.151687
342 6161 3.08505 7.38134 0.151667
343 6168 3.08517 7.38134 0.151659
344 6174 3.08533 7.38134 0.151624
345 6180 3.08562 7.38134 0.151673
346 6185 3.08596 7.38134 0.151651
347 6190 3.08617 7.38134 0.15164
348 6197 3.08639 7.38134 0.151565
349 6201 3.08646 7.38134 0.151535
350 6209 3.08652 7.38134 0.151528
351 6215 3.08699 7.38134 0.151512
352 6218 3.08801 7.38134 0.151561
353 6227 3.088 7.38134 0.151479
354 6235 3.08794 7.38134 0.151466
355 6240 3.08806 7.38134 0.151439
356 6249 3.08787 7.38134 0.151389
357 6255 3.0881 7.38134 0.151385
358 6258 3.08855 7.38134 0.151387
359 6263 3.08894 7.38134 0.151413
360 6266 3.08928 7.38134 0.151374
361 6270 3.09022 7.38134 0.151349
362 6274 3.09052 7.38134 0.151393
363 6286 3.09003 7.38134 0.151322
364 6293 3.09063 7.38134 0.151246
365 6301 3.09067 7.38134 0.151233
366 6305 3.09115 7.38134 0.151244
367 6310 3.09148 7.38134 0.151244
368 6312 3.09209 7.38134 0.151215
369 6316 3.09252 7.38134 0.151141
370 6326 3.09333 7.38134 0.151134
371 6335 3.09252 7.38134 0.151125
372 6338 3.09314 7.38134 0.151187
373 6344 3.09342 7.38134 0.1512
374 6348 3.0935 7.38134 0.151141
375 6356 3.09369 7.38134 0.151158
376 6366 3.09344 7.38134 0.151178
377 6373 3.09342 7.38134 0.151149
378 6377 3.09394 7.38134 0.151138
379 6387 3.09357 7.38134 0.151144
380 6390 3.09418 7.38134 0.151099
381 6394 3.09465 7.38134 0.151095
382 6403 3.09431 7.38134 0.151126
383 6412 3.09419 7.38134 0.151099
384 6418 3.0946 7.38134 0.15107
385 6425 3.09485 7.38134 0.151056
386 6428 3.09566 7.38134 0.151024
387 6432 3.09613 7.38134 0.150999
388 6436 3.09647 7.38134 0.150994
389 6446 3.0964 7.38134 0.150935
390 6450 3.09734 7.38134 0.150917
391 6456 3.09765 7.38134 0.150887
392 6459 3.09852 7.38134 0.150839
393 6462 3.09955 7.38134 0.150739
394 6466 3.09979 7.38134 0.150762
395 6473 3.10077 7.38134 0.150749
396 6482 3.10093 7.38134 0.15064
397 6490 3.10032 7.38134 0.150624
398 6497 3.09992 7.38134 0.150644
399 6507 3.09973 7.38134 0.150663
400 6509 3.10092 7.38134 0.150722
401 6513 3.10138 7.38134 0.15067
402 6519 3.10133 7.38134 0.150663
403 6521 3.10226 7.38134 0.150689
404 6525 3.10229 7.38134 0.150673
405 6530 3.1022 7.38134 0.150611
406 6535 3.1025 7.38134 0.150601
407 6541 3.10291 7.38134 0.15059
408 6546 3.10383 7.38134 0.150579
409 6548 3.10556 7.38134 0.150508
410 6553 3.10628 7.38134 0.150466
411 6556 3.10714 7.38134 0.150534
412 6560 3.10717 7.38134 0.150512
413 6566 3.10775 7.38134 0.150505
414 6575 3.10813 7.38134 0.150462
415 6579 3.10845 7.38134 0.150415
416 6584 3.10945 7.38134 0.150416
417 6591 3.10906 7.38134 0.150415
418 6595 3.10969 7.38134 0.150379
419 6597 3.11075 7.38134 0.150308
420 6603 3.11044 7.38134 0.1503
421 6605 3.11112 7.38134 0.150308
422 6611 3.11107 7.38134 0.150308
423 6616 3.11181 7.38134 0.150289
424 6622 3.1121 7.38134 0.150284
425 6630 3.11207 7.38134 0.150286
426 6639 3.11165 7.38134 0.150251
427 6644 3.11173 7.38134 0.150285
428 6648 3.11193 7.38134 0.150245
429 6650 3.11326 7.38134 0.150244
430 6658 3.11312 7.38134 0.150232
431 6666 3.11357 7.38134 0.15029
432 6671 3.11379 7.38134 0.150294
433 6678 3.11437 7.38134 0.150278
434 6681 3.1147 7.38134 0.150285
435 6688 3.11478 7.38134 0.150294
436 6692 3.115 7.38134 0.150284
437 6697 3.11454 7.38134 0.150268
438 6703 3.11441 7.38134 0.150179
439 6709 3.1147 7.38134 0.150197
440 6713 3.11494 7.38134 0.150184
441 6719 3.11463 7.38134 0.15012
442 6722 3.11496 7.38134 0.150102
443 6725 3.1155 7.38134 0.150109
444 6728 3.11593 7.38134 0.150098
445 6732 3.11603 7.38134 0.15004
446 6733 3.11654 7.38134 0.150025
447 6736 3.1173 7.38134 0.149998
448 6742 3.11717 7.38134 0.149975
449 6745 3.11796 7.38134 0.149967
450 6746 3.11848 7.38134 0.149899
451 6749 3.1192 7.38134 0.149904
452 6753 3.11948 7.38134 0.149856
453 6758 3.11925 7.38134 0.149793
454 6761 3.12057 7.38134 0.149757
455 6766 3.12054 7.38134 0.149703
456 6774 3.12033 7.38134 0.149731
457 6783 3.11977 7.38134 0.149706
458 6785 3.12082 7.38134 0.149707
459 6792 3.12038 7.38134 0.149677
460 6794 3.12066 7.38134 0.149671
461 6796 3.12132 7.38134 0.149678
462 6800 3.12236 7.38134 0.1497
463 6803 3.12275 7.38134 0.14971
464 6808 3.12314 7.38134 0.149713
465 6811 3.12386 7.38134 0.149726
466 6814 3.12457 7.38134 0.149703
467 6821 3.12479 7.38134 0.149683
468 6822 3.12573 7.38134 0.149696
469 6826 3.12598 7.38134 0.149715
470 6830 3.12617 7.38134 0.149729
471 6838 3.12576 7.38134 0.149743
472 6840 3.12577 7.38134 0.149702
473 6843 3.12672 7.38134 0.14971
474 6850 3.12656 7.38134 0.14971
475 6851 3.12717 7.38134 0.149696
476 6856 3.12688 7.38134 0.149683
477 6862 3.12727 7.38134 0.149607
478 6866 3.12758 7.38134 0.149561
479 6871 3.12769 7.38134 0.149573
480 6876 3.12824 7.38134 0.149538
481 6881 3.12826 7.38134 0.149529
482 6884 3.1283 7.38134 0.149499
483 6889 3.12838 7.38134 0.149555
484 6892 3.12878 7.38134 0.149568
485 6900 3.12851 7.38134 0.149555
486 6902 3.12926 7.38134 0.149553
487 6905 3.12975 7.38134 0.149573
488 6911 3.12996 7.38134 0.149553
489 6918 3.13019 7.38134 0.149541
490 6925 3.13121 7.38134 0.149469
491 6934 3.13051 7.38134 0.149441
492 6936 3.13107 7.38134 0.149444
493 6940 3.13199 7.38134 0.149415
494 6942 3.1327 7.38134 0.149374
495 6945 3.13316 7.38134 0.149341
496 6951 3.1327 7.38134 0.149323
497 6955 3.13356 7.38134 0.149369
498 6956 3.13398 7.38134 0.149372
499 6959 3.13471 7.38134 0.149315
500 6964 3.13517 7.38134 0.149313
501 6969 3.13563 7.38134 0.149305
502 6973 3.13585 7.38134 0.149294
503 6976 3.13631 7.38134 0.149281
504 6981 3.1363 7.38134 0.149274
505 6983 3.13718 7.38134 0.149265
506 6988 3.1375 7.38134 0.149265
507 6992 3.13781 7.38134 0.149265
508 6997 3.13785 7.38134 0.149274
509 7003 3.13799 7.38134 0.149244
510 7006 3.13824 7.38134 0.149272
511 7010 3.13841 7.38134 0.149229
512 7015 3.13866 7.38134 0.149203
513 7017 3.13919 7.38134 0.149182
514 7020 3.13968 7.38134 0.1492
515 7028 3.13896 7.38134 0.14923
516 7040 3.13812 7.38134 0.14926
517 7049 3.13841 7.38134 0.149265
518 7056 3.13854 7.38134 0.149252
519 7064 3.13829 7.38134 0.149274
520 7065 3.13852 7.38134 0.149259
521 7066 3.13926 7.38134 0.149265
522 7072 3.13929 7.38134 0.149252
523 7078 3.13945 7.38134 0.149201
524 7082 3.13956 7.38134 0.14913
525 7084 3.14073 7.38134 0.149108
526 7087 3.14098 7.38134 0.149066
527 7094 3.14092 7.38134 0.149046
528 7100 3.14141 7.38134 0.148994
529 7105 3.14124 7.38134 0.148994
530 7113 3.14105 7.38134 0.14895
531 7117 3.14157 7.38134 0.14892
532 7118 3.14194 7.38134 0.148915
533 7122 3.14261 7.38134 0.148935
534 7126 3.14354 7.38134 0.148931
535 7133 3.14312 7.38134 0.148903
536 7138 3.14283 7.38134 0.148851
537 7144 3.14315 7.38134 0.148842
538 7147 3.14316 7.38134 0.148841
539 7151 3.14346 7.38134 0.14883
540 7155 3.14364 7.38134 0.148864
541 7159 3.14376 7.38134 0.148872
542 7162 3.14415 7.38134 0.148875
543 7162 3.14539 7.38134 0.148891
544 7165 3.14551 7.38134 0.148877
545 7171 3.14527 7.38134 0.148921
546 7174 3.14557 7.38134 0.148973
547 7179 3.14553 7.38134 0.148977
548 7181 3.14614 7.38134 0.148916
549 7184 3.14691 7.38134 0.148914
550 7188 3.1471 7.38134 0.14886
551 7196 3.14672 7.38134 0.148824
552 7200 3.14753 7.38134 0.148836
553 7202 3.14793 7.38134 0.148832
554 7202 3.14864 7.38134 0.148832
555 7205 3.14897 7.38134 0.148845
556 7210 3.14894 7.38134 0.148798
557 7214 3.14895 7.38134 0.14875
558 7219 3.14908 7.38134 0.14876
559 7223 3.14927 7.38134 0.148812
560 7226 3.15 7.38134 0.148834
561 7231 3.15018 7.38134 0.148839
562 7236 3.15006 7.38134 0.148825
563 7242 3.14963 7.38134 0.148767
564 7243 3.1504 7.38134 0.148751
565 7249 3.15066 7.38134 0.148715
566 7251 3.15152 7.38134 0.148674
567 7257 3.15126 7.38134 0.148656
568 7259 3.15185 7.38134 0.148662
569 7261 3.15278 7.38134 0.148655
570 7267 3.15272 7.38134 0.148649
571 7275 3.15243 7.38134 0.148602
572 7278 3.15242 7.38134 0.148554
573 7283 3.15254 7.38134 0.148558
574 7285 3.15284 7.38134 0.148557
575 7292 3.15234 7.38134 0.148567
576 7296 3.15242 7.38134 0.148541
577 7299 3.15241 7.38134 0.148551
578 7302 3.15253 7.38134 0.148573
579 7306 3.15226 7.38134 0.148505
580 7310 3.1523 7.38134 0.148475
581 7311 3.15292 7.38134 0.148495
582 7318 3.15295 7.38134 0.148492
583 7327 3.15237 7.38134 0.148495
584 7330 3.15247 7.38134 0.148475
585 7334 3.15269 7.38134 0.148467
586 7337 3.15262 7.38134 0.148474
587 7342 3.15273 7.38134 0.148413
588 7344 3.15281 7.38134 0.148444
589 7349 3.15283 7.38134 0.148432
590 7352 3.15329 7.38134 0.148398
591 7355 3.15369 7.38134 0.148403
592 7361 3.15337 7.38134 0.148389
593 7367 3.15379 7.38134 0.148331
594 7373 3.15426 7.38134 0.148333
595 7377 3.15451 7.38134 0.148328
596 7380 3.1551 7.38134 0.148288
597 7381 3.15552 7.38134 0.148301
598 7385 3.1553 7.38134 0.148278
599 7389 3.15583 7.38134 0.148302
600 7391 3.1565 7.38134 0.148306
601 7392 3.15704 7.38134 0.14836
602 7398 3.15688 7.38134 0.148319
603 7402 3.1571 7.38134 0.148321
604 7404 3.15764 7.38134 0.148335
605 7409 3.15762 7.38134 0.148362
606 7413 3.15751 7.38134 0.148316
607 7418 3.1578 7.38134 0.1483
608 7423 3.15849 7.38134 0.148287
609 7426 3.15872 7.38134 0.148249
610 7430 3.15852 7.38134 0.148225
611 7434 3.1585 7.38134 0.14821
612 7435 3.15901 7.92182 0.14822
613 7437 3.15999 7.92182 0.148277
614 7442 3.16034 7.92182 0.148288
615 7446 3.16071 7.92182 0.148267
616 7450 3.16109 7.92182 0.148241
617 7451 3.16139 7.92182 0.148272
618 7455 3.16145 7.92182 0.14826
619 7458 3.16209 7.92182 0.148209
620 7462 3.16223 7.92182 0.14823
621 7464 3.16315 7.92182 0.148163
622 7466 3.16319 7.92182 0.148191
623 7471 3.16287 7.92182 0.148202
624 7476 3.16297 7.92182 0.14816
625 7476 3.16431 7.92182 0.148159
626 7477 3.16467 7.92182 0.148183
627 7481 3.16492 7.92182 0.148195
628 7486 3.16519 7.92182 0.148164
629 7489 3.1656 7.92182 0.148214
630 7495 3.16553 7.92182 0.148236
631 7503 3.16518 7.92182 0.148245
632 7508 3.16504 7.92182 0.148194
633 7510 3.16526 7.92182 0.148162
634 7517 3.1651 7.92182 0.148168
635 7521 3.16525 7.92182 0.148172
636 7525 3.16531 7.92182 0.14817
637 7533 3.16458 7.92182 0.148128
638 7536 3.16465 7.92182 0.148121
639 7537 3.1653 7.92182 0.148093
640 7540 3.16573 7.92182 0.148099
641 7542 3.16597 7.92182 0.148094
642 7545 3.16602 7.92182 0.148054
643 7546 3.16691 7.92182 0.148065
644 7548 3.16743 7.92182 0.148089
645 7552 3.16799 7.92182 0.148087
646 7555 3.16808 7.92182 0.148062
647 7561 3.16767 7.92182 0.148081
648 7567 3.16741 7.92182 0.148055
649 7568 3.16815 7.92182 0.148085
650 7568 3.16855 7.92182 0.148041
651 7573 3.16817 7.92182 0.148035
652 7575 3.16859 7.92182 0.148025
653 7578 3.16859 7.92182 0.148022
654 7585 3.16821 7.92182 0.148006
655 7587 3.16841 7.92182 0.147954
656 7589 3.16905 7.92182 0.147908
657 7594 3.16925 7.92182 0.1479
658 7598 3.16894 7.92182 0.147913
659 7599 3.16949 7.92182 0.147919
660 7601 3.16977 7.92182 0.147926
661 7605 3.16979 7.92182 0.147903
662 7607 3.17007 7.92182 0.147893
663 7613 3.16996 7.92182 0.147848
664 7617 3.17027 7.92182 0.147842
665 7625 3.16977 7.92182 0.147826
666 7629 3.16983 7.92182 0.147854
667 7631 3.16984 7.92182 0.147819
668 7632 3.1701 7.92182 0.1478
669 7635 3.17031 7.92182 0.147781
670 7639 3.17038 7.92182 0.147795
671 7640 3.17074 7.92182 0.147795
672 7644 3.17091 7.92182 0.147775
673 7645 3.17151 7.92182 0.14771
674 7646 3.17218 7.92182 0.14772
675 7650 3.17204 7.92182 0.147672
676 7657 3.17143 7.92182 0.1477
677 7657 3.17229 7.92182 0.147722
678 7660 3.17277 7.92182 0.147714
679 7663 3.17243 7.92182 0.147691
680 7667 3.17263 7.92182 0.14766
681 7671 3.17279 7.92182 0.147632
682 7675 3.17264 7.92182 0.147607
683 7679 3.17286 7.92182 0.147603
684 7683 3.17282 7.92182 0.147574
685 7686 3.17279 7.92182 0.147567
686 7687 3.17327 7.92182 0.147539
687 7691 3.17331 7.92182 0.147516
688 7697 3.17363 7.92182 0.14751
689 7700 3.17368 7.92182 0.147488
690 7702 3.17413 7.92182 0.147489
691 7707 3.17386 7.92182 0.147497
692 7712 3.17378 7.92182 0.14748
693 7714 3.17403 7.92182 0.147465
694 7717 3.17413 7.92182 0.147491
695 7720 3.17435 7.92182 0.147481
696 7725 3.17425 7.92182 0.14747
697 7731 3.17408 7.92182 0.147483
698 7737 3.17428 7.92182 0.147524
699 7739 3.17474 7.92182 0.147552
700 7743 3.17525 7.92182 0.147581
701 7747 3.17541 7.92182 0.147571
702 7748 3.17597 7.92182 0.147573
703 7753 3.17576 7.92182 0.147566
704 7756 3.17602 7.92182 0.147516
705 7760 3.17618 7.92182 0.147501
706 7765 3.17683 7.92182 0.147465
707 7768 3.17704 7.92182 0.147473
708 7770 3.17738 7.92182 0.147524
709 7774 3.17724 7.92182 0.147505
710 7774 3.17796 7.92182 0.147496
711 7775 3.17851 7.92182 0.147484
712 7776 3.179 7.92182 0.147463
713 7778 3.17947 7.92182 0.147469
714 7779 3.18005 7.92182 0.147475
715 7779 3.18039 7.92182 0.147463
716 7781 3.18088 7.92182 0.147449
717 7789 3.18049 7.92182 0.147397
718 7794 3.1807 7.92182 0.147394
719 7802 3.17985 7.92182 0.147383
720 7805 3.18005 7.92182 0.147392
721 7807 3.1803 7.92182 0.147368
722 7810 3.18048 7.92182 0.147358
723 7813 3.18049 7.92182 0.147357
724 7816 3.18082 7.92182 0.147365
725 7820 3.18085 7.92182 0.147383
726 7823 3.18108 7.92182 0.147394
727 7828 3.1808 7.92182 0.1474
728 7832 3.18057 7.92182 0.147408
729 7836 3.18049 7.92182 0.147417
730 7837 3.18072 7.92182 0.147387
731 7840 3.18086 7.92182 0.147393
732 7841 3.18154 7.92182 0.147387
733 7845 3.18165 7.92182 0.147359
734 7849 3.18183 7.92182 0.147325
735 7851 3.18215 7.92182 0.147296
736 7852 3.18227 7.92182 0.147286
737 7857 3.18224 7.92182 0.147263
738 7860 3.18222 7.92182 0.147249
739 7862 3.18272 7.92182 0.147225
740 7867 3.18246 7.92182 0.147193
741 7869 3.18271 7.92182 0.147195
742 7870 3.18339 7.92182 0.147175
743 7876 3.18351 7.92182 0.147212
744 7880 3.18421 7.92182 0.147146
745 7882 3.1842 7.92182 0.147146
746 7888 3.18384 7.92182 0.147107
747 7890 3.18408 7.92182 0.147097
748 7893 3.18419 7.92182 0.147092
749 7893 3.18459 7.92182 0.147053
750 7897 3.18472 7.92182 0.147039
751 7900 3.1847 7.92182 0.14706
752 7904 3.18485 7.92182 0.147057
753 7907 3.18494 7.92182 0.147045
754 7909 3.18485 7.92182 0.147027
755 7912 3.18481 7.92182 0.147041
756 7915 3.1849 7.92182 0.147028
757 7918 3.18527 7.92182 0.14697
758 7925 3.1853 7.92182 0.146956
759 7930 3.18506 7.92182 0.14694
760 7932 3.18537 7.92182 0.146935
761 7933 3.18567 7.92182 0.146932
762 7936 3.1854 7.92182 0.146936
763 7938 3.18547 7.92182 0.146927
764 7942 3.18585 7.92182 0.146906
765 7944 3.18584 7.92182 0.146905
766 7947 3.18586 7.92182 0.146925
767 7950 3.18575 7.92182 0.1469
768 7954 3.18609 7.92182 0.14688
769 7957 3.1866 7.92182 0.146926
770 7959 3.18713 7.92182 0.146907
771 7965 3.18645 7.92182 0.1469
772 7968 3.18651 7.92182 0.146902
773 7969 3.18695 7.92182 0.146913
774 7971 3.18746 7.92182 0.146886
775 7972 3.18783 7.92182 0.146879
776 7975 3.18778 7.92182 0.14689
777 7976 3.18814 7.92182 0.146872
778 7977 3.18816 7.92182 0.146855
779 7978 3.18867 7.92182 0.146871
780 7981 3.18866 7.92182 0.146833
781 7985 3.18857 7.92182 0.146805
782 7989 3.18844 7.92182 0.14684
783 7993 3.18855 7.92182 0.146834
784 7995 3.18887 7.92182 0.146856
785 7997 3.18901 7.92182 0.146843
786 8002 3.18874 7.92182 0.146844
787 8005 3.18885 7.92182 0.146837
788 8006 3.18945 7.92182 0.146806
789 8008 3.18966 7.92182 0.146794
790 8014 3.18973 7.92182 0.146785
791 8017 3.19023 7.92182 0.146736
792 8021 3.19033 7.92182 0.146735
793 8023 3.19057 7.92182 0.146726
794 8025 3.19089 7.92182 0.146732
795 8028 3.19139 7.92182 0.14671
796 8030 3.19208 7.92182 0.146702
797 8033 3.19239 7.92182 0.146693
798 8035 3.19258 7.92182 0.146704
799 8041 3.19241 7.92182 0.146682
800 8044 3.19259 7.92182 0.146664
801 8045 3.19307 7.92182 0.146653
802 8048 3.19373 7.92182 0.146686
803 8053 3.19394 7.92182 0.146714
804 8053 3.19438 7.92182 0.146701
805 8054 3.19447 7.92182 0.146714
806 8058 3.19421 7.92182 0.146678
807 8060 3.19428 7.92182 0.146674
808 8060 3.19499 7.92182 0.146676
809 8066 3.19481 7.92182 0.146633
810 8069 3.1948 7.92182 0.146633
811 8070 3.19506 7.92182 0.146644
812 8071 3.19545 7.92182 0.14663
813 8073 3.19596 7.92182 0.146614
814 8076 3.19659 7.92182 0.146596
815 8080 3.19657 7.92182 0.1466
816 8083 3.19688 7.92182 0.146576
817 8083 3.19745 7.92182 0.146589
818 8084 3.19759 7.92182 0.146543
819 8085 3.19827 7.92182 0.146545
820 8086 3.19852 7.92182 0.146546
821 8089 3.1984 7.92182 0.146544
822 8095 3.19771 7.92182 0.146547
823 8103 3.1974 7.92182 0.146535
824 8105 3.19783 7.92182 0.146514
825 8108 3.19801 7.92182 0.146469
826 8109 3.19835 7.92182 0.146474
827 8113 3.1988 7.92182 0.146463
828 8119 3.19828 7.92182 0.146485
829 8120 3.19848 7.92182 0.146468
830 8123 3.19853 7.92182 0.146449
831 8124 3.19954 7.92182 0.146462
832 8128 3.19969 7.92182 0.146441
833 8130 3.19988 7.92182 0.146424
834 8132 3.2002 7.92182 0.146401
835 8134 3.20096 7.92182 0.146387
836 8135 3.20136 7.92182 0.146372
837 8138 3.20152 7.92182 0.146347
838 8138 3.20198 7.92182 0.146313
839 8138 3.20239 7.92182 0.14631
840 8142 3.20204 7.92182 0.146308
841 8143 3.20262 7.92182 0.146313
842 8144 3.20286 7.92182 0.14628
843 8147 3.20281 7.92182 0.146264
844 8149 3.20319 7.92182 0.146229
845 8151 3.20322 7.92182 0.146225
846 8153 3.2035 7.92182 0.146257
847 8157 3.20342 7.92182 0.146246
848 8161 3.20325 7.92182 0.146216
849 8161 3.20397 7.92182 0.14624
850 8162 3.20419 7.92182 0.146238
851 8162 3.20472 7.92182 0.146224
852 8162 3.20518 7.92182 0.146205
853 8164 3.20555 7.92182 0.146198
854 8166 3.20583 7.92182 0.146202
855 8169 3.20602 7.92182 0.146178
856 8171 3.20641 7.92182 0.14616
857 8178 3.20621 7.92182 0.146155
858 8181 3.20635 7.92182 0.146136
859 8185 3.20639 7.92182 0.146122
860 8186 3.2069 7.92182 0.146109
861 8187 3.20709 7.92182 0.146123
862 8188 3.20757 7.92182 0.146119
863 8193 3.20732 7.92182 0.146154
864 8196 3.20726 7.92182 0.14616
865 8200 3.20712 7.92182 0.146166
866 8205 3.20699 7.92182 0.146147
867 8206 3.20715 7.92182 0.146154
868 8208 3.20741 7.92182 0.146133
869 8209 3.20767 7.92182 0.146109
870 8214 3.20764 7.92182 0.146082
871 8220 3.20744 7.92182 0.146122
872 8221 3.20769 7.92182 0.146098
873 8226 3.20737 7.92182 0.146093
874 8228 3.20781 7.92182 0.146139
875 8232 3.20812 7.92182 0.146126
876 8234 3.20851 7.92182 0.146067
877 8235 3.20892 7.92182 0.146057
878 8239 3.2086 7.92182 0.146041
879 8239 3.2091 7.92182 0.146039
880 8243 3.20906 7.92182 0.146007
881 8244 3.20967 7.92182 0.146026
882 8244 3.21037 7.92182 0.145984
883 8248 3.21041 7.92182 0.146011
884 8249 3.211 7.92182 0.146033
885 8251 3.21137 7.92182 0.146032
886 8254 3.2113 7.92182 0.146058
887 8256 3.21189 7.92182 0.146048
888 8259 3.21177 7.92182 0.146016
889 8261 3.21189 7.92182 0.146032
890 8265 3.21174 7.92182 0.146073
891 8267 3.21199 7.92182 0.146075
892 8269 3.21217 7.92182 0.146091
893 8271 3.21278 7.92182 0.146108
894 8275 3.21266 7.92182 0.146117
895 8277 3.21276 7.92182 0.14608
896 8277 3.21302 7.92182 0.146091
897 8278 3.2132 7.92182 0.146073
898 8278 3.21377 7.92182 0.146052
899 8282 3.21432 7.92182 0.146084
900 8287 3.21397 7.92182 0.146062
901 8289 3.21428 7.92182 0.146058
902 8291 3.21456 7.92182 0.146062
903 8292 3.21476 7.92182 0.146047
904 8293 3.21524 7.92182 0.146057
905 8295 3.21579 7.92182 0.146052
906 8301 3.21536 7.92182 0.146052
907 8301 3.21573 7.92182 0.146045
908 8305 3.21541 7.92182 0.146063
909 8308 3.21556 7.92182 0.146029
910 8310 3.21572 7.92182 0.14604
911 8314 3.21569 7.92182 0.146049
912 8314 3.21628 7.92182 0.146047
913 8316 3.21638 7.92182 0.146057
914 8318 3.21705 7.92182 0.146026
915 8320 3.21746 7.92182 0.146004
916 8321 3.21786 7.92182 0.145999
917 8324 3.21798 7.92182 0.146029
918 8326 3.21819 7.92182 0.14602
919 8329 3.21817 7.92182 0.146
920 8334 3.2177 7.92182 0.146016
921 8334 3.21817 7.92182 0.145987
922 8336 3.21828 7.92182 0.145996
923 8339 3.21813 7.92182 0.145968
924 8340 3.21819 7.92182 0.145976
925 8345 3.21797 7.92182 0.146015
926 8347 3.2184 7.92182 0.146038
927 8348 3.21892 7.92182 0.146038
928 8349 3.21901 7.92182 0.146046
929 8353 3.21907 7.92182 0.146033
930 8353 3.21924 7.92182 0.146001
931 8356 3.219 7.92182 0.145999
932 8357 3.21917 7.92182 0.145994
933 8358 3.21937 7.92182 0.146006
934 8362 3.21946 7.92182 0.145996
935 8362 3.21969 7.92182 0.145986
936 8364 3.22014 7.92182 0.14597
937 8364 3.22056 7.92182 0.145967
938 8365 3.22071 7.92182 0.145938
939 8371 3.22033 7.92182 0.145919
940 8373 3.22026 7.92182 0.145903
941 8375 3.22031 7.92182 0.145944
942 8380 3.21994 7.92182 0.14595
943 8384 3.22017 7.92182 0.145953
944 8387 3.22038 7.92182 0.145962
945 8387 3.22092 7.92182 0.145955
946 8390 3.22102 7.92182 0.145965
947 8393 3.22118 7.92182 0.145949
948 8396 3.22133 7.92182 0.145976
949 8397 3.22181 7.92182 0.145968
950 8399 3.22232 7.92182 0.145944
951 8401 3.22271 7.92182 0.145955
952 8403 3.22297 7.92182 0.145949
953 8403 3.22337 7.92182 0.145952
954 8405 3.22353 7.92182 0.145965
955 8407 3.22396 7.92182 0.145946
956 8412 3.22418 7.92182 0.14591
957 8414 3.22471 7.92182 0.145892
958 8418 3.22447 7.92182 0.145924
959 8418 3.22534 7.92182 0.145933
960 8421 3.22541 7.92182 0.145892
961 8421 3.22602 7.92182 0.145871
962 8424 3.22638 7.92182 0.145842
963 8427 3.22629 7.92182 0.145839
964 8429 3.22652 7.92182 0.145847
965 8430 3.22698 7.92182 0.145801
966 8432 3.22709 7.92182 0.145785
967 8432 3.22777 7.92182 0.145751
968 8433 3.22809 7.92182 0.145722
969 8435 3.22834 7.92182 0.145721
970 8438 3.22822 7.92182 0.145724
971 8440 3.22858 7.92182 0.145711
972 8444 3.22851 7.92182 0.145708
973 8445 3.2285 7.92182 0.145689
974 8450 3.22809 7.92182 0.145698
975 8453 3.22805 7.92182 0.14569
976 8455 3.22828 7.92182 0.145689
977 8458 3.22833 7.92182 0.145693
978 8466 3.22796 7.92182 0.145686
979 8468 3.22834 7.92182 0.145646
980 8470 3.22868 7.92182 0.145613
981 8471 3.22887 7.92182 0.145617
982 8474 3.22881 7.92182 0.145606
983 8476 3.22923 7.92182 0.145588
984 8478 3.22933 7.92182 0.145595
985 8480 3.22952 7.92182 0.145589
986 8482 3.22959 7.92182 0.14558
987 8483 3.23001 7.92182 0.14558
988 8488 3.22966 7.92182 0.145614
989 8490 3.22969 7.92182 0.14563
990 8494 3.22933 7.92182 0.145597
991 8497 3.22904 7.92182 0.145632
992 8498 3.22945 7.92182 0.145611
993 8499 3.22981 7.92182 0.145598
994 8500 3.22999 7.92182 0.145563
995 8503 3.23012 7.92182 0.145565
996 8503 3.23056 7.92182 0.145536
997 8505 3.23064 7.92182 0.145525
998 8507 3.23047 7.92182 0.145517
999 8507 3.23116 7.92182 0.145479
1000 8508 3.23151 7.92182 0.145465
1001 8509 3.23164 7.92182 0.145461
1002 8514 3.23132 7.92182 0.145454
1003 8518 3.23158 7.92182 0.145476
1004 8520 3.23206 7.92182 0.145483
1005 8522 3.23214 7.92182 0.145487
1006 8523 3.23232 7.92182 0.145447
1007 8525 3.2325 7.92182 0.145434
1008 8528 3.23233 7.92182 0.145428
1009 8531 3.23235 7.92182 0.145406
1010 8533 3.23228 7.92182 0.145406
1011 8538 3.23233 7.92182 0.145369
1012 8538 3.23291 7.92182 0.145353
1013 8542 3.23279 7.92182 0.145328
1014 8544 3.23278 7.92182 0.14531
1015 8545 3.23292 7.92182 0.145317
1016 8548 3.23337 7.92182 0.145293
1017 8552 3.23341 7.92182 0.145269
1018 8555 3.23317 7.92182 0.145263
1019 8558 3.23326 7.92182 0.145258
1020 8560 3.23335 7.92182 0.145267
1021 8561 3.23365 7.92182 0.14528
1022 8562 3.23388 7.92182 0.145282
1023 8566 3.2339 7.92182 0.145288
1024 8571 3.2338 7.92182 0.145291
1025 8572 3.23393 7.92182 0.145261
1026 8573 3.23426 7.92182 0.145265
1027 8574 3.23468 7.92182 0.145299
1028 8575 3.23474 7.92182 0.145269
1029 8577 3.23452 7.92182 0.145275
1030 8580 3.23455 7.92182 0.145287
1031 8581 3.23488 7.92182 0.14529
1032 8587 3.23462 7.92182 0.145272
1033 8587 3.23488 7.92182 0.145255
1034 8587 3.23547 7.92182 0.145241
1035 8589 3.23569 7.92182 0.145255
1036 8590 3.23592 7.92182 0.145239
1037 8592 3.23597 7.92182 0.145234
1038 8596 3.23596 7.92182 0.145216
1039 8598 3.2362 7.92182 0.145206
1040 8599 3.23664 7.92182 0.145208
1041 8603 3.2365 7.92182 0.145179
1042 8606 3.23659 7.92182 0.145179
1043 8606 3.23707 7.92182 0.14518
1044 8608 3.23718 7.92182 0.145178
1045 8610 3.23722 7.92182 0.145194
1046 8611 3.23734 7.92182 0.145181
1047 8613 3.23733 7.92182 0.145151
1048 8615 3.23755 7.92182 0.145184
1049 8615 3.23781 7.92182 0.145172
1050 8622 3.23772 7.92182 0.1452
1051 8623 3.23786 7.92182 0.145233
1052 8627 3.23796 7.92182 0.145247
1053 8628 3.23806 7.92182 0.145229
1054 8629 3.23831 7.92182 0.145209
1055 8629 3.2385 7.92182 0.145223
1056 8630 3.23852 7.92182 0.145205
1057 8632 3.23877 7.92182 0.145206
1058 8633 3.23899 7.92182 0.145186
1059 8633 3.23974 7.92182 0.145197
1060 8634 3.24018 7.92182 0.145201
1061 8637 3.24005 7.92182 0.145218
1062 8641 3.23966 7.92182 0.145196
1063 8642 3.23984 7.92182 0.145182
1064 8644 3.23979 7.92182 0.145193
1065 8644 3.24029 7.92182 0.145203
1066 8645 3.24072 7.92182 0.14521
1067 8648 3.24062 7.92182 0.145193
1068 8648 3.24109 7.92182 0.145192
1069 8649 3.24123 7.92182 0.145182
1070 8651 3.2416 7.92182 0.145166
1071 8653 3.24157 7.92182 0.14517
1072 8655 3.24187 7.92182 0.145145
1073 8657 3.24192 7.92182 0.145129
1074 8657 3.24218 7.92182 0.145088
1075 8661 3.24189 7.92182 0.145058
1076 8663 3.24214 7.92182 0.145051
1077 8663 3.24238 7.92182 0.145057
1078 8664 3.243 7.92182 0.145077
1079 8665 3.24319 7.92182 0.145092
1080 8665 3.24364 7.92182 0.145101
1081 8668 3.24374 7.92182 0.145101
1082 8671 3.24353 7.92182 0.145089
1083 8671 3.24383 7.92182 0.145087
1084 8673 3.24371 7.92182 0.145063
1085 8675 3.24371 7.92182 0.145076
1086 8676 3.24389 7.92182 0.14507
1087 8676 3.24406 7.92182 0.14507
1088 8678 3.24415 7.92182 0.145065
1089 8679 3.24418 7.92182 0.145087
1090 8680 3.2443 7.92182 0.145035
1091 8685 3.24397 7.92182 0.145027
1092 8686 3.24419 7.92182 0.14502
1093 8686 3.24439 7.92182 0.144999
1094 8688 3.2444 7.92182 0.144986
1095 8689 3.24466 7.92182 0.144994
1096 8690 3.24496 7.92182 0.144985
1097 8696 3.24445 7.92182 0.144929
1098 8699 3.24417 7.92182 0.144921
1099 8700 3.24454 7.92182 0.14491
1100 8702 3.24459 7.92182 0.14489
1101 8702 3.2448 7.92182 0.144883
1102 8702 3.24527 7.92182 0.144889
1103 8705 3.24547 7.92182 0.144892
1104 8710 3.24542 7.92182 0.144889
1105 8710 3.24583 7.92182 0.144861
1106 8712 3.24608 7.92182 0.144854
1107 8715 3.2458 7.92182 0.144857
1108 8717 3.24589 7.92182 0.144871
1109 8718 3.24616 7.92182 0.144895
1110 8720 3.24634 7.92182 0.144887
1111 8723 3.24648 7.92182 0.144872
1112 8725 3.24649 7.92182 0.144869
1113 8727 3.2464 7.92182 0.144864
1114 8728 3.24649 7.92182 0.144831
1115 8728 3.24679 7.92182 0.144807
1116 8731 3.24659 7.92182 0.144792
1117 8732 3.24681 7.92182 0.144748
1118 8734 3.24671 7.92182 0.144757
1119 8735 3.24709 7.92182 0.144772
1120 8736 3.24712 7.92182 0.144768
1121 8736 3.24751 7.92182 0.144755
1122 8737 3.24772 7.92182 0.144732
1123 8739 3.24803 7.92182 0.144747
1124 8741 3.24817 7.92182 0.144754
1125 8741 3.2487 7.92182 0.144741
1126 8742 3.24911 7.92182 0.144723
1127 8744 3.24928 7.92182 0.144695
1128 8744 3.24954 7.92182 0.144684
1129 8745 3.25005 7.92182 0.144654
1130 8747 3.25039 7.92182 0.14467
1131 8748 3.25065 7.92182 0.144668
1132 8749 3.25102 7.92182 0.144655
1133 8751 3.25123 7.92182 0.14467
1134 8753 3.2513 7.92182 0.144662
1135 8754 3.25161 7.92182 0.144675
1136 8755 3.25167 7.92182 0.144656
1137 8759 3.25135 7.92182 0.144639
1138 8760 3.25143 7.92182 0.144597
1139 8762 3.25159 7.92182 0.144606
1140 8764 3.25148 7.92182 0.144587
1141 8767 3.25156 7.92182 0.144569
1142 8768 3.25185 7.92182 0.144534
1143 8771 3.25207 7.92182 0.144522
1144 8773 3.25218 7.92182 0.14452
1145 8775 3.252 7.92182 0.144506
1146 8779 3.25167 7.92182 0.144487
1147 8780 3.25184 7.92182 0.144453
1148 8783 3.25203 7.92182 0.144446
1149 8784 3.25225 7.92182 0.144457
1150 8785 3.25237 7.92182 0.144455
1151 8789 3.2525 7.92182 0.144471
1152 8789 3.25267 7.92182 0.144454
1153 8791 3.25293 7.92182 0.144436
1154 8791 3.25313 7.92182 0.144416
1155 8793 3.25304 7.92182 0.144432
1156 8795 3.25317 7.92182 0.14442
1157 8795 3.25348 7.92182 0.144431
1158 8797 3.25366 7.92182 0.144425
1159 8800 3.25354 7.92182 0.144405
1160 8802 3.25411 7.92182 0.144412
1161 8806 3.25419 7.92182 0.14441
1162 8806 3.25481 7.92182 0.144399
1163 8808 3.25453 7.92182 0.144388
1164 8809 3.2547 7.92182 0.144377
1165 8811 3.2546 7.92182 0.14438
1166 8813 3.25456 7.92182 0.144385
1167 8814 3.25493 7.92182 0.144414
1168 8816 3.25508 7.92182 0.144431
1169 8816 3.25545 7.92182 0.144416
1170 8817 3.25576 7.92182 0.144432
1171 8817 3.25604 7.92182 0.14444
1172 8820 3.25602 7.92182 0.144418
1173 8822 3.25595 7.92182 0.144425
1174 8826 3.25576 7.92182 0.144409
1175 8829 3.25578 7.92182 0.144437
1176 8833 3.25588 7.92182 0.144424
1177 8834 3.25614 7.92182 0.144412
1178 8835 3.25652 7.92182 0.144471
1179 8836 3.25662 7.92182 0.144459
1180 8836 3.25705 7.92182 0.144448
1181 8836 3.2576 7.92182 0.144426
1182 8838 3.2577 7.92182 0.144441
1183 8839 3.25814 7.92182 0.144427
1184 8842 3.25806 7.92182 0.1444
1185 8843 3.25823 7.92182 0.144387
1186 8843 3.25853 7.92182 0.144376
1187 8847 3.25839 7.92182 0.144357
1188 8850 3.25821 7.92182 0.144323
1189 8852 3.25816 7.92182 0.144325
1190 8854 3.25839 7.92182 0.14432
1191 8855 3.25861 7.92182 0.144316
1192 8857 3.25861 7.92182 0.144294
1193 8859 3.25875 7.92182 0.144281
1194 8860 3.25888 7.92182 0.144281
1195 8862 3.25912 7.92182 0.144282
1196 8864 3.25905 7.92182 0.144282
1197 8866 3.25925 7.92182 0.14428
1198 8868 3.25946 7.92182 0.144296
1199 8868 3.25974 7.92182 0.144306
1200 8868 3.26 7.92182 0.144266
1201 8869 3.26059 7.92182 0.144222
1202 8873 3.2604 7.92182 0.144224
1203 8876 3.26079 7.92182 0.144205
1204 8878 3.26087 7.92182 0.144175
1205 8878 3.2611 7.92182 0.144177
1206 8878 3.2615 7.92182 0.144173
1207 8879 3.26163 7.92182 0.144189
1208 8881 3.26168 7.92182 0.144189
1209 8881 3.26194 7.92182 0.144183
1210 8884 3.26181 7.92182 0.14417
1211 8884 3.2622 7.92182 0.144139
1212 8886 3.26237 7.92182 0.144116
1213 8887 3.26262 7.92182 0.144103
1214 8888 3.26296 7.92182 0.144082
1215 8891 3.26331 7.92182 0.14407
1216 8892 3.26356 7.92182 0.144076
1217 8894 3.26377 7.92182 0.14406
1218 8897 3.26401 7.92182 0.144048
1219 8900 3.26392 7.92182 0.144029
1220 8903 3.26392 7.92182 0.144027
1221 8907 3.26385 7.92182 0.144003
1222 8910 3.26397 7.92182 0.144002
1223 8912 3.26394 7.92182 0.144007
1224 8913 3.26429 7.92182 0.144005
1225 8914 3.26455 7.92182 0.144002
1226 8915 3.2646 7.92182 0.143998
1227 8916 3.26473 7.92182 0.14399
1228 8920 3.26467 7.92182 0.143976
1229 8921 3.26479 7.92182 0.143958
1230 8921 3.26522 7.92182 0.143973
1231 8922 3.26567 7.92182 0.143968
1232 8926 3.26575 7.92182 0.143969
1233 8927 3.26591 7.92182 0.143935
1234 8927 3.26661 7.92182 0.143928
1235 8928 3.26686 7.92182 0.143926
1236 8929 3.26701 7.92182 0.143913
1237 8929 3.26744 7.92182 0.143926
1238 8930 3.26748 7.92182 0.143925
1239 8932 3.26784 7.92182 0.143902
1240 8935 3.26757 7.92182 0.143906
1241 8936 3.26796 7.92182 0.143912
1242 8938 3.26817 7.92182 0.143911
1243 8940 3.26846 7.92182 0.143899
1244 8941 3.26857 7.92182 0.143865
1245 8945 3.2685 7.92182 0.143867
1246 8946 3.26885 7.92182 0.143877
1247 8948 3.2688 7.92182 0.143856
1248 8950 3.26896 7.92182 0.143855
1249 8953 3.26889 7.92182 0.143865
1250 8955 3.26896 7.92182 0.143854
1251 8957 3.26931 7.92182 0.143863
1252 8957 3.26955 7.92182 0.143855
1253 8958 3.26977 7.92182 0.143861
1254 8959 3.26996 7.92182 0.143839
1255 8960 3.27023 7.92182 0.143831
1256 8961 3.27058 7.92182 0.143812
1257 8961 3.27098 7.92182 0.143818
1258 8964 3.27109 7.92182 0.143807
1259 8966 3.27125 7.92182 0.143796
1260 8968 3.27109 7.92182 0.143778
1261 8970 3.27165 7.92182 0.143801
1262 8973 3.27155 7.92182 0.143792
1263 8975 3.27147 7.92182 0.143785
1264 8975 3.27186 7.92182 0.14378
1265 8977 3.27191 7.92182 0.14378
1266 8979 3.2721 7.92182 0.143796
1267 8981 3.27202 7.92182 0.143795
1268 8983 3.27205 7.92182 0.143803
1269 8984 3.27224 7.92182 0.143789
1270 8988 3.27193 7.92182 0.143805
1271 8989 3.2725 7.92182 0.143759
1272 8993 3.27233 7.92182 0.14372
1273 8994 3.27258 7.92182 0.143717
1274 8998 3.27235 7.92182 0.143706
1275 8999 3.27248 7.92182 0.143697
1276 9001 3.27237 7.92182 0.143691
1277 9001 3.27293 7.92182 0.143692
1278 9006 3.27237 7.92182 0.143688
1279 9007 3.27238 7.92182 0.143692
1280 9011 3.27215 7.92182 0.143702
1281 9013 3.27237 7.92182 0.143701
1282 9015 3.27311 7.92182 0.143692
1283 9016 3.27353 7.92182 0.143709
1284 9016 3.27382 7.92182 0.143743
1285 9019 3.27371 7.92182 0.143729
1286 9021 3.27367 7.92182 0.143712
1287 9023 3.27377 7.92182 0.143685
1288 9025 3.27381 7.92182 0.143691
1289 9026 3.27405 7.92182 0.143674
1290 9028 3.27421 7.92182 0.143666
1291 9032 3.27451 7.92182 0.14366
1292 9033 3.27474 7.92182 0.143655
1293 9035 3.27472 7.92182 0.143645
1294 9036 3.27512 7.92182 0.143629
1295 9036 3.27547 7.92182 0.143673
1296 9039 3.27551 7.92182 0.143625
1297 9040 3.2756 7.92182 0.143655
1298 9041 3.27599 7.92182 0.143621
1299 9043 3.276 7.92182 0.143623
1300 9043 3.27621 7.92182 0.143621
1301 9045 3.27625 7.92182 0.143624
1302 9047 3.27657 7.92182 0.143638
1303 9048 3.27686 7.92182 0.143649
1304 9051 3.27666 7.92182 0.143624
1305 9052 3.27696 7.92182 0.143593
1306 9055 3.27732 7.92182 0.1436
1307 9056 3.27755 7.92182 0.143585
1308 9059 3.2772 7.92182 0.143563
1309 9060 3.27738 7.92182 0.143566
1310 9062 3.27735 7.92182 0.143572
1311 9064 3.27742 7.92182 0.143557
1312 9066 3.27746 7.92182 0.143555
1313 9067 3.27764 7.92182 0.143546
1314 9070 3.27774 7.92182 0.14356
1315 9071 3.27835 7.92182 0.143555
1316 9072 3.27842 7.92182 0.143572
1317 9075 3.2782 7.92182 0.143583
1318 9076 3.27881 7.92182 0.143607
1319 9079 3.27905 7.92182 0.143588
1320 9081 3.27894 7.92182 0.143598
1321 9085 3.27872 7.92182 0.143586
1322 9085 3.27898 7.92182 0.143601
1323 9085 3.27928 7.92182 0.143605
1324 9086 3.27972 7.92182 0.143602
1325 9087 3.27973 7.92182 0.143603
1326 9088 3.27971 7.92182 0.143593
1327 9088 3.2799 7.92182 0.143546
1328 9088 3.28008 7.92182 0.143547
1329 9088 3.28027 7.92182 0.143532
1330 9089 3.28069 7.92182 0.143559
1331 9089 3.28111 7.92182 0.143546
1332 9091 3.28144 7.92182 0.143574
1333 9093 3.28142 7.92182 0.143568
1334 9093 3.28166 7.92182 0.143569
1335 9094 3.28184 7.92182 0.14357
1336 9099 3.2815 7.92182 0.14354
1337 9099 3.28192 7.92182 0.143533
1338 9101 3.28189 7.92182 0.143525
1339 9102 3.28196 7.92182 0.143526
1340 9103 3.28213 7.92182 0.143504
1341 9103 3.28227 7.92182 0.143475
1342 9103 3.2827 7.92182 0.143481
1343 9106 3.28241 7.92182 0.143473
1344 9109 3.28227 7.92182 0.143477
1345 9111 3.28246 7.92182 0.143477
1346 9113 3.28237 7.92182 0.143465
1347 9116 3.28231 7.92182 0.143477
1348 9116 3.28254 7.92182 0.143479
1349 9116 3.28312 7.92182 0.143462
1350 9117 3.28322 7.92182 0.143464
1351 9118 3.28335 7.92182 0.143448
1352 9120 3.28383 7.92182 0.14344
1353 9124 3.28354 7.92182 0.14345
1354 9124 3.28369 7.92182 0.14345
1355 9124 3.2842 7.92182 0.143468
1356 9124 3.2845 7.92182 0.143459
1357 9126 3.2844 7.92182 0.143432
1358 9128 3.28456 7.92182 0.14344
1359 9129 3.2846 7.92182 0.14344
1360 9129 3.28503 7.92182 0.143431
1361 9131 3.28551 7.92182 0.143402
1362 9132 3.28564 7.92182 0.143372
1363 9133 3.28569 7.92182 0.143352
1364 9134 3.28585 7.92182 0.143347
1365 9135 3.2858 7.92182 0.143337
1366 9136 3.28613 7.92182 0.143354
1367 9136 3.2864 7.92182 0.14335
1368 9137 3.28647 7.92182 0.143336
1369 9138 3.28665 7.92182 0.14334
1370 9139 3.28667 7.92182 0.143314
1371 9141 3.28652 7.92182 0.143291
1372 9141 3.28682 7.92182 0.143292
1373 9141 3.28722 7.92182 0.14328
1374 9143 3.2872 7.92182 0.143319
1375 9144 3.28738 7.92182 0.143338
1376 9146 3.2875 7.92182 0.143334
1377 9148 3.28735 7.92182 0.143324
1378 9148 3.28771 7.92182 0.143327
1379 9149 3.28774 7.92182 0.143319
1380 9150 3.28806 7.92182 0.143317
1381 9152 3.28796 7.92182 0.143319
1382 9153 3.28809 7.92182 0.14335
1383 9155 3.28813 7.92182 0.143331
1384 9155 3.28834 7.92182 0.143354
1385 9158 3.28836 7.92182 0.143351
1386 9161 3.28813 7.92182 0.143362
1387 9163 3.28836 7.92182 0.143359
1388 9163 3.28882 7.92182 0.143345
1389 9165 3.28943 7.92182 0.143327
1390 9165 3.28964 7.92182 0.143308
1391 9167 3.28973 7.92182 0.143275
1392 9169 3.28976 7.92182 0.143268
1393 9176 3.28927 7.92182 0.143286
1394 9176 3.28943 7.92182 0.143277
1395 9178 3.28967 7.92182 0.143271
1396 9179 3.28987 7.92182 0.143276
1397 9182 3.2899 7.92182 0.143267
1398 9184 3.29003 7.92182 0.143256
1399 9185 3.29022 7.92182 0.143244
1400 9185 3.29046 7.92182 0.143248
1401 9186 3.29092 7.92182 0.143265
1402 9189 3.29087 7.92182 0.143237
1403 9190 3.29101 7.92182 0.143201
1404 9192 3.29115 7.92182 0.143223
1405 9193 3.29123 7.92182 0.14321
1406 9194 3.29167 7.92182 0.143215
1407 9196 3.29167 7.92182 0.143242
1408 9196 3.29193 7.92182 0.143249
1409 9196 3.29223 7.92182 0.143238
1410 9198 3.2922 7.92182 0.143221
1411 9199 3.29225 7.92182 0.143225
1412 9201 3.29216 7.92182 0.143219
1413 9201 3.29261 7.92182 0.14321
1414 9203 3.29303 7.92182 0.143201
1415 9207 3.29299 7.92182 0.143181
1416 9211 3.2928 7.92182 0.14318
1417 9213 3.29281 7.92182 0.143172
1418 9214 3.29313 7.92182 0.143153
1419 9214 3.29349 7.92182 0.143149
1420 9214 3.2938 7.92182 0.143155
1421 9216 3.29372 7.92182 0.143144
1422 9218 3.29411 7.92182 0.143171
1423 9218 3.2942 7.92182 0.143168
1424 9218 3.29471 7.92182 0.143162
1425 9222 3.29457 7.92182 0.143163
1426 9223 3.29472 7.92182 0.143152
1427 9223 3.29514 7.92182 0.143149
1428 9224 3.29521 7.92182 0.143156
1429 9228 3.29496 7.92182 0.143143
1430 9230 3.29509 7.92182 0.143147
1431 9231 3.29555 7.92182 0.14313
1432 9232 3.29555 7.92182 0.143138
1433 9234 3.29553 7.92182 0.143149
1434 9234 3.29595 7.92182 0.143135
1435 9235 3.29608 7.92182 0.143129
1436 9235 3.29628 7.92182 0.143121
1437 9237 3.29647 7.92182 0.143102
1438 9237 3.29664 7.92182 0.143076
1439 9237 3.29677 7.92182 0.143064
1440 9239 3.29704 7.92182 0.143056
1441 9239 3.29717 7.92182 0.143068
1442 9240 3.29726 7.92182 0.143045
1443 9242 3.29717 7.92182 0.143063
1444 9244 3.29707 7.92182 0.143063
1445 9247 3.29717 7.92182 0.143065
1446 9247 3.2975 7.92182 0.143065
1447 9249 3.29751 7.92182 0.143073
1448 9251 3.29766 7.92182 0.143072
1449 9254 3.29755 7.92182 0.143065
1450 9255 3.29777 7.92182 0.143083
1451 9256 3.29787 7.92182 0.143062
1452 9256 3.29824 7.92182 0.143081
1453 9256 3.29845 7.92182 0.143089
1454 9256 3.29866 7.92182 0.143074
1455 9257 3.29888 7.92182 0.143087
1456 9257 3.29943 7.92182 0.1431
1457 9257 3.29981 7.92182 0.143095
1458 9257 3.30012 7.92182 0.143096
1459 9259 3.30021 7.92182 0.143067
1460 9261 3.30014 7.92182 0.143051
1461 9264 3.30011 7.92182 0.143012
1462 9265 3.30018 7.92182 0.142989
1463 9265 3.30055 7.92182 0.142987
1464 9268 3.3001 7.92182 0.142978
1465 9268 3.30037 7.92182 0.142963
1466 9268 3.30072 7.92182 0.14295
1467 9268 3.30113 7.92182 0.142947
1468 9269 3.30164 7.92182 0.142977
1469 9271 3.30174 7.92182 0.142943
1470 9275 3.3014 7.92182 0.142952
1471 9279 3.30125 7.92182 0.142928
1472 9282 3.30106 7.92182 0.142903
1473 9283 3.30112 7.92182 0.142905
1474 9283 3.30143 7.92182 0.142902
1475 9283 3.3019 7.92182 0.142864
1476 9284 3.30205 7.92182 0.142845
1477 9287 3.30216 7.92182 0.142861
1478 9288 3.30226 7.92182 0.142856
1479 9289 3.30231 7.92182 0.142834
1480 9292 3.30262 7.92182 0.142811
1481 9293 3.30268 7.92182 0.142793
1482 9296 3.30311 8.07143 0.142781
1483 9296 3.30328 8.07143 0.142771
1484 9299 3.30344 8.07143 0.142809
1485 9303 3.30332 8.07143 0.142776
1486 9303 3.30358 8.07143 0.142775
1487 9303 3.3041 8.07143 0.142762
1488 9303 3.30457 8.07143 0.142763
1489 9305 3.30459 8.07143 0.142764
1490 9306 3.3048 8.07143 0.142748
1491 9306 3.30497 8.07143 0.142738
1492 9307 3.30506 8.07143 0.14272
1493 9307 3.30535 8.07143 0.142711
1494 9308 3.30547 8.07143 0.1427
1495 9310 3.30562 8.07143 0.142707
1496 9313 3.3057 8.07143 0.142723
1497 9314 3.30603 8.07143 0.142728
1498 9318 3.30592 8.07143 0.142707
1499 9318 3.3065 8.07143 0.142708
1500 9319 3.30665 8.07143 0.142713
1501 9320 3.30683 8.07143 0.142702
1502 9322 3.30684 8.07143 0.14272
1503 9322 3.30722 8.07143 0.142719
1504 9322 3.30747 8.07143 0.142717
1505 9322 3.30766 8.07143 0.142739
1506 9324 3.30766 8.07143 0.142751
1507 9325 3.30785 8.07143 0.142744
1508 9325 3.30793 8.07143 0.14274
1509 9325 3.30815 8.07143 0.142747
1510 9325 3.30876 8.07143 0.142725
1511 9325 3.30884 8.07143 0.142731
1512 9325 3.30917 8.07143 0.142712
1513 9326 3.30953 8.07143 0.142717
1514 9326 3.30953 8.07143 0.142713
1515 9326 3.30987 8.07143 0.142709
1516 9326 3.31027 8.07143 0.142704
1517 9328 3.31008 8.07143 0.14271
1518 9328 3.31059 8.07143 0.142707
1519 9330 3.31077 8.07143 0.142698
1520 9332 3.31084 8.07143 0.142697
1521 9333 3.31106 8.07143 0.142684
1522 9333 3.31126 8.07143 0.14265
1523 9333 3.3115 8.07143 0.14267
1524 9333 3.31164 8.07143 0.142654
1525 9335 3.31148 8.07143 0.142651
1526 9336 3.31177 8.07143 0.142623
1527 9339 3.31133 8.07143 0.14261
1528 9343 3.31133 8.07143 0.142598
1529 9343 3.31161 8.07143 0.142583
1530 9343 3.31186 8.07143 0.14256
1531 9344 3.31208 8.07143 0.14253
1532 9345 3.31205 8.07143 0.14252
1533 9347 3.31218 8.07143 0.142485
1534 9347 3.31239 8.07143 0.142487
1535 9349 3.31238 8.07143 0.142478
1536 9349 3.31271 8.07143 0.142494
1537 9350 3.31269 8.07143 0.142495
1538 9350 3.31287 8.07143 0.142487
1539 9351 3.31305 8.07143 0.142475
1540 9353 3.31317 8.07143 0.142468
1541 9354 3.31349 8.07143 0.142461
1542 9354 3.31371 8.07143 0.142459
1543 9356 3.31378 8.07143 0.142479
1544 9359 3.3136 8.07143 0.142481
1545 9360 3.31347 8.07143 0.142483
1546 9361 3.31352 8.07143 0.142487
1547 9361 3.31384 8.07143 0.142496
1548 9362 3.31388 8.07143 0.142501
1549 9363 3.31404 8.07143 0.142468
1550 9366 3.31414 8.07143 0.142454
1551 9366 3.31453 8.07143 0.142444
1552 9367 3.31465 8.07143 0.142437
1553 9367 3.31509 8.07143 0.142444
1554 9369 3.31509 8.07143 0.142434
1555 9369 3.31534 8.07143 0.142429
1556 9369 3.3157 8.07143 0.14243
1557 9371 3.31579 8.07143 0.142417
1558 9373 3.31571 8.07143 0.14243
1559 9374 3.31593 8.07143 0.142425
1560 9376 3.31554 8.07143 0.142408
1561 9378 3.31588 8.07143 0.142415
1562 9379 3.31609 8.07143 0.142409
1563 9380 3.31631 8.07143 0.142424
1564 9381 3.31648 8.07143 0.142454
1565 9382 3.31656 8.07143 0.142459
1566 9382 3.31676 8.07143 0.142477
1567 9382 3.31689 8.07143 0.142455
1568 9384 3.31688 8.07143 0.142437
1569 9386 3.31716 8.07143 0.142464
1570 9386 3.31742 8.07143 0.142462
1571 9387 3.31758 8.07143 0.142482
1572 9391 3.31725 8.07143 0.142471
1573 9391 3.31753 8.07143 0.142443
1574 9393 3.31799 8.07143 0.142413
1575 9393 3.31825 8.07143 0.1424
1576 9394 3.31845 8.07143 0.142377
1577 9395 3.31877 8.07143 0.142361
1578 9396 3.31887 8.07143 0.142392
1579 9396 3.31899 8.07143 0.142366
1580 9396 3.31924 8.07143 0.142366
1581 9397 3.31946 8.07143 0.142376
1582 9397 3.31969 8.07143 0.142377
1583 9399 3.31954 8.07143 0.142365
1584 9400 3.31949 8.07143 0.142357
1585 9402 3.31953 8.07143 0.142335
1586 9402 3.31993 8.07143 0.142346
1587 9402 3.32036 8.07143 0.142333
1588 9403 3.32045 8.07143 0.142324
1589 9403 3.32064 8.07143 0.142335
1590 9404 3.32098 8.07143 0.142334
1591 9405 3.3216 8.07143 0.14232
1592 9406 3.32152 8.07143 0.142331
1593 9407 3.32148 8.07143 0.142335
1594 9411 3.32105 8.07143 0.14234
1595 9412 3.32204 8.07143 0.14234
1596 9412 3.32241 8.07143 0.142362
1597 9414 3.32262 8.07143 0.142323
1598 9414 3.32279 8.07143 0.142321
1599 9415 3.32277 8.07143 0.142315
1600 9416 3.32309 8.07143 0.142329
1601 9416 3.32343 8.07143 0.14232
1602 9418 3.32333 8.07143 0.142345
1603 9421 3.32331 8.07143 0.142363
1604 9422 3.32346 8.07143 0.14235
1605 9422 3.32388 8.07143 0.142365
1606 9422 3.32416 8.07143 0.14236
1607 9425 3.32398 8.07143 0.142351
1608 9425 3.32419 8.07143 0.142365
1609 9426 3.32431 8.07143 0.142341
1610 9427 3.32453 8.07143 0.142329
1611 9428 3.32477 8.07143 0.142338
1612 9431 3.32455 8.07143 0.142327
1613 9431 3.32501 8.07143 0.142321
1614 9432 3.32527 8.07143 0.14232
1615 9432 3.32541 8.07143 0.142308
1616 9437 3.32523 8.07143 0.142277
1617 9438 3.32539 8.07143 0.142273
1618 9438 3.32565 8.07143 0.142282
1619 9438 3.32589 8.07143 0.142257
1620 9438 3.32615 8.07143 0.142259
1621 9438 3.32671 8.07143 0.142248
1622 9440 3.32666 8.07143 0.142243
1623 9441 3.32695 8.07143 0.142243
1624 9444 3.32686 8.07143 0.142222
1625 9445 3.32712 8.07143 0.142244
1626 9446 3.32742 8.07143 0.142247
1627 9449 3.32749 8.07143 0.142238
1628 9450 3.3275 8.07143 0.142248
1629 9452 3.32775 8.07143 0.142271
1630 9453 3.32776 8.07143 0.142272
1631 9454 3.32774 8.07143 0.14225
1632 9454 3.32795 8.07143 0.142227
1633 9454 3.32811 8.07143 0.142227
1634 9455 3.32842 8.07143 0.142236
1635 9455 3.32906 8.07143 0.142224
1636 9455 3.32939 8.07143 0.142239
1637 9456 3.32938 8.07143 0.142238
1638 9457 3.3294 8.07143 0.142241
1639 9458 3.32969 8.07143 0.142241
1640 9460 3.32967 8.07143 0.142237
1641 9460 3.32995 8.07143 0.142241
1642 9460 3.33026 8.07143 0.142244
1643 9460 3.3304 8.07143 0.142237
1644 9461 3.33048 8.07143 0.142217
1645 9462 3.33066 8.07143 0.142211
1646 9463 3.33105 8.07143 0.142232
1647 9463 3.33139 8.07143 0.142222
1648 9464 3.33162 8.07143 0.142224
1649 9465 3.33171 8.07143 0.142218
1650 9466 3.3319 8.07143 0.142209
1651 9466 3.33209 8.07143 0.142188
1652 9468 3.3321 8.07143 0.14219
1653 9469 3.33219 8.07143 0.142225
1654 9469 3.33233 8.07143 0.14223
1655 9470 3.3324 8.07143 0.142202
1656 9471 3.33236 8.07143 0.142196
1657 9472 3.33233 8.07143 0.142207
1658 9473 3.33248 8.07143 0.142221
1659 9473 3.33276 8.07143 0.142189
1660 9474 3.33326 8.07143 0.142155
1661 9475 3.33328 8.07143 0.142156
1662 9476 3.33357 8.07143 0.142176
1663 9476 3.33376 8.07143 0.142179
1664 9479 3.33377 8.07143 0.142158
1665 9479 3.3339 8.07143 0.142151
1666 9479 3.33411 8.07143 0.142147
1667 9480 3.33439 8.07143 0.142146
1668 9481 3.33441 8.07143 0.142136
1669 9481 3.33458 8.07143 0.142133
1670 9482 3.33452 8.07143 0.142127
1671 9482 3.33471 8.07143 0.142125
1672 9483 3.33489 8.07143 0.142122
1673 9484 3.33479 8.07143 0.1421
1674 9484 3.33522 8.07143 0.1421
1675 9487 3.33502 8.07143 0.142097
1676 9487 3.33523 8.07143 0.142105
1677 9487 3.33572 8.07143 0.142108
1678 9487 3.336 8.07143 0.142085
1679 9489 3.33585 8.07143 0.142069
1680 9490 3.33589 8.07143 0.142041
1681 9490 3.3364 8.07143 0.142029
1682 9491 3.33652 8.07143 0.142049
1683 9491 3.33689 8.07143 0.142062
1684 9492 3.33709 8.07143 0.142056
1685 9494 3.337 8.07143 0.142073
1686 9494 3.33707 8.07143 0.142063
1687 9495 3.33726 8.07143 0.142037
1688 9496 3.33742 8.07143 0.142031
1689 9497 3.3375 8.07143 0.142037
1690 9498 3.33755 8.07143 0.142044
1691 9499 3.33771 8.07143 0.142047
1692 9499 3.33811 8.07143 0.142049
1693 9499 3.33828 8.07143 0.142033
1694 9500 3.33835 8.07143 0.14203
1695 9501 3.33849 8.07143 0.142043
1696 9502 3.33855 8.07143 0.142035
1697 9504 3.33864 8.07143 0.14207
1698 9506 3.33848 8.07143 0.142072
1699 9507 3.33873 8.07143 0.142045
1700 9509 3.33891 8.07143 0.142042
1701 9509 3.33935 8.07143 0.14207
1702 9511 3.33968 8.07143 0.142085
1703 9511 3.33978 8.07143 0.142081
1704 9513 3.33981 8.07143 0.142082
1705 9513 3.3401 8.07143 0.142068
1706 9515 3.34037 8.07143 0.142036
1707 9516 3.34058 8.07143 0.142042
1708 9516 3.34088 8.07143 0.142025
1709 9516 3.34114 8.07143 0.142016
1710 9517 3.34121 8.07143 0.142049
1711 9519 3.34113 8.07143 0.142034
1712 9519 3.34148 8.07143 0.142045
1713 9520 3.3416 8.07143 0.14204
1714 9522 3.34149 8.07143 0.14204
1715 9523 3.34205 8.07143 0.142043
1716 9523 3.34241 8.07143 0.14205
1717 9523 3.34281 8.07143 0.142058
1718 9523 3.34301 8.07143 0.142055
1719 9526 3.34294 8.07143 0.142063
1720 9527 3.34287 8.07143 0.142054
1721 9527 3.34324 8.07143 0.142047
1722 9527 3.34339 8.07143 0.142064
1723 9527 3.34366 8.07143 0.142059
1724 9527 3.3439 8.07143 0.142058
1725 9527 3.34408 8.07143 0.14205
1726 9527 3.3444 8.07143 0.142049
1727 9527 3.34466 8.07143 0.142031
1728 9528 3.3447 8.07143 0.142039
1729 9528 3.34498 8.07143 0.142023
1730 9529 3.34514 8.07143 0.142028
1731 9530 3.34525 8.07143 0.14205
1732 9530 3.34548 8.07143 0.142049
1733 9530 3.34584 8.07143 0.142037
1734 9531 3.34599 8.07143 0.142023
1735 9532 3.34603 8.07143 0.142045
1736 9532 3.34628 8.07143 0.142052
1737 9535 3.34609 8.07143 0.142064
1738 9538 3.34595 8.07143 0.142071
1739 9539 3.34593 8.07143 0.142068
1740 9539 3.34632 8.07143 0.142045
1741 9539 3.34648 8.07143 0.142031
1742 9541 3.34692 8.07143 0.142059
1743 9541 3.34722 8.07143 0.14208
1744 9543 3.34722 8.07143 0.14207
1745 9543 3.34753 8.07143 0.142051
1746 9545 3.34735 8.07143 0.14203
1747 9545 3.3476 8.07143 0.141991
1748 9546 3.34786 8.07143 0.141967
1749 9546 3.34819 8.07143 0.141956
1750 9547 3.34834 8.07143 0.141972
1751 9548 3.34847 8.07143 0.141988
1752 9550 3.34841 8.07143 0.141979
1753 9552 3.34851 8.07143 0.141972
1754 9552 3.34879 8.07143 0.141969
1755 9552 3.34902 8.07143 0.141984
1756 9554 3.34929 8.07143 0.141993
1757 9555 3.34949 8.07143 0.141981
1758 9557 3.34938 8.07143 0.141953
1759 9557 3.34951 8.07143 0.141983
1760 9557 3.34981 8.07143 0.141974
1761 9557 3.34995 8.07143 0.141949
1762 9559 3.34998 8.07143 0.141943
1763 9561 3.35013 8.07143 0.141969
1764 9561 3.35057 8.07143 0.141987
1765 9561 3.35095 8.07143 0.141987
1766 9561 3.3513 8.07143 0.141956
1767 9561 3.35153 8.07143 0.141958
1768 9562 3.35155 8.07143 0.141964
1769 9562 3.35191 8.07143 0.141983
1770 9563 3.3518 8.07143 0.141984
1771 9566 3.35156 8.07143 0.141964
1772 9567 3.352 8.07143 0.141969
1773 9569 3.35199 8.07143 0.141971
1774 9569 3.35248 8.07143 0.141976
1775 9572 3.3524 8.07143 0.141972
1776 9576 3.35194 8.07143 0.14197
1777 9577 3.35222 8.07143 0.141971
1778 9577 3.35247 8.07143 0.14198
1779 9578 3.35257 8.07143 0.141994
1780 9578 3.35291 8.07143 0.141973
1781 9579 3.35293 8.07143 0.14195
1782 9579 3.35329 8.07143 0.141957
1783 9579 3.35367 8.07143 0.141941
1784 9579 3.35396 8.07143 0.141936
1785 9579 3.35415 8.07143 0.141931
1786 9580 3.35435 8.07143 0.141915
1787 9582 3.35454 8.07143 0.14192
1788 9583 3.3546 8.07143 0.141928
1789 9586 3.35443 8.07143 0.141912
1790 9586 3.35454 8.07143 0.141912
1791 9586 3.35475 8.07143 0.141927
1792 9587 3.35491 8.07143 0.141928
1793 9589 3.35493 8.07143 0.141945
1794 9589 3.35513 8.07143 0.141932
1795 9589 3.35552 8.07143 0.141935
1796 9590 3.35579 8.07143 0.141959
1797 9591 3.35627 8.07143 0.14196
1798 9592 3.3564 8.07143 0.141957
1799 9592 3.35688 8.07143 0.141965
1800 9594 3.35673 8.07143 0.141954
1801 9594 3.35706 8.07143 0.14195
1802 9594 3.35711 8.07143 0.141943
1803 9595 3.35727 8.07143 0.141913
