#Point[6d] mu[1d] sigma[1d] acquisition[1d]
  0 0.4   0 0.6   0 0.8 6.69377 1 7.34377
  0 0.4   0 0.6 0.2 0.8 6.73981 1 7.38981
  0 0.4   0 0.6 0.4 0.6 5.01238 1 5.66238
  0 0.4   0 0.6 0.6 0.2 4.84837 1 5.49837
  0 0.4   0 0.6 0.6 0.4 4.65428 1 5.30428
  0 0.4   0 0.6 0.8   0 6.38469 1 7.03469
  0 0.4   0 0.8   0 0.8 5.94998 1 6.59998
  0 0.4   0 0.8 0.2 0.4 4.94372 1 5.59372
  0 0.4   0 0.8 0.2 0.6 6.09209 1 6.74209
  0 0.4 0.2 0.4   0 0.8 4.87478 1 5.52478
  0 0.4 0.2 0.4 0.2 0.6 4.83665 1 5.48665
  0 0.4 0.2 0.4 0.2 0.8 5.57048 1 6.22048
  0 0.4 0.2 0.4 0.8   0 4.70687 1 5.35687
  0 0.4 0.2 0.6   0 0.8 6.93609 1 7.58609
  0 0.4 0.2 0.6 0.2 0.6 7.04716 1 7.69716
  0 0.4 0.2 0.6 0.2 0.8 6.68959 1 7.33959
  0 0.4 0.2 0.6 0.4 0.4 6.14012 1 6.79012
  0 0.4 0.2 0.6 0.6 0.2 5.10317 1 5.75317
  0 0.4 0.2 0.6 0.6 0.4 4.58351 1 5.23351
  0 0.4 0.2 0.6 0.8   0 5.07184 1 5.72184
  0 0.4 0.2 0.6 0.8 0.2 4.7724 1 5.4224
  0 0.4 0.2 0.8 0.8   0 4.60083 1 5.25083
  0 0.4 0.4 0.2   0 0.8 3.39188 1 4.04188
  0 0.4 0.4 0.2 0.4 0.6 2.94657 1 3.59657
  0 0.4 0.4 0.2 0.6 0.4 3.41815 1 4.06815
  0 0.4 0.4 0.2 0.8   0 3.53289 1 4.18289
  0 0.4 0.4 0.4   0 0.8 4.76314 1 5.41314
  0 0.4 0.4 0.4 0.4 0.6 5.93742 1 6.58742
  0 0.4 0.4 0.6   0 0.6 4.71972 1 5.36972
  0 0.4 0.4 0.6   0 0.8 4.73944 1 5.38944
  0 0.4 0.4 0.6 0.2 0.8 4.16021 1 4.81021
  0 0.4 0.6   0   0 0.8 2.93646 1 3.58646
  0 0.4 0.6 0.2   0 0.8 3.49559 1 4.14559
  0 0.4 0.6 0.2 0.8   0 3.15134 1 3.80134
  0 0.4 0.6 0.4 0.6 0.2 7.07144 1 7.72144
  0 0.4 0.6 0.4 0.8   0 3.96318 1 4.61318
  0 0.6   0 0.4   0 0.8 5.09715 1 5.74715
  0 0.6   0 0.6   0 0.6 4.83358 1 5.48358
  0 0.6   0 0.6   0 0.8 6.73793 1 7.38793
  0 0.6   0 0.6 0.2 0.4 6.09453 1 6.74453
  0 0.6   0 0.6 0.2 0.6 7.08889 1 7.73889
  0 0.6   0 0.6 0.2 0.8 5.41585 1 6.06585
  0 0.6   0 0.6 0.4   0 6.51105 1 7.16105
  0 0.6   0 0.6 0.4 0.2 4.92224 1 5.57224
  0 0.6   0 0.6 0.4 0.4 6.76737 1 7.41737
  0 0.6   0 0.6 0.4 0.6 6.63986 1 7.28986
  0 0.6   0 0.6 0.6   0 6.41787 1 7.06787
  0 0.6   0 0.6 0.6 0.2 7.25365 1 7.90365
  0 0.6   0 0.6 0.6 0.4 4.93526 1 5.58526
  0 0.6   0 0.6 0.8   0 6.94752 1 7.59752
  0 0.6   0 0.6 0.8 0.2 4.77325 1 5.42325
  0 0.6   0 0.8   0 0.4 5.02156 1 5.67156
  0 0.6   0 0.8   0 0.8 6.41761 1 7.06761
  0 0.6   0 0.8 0.2 0.4 6.28346 1 6.93346
  0 0.6   0 0.8 0.2 0.6 6.29735 1 6.94735
  0 0.6   0 0.8 0.2 0.8 6.00352 1 6.65352
  0 0.6   0 0.8 0.4 0.2 5.02541 1 5.67541
  0 0.6   0 0.8 0.4 0.4 6.56171 1 7.21171
  0 0.6   0 0.8 0.4 0.6 5.23309 1 5.88309
  0 0.6   0 0.8 0.6 0.2 6.78872 1 7.43872
  0 0.6   0 0.8 0.8   0 6.47404 1 7.12404
  0 0.6   0 0.8 0.8 0.2 6.80297 1 7.45297
  0 0.6 0.2 0.2   0 0.8 4.78141 1 5.43141
  0 0.6 0.2 0.2 0.2 0.8 2.67319 1 3.32319
  0 0.6 0.2 0.2 0.4 0.2 4.24294 1 4.89294
  0 0.6 0.2 0.2 0.8   0 4.8944 1 5.5444
  0 0.6 0.2 0.4   0 0.2 4.76484 1 5.41484
  0 0.6 0.2 0.4   0 0.6 4.93249 1 5.58249
  0 0.6 0.2 0.4   0 0.8 7.18345 1 7.83345
  0 0.6 0.2 0.4 0.2 0.2 6.66249 1 7.31249
  0 0.6 0.2 0.4 0.2 0.4 6.71525 1 7.36525
  0 0.6 0.2 0.4 0.2 0.6 6.82376 1 7.47376
  0 0.6 0.2 0.4 0.2 0.8 7.05745 1 7.70745
  0 0.6 0.2 0.4 0.4 0.2 5.20085 1 5.85085
  0 0.6 0.2 0.4 0.4 0.4 7.36886 1 8.01886
  0 0.6 0.2 0.4 0.4 0.6 6.47794 1 7.12794
  0 0.6 0.2 0.4 0.6   0 6.33871 1 6.98871
  0 0.6 0.2 0.4 0.6 0.2 7.65683 1 8.30683
  0 0.6 0.2 0.4 0.6 0.4 6.37602 1 7.02602
  0 0.6 0.2 0.4 0.8   0 7.13399 1 7.78399
  0 0.6 0.2 0.4 0.8 0.2 6.47307 1 7.12307
  0 0.6 0.2 0.6   0 0.4 5.97444 1 6.62444
  0 0.6 0.2 0.6   0 0.6 6.26196 1 6.91196
  0 0.6 0.2 0.6   0 0.8 7.4073 1 8.0573
  0 0.6 0.2 0.6 0.2 0.2 4.82146 1 5.47146
  0 0.6 0.2 0.6 0.2 0.4 6.96079 1 7.61079
  0 0.6 0.2 0.6 0.2 0.6 7.36993 1 8.01993
  0 0.6 0.2 0.6 0.2 0.8 6.89887 1 7.54887
  0 0.6 0.2 0.6 0.4   0 4.85104 1 5.50104
  0 0.6 0.2 0.6 0.4 0.2 6.89103 1 7.54103
  0 0.6 0.2 0.6 0.4 0.4 7.38467 1 8.03467
  0 0.6 0.2 0.6 0.4 0.6 7.12733 1 7.77733
  0 0.6 0.2 0.6 0.6   0 7.15562 1 7.80562
  0 0.6 0.2 0.6 0.6 0.2 7.54687 1 8.19687
  0 0.6 0.2 0.6 0.6 0.4 7.3351 1 7.9851
  0 0.6 0.2 0.6 0.8   0 7.28632 1 7.93632
  0 0.6 0.2 0.6 0.8 0.2 7.4839 1 8.1339
  0 0.6 0.2 0.8   0 0.6 6.67611 1 7.32611
  0 0.6 0.2 0.8   0 0.8 6.5915 1 7.2415
  0 0.6 0.2 0.8 0.2 0.6 6.33897 1 6.98897
  0 0.6 0.2 0.8 0.2 0.8 6.27842 1 6.92842
  0 0.6 0.2 0.8 0.4 0.4 6.45902 1 7.10902
  0 0.6 0.2 0.8 0.4 0.6 6.5739 1 7.2239
  0 0.6 0.2 0.8 0.6   0 6.05734 1 6.70734
  0 0.6 0.2 0.8 0.6 0.2 6.39756 1 7.04756
  0 0.6 0.2 0.8 0.6 0.4 5.2568 1 5.9068
  0 0.6 0.2 0.8 0.8   0 6.58806 1 7.23806
  0 0.6 0.2 0.8 0.8 0.2 6.30433 1 6.95433
  0 0.6 0.4 0.2   0 0.6 4.59264 1 5.24264
  0 0.6 0.4 0.2   0 0.8 6.16434 1 6.81434
  0 0.6 0.4 0.2 0.2 0.6 4.38489 1 5.03489
  0 0.6 0.4 0.2 0.2 0.8 4.89259 1 5.54259
  0 0.6 0.4 0.2 0.4   0 3.80975 1 4.45975
  0 0.6 0.4 0.2 0.4 0.2 4.65697 1 5.30697
  0 0.6 0.4 0.2 0.4 0.4 5.4138 1 6.0638
  0 0.6 0.4 0.2 0.4 0.6 4.23487 1 4.88487
  0 0.6 0.4 0.2 0.6 0.2 4.96081 1 5.61081
  0 0.6 0.4 0.2 0.8   0 4.71957 1 5.36957
  0 0.6 0.4 0.2 0.8 0.2 5.06175 1 5.71175
  0 0.6 0.4 0.4   0 0.6 5.75546 1 6.40546
  0 0.6 0.4 0.4   0 0.8 7.36199 1 8.01199
  0 0.6 0.4 0.4 0.2 0.4 5.03669 1 5.68669
  0 0.6 0.4 0.4 0.2 0.6 6.70615 1 7.35615
  0 0.6 0.4 0.4 0.2 0.8 6.42874 1 7.07874
  0 0.6 0.4 0.4 0.4   0 4.05351 1 4.70351
  0 0.6 0.4 0.4 0.4 0.2 6.41707 1 7.06707
  0 0.6 0.4 0.4 0.4 0.4 6.76192 1 7.41192
  0 0.6 0.4 0.4 0.4 0.6 6.15404 1 6.80404
  0 0.6 0.4 0.4 0.6   0 5.46581 1 6.11581
  0 0.6 0.4 0.4 0.6 0.2 6.8218 1 7.4718
  0 0.6 0.4 0.4 0.6 0.4 6.69421 1 7.34421
  0 0.6 0.4 0.4 0.8   0 6.40533 1 7.05533
  0 0.6 0.4 0.4 0.8 0.2 5.67425 1 6.32425
  0 0.6 0.4 0.6   0 0.6 4.65718 1 5.30718
  0 0.6 0.4 0.6   0 0.8 6.73222 1 7.38222
  0 0.6 0.4 0.6 0.2 0.2 5.66218 1 6.31218
  0 0.6 0.4 0.6 0.2 0.4 4.83067 1 5.48067
  0 0.6 0.4 0.6 0.2 0.6 7.22725 1 7.87725
  0 0.6 0.4 0.6 0.2 0.8 6.20064 1 6.85064
  0 0.6 0.4 0.6 0.4 0.2 5.18771 1 5.83771
  0 0.6 0.4 0.6 0.4 0.4 6.4061 1 7.0561
  0 0.6 0.4 0.6 0.4 0.6 5.97069 1 6.62069
  0 0.6 0.4 0.6 0.6   0 4.10758 1 4.75758
  0 0.6 0.4 0.6 0.6 0.2 6.93295 1 7.58295
  0 0.6 0.4 0.6 0.6 0.4 6.8187 1 7.4687
  0 0.6 0.4 0.6 0.8   0 6.20658 1 6.85658
  0 0.6 0.4 0.6 0.8 0.2 4.54455 1 5.19455
  0 0.6 0.6   0   0 0.4 3.30147 1 3.95147
  0 0.6 0.6   0   0 0.6 3.7392 1 4.3892
  0 0.6 0.6   0   0 0.8 4.16437 1 4.81437
  0 0.6 0.6   0 0.2 0.4 3.25251 1 3.90251
  0 0.6 0.6   0 0.2 0.6 4.03068 1 4.68068
  0 0.6 0.6   0 0.2 0.8 4.0029 1 4.6529
  0 0.6 0.6   0 0.4 0.4 4.0849 1 4.7349
  0 0.6 0.6   0 0.4 0.6 3.79334 1 4.44334
  0 0.6 0.6   0 0.6 0.2 3.78301 1 4.43301
  0 0.6 0.6   0 0.6 0.4 4.03477 1 4.68477
  0 0.6 0.6   0 0.8   0 3.94061 1 4.59061
  0 0.6 0.6   0 0.8 0.2 3.59425 1 4.24425
  0 0.6 0.6 0.2   0 0.6 4.44735 1 5.09735
  0 0.6 0.6 0.2   0 0.8 5.99358 1 6.64358
  0 0.6 0.6 0.2 0.2 0.4 5.15832 1 5.80832
  0 0.6 0.6 0.2 0.2 0.6 4.88551 1 5.53551
  0 0.6 0.6 0.2 0.2 0.8 5.05483 1 5.70483
  0 0.6 0.6 0.2 0.4 0.2 5.37926 1 6.02926
  0 0.6 0.6 0.2 0.4 0.4 6.73434 1 7.38434
  0 0.6 0.6 0.2 0.4 0.6 4.98591 1 5.63591
  0 0.6 0.6 0.2 0.6   0 4.22802 1 4.87802
  0 0.6 0.6 0.2 0.6 0.2 4.39225 1 5.04225
  0 0.6 0.6 0.2 0.6 0.4 4.21829 1 4.86829
  0 0.6 0.6 0.2 0.8   0 6.58539 1 7.23539
  0 0.6 0.6 0.2 0.8 0.2 4.76125 1 5.41125
  0 0.6 0.6 0.4   0 0.6 3.55247 1 4.20247
  0 0.6 0.6 0.4   0 0.8 6.83249 1 7.48249
  0 0.6 0.6 0.4 0.2 0.6 6.31143 1 6.96143
  0 0.6 0.6 0.4 0.2 0.8 4.79486 1 5.44486
  0 0.6 0.6 0.4 0.4 0.2 3.74382 1 4.39382
  0 0.6 0.6 0.4 0.4 0.4 6.62537 1 7.27537
  0 0.6 0.6 0.4 0.6   0 4.69468 1 5.34468
  0 0.6 0.6 0.4 0.6 0.2 6.84075 1 7.49075
  0 0.6 0.6 0.4 0.6 0.4 6.91627 1 7.56627
  0 0.6 0.6 0.4 0.8   0 6.97323 1 7.62323
  0 0.6 0.6 0.4 0.8 0.2 3.86113 1 4.51113
  0 0.6 0.8   0   0 0.4 3.36224 1 4.01224
  0 0.6 0.8   0   0 0.6 3.51055 1 4.16055
  0 0.6 0.8   0   0 0.8 3.95215 1 4.60215
  0 0.6 0.8   0 0.2 0.4 3.78777 1 4.43777
  0 0.6 0.8   0 0.2 0.6 4.17344 1 4.82344
  0 0.6 0.8   0 0.2 0.8 3.71214 1 4.36214
  0 0.6 0.8   0 0.6 0.2 3.28693 1 3.93693
  0 0.6 0.8   0 0.6 0.4 4.02105 1 4.67105
  0 0.6 0.8   0 0.8   0 3.91449 1 4.56449
  0 0.6 0.8   0 0.8 0.2 3.99858 1 4.64858
  0 0.6 0.8 0.2   0 0.8 4.26901 1 4.91901
  0 0.6 0.8 0.2 0.2 0.4 4.42762 1 5.07762
  0 0.6 0.8 0.2 0.2 0.6 3.02012 1 3.67012
  0 0.6 0.8 0.2 0.4 0.4 3.84884 1 4.49884
  0 0.6 0.8 0.2 0.8   0 3.95808 1 4.60808
  0 0.8   0 0.6   0 0.8 5.92596 1 6.57596
  0 0.8   0 0.6 0.2 0.6 4.9375 1 5.5875
  0 0.8   0 0.6 0.2 0.8 7.01978 1 7.66978
  0 0.8   0 0.6 0.4 0.4 4.80506 1 5.45506
  0 0.8   0 0.6 0.8   0 6.28681 1 6.93681
  0 0.8   0 0.6 0.8 0.2 6.46525 1 7.11525
  0 0.8   0 0.8   0 0.8 6.26239 1 6.91239
  0 0.8   0 0.8 0.2 0.4 6.02202 1 6.67202
  0 0.8   0 0.8 0.2 0.6 6.47651 1 7.12651
  0 0.8   0 0.8 0.2 0.8 6.56194 1 7.21194
  0 0.8   0 0.8 0.4 0.2 6.34549 1 6.99549
  0 0.8   0 0.8 0.4 0.4 4.90504 1 5.55504
  0 0.8   0 0.8 0.6 0.2 6.51566 1 7.16566
  0 0.8   0 0.8 0.8   0 6.47917 1 7.12917
  0 0.8 0.2 0.2   0 0.8 4.32889 1 4.97889
  0 0.8 0.2 0.4   0 0.4 4.95918 1 5.60918
  0 0.8 0.2 0.4   0 0.6 6.46205 1 7.11205
  0 0.8 0.2 0.4   0 0.8 7.25642 1 7.90642
  0 0.8 0.2 0.4 0.2 0.4 4.15254 1 4.80254
  0 0.8 0.2 0.4 0.2 0.6 7.20235 1 7.85235
  0 0.8 0.2 0.4 0.2 0.8 6.99393 1 7.64393
  0 0.8 0.2 0.4 0.4 0.2 6.78209 1 7.43209
  0 0.8 0.2 0.4 0.4 0.4 7.49096 1 8.14096
  0 0.8 0.2 0.4 0.4 0.6 6.58577 1 7.23577
  0 0.8 0.2 0.4 0.6   0 7.00827 1 7.65827
  0 0.8 0.2 0.4 0.6 0.2 7.15363 1 7.80363
  0 0.8 0.2 0.4 0.6 0.4 6.69576 1 7.34576
  0 0.8 0.2 0.4 0.8   0 6.53839 1 7.18839
  0 0.8 0.2 0.4 0.8 0.2 6.49861 1 7.14861
  0 0.8 0.2 0.6   0 0.6 6.84703 1 7.49703
  0 0.8 0.2 0.6   0 0.8 7.45381 1 8.10381
  0 0.8 0.2 0.6 0.2 0.2 6.35292 1 7.00292
  0 0.8 0.2 0.6 0.2 0.4 7.22049 1 7.87049
  0 0.8 0.2 0.6 0.2 0.6 7.48632 1 8.13632
  0 0.8 0.2 0.6 0.2 0.8 7.75885 1 8.40885
  0 0.8 0.2 0.6 0.4 0.2 7.02154 1 7.67154
  0 0.8 0.2 0.6 0.4 0.4 7.59614 1 8.24614
  0 0.8 0.2 0.6 0.4 0.6 7.48889 1 8.13889
  0 0.8 0.2 0.6 0.6   0 6.35089 1 7.00089
  0 0.8 0.2 0.6 0.6 0.2 7.49551 1 8.14551
  0 0.8 0.2 0.6 0.6 0.4 7.37657 1 8.02657
  0 0.8 0.2 0.6 0.8   0 7.38246 1 8.03246
  0 0.8 0.2 0.6 0.8 0.2 7.43381 1 8.08381
  0 0.8 0.2 0.8   0 0.8 7.0233 1 7.6733
  0 0.8 0.2 0.8 0.2 0.2 6.03082 1 6.68082
  0 0.8 0.2 0.8 0.2 0.4 6.0618 1 6.7118
  0 0.8 0.2 0.8 0.2 0.6 6.04873 1 6.69873
  0 0.8 0.2 0.8 0.2 0.8 6.00428 1 6.65428
  0 0.8 0.2 0.8 0.4 0.4 6.42872 1 7.07872
  0 0.8 0.2 0.8 0.4 0.6 5.90567 1 6.55567
  0 0.8 0.2 0.8 0.6   0 6.24942 1 6.89942
  0 0.8 0.2 0.8 0.6 0.2 6.11732 1 6.76732
  0 0.8 0.2 0.8 0.6 0.4 5.70005 1 6.35005
  0 0.8 0.2 0.8 0.8   0 6.50344 1 7.15344
  0 0.8 0.2 0.8 0.8 0.2 4.95333 1 5.60333
  0 0.8 0.4 0.2   0 0.6 3.73132 1 4.38132
  0 0.8 0.4 0.2   0 0.8 6.21699 1 6.86699
  0 0.8 0.4 0.2 0.2 0.4 4.66669 1 5.31669
  0 0.8 0.4 0.2 0.2 0.6 4.32265 1 4.97265
  0 0.8 0.4 0.2 0.2 0.8 4.84209 1 5.49209
  0 0.8 0.4 0.2 0.4 0.4 4.21851 1 4.86851
  0 0.8 0.4 0.2 0.4 0.6 4.2032 1 4.8532
  0 0.8 0.4 0.2 0.8   0 4.18694 1 4.83694
  0 0.8 0.4 0.4   0 0.4 4.29204 1 4.94204
  0 0.8 0.4 0.4   0 0.6 6.65543 1 7.30543
  0 0.8 0.4 0.4   0 0.8 7.72319 1 8.37319
  0 0.8 0.4 0.4 0.2 0.2 6.20102 1 6.85102
  0 0.8 0.4 0.4 0.2 0.4 7.35296 1 8.00296
  0 0.8 0.4 0.4 0.2 0.6 7.36166 1 8.01166
  0 0.8 0.4 0.4 0.2 0.8 7.25889 1 7.90889
  0 0.8 0.4 0.4 0.4   0 4.57549 1 5.22549
  0 0.8 0.4 0.4 0.4 0.2 7.25647 1 7.90647
  0 0.8 0.4 0.4 0.4 0.4 7.38613 1 8.03613
  0 0.8 0.4 0.4 0.4 0.6 7.02961 1 7.67961
  0 0.8 0.4 0.4 0.6   0 6.75523 1 7.40523
  0 0.8 0.4 0.4 0.6 0.2 7.18661 1 7.83661
  0 0.8 0.4 0.4 0.6 0.4 7.21175 1 7.86175
  0 0.8 0.4 0.4 0.8   0 7.48047 1 8.13047
  0 0.8 0.4 0.4 0.8 0.2 7.26152 1 7.91152
  0 0.8 0.4 0.6   0 0.6 7.04521 1 7.69521
  0 0.8 0.4 0.6   0 0.8 7.36776 1 8.01776
  0 0.8 0.4 0.6 0.2 0.2 5.72939 1 6.37939
  0 0.8 0.4 0.6 0.2 0.4 7.15445 1 7.80445
  0 0.8 0.4 0.6 0.2 0.6 7.25054 1 7.90054
  0 0.8 0.4 0.6 0.2 0.8 7.4173 1 8.0673
  0 0.8 0.4 0.6 0.4 0.2 6.96753 1 7.61753
  0 0.8 0.4 0.6 0.4 0.4 7.54965 1 8.19965
  0 0.8 0.4 0.6 0.4 0.6 7.37309 1 8.02309
  0 0.8 0.4 0.6 0.6   0 6.79342 1 7.44342
  0 0.8 0.4 0.6 0.6 0.2 7.25255 1 7.90255
  0 0.8 0.4 0.6 0.6 0.4 7.08234 1 7.73234
  0 0.8 0.4 0.6 0.8   0 7.21746 1 7.86746
  0 0.8 0.4 0.6 0.8 0.2 6.82798 1 7.47798
  0 0.8 0.6   0   0 0.6 3.86514 1 4.51514
  0 0.8 0.6   0   0 0.8 4.20983 1 4.85983
  0 0.8 0.6   0 0.2 0.2 3.97581 1 4.62581
  0 0.8 0.6   0 0.2 0.4 3.71689 1 4.36689
  0 0.8 0.6   0 0.2 0.6 3.82187 1 4.47187
  0 0.8 0.6   0 0.2 0.8 4.15256 1 4.80256
  0 0.8 0.6   0 0.4 0.2 4.32725 1 4.97725
  0 0.8 0.6   0 0.4 0.4 3.76442 1 4.41442
  0 0.8 0.6   0 0.4 0.6 3.68079 1 4.33079
  0 0.8 0.6   0 0.6   0 3.76967 1 4.41967
  0 0.8 0.6   0 0.6 0.2 4.00852 1 4.65852
  0 0.8 0.6   0 0.8   0 4.04858 1 4.69858
  0 0.8 0.6   0 0.8 0.2 4.46138 1 5.11138
  0 0.8 0.6 0.2   0 0.6 4.77083 1 5.42083
  0 0.8 0.6 0.2   0 0.8 5.73209 1 6.38209
  0 0.8 0.6 0.2 0.2 0.2 3.71514 1 4.36514
  0 0.8 0.6 0.2 0.2 0.4 5.415 1 6.065
  0 0.8 0.6 0.2 0.2 0.6 5.17939 1 5.82939
  0 0.8 0.6 0.2 0.2 0.8 4.89691 1 5.54691
  0 0.8 0.6 0.2 0.4 0.2 4.37637 1 5.02637
  0 0.8 0.6 0.2 0.4 0.4 5.17681 1 5.82681
  0 0.8 0.6 0.2 0.4 0.6 4.9898 1 5.6398
  0 0.8 0.6 0.2 0.6   0 4.00201 1 4.65201
  0 0.8 0.6 0.2 0.6 0.2 5.60289 1 6.25289
  0 0.8 0.6 0.2 0.6 0.4 5.09421 1 5.74421
  0 0.8 0.6 0.2 0.8   0 5.56584 1 6.21584
  0 0.8 0.6 0.2 0.8 0.2 4.81932 1 5.46932
  0 0.8 0.6 0.4   0 0.6 4.99946 1 5.64946
  0 0.8 0.6 0.4   0 0.8 7.10724 1 7.75724
  0 0.8 0.6 0.4 0.2 0.6 6.42731 1 7.07731
  0 0.8 0.6 0.4 0.2 0.8 6.93541 1 7.58541
  0 0.8 0.6 0.4 0.4 0.4 5.46902 1 6.11902
  0 0.8 0.6 0.4 0.4 0.6 5.57754 1 6.22754
  0 0.8 0.6 0.4 0.6   0 5.59738 1 6.24738
  0 0.8 0.6 0.4 0.6 0.2 4.88579 1 5.53579
  0 0.8 0.6 0.4 0.6 0.4 4.95889 1 5.60889
  0 0.8 0.6 0.4 0.8   0 5.30724 1 5.95724
  0 0.8 0.6 0.4 0.8 0.2 3.48576 1 4.13576
  0 0.8 0.8   0   0 0.8 3.93201 1 4.58201
  0 0.8 0.8   0 0.2 0.6 4.04749 1 4.69749
  0 0.8 0.8   0 0.4 0.4 3.96482 1 4.61482
  0 0.8 0.8   0 0.6   0 4.08593 1 4.73593
  0 0.8 0.8   0 0.8   0 4.22682 1 4.87682
  0 0.8 0.8 0.2   0 0.4 3.37151 1 4.02151
  0 0.8 0.8 0.2   0 0.6 3.19792 1 3.84792
  0 0.8 0.8 0.2   0 0.8 4.36672 1 5.01672
  0 0.8 0.8 0.2 0.2 0.8 3.56617 1 4.21617
  0 0.8 0.8 0.2 0.4 0.4 3.78217 1 4.43217
  0 0.8 0.8 0.2 0.4 0.6 3.12508 1 3.77508
  0 0.8 0.8 0.2 0.6 0.2 3.75238 1 4.40238
  0 0.8 0.8 0.2 0.8   0 3.83827 1 4.48827
0.2 0.2   0 0.4 0.2 0.6 4.71574 1 5.36574
0.2 0.2   0 0.6   0 0.6 7.4418 1 8.0918
0.2 0.2   0 0.6   0 0.8 7.83339 1 8.48339
0.2 0.2   0 0.6 0.2 0.2 7.09106 1 7.74106
0.2 0.2   0 0.6 0.2 0.4 7.02842 1 7.67842
0.2 0.2   0 0.6 0.2 0.6 7.23514 1 7.88514
0.2 0.2   0 0.6 0.2 0.8 7.06538 1 7.71538
0.2 0.2   0 0.6 0.4   0 6.99515 1 7.64515
0.2 0.2   0 0.6 0.4 0.2 6.83269 1 7.48269
0.2 0.2   0 0.6 0.4 0.4 7.21491 1 7.86491
0.2 0.2   0 0.6 0.4 0.6 5.05313 1 5.70313
0.2 0.2   0 0.6 0.6   0 7.20563 1 7.85563
0.2 0.2   0 0.6 0.6 0.2 7.25029 1 7.90029
0.2 0.2   0 0.6 0.6 0.4 6.46758 1 7.11758
0.2 0.2   0 0.6 0.8   0 7.16292 1 7.81292
0.2 0.2   0 0.6 0.8 0.2 6.77043 1 7.42043
0.2 0.2   0 0.8   0 0.6 7.35681 1 8.00681
0.2 0.2   0 0.8   0 0.8 7.44782 1 8.09782
0.2 0.2   0 0.8 0.2 0.2 7.68902 1 8.33902
0.2 0.2   0 0.8 0.2 0.4 7.27488 1 7.92488
0.2 0.2   0 0.8 0.2 0.6 7.06452 1 7.71452
0.2 0.2   0 0.8 0.2 0.8 6.86683 1 7.51683
0.2 0.2   0 0.8 0.4   0 6.99449 1 7.64449
0.2 0.2   0 0.8 0.4 0.2 7.2913 1 7.9413
0.2 0.2   0 0.8 0.4 0.4 7.28745 1 7.93745
0.2 0.2   0 0.8 0.4 0.6 7.01869 1 7.66869
0.2 0.2   0 0.8 0.6   0 6.70638 1 7.35638
0.2 0.2   0 0.8 0.6 0.2 7.25245 1 7.90245
0.2 0.2   0 0.8 0.6 0.4 7.07718 1 7.72718
0.2 0.2   0 0.8 0.8   0 7.30694 1 7.95694
0.2 0.2   0 0.8 0.8 0.2 7.00902 1 7.65902
0.2 0.2 0.2 0.2   0 0.8 4.8799 1 5.5299
0.2 0.2 0.2 0.2 0.2 0.4 4.47392 1 5.12392
0.2 0.2 0.2 0.2 0.2 0.6 4.79733 1 5.44733
0.2 0.2 0.2 0.2 0.2 0.8 4.4438 1 5.0938
0.2 0.2 0.2 0.2 0.4 0.2 4.36362 1 5.01362
0.2 0.2 0.2 0.2 0.4 0.4 4.70156 1 5.35156
0.2 0.2 0.2 0.2 0.4 0.6 4.63024 1 5.28024
0.2 0.2 0.2 0.2 0.6 0.2 5.01055 1 5.66055
0.2 0.2 0.2 0.2 0.8   0 5.19218 1 5.84218
0.2 0.2 0.2 0.2 0.8 0.2 4.77116 1 5.42116
0.2 0.2 0.2 0.4   0 0.8 6.12214 1 6.77214
0.2 0.2 0.2 0.4 0.2 0.2 5.19038 1 5.84038
0.2 0.2 0.2 0.4 0.2 0.4 5.10453 1 5.75453
0.2 0.2 0.2 0.4 0.2 0.6 6.19274 1 6.84274
0.2 0.2 0.2 0.4 0.2 0.8 5.64107 1 6.29107
0.2 0.2 0.2 0.4 0.4 0.2 4.74289 1 5.39289
0.2 0.2 0.2 0.4 0.4 0.4 5.08373 1 5.73373
0.2 0.2 0.2 0.4 0.4 0.6 5.71467 1 6.36467
0.2 0.2 0.2 0.4 0.6   0 4.23805 1 4.88805
0.2 0.2 0.2 0.4 0.6 0.2 5.45577 1 6.10577
0.2 0.2 0.2 0.4 0.6 0.4 5.09911 1 5.74911
0.2 0.2 0.2 0.4 0.8   0 6.23538 1 6.88538
0.2 0.2 0.2 0.4 0.8 0.2 5.29058 1 5.94058
0.2 0.2 0.2 0.6   0 0.4 6.2294 1 6.8794
0.2 0.2 0.2 0.6   0 0.6 7.10539 1 7.75539
0.2 0.2 0.2 0.6   0 0.8 7.91326 1 8.56326
0.2 0.2 0.2 0.6 0.2 0.2 6.99411 1 7.64411
0.2 0.2 0.2 0.6 0.2 0.4 6.71606 1 7.36606
0.2 0.2 0.2 0.6 0.2 0.6 7.36065 1 8.01065
0.2 0.2 0.2 0.6 0.2 0.8 6.71371 1 7.36371
0.2 0.2 0.2 0.6 0.4 0.2 6.64071 1 7.29071
0.2 0.2 0.2 0.6 0.4 0.4 6.97518 1 7.62518
0.2 0.2 0.2 0.6 0.4 0.6 6.55613 1 7.20613
0.2 0.2 0.2 0.6 0.6   0 6.95411 1 7.60411
0.2 0.2 0.2 0.6 0.6 0.2 7.20279 1 7.85279
0.2 0.2 0.2 0.6 0.6 0.4 6.85059 1 7.50059
0.2 0.2 0.2 0.6 0.8   0 7.17005 1 7.82005
0.2 0.2 0.2 0.6 0.8 0.2 7.03311 1 7.68311
0.2 0.2 0.2 0.8   0 0.8 6.18348 1 6.83348
0.2 0.2 0.2 0.8 0.2 0.6 6.79249 1 7.44249
0.2 0.2 0.2 0.8 0.2 0.8 5.5067 1 6.1567
0.2 0.2 0.2 0.8 0.4 0.2 6.87131 1 7.52131
0.2 0.2 0.2 0.8 0.4 0.4 6.85617 1 7.50617
0.2 0.2 0.2 0.8 0.6   0 6.9081 1 7.5581
0.2 0.2 0.2 0.8 0.6 0.2 7.22485 1 7.87485
0.2 0.2 0.2 0.8 0.8   0 6.95623 1 7.60623
0.2 0.2 0.2 0.8 0.8 0.2 4.8231 1 5.4731
0.2 0.2 0.4   0   0 0.8 3.3333 1 3.9833
0.2 0.2 0.4   0 0.2 0.6 3.17758 1 3.82758
0.2 0.2 0.4   0 0.4 0.4 3.0097 1 3.6597
0.2 0.2 0.4   0 0.8   0 2.76062 1 3.41062
0.2 0.2 0.4 0.2   0 0.6 2.82166 1 3.47166
0.2 0.2 0.4 0.2   0 0.8 4.75008 1 5.40008
0.2 0.2 0.4 0.2 0.2 0.4 2.86831 1 3.51831
0.2 0.2 0.4 0.2 0.2 0.6 4.87433 1 5.52433
0.2 0.2 0.4 0.2 0.2 0.8 4.84154 1 5.49154
0.2 0.2 0.4 0.2 0.4 0.4 4.53215 1 5.18215
0.2 0.2 0.4 0.2 0.6 0.2 4.93246 1 5.58246
0.2 0.2 0.4 0.2 0.6 0.4 2.88309 1 3.53309
0.2 0.2 0.4 0.2 0.8   0 5.34324 1 5.99324
0.2 0.2 0.4 0.2 0.8 0.2 4.6088 1 5.2588
0.2 0.2 0.4 0.4   0 0.6 6.79732 1 7.44732
0.2 0.2 0.4 0.4   0 0.8 7.34061 1 7.99061
0.2 0.2 0.4 0.4 0.2 0.4 6.88964 1 7.53964
0.2 0.2 0.4 0.4 0.2 0.6 7.14967 1 7.79967
0.2 0.2 0.4 0.4 0.2 0.8 7.31116 1 7.96116
0.2 0.2 0.4 0.4 0.4 0.2 6.9511 1 7.6011
0.2 0.2 0.4 0.4 0.4 0.4 7.25125 1 7.90125
0.2 0.2 0.4 0.4 0.4 0.6 6.89367 1 7.54367
0.2 0.2 0.4 0.4 0.6   0 6.80118 1 7.45118
0.2 0.2 0.4 0.4 0.6 0.2 7.18369 1 7.83369
0.2 0.2 0.4 0.4 0.6 0.4 5.39559 1 6.04559
0.2 0.2 0.4 0.4 0.8   0 6.93135 1 7.58135
0.2 0.2 0.4 0.4 0.8 0.2 6.58405 1 7.23405
0.2 0.2 0.4 0.6   0 0.6 6.48493 1 7.13493
0.2 0.2 0.4 0.6   0 0.8 6.94784 1 7.59784
0.2 0.2 0.4 0.6 0.2 0.6 6.88343 1 7.53343
0.2 0.2 0.4 0.6 0.2 0.8 6.75833 1 7.40833
0.2 0.2 0.4 0.6 0.4 0.2 7.50765 1 8.15765
0.2 0.2 0.4 0.6 0.4 0.4 6.80215 1 7.45215
0.2 0.2 0.4 0.6 0.4 0.6 6.18619 1 6.83619
0.2 0.2 0.4 0.6 0.6   0 6.60964 1 7.25964
0.2 0.2 0.4 0.6 0.6 0.2 6.73364 1 7.38364
0.2 0.2 0.4 0.6 0.6 0.4 6.82599 1 7.47599
0.2 0.2 0.4 0.6 0.8   0 6.30279 1 6.95279
0.2 0.2 0.6   0   0 0.6 3.0852 1 3.7352
0.2 0.2 0.6   0   0 0.8 3.45957 1 4.10957
0.2 0.2 0.6   0 0.2 0.8 2.69782 1 3.34782
0.2 0.2 0.6   0 0.4 0.2 3.12302 1 3.77302
0.2 0.2 0.6   0 0.4 0.4 2.78275 1 3.43275
0.2 0.2 0.6   0 0.6 0.2 3.07803 1 3.72803
0.2 0.2 0.6   0 0.6 0.4 3.40676 1 4.05676
0.2 0.2 0.6   0 0.8   0 4.05397 1 4.70397
0.2 0.2 0.6 0.2   0 0.6 2.6098 1 3.2598
0.2 0.2 0.6 0.2   0 0.8 3.59193 1 4.24193
0.2 0.2 0.6 0.2 0.2 0.4 3.87561 1 4.52561
0.2 0.2 0.6 0.2 0.2 0.6 1.71461 1 2.36461
0.2 0.2 0.6 0.2 0.2 0.8 3.50006 1 4.15006
0.2 0.2 0.6 0.2 0.4 0.4 3.26394 1 3.91394
0.2 0.2 0.6 0.2 0.6 0.4 2.62126 1 3.27126
0.2 0.2 0.6 0.2 0.8   0 3.83596 1 4.48596
0.2 0.2 0.6 0.2 0.8 0.2 3.45338 1 4.10338
0.2 0.2 0.6 0.4   0 0.6 7.0166 1 7.6666
0.2 0.2 0.6 0.4   0 0.8 6.77199 1 7.42199
0.2 0.2 0.6 0.4 0.2 0.6 7.19949 1 7.84949
0.2 0.2 0.6 0.4 0.4 0.2 6.75984 1 7.40984
0.2 0.2 0.6 0.4 0.4 0.4 7.10745 1 7.75745
0.2 0.2 0.6 0.4 0.4 0.6 5.93896 1 6.58896
0.2 0.2 0.6 0.4 0.6 0.2 7.03178 1 7.68178
0.2 0.2 0.6 0.4 0.8   0 6.78877 1 7.43877
0.2 0.4   0 0.4   0 0.8 4.45303 1 5.10303
0.2 0.4   0 0.4 0.2 0.6 4.74001 1 5.39001
0.2 0.4   0 0.4 0.2 0.8 4.78579 1 5.43579
0.2 0.4   0 0.6   0 0.6 7.25768 1 7.90768
0.2 0.4   0 0.6   0 0.8 7.41747 1 8.06747
0.2 0.4   0 0.6 0.2 0.2 6.77857 1 7.42857
0.2 0.4   0 0.6 0.2 0.4 7.50126 1 8.15126
0.2 0.4   0 0.6 0.2 0.6 7.35526 1 8.00526
0.2 0.4   0 0.6 0.2 0.8 7.96835 1 8.61835
0.2 0.4   0 0.6 0.4 0.2 7.39255 1 8.04255
0.2 0.4   0 0.6 0.4 0.4 7.39988 1 8.04988
0.2 0.4   0 0.6 0.4 0.6 7.0045 1 7.6545
0.2 0.4   0 0.6 0.6   0 6.94224 1 7.59224
0.2 0.4   0 0.6 0.6 0.2 7.24308 1 7.89308
0.2 0.4   0 0.6 0.6 0.4 6.86256 1 7.51256
0.2 0.4   0 0.6 0.8   0 7.17393 1 7.82393
0.2 0.4   0 0.6 0.8 0.2 6.90063 1 7.55063
0.2 0.4   0 0.8   0 0.4 6.72461 1 7.37461
0.2 0.4   0 0.8   0 0.6 7.59686 1 8.24686
0.2 0.4   0 0.8   0 0.8 7.75596 1 8.40596
0.2 0.4   0 0.8 0.2 0.2 7.25326 1 7.90326
0.2 0.4   0 0.8 0.2 0.4 7.22646 1 7.87646
0.2 0.4   0 0.8 0.2 0.6 8.01013 1 8.66013
0.2 0.4   0 0.8 0.2 0.8 7.61091 1 8.26091
0.2 0.4   0 0.8 0.4   0 7.08996 1 7.73996
0.2 0.4   0 0.8 0.4 0.2 7.43559 1 8.08559
0.2 0.4   0 0.8 0.4 0.4 7.69067 1 8.34067
0.2 0.4   0 0.8 0.4 0.6 7.31255 1 7.96255
0.2 0.4   0 0.8 0.6   0 7.49043 1 8.14043
0.2 0.4   0 0.8 0.6 0.2 7.50055 1 8.15055
0.2 0.4   0 0.8 0.6 0.4 7.27763 1 7.92763
0.2 0.4   0 0.8 0.8   0 7.44437 1 8.09437
0.2 0.4   0 0.8 0.8 0.2 7.37451 1 8.02451
0.2 0.4 0.2 0.2   0 0.8 5.37577 1 6.02577
0.2 0.4 0.2 0.2 0.2 0.8 5.21926 1 5.86926
0.2 0.4 0.2 0.2 0.4 0.2 3.02304 1 3.67304
0.2 0.4 0.2 0.2 0.4 0.4 2.96993 1 3.61993
0.2 0.4 0.2 0.2 0.6   0 2.92139 1 3.57139
0.2 0.4 0.2 0.2 0.6 0.2 5.17658 1 5.82658
0.2 0.4 0.2 0.2 0.8   0 5.82346 1 6.47346
0.2 0.4 0.2 0.4   0 0.4 4.00203 1 4.65203
0.2 0.4 0.2 0.4   0 0.6 6.97233 1 7.62233
0.2 0.4 0.2 0.4   0 0.8 7.67154 1 8.32154
0.2 0.4 0.2 0.4 0.2 0.2 5.55326 1 6.20326
0.2 0.4 0.2 0.4 0.2 0.4 7.61692 1 8.26692
0.2 0.4 0.2 0.4 0.2 0.6 7.01324 1 7.66324
0.2 0.4 0.2 0.4 0.2 0.8 6.98966 1 7.63966
0.2 0.4 0.2 0.4 0.4 0.2 6.82406 1 7.47406
0.2 0.4 0.2 0.4 0.4 0.4 7.33784 1 7.98784
0.2 0.4 0.2 0.4 0.4 0.6 7.29026 1 7.94026
0.2 0.4 0.2 0.4 0.6   0 7.44723 1 8.09723
0.2 0.4 0.2 0.4 0.6 0.2 7.02043 1 7.67043
0.2 0.4 0.2 0.4 0.6 0.4 7.13209 1 7.78209
0.2 0.4 0.2 0.4 0.8   0 7.40582 1 8.05582
0.2 0.4 0.2 0.4 0.8 0.2 6.83815 1 7.48815
0.2 0.4 0.2 0.6   0 0.4 6.76446 1 7.41446
0.2 0.4 0.2 0.6   0 0.6 7.61215 1 8.26215
0.2 0.4 0.2 0.6   0 0.8 8.05863 1 8.70863
0.2 0.4 0.2 0.6 0.2 0.2 7.50974 1 8.15974
0.2 0.4 0.2 0.6 0.2 0.4 7.54528 1 8.19528
0.2 0.4 0.2 0.6 0.2 0.6 7.99936 1 8.64936
0.2 0.4 0.2 0.6 0.2 0.8 7.88378 1 8.53378
0.2 0.4 0.2 0.6 0.4   0 6.41198 1 7.06198
0.2 0.4 0.2 0.6 0.4 0.2 7.85902 1 8.50902
0.2 0.4 0.2 0.6 0.4 0.4 8.06245 1 8.71245
0.2 0.4 0.2 0.6 0.4 0.6 7.88778 1 8.53778
0.2 0.4 0.2 0.6 0.6   0 7.82074 1 8.47074
0.2 0.4 0.2 0.6 0.6 0.2 8.04278 1 8.69278
0.2 0.4 0.2 0.6 0.6 0.4 7.77619 1 8.42619
0.2 0.4 0.2 0.6 0.8   0 8.14683 1 8.79683
0.2 0.4 0.2 0.6 0.8 0.2 8.0247 1 8.6747
0.2 0.4 0.2 0.8   0 0.4 7.195 1 7.845
0.2 0.4 0.2 0.8   0 0.6 7.79695 1 8.44695
0.2 0.4 0.2 0.8   0 0.8 7.99704 1 8.64704
0.2 0.4 0.2 0.8 0.2   0 7.19489 1 7.84489
0.2 0.4 0.2 0.8 0.2 0.4 7.57154 1 8.22154
0.2 0.4 0.2 0.8 0.2 0.6 7.90889 1 8.55889
0.2 0.4 0.2 0.8 0.2 0.8 7.58652 1 8.23652
0.2 0.4 0.2 0.8 0.4 0.2 7.59303 1 8.24303
0.2 0.4 0.2 0.8 0.4 0.4 8.23876 1 8.88876
0.2 0.4 0.2 0.8 0.4 0.6 7.47376 1 8.12376
0.2 0.4 0.2 0.8 0.6   0 7.31661 1 7.96661
0.2 0.4 0.2 0.8 0.6 0.2 7.86053 1 8.51053
0.2 0.4 0.2 0.8 0.6 0.4 7.62162 1 8.27162
0.2 0.4 0.2 0.8 0.8   0 7.71277 1 8.36277
0.2 0.4 0.2 0.8 0.8 0.2 7.41806 1 8.06806
0.2 0.4 0.4   0   0 0.8 3.47886 1 4.12886
0.2 0.4 0.4   0 0.2 0.6 3.60127 1 4.25127
0.2 0.4 0.4   0 0.2 0.8 3.30845 1 3.95845
0.2 0.4 0.4   0 0.6 0.2 3.08895 1 3.73895
0.2 0.4 0.4   0 0.8   0 3.65277 1 4.30277
0.2 0.4 0.4 0.2   0 0.6 3.6325 1 4.2825
0.2 0.4 0.4 0.2   0 0.8 7.01675 1 7.66675
0.2 0.4 0.4 0.2 0.2 0.2 3.59878 1 4.24878
0.2 0.4 0.4 0.2 0.2 0.4 7.01763 1 7.66763
0.2 0.4 0.4 0.2 0.2 0.6 6.65978 1 7.30978
0.2 0.4 0.4 0.2 0.2 0.8 5.87577 1 6.52577
0.2 0.4 0.4 0.2 0.4 0.2 6.40765 1 7.05765
0.2 0.4 0.4 0.2 0.4 0.4 6.35791 1 7.00791
0.2 0.4 0.4 0.2 0.4 0.6 5.97168 1 6.62168
0.2 0.4 0.4 0.2 0.6   0 6.0195 1 6.6695
0.2 0.4 0.4 0.2 0.6 0.2 6.3324 1 6.9824
0.2 0.4 0.4 0.2 0.6 0.4 6.57869 1 7.22869
0.2 0.4 0.4 0.2 0.8   0 6.78651 1 7.43651
0.2 0.4 0.4 0.2 0.8 0.2 6.61613 1 7.26613
0.2 0.4 0.4 0.4   0 0.4 3.99823 1 4.64823
0.2 0.4 0.4 0.4   0 0.6 7.72137 1 8.37137
0.2 0.4 0.4 0.4   0 0.8 7.95745 1 8.60745
0.2 0.4 0.4 0.4 0.2 0.2 7.53507 1 8.18507
0.2 0.4 0.4 0.4 0.2 0.4 7.38315 1 8.03315
0.2 0.4 0.4 0.4 0.2 0.6 7.73682 1 8.38682
0.2 0.4 0.4 0.4 0.2 0.8 7.24185 1 7.89185
0.2 0.4 0.4 0.4 0.4   0 5.98487 1 6.63487
0.2 0.4 0.4 0.4 0.4 0.2 7.42183 1 8.07183
0.2 0.4 0.4 0.4 0.4 0.4 7.8589 1 8.5089
0.2 0.4 0.4 0.4 0.4 0.6 7.0717 1 7.7217
0.2 0.4 0.4 0.4 0.6   0 7.04011 1 7.69011
0.2 0.4 0.4 0.4 0.6 0.2 7.57571 1 8.22571
0.2 0.4 0.4 0.4 0.6 0.4 7.48234 1 8.13234
0.2 0.4 0.4 0.4 0.8   0 7.52983 1 8.17983
0.2 0.4 0.4 0.4 0.8 0.2 7.35543 1 8.00543
0.2 0.4 0.4 0.6   0 0.6 7.0203 1 7.6703
0.2 0.4 0.4 0.6   0 0.8 7.42804 1 8.07804
0.2 0.4 0.4 0.6 0.2 0.4 7.11659 1 7.76659
0.2 0.4 0.4 0.6 0.2 0.6 7.40909 1 8.05909
0.2 0.4 0.4 0.6 0.2 0.8 7.1532 1 7.8032
0.2 0.4 0.4 0.6 0.4   0 6.71764 1 7.36764
0.2 0.4 0.4 0.6 0.4 0.2 7.23372 1 7.88372
0.2 0.4 0.4 0.6 0.4 0.4 7.4301 1 8.0801
0.2 0.4 0.4 0.6 0.4 0.6 7.5641 1 8.2141
0.2 0.4 0.4 0.6 0.6   0 7.11835 1 7.76835
0.2 0.4 0.4 0.6 0.6 0.2 6.88811 1 7.53811
0.2 0.4 0.4 0.6 0.6 0.4 7.98234 1 8.63234
0.2 0.4 0.4 0.6 0.8   0 7.4224 1 8.0724
0.2 0.4 0.4 0.6 0.8 0.2 7.16966 1 7.81966
0.2 0.4 0.6   0   0 0.6 3.5257 1 4.1757
0.2 0.4 0.6   0   0 0.8 4.77437 1 5.42437
0.2 0.4 0.6   0 0.2   0 3.01432 1 3.66432
0.2 0.4 0.6   0 0.2 0.2 2.82176 1 3.47176
0.2 0.4 0.6   0 0.2 0.4 3.81194 1 4.46194
0.2 0.4 0.6   0 0.2 0.6 4.00385 1 4.65385
0.2 0.4 0.6   0 0.2 0.8 3.86416 1 4.51416
0.2 0.4 0.6   0 0.4   0 2.29829 1 2.94829
0.2 0.4 0.6   0 0.4 0.2 3.83753 1 4.48753
0.2 0.4 0.6   0 0.4 0.4 3.8492 1 4.4992
0.2 0.4 0.6   0 0.4 0.6 3.69366 1 4.34366
0.2 0.4 0.6   0 0.6   0 3.69575 1 4.34575
0.2 0.4 0.6   0 0.6 0.2 4.11569 1 4.76569
0.2 0.4 0.6   0 0.6 0.4 3.72495 1 4.37495
0.2 0.4 0.6   0 0.8   0 4.85162 1 5.50162
0.2 0.4 0.6   0 0.8 0.2 4.06039 1 4.71039
0.2 0.4 0.6 0.2   0 0.6 4.12909 1 4.77909
0.2 0.4 0.6 0.2   0 0.8 7.39033 1 8.04033
0.2 0.4 0.6 0.2 0.2 0.2 2.72388 1 3.37388
0.2 0.4 0.6 0.2 0.2 0.4 6.92131 1 7.57131
0.2 0.4 0.6 0.2 0.2 0.6 7.30822 1 7.95822
0.2 0.4 0.6 0.2 0.2 0.8 6.99744 1 7.64744
0.2 0.4 0.6 0.2 0.4 0.2 7.06214 1 7.71214
0.2 0.4 0.6 0.2 0.4 0.4 6.69097 1 7.34097
0.2 0.4 0.6 0.2 0.4 0.6 5.31195 1 5.96195
0.2 0.4 0.6 0.2 0.6   0 3.5668 1 4.2168
0.2 0.4 0.6 0.2 0.6 0.2 7.13714 1 7.78714
0.2 0.4 0.6 0.2 0.6 0.4 6.30225 1 6.95225
0.2 0.4 0.6 0.2 0.8   0 7.11986 1 7.76986
0.2 0.4 0.6 0.2 0.8 0.2 6.64281 1 7.29281
0.2 0.4 0.6 0.4   0 0.6 7.14473 1 7.79473
0.2 0.4 0.6 0.4   0 0.8 7.55994 1 8.20994
0.2 0.4 0.6 0.4 0.2 0.4 6.69446 1 7.34446
0.2 0.4 0.6 0.4 0.2 0.6 7.53579 1 8.18579
0.2 0.4 0.6 0.4 0.2 0.8 7.03235 1 7.68235
0.2 0.4 0.6 0.4 0.4 0.2 7.37755 1 8.02755
0.2 0.4 0.6 0.4 0.4 0.4 7.6638 1 8.3138
0.2 0.4 0.6 0.4 0.4 0.6 6.83184 1 7.48184
0.2 0.4 0.6 0.4 0.6   0 7.04609 1 7.69609
0.2 0.4 0.6 0.4 0.6 0.2 7.79985 1 8.44985
0.2 0.4 0.6 0.4 0.6 0.4 7.14843 1 7.79843
0.2 0.4 0.6 0.4 0.8   0 7.40548 1 8.05548
0.2 0.4 0.6 0.4 0.8 0.2 7.0664 1 7.7164
0.2 0.4 0.8   0   0 0.4 1.75247 1 2.40247
0.2 0.4 0.8   0   0 0.6 3.15641 1 3.80641
0.2 0.4 0.8   0   0 0.8 4.68678 1 5.33678
0.2 0.4 0.8   0 0.2 0.4 2.38351 1 3.03351
0.2 0.4 0.8   0 0.2 0.6 4.18719 1 4.83719
0.2 0.4 0.8   0 0.2 0.8 4.72321 1 5.37321
0.2 0.4 0.8   0 0.4 0.2 3.55116 1 4.20116
0.2 0.4 0.8   0 0.4 0.4 3.91519 1 4.56519
0.2 0.4 0.8   0 0.4 0.6 3.48245 1 4.13245
0.2 0.4 0.8   0 0.6   0 2.74094 1 3.39094
0.2 0.4 0.8   0 0.6 0.2 3.81892 1 4.46892
0.2 0.4 0.8   0 0.6 0.4 3.32287 1 3.97287
0.2 0.4 0.8   0 0.8   0 3.95663 1 4.60663
0.2 0.4 0.8   0 0.8 0.2 3.65353 1 4.30353
0.2 0.4 0.8 0.2   0 0.8 5.43234 1 6.08234
0.2 0.4 0.8 0.2 0.2 0.4 4.04741 1 4.69741
0.2 0.4 0.8 0.2 0.2 0.6 3.85969 1 4.50969
0.2 0.4 0.8 0.2 0.2 0.8 4.43813 1 5.08813
0.2 0.4 0.8 0.2 0.4 0.2 2.31558 1 2.96558
0.2 0.4 0.8 0.2 0.6 0.2 2.31189 1 2.96189
0.2 0.4 0.8 0.2 0.8   0 3.97532 1 4.62532
0.2 0.4 0.8 0.2 0.8 0.2 5.00806 1 5.65806
0.2 0.6   0 0.4   0 0.8 5.26938 1 5.91938
0.2 0.6   0 0.4 0.2 0.6 4.90145 1 5.55145
0.2 0.6   0 0.4 0.8   0 4.53226 1 5.18226
0.2 0.6   0 0.4 0.8 0.2 4.48704 1 5.13704
0.2 0.6   0 0.6   0 0.6 6.94678 1 7.59678
0.2 0.6   0 0.6   0 0.8 7.50048 1 8.15048
0.2 0.6   0 0.6 0.2 0.2 6.31579 1 6.96579
0.2 0.6   0 0.6 0.2 0.4 6.25016 1 6.90016
0.2 0.6   0 0.6 0.2 0.6 7.21759 1 7.86759
0.2 0.6   0 0.6 0.2 0.8 7.12235 1 7.77235
0.2 0.6   0 0.6 0.4 0.2 6.51126 1 7.16126
0.2 0.6   0 0.6 0.4 0.4 7.17594 1 7.82594
0.2 0.6   0 0.6 0.4 0.6 6.87267 1 7.52267
0.2 0.6   0 0.6 0.6   0 6.40968 1 7.05968
0.2 0.6   0 0.6 0.6 0.2 7.32448 1 7.97448
0.2 0.6   0 0.6 0.6 0.4 6.98634 1 7.63634
0.2 0.6   0 0.6 0.8   0 7.45818 1 8.10818
0.2 0.6   0 0.6 0.8 0.2 7.27117 1 7.92117
0.2 0.6   0 0.8   0 0.6 6.6159 1 7.2659
0.2 0.6   0 0.8   0 0.8 7.83317 1 8.48317
0.2 0.6   0 0.8 0.2 0.4 7.50761 1 8.15761
0.2 0.6   0 0.8 0.2 0.6 7.96894 1 8.61894
0.2 0.6   0 0.8 0.2 0.8 7.38556 1 8.03556
0.2 0.6   0 0.8 0.4   0 6.26548 1 6.91548
0.2 0.6   0 0.8 0.4 0.2 7.0842 1 7.7342
0.2 0.6   0 0.8 0.4 0.4 7.59792 1 8.24792
0.2 0.6   0 0.8 0.4 0.6 7.10314 1 7.75314
0.2 0.6   0 0.8 0.6   0 6.95557 1 7.60557
0.2 0.6   0 0.8 0.6 0.2 7.50611 1 8.15611
0.2 0.6   0 0.8 0.6 0.4 7.26339 1 7.91339
0.2 0.6   0 0.8 0.8   0 7.17765 1 7.82765
0.2 0.6   0 0.8 0.8 0.2 7.47452 1 8.12452
0.2 0.6 0.2 0.2   0 0.8 5.01193 1 5.66193
0.2 0.6 0.2 0.2 0.2 0.2 2.86564 1 3.51564
0.2 0.6 0.2 0.2 0.2 0.8 4.06142 1 4.71142
0.2 0.6 0.2 0.2 0.4 0.4 3.08334 1 3.73334
0.2 0.6 0.2 0.2 0.6 0.4 2.67144 1 3.32144
0.2 0.6 0.2 0.2 0.8   0 4.93028 1 5.58028
0.2 0.6 0.2 0.2 0.8 0.2 4.72531 1 5.37531
0.2 0.6 0.2 0.4   0 0.6 7.93468 1 8.58468
0.2 0.6 0.2 0.4   0 0.8 7.60928 1 8.25928
0.2 0.6 0.2 0.4 0.2 0.2 6.76332 1 7.41332
0.2 0.6 0.2 0.4 0.2 0.4 7.23555 1 7.88555
0.2 0.6 0.2 0.4 0.2 0.6 7.11232 1 7.76232
0.2 0.6 0.2 0.4 0.2 0.8 7.25925 1 7.90925
0.2 0.6 0.2 0.4 0.4 0.2 7.02483 1 7.67483
0.2 0.6 0.2 0.4 0.4 0.4 7.28143 1 7.93143
0.2 0.6 0.2 0.4 0.4 0.6 7.69812 1 8.34812
0.2 0.6 0.2 0.4 0.6   0 6.54788 1 7.19788
0.2 0.6 0.2 0.4 0.6 0.2 7.66021 1 8.31021
0.2 0.6 0.2 0.4 0.6 0.4 7.24277 1 7.89277
0.2 0.6 0.2 0.4 0.8   0 7.7617 1 8.4117
0.2 0.6 0.2 0.4 0.8 0.2 7.32237 1 7.97237
0.2 0.6 0.2 0.6   0 0.6 8.31327 1 8.96327
0.2 0.6 0.2 0.6   0 0.8 8.2045 1 8.8545
0.2 0.6 0.2 0.6 0.2 0.2 7.30025 1 7.95025
0.2 0.6 0.2 0.6 0.2 0.4 7.90454 1 8.55454
0.2 0.6 0.2 0.6 0.2 0.6 8.30099 1 8.95099
0.2 0.6 0.2 0.6 0.2 0.8 8.07979 1 8.72979
0.2 0.6 0.2 0.6 0.4   0 6.01022 1 6.66022
0.2 0.6 0.2 0.6 0.4 0.2 8.48531 1 9.13531
0.2 0.6 0.2 0.6 0.4 0.4 7.94772 1 8.59772
0.2 0.6 0.2 0.6 0.4 0.6 7.7673 1 8.4173
0.2 0.6 0.2 0.6 0.6   0 7.35372 1 8.00372
0.2 0.6 0.2 0.6 0.6 0.2 8.10373 1 8.75373
0.2 0.6 0.2 0.6 0.6 0.4 7.76942 1 8.41942
0.2 0.6 0.2 0.6 0.8   0 7.99728 1 8.64728
0.2 0.6 0.2 0.6 0.8 0.2 7.64697 1 8.29697
0.2 0.6 0.2 0.8   0 0.6 7.51115 1 8.16115
0.2 0.6 0.2 0.8   0 0.8 8.24514 1 8.89514
0.2 0.6 0.2 0.8 0.2 0.2 4.6421 1 5.2921
0.2 0.6 0.2 0.8 0.2 0.4 7.47839 1 8.12839
0.2 0.6 0.2 0.8 0.2 0.6 8.21217 1 8.86217
0.2 0.6 0.2 0.8 0.2 0.8 7.67403 1 8.32403
0.2 0.6 0.2 0.8 0.4 0.2 7.744 1 8.394
0.2 0.6 0.2 0.8 0.4 0.4 8.01782 1 8.66782
0.2 0.6 0.2 0.8 0.4 0.6 7.6531 1 8.3031
0.2 0.6 0.2 0.8 0.6   0 7.024 1 7.674
0.2 0.6 0.2 0.8 0.6 0.2 8.0393 1 8.6893
0.2 0.6 0.2 0.8 0.6 0.4 7.76154 1 8.41154
0.2 0.6 0.2 0.8 0.8   0 8.05628 1 8.70628
0.2 0.6 0.2 0.8 0.8 0.2 7.39345 1 8.04345
0.2 0.6 0.4   0   0 0.8 3.77765 1 4.42765
0.2 0.6 0.4 0.2   0 0.4 3.01862 1 3.66862
0.2 0.6 0.4 0.2   0 0.6 6.41857 1 7.06857
0.2 0.6 0.4 0.2   0 0.8 7.17941 1 7.82941
0.2 0.6 0.4 0.2 0.2 0.4 4.96781 1 5.61781
0.2 0.6 0.4 0.2 0.2 0.6 6.88132 1 7.53132
0.2 0.6 0.4 0.2 0.2 0.8 6.49616 1 7.14616
0.2 0.6 0.4 0.2 0.4   0 4.24954 1 4.89954
0.2 0.6 0.4 0.2 0.4 0.2 5.67519 1 6.32519
0.2 0.6 0.4 0.2 0.4 0.4 7.13836 1 7.78836
0.2 0.6 0.4 0.2 0.4 0.6 6.86024 1 7.51024
0.2 0.6 0.4 0.2 0.6   0 6.29161 1 6.94161
0.2 0.6 0.4 0.2 0.6 0.2 6.98154 1 7.63154
0.2 0.6 0.4 0.2 0.6 0.4 7.08624 1 7.73624
0.2 0.6 0.4 0.2 0.8   0 7.07673 1 7.72673
0.2 0.6 0.4 0.2 0.8 0.2 6.25387 1 6.90387
0.2 0.6 0.4 0.4   0 0.2 4.32108 1 4.97108
0.2 0.6 0.4 0.4   0 0.4 5.80432 1 6.45432
0.2 0.6 0.4 0.4   0 0.6 7.35418 1 8.00418
0.2 0.6 0.4 0.4   0 0.8 8.17926 1 8.82926
0.2 0.6 0.4 0.4 0.2 0.2 7.22377 1 7.87377
0.2 0.6 0.4 0.4 0.2 0.4 7.54613 1 8.19613
0.2 0.6 0.4 0.4 0.2 0.6 7.77983 1 8.42983
0.2 0.6 0.4 0.4 0.2 0.8 7.52634 1 8.17634
0.2 0.6 0.4 0.4 0.4   0 5.92662 1 6.57662
0.2 0.6 0.4 0.4 0.4 0.2 7.7242 1 8.3742
0.2 0.6 0.4 0.4 0.4 0.4 7.7674 1 8.4174
0.2 0.6 0.4 0.4 0.4 0.6 7.90193 1 8.55193
0.2 0.6 0.4 0.4 0.6   0 7.33146 1 7.98146
0.2 0.6 0.4 0.4 0.6 0.2 7.70132 1 8.35132
0.2 0.6 0.4 0.4 0.6 0.4 7.89341 1 8.54341
0.2 0.6 0.4 0.4 0.8   0 7.51109 1 8.16109
0.2 0.6 0.4 0.4 0.8 0.2 7.54624 1 8.19624
0.2 0.6 0.4 0.6   0 0.4 5.72795 1 6.37795
0.2 0.6 0.4 0.6   0 0.6 7.49039 1 8.14039
0.2 0.6 0.4 0.6   0 0.8 7.74959 1 8.39959
0.2 0.6 0.4 0.6 0.2 0.2 5.11296 1 5.76296
0.2 0.6 0.4 0.6 0.2 0.4 7.13395 1 7.78395
0.2 0.6 0.4 0.6 0.2 0.6 7.57043 1 8.22043
0.2 0.6 0.4 0.6 0.2 0.8 7.45503 1 8.10503
0.2 0.6 0.4 0.6 0.4 0.2 7.6877 1 8.3377
0.2 0.6 0.4 0.6 0.4 0.4 7.65438 1 8.30438
0.2 0.6 0.4 0.6 0.4 0.6 7.63896 1 8.28896
0.2 0.6 0.4 0.6 0.6   0 7.3329 1 7.9829
0.2 0.6 0.4 0.6 0.6 0.2 7.72571 1 8.37571
0.2 0.6 0.4 0.6 0.6 0.4 7.93981 1 8.58981
0.2 0.6 0.4 0.6 0.8   0 7.48859 1 8.13859
0.2 0.6 0.4 0.6 0.8 0.2 7.56242 1 8.21242
0.2 0.6 0.6   0   0 0.4 4.17582 1 4.82582
0.2 0.6 0.6   0   0 0.6 4.05213 1 4.70213
0.2 0.6 0.6   0   0 0.8 5.70099 1 6.35099
0.2 0.6 0.6   0 0.2 0.2 3.57221 1 4.22221
0.2 0.6 0.6   0 0.2 0.4 5.28571 1 5.93571
0.2 0.6 0.6   0 0.2 0.6 5.20427 1 5.85427
0.2 0.6 0.6   0 0.2 0.8 4.99227 1 5.64227
0.2 0.6 0.6   0 0.4   0 3.02107 1 3.67107
0.2 0.6 0.6   0 0.4 0.2 5.13997 1 5.78997
0.2 0.6 0.6   0 0.4 0.4 4.92986 1 5.57986
0.2 0.6 0.6   0 0.4 0.6 5.22742 1 5.87742
0.2 0.6 0.6   0 0.6   0 5.202 1 5.852
0.2 0.6 0.6   0 0.6 0.2 5.5449 1 6.1949
0.2 0.6 0.6   0 0.6 0.4 3.75765 1 4.40765
0.2 0.6 0.6   0 0.8   0 5.68937 1 6.33937
0.2 0.6 0.6   0 0.8 0.2 5.70829 1 6.35829
0.2 0.6 0.6 0.2   0 0.2 3.90908 1 4.55908
0.2 0.6 0.6 0.2   0 0.4 3.92344 1 4.57344
0.2 0.6 0.6 0.2   0 0.6 6.73363 1 7.38363
0.2 0.6 0.6 0.2   0 0.8 7.5913 1 8.2413
0.2 0.6 0.6 0.2 0.2   0 4.09077 1 4.74077
0.2 0.6 0.6 0.2 0.2 0.2 5.41918 1 6.06918
0.2 0.6 0.6 0.2 0.2 0.4 5.85754 1 6.50754
0.2 0.6 0.6 0.2 0.2 0.6 7.94152 1 8.59152
0.2 0.6 0.6 0.2 0.2 0.8 7.69579 1 8.34579
0.2 0.6 0.6 0.2 0.4   0 5.57003 1 6.22003
0.2 0.6 0.6 0.2 0.4 0.2 7.25271 1 7.90271
0.2 0.6 0.6 0.2 0.4 0.4 7.53804 1 8.18804
0.2 0.6 0.6 0.2 0.4 0.6 6.95417 1 7.60417
0.2 0.6 0.6 0.2 0.6   0 7.10931 1 7.75931
0.2 0.6 0.6 0.2 0.6 0.2 7.0464 1 7.6964
0.2 0.6 0.6 0.2 0.6 0.4 6.85149 1 7.50149
0.2 0.6 0.6 0.2 0.8   0 8.02042 1 8.67042
0.2 0.6 0.6 0.2 0.8 0.2 7.48772 1 8.13772
0.2 0.6 0.6 0.4   0 0.4 4.38283 1 5.03283
0.2 0.6 0.6 0.4   0 0.6 6.46776 1 7.11776
0.2 0.6 0.6 0.4   0 0.8 7.36128 1 8.01128
0.2 0.6 0.6 0.4 0.2 0.2 5.64944 1 6.29944
0.2 0.6 0.6 0.4 0.2 0.4 7.20054 1 7.85054
0.2 0.6 0.6 0.4 0.2 0.6 7.43316 1 8.08316
0.2 0.6 0.6 0.4 0.2 0.8 7.35395 1 8.00395
0.2 0.6 0.6 0.4 0.4 0.2 6.95996 1 7.60996
0.2 0.6 0.6 0.4 0.4 0.4 7.38747 1 8.03747
0.2 0.6 0.6 0.4 0.4 0.6 6.9645 1 7.6145
0.2 0.6 0.6 0.4 0.6   0 7.4252 1 8.0752
0.2 0.6 0.6 0.4 0.6 0.2 7.45053 1 8.10053
0.2 0.6 0.6 0.4 0.6 0.4 7.32164 1 7.97164
0.2 0.6 0.6 0.4 0.8   0 7.22703 1 7.87703
0.2 0.6 0.6 0.4 0.8 0.2 7.07854 1 7.72854
0.2 0.6 0.8   0   0 0.2 2.79288 1 3.44288
0.2 0.6 0.8   0   0 0.4 4.41542 1 5.06542
0.2 0.6 0.8   0   0 0.6 5.2647 1 5.9147
0.2 0.6 0.8   0   0 0.8 5.58007 1 6.23007
0.2 0.6 0.8   0 0.2   0 3.62426 1 4.27426
0.2 0.6 0.8   0 0.2 0.2 4.16253 1 4.81253
0.2 0.6 0.8   0 0.2 0.4 5.03483 1 5.68483
0.2 0.6 0.8   0 0.2 0.6 4.98676 1 5.63676
0.2 0.6 0.8   0 0.2 0.8 5.09112 1 5.74112
0.2 0.6 0.8   0 0.4   0 3.40156 1 4.05156
0.2 0.6 0.8   0 0.4 0.2 5.2178 1 5.8678
0.2 0.6 0.8   0 0.4 0.4 5.81412 1 6.46412
0.2 0.6 0.8   0 0.4 0.6 5.25235 1 5.90235
0.2 0.6 0.8   0 0.6   0 5.07957 1 5.72957
0.2 0.6 0.8   0 0.6 0.2 5.75191 1 6.40191
0.2 0.6 0.8   0 0.6 0.4 5.84663 1 6.49663
0.2 0.6 0.8   0 0.8   0 5.87109 1 6.52109
0.2 0.6 0.8   0 0.8 0.2 5.87823 1 6.52823
0.2 0.6 0.8 0.2   0 0.6 4.98773 1 5.63773
0.2 0.6 0.8 0.2   0 0.8 5.61998 1 6.26998
0.2 0.6 0.8 0.2 0.2 0.2 5.08293 1 5.73293
0.2 0.6 0.8 0.2 0.2 0.4 4.34347 1 4.99347
0.2 0.6 0.8 0.2 0.2 0.6 5.74556 1 6.39556
0.2 0.6 0.8 0.2 0.2 0.8 5.37364 1 6.02364
0.2 0.6 0.8 0.2 0.4   0 4.00449 1 4.65449
0.2 0.6 0.8 0.2 0.4 0.2 4.47681 1 5.12681
0.2 0.6 0.8 0.2 0.4 0.4 4.6362 1 5.2862
0.2 0.6 0.8 0.2 0.4 0.6 5.51877 1 6.16877
0.2 0.6 0.8 0.2 0.6   0 5.27078 1 5.92078
0.2 0.6 0.8 0.2 0.6 0.2 4.90464 1 5.55464
0.2 0.6 0.8 0.2 0.6 0.4 4.60487 1 5.25487
0.2 0.6 0.8 0.2 0.8   0 5.65487 1 6.30487
0.2 0.6 0.8 0.2 0.8 0.2 5.33341 1 5.98341
0.2 0.8   0 0.6   0 0.8 5.46064 1 6.11064
0.2 0.8   0 0.6 0.2 0.8 5.66043 1 6.31043
0.2 0.8   0 0.8   0 0.8 6.98863 1 7.63863
0.2 0.8   0 0.8 0.2 0.6 6.48771 1 7.13771
0.2 0.8   0 0.8 0.2 0.8 7.64096 1 8.29096
0.2 0.8   0 0.8 0.4 0.4 6.48651 1 7.13651
0.2 0.8   0 0.8 0.4 0.6 6.3736 1 7.0236
0.2 0.8   0 0.8 0.6 0.2 5.80636 1 6.45636
0.2 0.8   0 0.8 0.8   0 5.46053 1 6.11053
0.2 0.8   0 0.8 0.8 0.2 5.75003 1 6.40003
0.2 0.8 0.2 0.4   0 0.6 5.93954 1 6.58954
0.2 0.8 0.2 0.4   0 0.8 7.23122 1 7.88122
0.2 0.8 0.2 0.4 0.2 0.6 6.99932 1 7.64932
0.2 0.8 0.2 0.4 0.2 0.8 6.70379 1 7.35379
0.2 0.8 0.2 0.4 0.4 0.4 7.34939 1 7.99939
0.2 0.8 0.2 0.4 0.4 0.6 6.83584 1 7.48584
0.2 0.8 0.2 0.4 0.6 0.2 7.25573 1 7.90573
0.2 0.8 0.2 0.4 0.6 0.4 7.09398 1 7.74398
0.2 0.8 0.2 0.4 0.8   0 7.32448 1 7.97448
0.2 0.8 0.2 0.4 0.8 0.2 6.46957 1 7.11957
0.2 0.8 0.2 0.6   0 0.8 7.68933 1 8.33933
0.2 0.8 0.2 0.6 0.2 0.4 6.88597 1 7.53597
0.2 0.8 0.2 0.6 0.2 0.6 7.63507 1 8.28507
0.2 0.8 0.2 0.6 0.2 0.8 7.41025 1 8.06025
0.2 0.8 0.2 0.6 0.4 0.2 6.76194 1 7.41194
0.2 0.8 0.2 0.6 0.4 0.4 7.43347 1 8.08347
0.2 0.8 0.2 0.6 0.4 0.6 7.2079 1 7.8579
0.2 0.8 0.2 0.6 0.6   0 6.93897 1 7.58897
0.2 0.8 0.2 0.6 0.6 0.2 7.52667 1 8.17667
0.2 0.8 0.2 0.6 0.6 0.4 7.56087 1 8.21087
0.2 0.8 0.2 0.6 0.8   0 7.19705 1 7.84705
0.2 0.8 0.2 0.6 0.8 0.2 7.34956 1 7.99956
0.2 0.8 0.2 0.8   0 0.8 7.49768 1 8.14768
0.2 0.8 0.2 0.8 0.2 0.4 6.29784 1 6.94784
0.2 0.8 0.2 0.8 0.2 0.6 6.30807 1 6.95807
0.2 0.8 0.2 0.8 0.2 0.8 6.34977 1 6.99977
0.2 0.8 0.2 0.8 0.4 0.2 6.05794 1 6.70794
0.2 0.8 0.2 0.8 0.4 0.4 6.04323 1 6.69323
0.2 0.8 0.2 0.8 0.4 0.6 5.69152 1 6.34152
0.2 0.8 0.2 0.8 0.6 0.2 6.57759 1 7.22759
0.2 0.8 0.2 0.8 0.6 0.4 5.89613 1 6.54613
0.2 0.8 0.2 0.8 0.8   0 6.18326 1 6.83326
0.2 0.8 0.2 0.8 0.8 0.2 5.99417 1 6.64417
0.2 0.8 0.4 0.2   0 0.8 7.20245 1 7.85245
0.2 0.8 0.4 0.2 0.2 0.6 4.55441 1 5.20441
0.2 0.8 0.4 0.2 0.2 0.8 4.95088 1 5.60088
0.2 0.8 0.4 0.2 0.4 0.4 3.62508 1 4.27508
0.2 0.8 0.4 0.2 0.8   0 3.95088 1 4.60088
0.2 0.8 0.4 0.4   0 0.6 6.83052 1 7.48052
0.2 0.8 0.4 0.4   0 0.8 7.55699 1 8.20699
0.2 0.8 0.4 0.4 0.2 0.2 3.52546 1 4.17546
0.2 0.8 0.4 0.4 0.2 0.4 7.15174 1 7.80174
0.2 0.8 0.4 0.4 0.2 0.6 7.61956 1 8.26956
0.2 0.8 0.4 0.4 0.2 0.8 7.31999 1 7.96999
0.2 0.8 0.4 0.4 0.4 0.2 7.19075 1 7.84075
0.2 0.8 0.4 0.4 0.4 0.4 7.7596 1 8.4096
0.2 0.8 0.4 0.4 0.4 0.6 7.1453 1 7.7953
0.2 0.8 0.4 0.4 0.6   0 7.01333 1 7.66333
0.2 0.8 0.4 0.4 0.6 0.2 7.57594 1 8.22594
0.2 0.8 0.4 0.4 0.6 0.4 7.15267 1 7.80267
0.2 0.8 0.4 0.4 0.8   0 7.24449 1 7.89449
0.2 0.8 0.4 0.4 0.8 0.2 7.27889 1 7.92889
0.2 0.8 0.4 0.6   0 0.6 6.95428 1 7.60428
0.2 0.8 0.4 0.6   0 0.8 7.92504 1 8.57504
0.2 0.8 0.4 0.6 0.2 0.4 7.04767 1 7.69767
0.2 0.8 0.4 0.6 0.2 0.6 7.20044 1 7.85044
0.2 0.8 0.4 0.6 0.2 0.8 7.31313 1 7.96313
0.2 0.8 0.4 0.6 0.4   0 4.4244 1 5.0744
0.2 0.8 0.4 0.6 0.4 0.2 6.34871 1 6.99871
0.2 0.8 0.4 0.6 0.4 0.4 7.53221 1 8.18221
0.2 0.8 0.4 0.6 0.4 0.6 7.10069 1 7.75069
0.2 0.8 0.4 0.6 0.6   0 5.31434 1 5.96434
0.2 0.8 0.4 0.6 0.6 0.2 6.9306 1 7.5806
0.2 0.8 0.4 0.6 0.6 0.4 6.71118 1 7.36118
0.2 0.8 0.4 0.6 0.8   0 6.96835 1 7.61835
0.2 0.8 0.4 0.6 0.8 0.2 6.87385 1 7.52385
0.2 0.8 0.6   0   0 0.6 4.18739 1 4.83739
0.2 0.8 0.6   0   0 0.8 4.06531 1 4.71531
0.2 0.8 0.6   0 0.2 0.4 3.86884 1 4.51884
0.2 0.8 0.6   0 0.2 0.6 3.93023 1 4.58023
0.2 0.8 0.6   0 0.2 0.8 3.88654 1 4.53654
0.2 0.8 0.6   0 0.8   0 4.08961 1 4.73961
0.2 0.8 0.6   0 0.8 0.2 3.78377 1 4.43377
0.2 0.8 0.6 0.2   0 0.6 6.47575 1 7.12575
0.2 0.8 0.6 0.2   0 0.8 7.07991 1 7.72991
0.2 0.8 0.6 0.2 0.2 0.2 4.32123 1 4.97123
0.2 0.8 0.6 0.2 0.2 0.4 4.03044 1 4.68044
0.2 0.8 0.6 0.2 0.2 0.6 6.48032 1 7.13032
0.2 0.8 0.6 0.2 0.2 0.8 6.47587 1 7.12587
0.2 0.8 0.6 0.2 0.4 0.2 3.90426 1 4.55426
0.2 0.8 0.6 0.2 0.4 0.4 5.20564 1 5.85564
0.2 0.8 0.6 0.2 0.4 0.6 7.1195 1 7.7695
0.2 0.8 0.6 0.2 0.6   0 4.07507 1 4.72507
0.2 0.8 0.6 0.2 0.6 0.2 7.32779 1 7.97779
0.2 0.8 0.6 0.2 0.6 0.4 4.48859 1 5.13859
0.2 0.8 0.6 0.2 0.8   0 6.87751 1 7.52751
0.2 0.8 0.6 0.2 0.8 0.2 4.37843 1 5.02843
0.2 0.8 0.6 0.4   0 0.6 6.87795 1 7.52795
0.2 0.8 0.6 0.4   0 0.8 7.4942 1 8.1442
0.2 0.8 0.6 0.4 0.2 0.4 6.31111 1 6.96111
0.2 0.8 0.6 0.4 0.2 0.6 7.25709 1 7.90709
0.2 0.8 0.6 0.4 0.2 0.8 7.50872 1 8.15872
0.2 0.8 0.6 0.4 0.4 0.4 7.28578 1 7.93578
0.2 0.8 0.6 0.4 0.4 0.6 7.28201 1 7.93201
0.2 0.8 0.6 0.4 0.6   0 4.07743 1 4.72743
0.2 0.8 0.6 0.4 0.6 0.2 6.41793 1 7.06793
0.2 0.8 0.6 0.4 0.6 0.4 4.87505 1 5.52505
0.2 0.8 0.6 0.4 0.8   0 6.83336 1 7.48336
0.2 0.8 0.6 0.4 0.8 0.2 3.40013 1 4.05013
0.2 0.8 0.8   0   0 0.6 3.49452 1 4.14452
0.2 0.8 0.8   0   0 0.8 4.14521 1 4.79521
0.2 0.8 0.8   0 0.2 0.2 3.93925 1 4.58925
0.2 0.8 0.8   0 0.2 0.6 3.823 1 4.473
0.2 0.8 0.8   0 0.4   0 4.06909 1 4.71909
0.2 0.8 0.8   0 0.4 0.4 3.62967 1 4.27967
0.2 0.8 0.8   0 0.6 0.4 3.93689 1 4.58689
0.2 0.8 0.8   0 0.8   0 4.0115 1 4.6615
0.2 0.8 0.8 0.2   0 0.6 3.12797 1 3.77797
0.2 0.8 0.8 0.2   0 0.8 4.54393 1 5.19393
0.2 0.8 0.8 0.2 0.2 0.2 3.88343 1 4.53343
0.2 0.8 0.8 0.2 0.2 0.6 3.12425 1 3.77425
0.2 0.8 0.8 0.2 0.2 0.8 3.00018 1 3.65018
0.2 0.8 0.8 0.2 0.4 0.2 3.44076 1 4.09076
0.2 0.8 0.8 0.2 0.4 0.4 4.30212 1 4.95212
0.2 0.8 0.8 0.2 0.4 0.6 3.30546 1 3.95546
0.2 0.8 0.8 0.2 0.6   0 3.26049 1 3.91049
0.2 0.8 0.8 0.2 0.8   0 4.33537 1 4.98537
0.2 0.8 0.8 0.2 0.8 0.2 3.96016 1 4.61016
0.4   0   0 0.6 0.8 0.2 5.18096 1 5.83096
0.4   0   0 0.8   0 0.6 7.30352 1 7.95352
0.4   0   0 0.8 0.2 0.6 5.58752 1 6.23752
0.4   0   0 0.8 0.8   0 7.52307 1 8.17307
0.4   0   0 0.8 0.8 0.2 4.26975 1 4.91975
0.4   0 0.2 0.2 0.6 0.2 4.54185 1 5.19185
0.4   0 0.2 0.2 0.8   0 4.68323 1 5.33323
0.4   0 0.2 0.4   0 0.8 5.16568 1 5.81568
0.4   0 0.2 0.4 0.2 0.8 4.7134 1 5.3634
0.4   0 0.2 0.4 0.4 0.2 4.97798 1 5.62798
0.4   0 0.2 0.4 0.4 0.4 5.18763 1 5.83763
0.4   0 0.2 0.4 0.6 0.2 4.48218 1 5.13218
0.4   0 0.2 0.4 0.6 0.4 4.73586 1 5.38586
0.4   0 0.2 0.4 0.8   0 5.45261 1 6.10261
0.4   0 0.2 0.4 0.8 0.2 4.23926 1 4.88926
0.4   0 0.2 0.6   0 0.8 5.39034 1 6.04034
0.4   0 0.2 0.6 0.2 0.6 5.2867 1 5.9367
0.4   0 0.2 0.6 0.2 0.8 5.46776 1 6.11776
0.4   0 0.2 0.6 0.4 0.4 4.87561 1 5.52561
0.4   0 0.2 0.6 0.6 0.2 5.55583 1 6.20583
0.4   0 0.2 0.6 0.6 0.4 5.06501 1 5.71501
0.4   0 0.2 0.6 0.8   0 7.22051 1 7.87051
0.4   0 0.2 0.6 0.8 0.2 5.54424 1 6.19424
0.4   0 0.4 0.2   0 0.8 3.38008 1 4.03008
0.4   0 0.4 0.2 0.4 0.2 2.89781 1 3.54781
0.4   0 0.4 0.2 0.6 0.2 3.75444 1 4.40444
0.4   0 0.4 0.2 0.8   0 5.66791 1 6.31791
0.4   0 0.4 0.4   0 0.6 6.85906 1 7.50906
0.4   0 0.4 0.4   0 0.8 4.96783 1 5.61783
0.4   0 0.4 0.4 0.4 0.4 4.57387 1 5.22387
0.4   0 0.4 0.4 0.6 0.2 4.57685 1 5.22685
0.4   0 0.4 0.4 0.6 0.4 4.24426 1 4.89426
0.4   0 0.4 0.4 0.8   0 5.21686 1 5.86686
0.4   0 0.4 0.4 0.8 0.2 5.01406 1 5.66406
0.4   0 0.6 0.2   0 0.8 3.99923 1 4.64923
0.4   0 0.6 0.2 0.8   0 4.68604 1 5.33604
0.4 0.2   0 0.4 0.2 0.6 4.95118 1 5.60118
0.4 0.2   0 0.4 0.2 0.8 4.50879 1 5.15879
0.4 0.2   0 0.4 0.4 0.4 4.69928 1 5.34928
0.4 0.2   0 0.4 0.6 0.2 5.00615 1 5.65615
0.4 0.2   0 0.4 0.8   0 4.4296 1 5.0796
0.4 0.2   0 0.6   0 0.4 7.4363 1 8.0863
0.4 0.2   0 0.6   0 0.6 7.14766 1 7.79766
0.4 0.2   0 0.6   0 0.8 7.91948 1 8.56948
0.4 0.2   0 0.6 0.2 0.2 7.15888 1 7.80888
0.4 0.2   0 0.6 0.2 0.4 7.12867 1 7.77867
0.4 0.2   0 0.6 0.2 0.6 7.65057 1 8.30057
0.4 0.2   0 0.6 0.2 0.8 7.06561 1 7.71561
0.4 0.2   0 0.6 0.4   0 6.9618 1 7.6118
0.4 0.2   0 0.6 0.4 0.2 7.25746 1 7.90746
0.4 0.2   0 0.6 0.4 0.4 7.37926 1 8.02926
0.4 0.2   0 0.6 0.4 0.6 7.00226 1 7.65226
0.4 0.2   0 0.6 0.6   0 7.1992 1 7.8492
0.4 0.2   0 0.6 0.6 0.2 7.35596 1 8.00596
0.4 0.2   0 0.6 0.6 0.4 7.39449 1 8.04449
0.4 0.2   0 0.6 0.8   0 7.43351 1 8.08351
0.4 0.2   0 0.6 0.8 0.2 7.20096 1 7.85096
0.4 0.2   0 0.8   0 0.4 6.65621 1 7.30621
0.4 0.2   0 0.8   0 0.6 7.33163 1 7.98163
0.4 0.2   0 0.8   0 0.8 7.75493 1 8.40493
0.4 0.2   0 0.8 0.2 0.2 7.85796 1 8.50796
0.4 0.2   0 0.8 0.2 0.4 7.79238 1 8.44238
0.4 0.2   0 0.8 0.2 0.6 7.69328 1 8.34328
0.4 0.2   0 0.8 0.2 0.8 7.41626 1 8.06626
0.4 0.2   0 0.8 0.4   0 7.34154 1 7.99154
0.4 0.2   0 0.8 0.4 0.2 7.86364 1 8.51364
0.4 0.2   0 0.8 0.4 0.4 7.90888 1 8.55888
0.4 0.2   0 0.8 0.4 0.6 7.24354 1 7.89354
0.4 0.2   0 0.8 0.6   0 7.99497 1 8.64497
0.4 0.2   0 0.8 0.6 0.2 7.98883 1 8.63883
0.4 0.2   0 0.8 0.6 0.4 7.2873 1 7.9373
0.4 0.2   0 0.8 0.8   0 7.7266 1 8.3766
0.4 0.2   0 0.8 0.8 0.2 7.41164 1 8.06164
0.4 0.2 0.2 0.2   0 0.6 4.29367 1 4.94367
0.4 0.2 0.2 0.2   0 0.8 5.33068 1 5.98068
0.4 0.2 0.2 0.2 0.2 0.2 4.99817 1 5.64817
0.4 0.2 0.2 0.2 0.2 0.4 4.79656 1 5.44656
0.4 0.2 0.2 0.2 0.2 0.6 4.9015 1 5.5515
0.4 0.2 0.2 0.2 0.2 0.8 4.49984 1 5.14984
0.4 0.2 0.2 0.2 0.4 0.2 4.63595 1 5.28595
0.4 0.2 0.2 0.2 0.4 0.4 4.78567 1 5.43567
0.4 0.2 0.2 0.2 0.4 0.6 4.89126 1 5.54126
0.4 0.2 0.2 0.2 0.6   0 5.44729 1 6.09729
0.4 0.2 0.2 0.2 0.6 0.2 5.17888 1 5.82888
0.4 0.2 0.2 0.2 0.6 0.4 4.44629 1 5.09629
0.4 0.2 0.2 0.2 0.8   0 5.11474 1 5.76474
0.4 0.2 0.2 0.2 0.8 0.2 4.80224 1 5.45224
0.4 0.2 0.2 0.4   0 0.4 4.02806 1 4.67806
0.4 0.2 0.2 0.4   0 0.6 8.13008 1 8.78008
0.4 0.2 0.2 0.4   0 0.8 7.37872 1 8.02872
0.4 0.2 0.2 0.4 0.2 0.2 7.548 1 8.198
0.4 0.2 0.2 0.4 0.2 0.4 7.35852 1 8.00852
0.4 0.2 0.2 0.4 0.2 0.6 7.45708 1 8.10708
0.4 0.2 0.2 0.4 0.2 0.8 7.59914 1 8.24914
0.4 0.2 0.2 0.4 0.4   0 4.10179 1 4.75179
0.4 0.2 0.2 0.4 0.4 0.2 6.96634 1 7.61634
0.4 0.2 0.2 0.4 0.4 0.4 7.53714 1 8.18714
0.4 0.2 0.2 0.4 0.4 0.6 6.69032 1 7.34032
0.4 0.2 0.2 0.4 0.6   0 7.36245 1 8.01245
0.4 0.2 0.2 0.4 0.6 0.2 7.40899 1 8.05899
0.4 0.2 0.2 0.4 0.6 0.4 6.70507 1 7.35507
0.4 0.2 0.2 0.4 0.8   0 7.76237 1 8.41237
0.4 0.2 0.2 0.4 0.8 0.2 7.62322 1 8.27322
0.4 0.2 0.2 0.6   0 0.4 7.34687 1 7.99687
0.4 0.2 0.2 0.6   0 0.6 8.08383 1 8.73383
0.4 0.2 0.2 0.6   0 0.8 8.13057 1 8.78057
0.4 0.2 0.2 0.6 0.2 0.2 7.63959 1 8.28959
0.4 0.2 0.2 0.6 0.2 0.4 8.24179 1 8.89179
0.4 0.2 0.2 0.6 0.2 0.6 8.28149 1 8.93149
0.4 0.2 0.2 0.6 0.2 0.8 7.75922 1 8.40922
0.4 0.2 0.2 0.6 0.4   0 7.75746 1 8.40746
0.4 0.2 0.2 0.6 0.4 0.2 7.97168 1 8.62168
0.4 0.2 0.2 0.6 0.4 0.4 7.95251 1 8.60251
0.4 0.2 0.2 0.6 0.4 0.6 7.87137 1 8.52137
0.4 0.2 0.2 0.6 0.6   0 8.0686 1 8.7186
0.4 0.2 0.2 0.6 0.6 0.2 8.20123 1 8.85123
0.4 0.2 0.2 0.6 0.6 0.4 7.43381 1 8.08381
0.4 0.2 0.2 0.6 0.8   0 8.3817 1 9.0317
0.4 0.2 0.2 0.6 0.8 0.2 7.92463 1 8.57463
0.4 0.2 0.2 0.8   0 0.6 7.7661 1 8.4161
0.4 0.2 0.2 0.8   0 0.8 7.77602 1 8.42602
0.4 0.2 0.2 0.8 0.2 0.2 7.91822 1 8.56822
0.4 0.2 0.2 0.8 0.2 0.4 7.6021 1 8.2521
0.4 0.2 0.2 0.8 0.2 0.6 7.65766 1 8.30766
0.4 0.2 0.2 0.8 0.2 0.8 7.70234 1 8.35234
0.4 0.2 0.2 0.8 0.4   0 7.69434 1 8.34434
0.4 0.2 0.2 0.8 0.4 0.2 7.85813 1 8.50813
0.4 0.2 0.2 0.8 0.4 0.4 8.14014 1 8.79014
0.4 0.2 0.2 0.8 0.4 0.6 7.08355 1 7.73355
0.4 0.2 0.2 0.8 0.6   0 7.9443 1 8.5943
0.4 0.2 0.2 0.8 0.6 0.2 7.76393 1 8.41393
0.4 0.2 0.2 0.8 0.6 0.4 7.7653 1 8.4153
0.4 0.2 0.2 0.8 0.8   0 8.0419 1 8.6919
0.4 0.2 0.2 0.8 0.8 0.2 7.8056 1 8.4556
0.4 0.2 0.4   0   0 0.8 3.159 1 3.809
0.4 0.2 0.4 0.2   0 0.4 3.7731 1 4.4231
0.4 0.2 0.4 0.2   0 0.6 5.7023 1 6.3523
0.4 0.2 0.4 0.2   0 0.8 7.24845 1 7.89845
0.4 0.2 0.4 0.2 0.2 0.4 6.46797 1 7.11797
0.4 0.2 0.4 0.2 0.2 0.6 6.85886 1 7.50886
0.4 0.2 0.4 0.2 0.2 0.8 6.56795 1 7.21795
0.4 0.2 0.4 0.2 0.4 0.2 5.59879 1 6.24879
0.4 0.2 0.4 0.2 0.4 0.4 6.4218 1 7.0718
0.4 0.2 0.4 0.2 0.4 0.6 6.45004 1 7.10004
0.4 0.2 0.4 0.2 0.6   0 5.45157 1 6.10157
0.4 0.2 0.4 0.2 0.6 0.2 6.63453 1 7.28453
0.4 0.2 0.4 0.2 0.6 0.4 6.64254 1 7.29254
0.4 0.2 0.4 0.2 0.8   0 6.99051 1 7.64051
0.4 0.2 0.4 0.2 0.8 0.2 6.64521 1 7.29521
0.4 0.2 0.4 0.4   0 0.2 3.12131 1 3.77131
0.4 0.2 0.4 0.4   0 0.4 6.29584 1 6.94584
0.4 0.2 0.4 0.4   0 0.6 7.59381 1 8.24381
0.4 0.2 0.4 0.4   0 0.8 8.07698 1 8.72698
0.4 0.2 0.4 0.4 0.2   0 5.34766 1 5.99766
0.4 0.2 0.4 0.4 0.2 0.2 6.73308 1 7.38308
0.4 0.2 0.4 0.4 0.2 0.4 7.61825 1 8.26825
0.4 0.2 0.4 0.4 0.2 0.6 7.95751 1 8.60751
0.4 0.2 0.4 0.4 0.2 0.8 7.84034 1 8.49034
0.4 0.2 0.4 0.4 0.4   0 7.34907 1 7.99907
0.4 0.2 0.4 0.4 0.4 0.2 7.71793 1 8.36793
0.4 0.2 0.4 0.4 0.4 0.4 7.68843 1 8.33843
0.4 0.2 0.4 0.4 0.4 0.6 7.51163 1 8.16163
0.4 0.2 0.4 0.4 0.6   0 7.51405 1 8.16405
0.4 0.2 0.4 0.4 0.6 0.2 7.65005 1 8.30005
0.4 0.2 0.4 0.4 0.6 0.4 7.36143 1 8.01143
0.4 0.2 0.4 0.4 0.8   0 8.14388 1 8.79388
0.4 0.2 0.4 0.4 0.8 0.2 8.52524 1 9.17524
0.4 0.2 0.4 0.6   0 0.6 7.2282 1 7.8782
0.4 0.2 0.4 0.6   0 0.8 8.15011 1 8.80011
0.4 0.2 0.4 0.6 0.2 0.4 7.58295 1 8.23295
0.4 0.2 0.4 0.6 0.2 0.6 8.23858 1 8.88858
0.4 0.2 0.4 0.6 0.2 0.8 7.72445 1 8.37445
0.4 0.2 0.4 0.6 0.4 0.2 7.53107 1 8.18107
0.4 0.2 0.4 0.6 0.4 0.4 7.98611 1 8.63611
0.4 0.2 0.4 0.6 0.4 0.6 7.76886 1 8.41886
0.4 0.2 0.4 0.6 0.6   0 7.28514 1 7.93514
0.4 0.2 0.4 0.6 0.6 0.2 7.76705 1 8.41705
0.4 0.2 0.4 0.6 0.6 0.4 7.59517 1 8.24517
0.4 0.2 0.4 0.6 0.8   0 8.08224 1 8.73224
0.4 0.2 0.4 0.6 0.8 0.2 7.71313 1 8.36313
0.4 0.2 0.6   0   0 0.4 2.28147 1 2.93147
0.4 0.2 0.6   0   0 0.6 2.61192 1 3.26192
0.4 0.2 0.6   0   0 0.8 5.34268 1 5.99268
0.4 0.2 0.6   0 0.2 0.4 3.95024 1 4.60024
0.4 0.2 0.6   0 0.2 0.6 5.89075 1 6.54075
0.4 0.2 0.6   0 0.2 0.8 3.67735 1 4.32735
0.4 0.2 0.6   0 0.4 0.2 2.26848 1 2.91848
0.4 0.2 0.6   0 0.4 0.4 3.47668 1 4.12668
0.4 0.2 0.6   0 0.4 0.6 3.21602 1 3.86602
0.4 0.2 0.6   0 0.6 0.2 3.84737 1 4.49737
0.4 0.2 0.6   0 0.6 0.4 2.59562 1 3.24562
0.4 0.2 0.6   0 0.8   0 4.14041 1 4.79041
0.4 0.2 0.6 0.2   0 0.2 3.19621 1 3.84621
0.4 0.2 0.6 0.2   0 0.4 3.70737 1 4.35737
0.4 0.2 0.6 0.2   0 0.6 5.43274 1 6.08274
0.4 0.2 0.6 0.2   0 0.8 7.17073 1 7.82073
0.4 0.2 0.6 0.2 0.2 0.2 4.39478 1 5.04478
0.4 0.2 0.6 0.2 0.2 0.4 6.96281 1 7.61281
0.4 0.2 0.6 0.2 0.2 0.6 7.01876 1 7.66876
0.4 0.2 0.6 0.2 0.2 0.8 7.05304 1 7.70304
0.4 0.2 0.6 0.2 0.4   0 3.52371 1 4.17371
0.4 0.2 0.6 0.2 0.4 0.2 6.90173 1 7.55173
0.4 0.2 0.6 0.2 0.4 0.4 7.1519 1 7.8019
0.4 0.2 0.6 0.2 0.4 0.6 6.42581 1 7.07581
0.4 0.2 0.6 0.2 0.6   0 7.10774 1 7.75774
0.4 0.2 0.6 0.2 0.6 0.2 7.57044 1 8.22044
0.4 0.2 0.6 0.2 0.6 0.4 7.2042 1 7.8542
0.4 0.2 0.6 0.2 0.8   0 6.97923 1 7.62923
0.4 0.2 0.6 0.2 0.8 0.2 6.69318 1 7.34318
0.4 0.2 0.6 0.4   0 0.6 7.08937 1 7.73937
0.4 0.2 0.6 0.4   0 0.8 7.75467 1 8.40467
0.4 0.2 0.6 0.4 0.2 0.4 7.58805 1 8.23805
0.4 0.2 0.6 0.4 0.2 0.6 7.68995 1 8.33995
0.4 0.2 0.6 0.4 0.2 0.8 7.23679 1 7.88679
0.4 0.2 0.6 0.4 0.4   0 6.82891 1 7.47891
0.4 0.2 0.6 0.4 0.4 0.2 7.26397 1 7.91397
0.4 0.2 0.6 0.4 0.4 0.4 7.74248 1 8.39248
0.4 0.2 0.6 0.4 0.4 0.6 6.94382 1 7.59382
0.4 0.2 0.6 0.4 0.6   0 7.04018 1 7.69018
0.4 0.2 0.6 0.4 0.6 0.2 7.41442 1 8.06442
0.4 0.2 0.6 0.4 0.6 0.4 6.6505 1 7.3005
0.4 0.2 0.6 0.4 0.8   0 7.54504 1 8.19504
0.4 0.2 0.6 0.4 0.8 0.2 7.14493 1 7.79493
0.4 0.2 0.8   0   0 0.4 2.24902 1 2.89902
0.4 0.2 0.8   0   0 0.8 3.51775 1 4.16775
0.4 0.2 0.8   0 0.2 0.4 5.45761 1 6.10761
0.4 0.2 0.8   0 0.2 0.6 5.81986 1 6.46986
0.4 0.2 0.8   0 0.2 0.8 2.13287 1 2.78287
0.4 0.2 0.8   0 0.4 0.2 2.43636 1 3.08636
0.4 0.2 0.8   0 0.4 0.4 2.41764 1 3.06764
0.4 0.2 0.8   0 0.6 0.2 3.71124 1 4.36124
0.4 0.2 0.8   0 0.8   0 5.76386 1 6.41386
0.4 0.2 0.8   0 0.8 0.2 5.87856 1 6.52856
0.4 0.2 0.8 0.2   0 0.6 2.24225 1 2.89225
0.4 0.2 0.8 0.2   0 0.8 5.85692 1 6.50692
0.4 0.2 0.8 0.2 0.2 0.2 2.84367 1 3.49367
0.4 0.2 0.8 0.2 0.2 0.6 6.2795 1 6.9295
0.4 0.2 0.8 0.2 0.2 0.8 6.13086 1 6.78086
0.4 0.2 0.8 0.2 0.4 0.2 2.11303 1 2.76303
0.4 0.2 0.8 0.2 0.4 0.4 5.74424 1 6.39424
0.4 0.2 0.8 0.2 0.4 0.6 5.77452 1 6.42452
0.4 0.2 0.8 0.2 0.6 0.2 5.4635 1 6.1135
0.4 0.2 0.8 0.2 0.8   0 5.89696 1 6.54696
0.4 0.2 0.8 0.2 0.8 0.2 5.79776 1 6.44776
0.4 0.4   0 0.4 0.8   0 5.72296 1 6.37296
0.4 0.4   0 0.6   0 0.6 6.92324 1 7.57324
0.4 0.4   0 0.6   0 0.8 7.47387 1 8.12387
0.4 0.4   0 0.6 0.2 0.2 6.48491 1 7.13491
0.4 0.4   0 0.6 0.2 0.4 7.08427 1 7.73427
0.4 0.4   0 0.6 0.2 0.6 7.24363 1 7.89363
0.4 0.4   0 0.6 0.2 0.8 6.87124 1 7.52124
0.4 0.4   0 0.6 0.4 0.2 6.96975 1 7.61975
0.4 0.4   0 0.6 0.4 0.4 7.61169 1 8.26169
0.4 0.4   0 0.6 0.4 0.6 6.76706 1 7.41706
0.4 0.4   0 0.6 0.6   0 6.39379 1 7.04379
0.4 0.4   0 0.6 0.6 0.2 7.212 1 7.862
0.4 0.4   0 0.6 0.6 0.4 7.08782 1 7.73782
0.4 0.4   0 0.6 0.8   0 7.15544 1 7.80544
0.4 0.4   0 0.6 0.8 0.2 7.22802 1 7.87802
0.4 0.4   0 0.8   0 0.4 7.15819 1 7.80819
0.4 0.4   0 0.8   0 0.6 8.20857 1 8.85857
0.4 0.4   0 0.8   0 0.8 8.25947 1 8.90947
0.4 0.4   0 0.8 0.2 0.2 7.44468 1 8.09468
0.4 0.4   0 0.8 0.2 0.4 8.03071 1 8.68071
0.4 0.4   0 0.8 0.2 0.6 8.27888 1 8.92888
0.4 0.4   0 0.8 0.2 0.8 7.95597 1 8.60597
0.4 0.4   0 0.8 0.4 0.2 7.89661 1 8.54661
0.4 0.4   0 0.8 0.4 0.4 8.47227 1 9.12227
0.4 0.4   0 0.8 0.4 0.6 8.00718 1 8.65718
0.4 0.4   0 0.8 0.6   0 7.8007 1 8.4507
0.4 0.4   0 0.8 0.6 0.2 7.93464 1 8.58464
0.4 0.4   0 0.8 0.6 0.4 7.70065 1 8.35065
0.4 0.4   0 0.8 0.8   0 8.13249 1 8.78249
0.4 0.4   0 0.8 0.8 0.2 8.74514 1 9.39514
0.4 0.4 0.2 0.2 0.4 0.4 2.12112 1 2.77112
0.4 0.4 0.2 0.2 0.6 0.2 5.84385 1 6.49385
0.4 0.4 0.2 0.2 0.8   0 4.87526 1 5.52526
0.4 0.4 0.2 0.2 0.8 0.2 2.79358 1 3.44358
0.4 0.4 0.2 0.4   0 0.4 6.20674 1 6.85674
0.4 0.4 0.2 0.4   0 0.6 7.75527 1 8.40527
0.4 0.4 0.2 0.4   0 0.8 7.75828 1 8.40828
0.4 0.4 0.2 0.4 0.2 0.2 6.57025 1 7.22025
0.4 0.4 0.2 0.4 0.2 0.4 7.16675 1 7.81675
0.4 0.4 0.2 0.4 0.2 0.6 7.92863 1 8.57863
0.4 0.4 0.2 0.4 0.2 0.8 7.69198 1 8.34198
0.4 0.4 0.2 0.4 0.4   0 7.20412 1 7.85412
0.4 0.4 0.2 0.4 0.4 0.2 7.53528 1 8.18528
0.4 0.4 0.2 0.4 0.4 0.4 7.68949 1 8.33949
0.4 0.4 0.2 0.4 0.4 0.6 7.01211 1 7.66211
0.4 0.4 0.2 0.4 0.6   0 7.55223 1 8.20223
0.4 0.4 0.2 0.4 0.6 0.2 8.10022 1 8.75022
0.4 0.4 0.2 0.4 0.6 0.4 7.42008 1 8.07008
0.4 0.4 0.2 0.4 0.8   0 7.55188 1 8.20188
0.4 0.4 0.2 0.4 0.8 0.2 7.7727 1 8.4227
0.4 0.4 0.2 0.6   0 0.2 3.59797 1 4.24797
0.4 0.4 0.2 0.6   0 0.4 7.91358 1 8.56358
0.4 0.4 0.2 0.6   0 0.6 8.14562 1 8.79562
0.4 0.4 0.2 0.6   0 0.8 8.41377 1 9.06377
0.4 0.4 0.2 0.6 0.2 0.2 7.89526 1 8.54526
0.4 0.4 0.2 0.6 0.2 0.4 8.38052 1 9.03052
0.4 0.4 0.2 0.6 0.2 0.6 8.38754 1 9.03754
0.4 0.4 0.2 0.6 0.2 0.8 8.50133 1 9.15133
0.4 0.4 0.2 0.6 0.4   0 7.55967 1 8.20967
0.4 0.4 0.2 0.6 0.4 0.2 8.77539 1 9.42539
0.4 0.4 0.2 0.6 0.4 0.4 8.34334 1 8.99334
0.4 0.4 0.2 0.6 0.4 0.6 8.14989 1 8.79989
0.4 0.4 0.2 0.6 0.6   0 7.9963 1 8.6463
0.4 0.4 0.2 0.6 0.6 0.2 8.29608 1 8.94608
0.4 0.4 0.2 0.6 0.6 0.4 8.53566 1 9.18566
0.4 0.4 0.2 0.6 0.8   0 8.31346 1 8.96346
0.4 0.4 0.2 0.6 0.8 0.2 8.42988 1 9.07988
0.4 0.4 0.2 0.8   0 0.6 8.08249 1 8.73249
0.4 0.4 0.2 0.8   0 0.8 8.47299 1 9.12299
0.4 0.4 0.2 0.8 0.2 0.2 7.53607 1 8.18607
0.4 0.4 0.2 0.8 0.2 0.4 8.05455 1 8.70455
0.4 0.4 0.2 0.8 0.2 0.6 8.3601 1 9.0101
0.4 0.4 0.2 0.8 0.2 0.8 8.28124 1 8.93124
0.4 0.4 0.2 0.8 0.4   0 7.45746 1 8.10746
0.4 0.4 0.2 0.8 0.4 0.2 8.02746 1 8.67746
0.4 0.4 0.2 0.8 0.4 0.4 8.57315 1 9.22315
0.4 0.4 0.2 0.8 0.4 0.6 8.05823 1 8.70823
0.4 0.4 0.2 0.8 0.6   0 8.19895 1 8.84895
0.4 0.4 0.2 0.8 0.6 0.2 8.68878 1 9.33878
0.4 0.4 0.2 0.8 0.6 0.4 8.26102 1 8.91102
0.4 0.4 0.2 0.8 0.8   0 8.33236 1 8.98236
0.4 0.4 0.2 0.8 0.8 0.2 8.29899 1 8.94899
0.4 0.4 0.4   0   0 0.6 3.12514 1 3.77514
0.4 0.4 0.4   0   0 0.8 3.30209 1 3.95209
0.4 0.4 0.4   0 0.2 0.8 3.81334 1 4.46334
0.4 0.4 0.4   0 0.4 0.4 3.6281 1 4.2781
0.4 0.4 0.4 0.2   0 0.4 4.26711 1 4.91711
0.4 0.4 0.4 0.2   0 0.6 6.90958 1 7.55958
0.4 0.4 0.4 0.2   0 0.8 7.30567 1 7.95567
0.4 0.4 0.4 0.2 0.2 0.2 4.1744 1 4.8244
0.4 0.4 0.4 0.2 0.2 0.4 6.73841 1 7.38841
0.4 0.4 0.4 0.2 0.2 0.6 7.35744 1 8.00744
0.4 0.4 0.4 0.2 0.2 0.8 7.15677 1 7.80677
0.4 0.4 0.4 0.2 0.4   0 6.033 1 6.683
0.4 0.4 0.4 0.2 0.4 0.2 6.36205 1 7.01205
0.4 0.4 0.4 0.2 0.4 0.4 7.29633 1 7.94633
0.4 0.4 0.4 0.2 0.4 0.6 6.96989 1 7.61989
0.4 0.4 0.4 0.2 0.6   0 5.65896 1 6.30896
0.4 0.4 0.4 0.2 0.6 0.2 7.64872 1 8.29872
0.4 0.4 0.4 0.2 0.6 0.4 7.26813 1 7.91813
0.4 0.4 0.4 0.2 0.8   0 7.7133 1 8.3633
0.4 0.4 0.4 0.2 0.8 0.2 7.04146 1 7.69146
0.4 0.4 0.4 0.4   0 0.2 3.66437 1 4.31437
0.4 0.4 0.4 0.4   0 0.4 7.23336 1 7.88336
0.4 0.4 0.4 0.4   0 0.6 7.66704 1 8.31704
0.4 0.4 0.4 0.4   0 0.8 8.22209 1 8.87209
0.4 0.4 0.4 0.4 0.2   0 2.57488 1 3.22488
0.4 0.4 0.4 0.4 0.2 0.2 7.05152 1 7.70152
0.4 0.4 0.4 0.4 0.2 0.4 7.8124 1 8.4624
0.4 0.4 0.4 0.4 0.2 0.6 8.41008 1 9.06008
0.4 0.4 0.4 0.4 0.2 0.8 7.95039 1 8.60039
0.4 0.4 0.4 0.4 0.4   0 7.53966 1 8.18966
0.4 0.4 0.4 0.4 0.4 0.2 7.89653 1 8.54653
0.4 0.4 0.4 0.4 0.4 0.4 8.47887 1 9.12887
0.4 0.4 0.4 0.4 0.4 0.6 7.66666 1 8.31666
0.4 0.4 0.4 0.4 0.6   0 7.83645 1 8.48645
0.4 0.4 0.4 0.4 0.6 0.2 8.2373 1 8.8873
0.4 0.4 0.4 0.4 0.6 0.4 7.91849 1 8.56849
0.4 0.4 0.4 0.4 0.8   0 8.14345 1 8.79345
0.4 0.4 0.4 0.4 0.8 0.2 8.08519 1 8.73519
0.4 0.4 0.4 0.6   0 0.6 7.70889 1 8.35889
0.4 0.4 0.4 0.6   0 0.8 8.01972 1 8.66972
0.4 0.4 0.4 0.6 0.2 0.2 7.37663 1 8.02663
0.4 0.4 0.4 0.6 0.2 0.4 7.59628 1 8.24628
0.4 0.4 0.4 0.6 0.2 0.6 8.03768 1 8.68768
0.4 0.4 0.4 0.6 0.2 0.8 7.8119 1 8.4619
0.4 0.4 0.4 0.6 0.4   0 6.4979 1 7.1479
0.4 0.4 0.4 0.6 0.4 0.2 7.3244 1 7.9744
0.4 0.4 0.4 0.6 0.4 0.4 8.11073 1 8.76073
0.4 0.4 0.4 0.6 0.4 0.6 7.64766 1 8.29766
0.4 0.4 0.4 0.6 0.6   0 7.56745 1 8.21745
0.4 0.4 0.4 0.6 0.6 0.2 7.72131 1 8.37131
0.4 0.4 0.4 0.6 0.6 0.4 7.9265 1 8.5765
0.4 0.4 0.4 0.6 0.8   0 8.22362 1 8.87362
0.4 0.4 0.4 0.6 0.8 0.2 7.83317 1 8.48317
0.4 0.4 0.6   0   0 0.4 3.32557 1 3.97557
0.4 0.4 0.6   0   0 0.6 5.38395 1 6.03395
0.4 0.4 0.6   0   0 0.8 5.89355 1 6.54355
0.4 0.4 0.6   0 0.2 0.2 5.70333 1 6.35333
0.4 0.4 0.6   0 0.2 0.4 6.05297 1 6.70297
0.4 0.4 0.6   0 0.2 0.6 4.7625 1 5.4125
0.4 0.4 0.6   0 0.2 0.8 4.29977 1 4.94977
0.4 0.4 0.6   0 0.4   0 2.52033 1 3.17033
0.4 0.4 0.6   0 0.4 0.2 3.62048 1 4.27048
0.4 0.4 0.6   0 0.4 0.4 3.82345 1 4.47345
0.4 0.4 0.6   0 0.4 0.6 4.00709 1 4.65709
0.4 0.4 0.6   0 0.6   0 3.87416 1 4.52416
0.4 0.4 0.6   0 0.6 0.2 4.86774 1 5.51774
0.4 0.4 0.6   0 0.6 0.4 3.63448 1 4.28448
0.4 0.4 0.6   0 0.8   0 5.13292 1 5.78292
0.4 0.4 0.6   0 0.8 0.2 4.72098 1 5.37098
0.4 0.4 0.6 0.2   0 0.4 5.31926 1 5.96926
0.4 0.4 0.6 0.2   0 0.6 6.74328 1 7.39328
0.4 0.4 0.6 0.2   0 0.8 8.14662 1 8.79662
0.4 0.4 0.6 0.2 0.2   0 4.47218 1 5.12218
0.4 0.4 0.6 0.2 0.2 0.2 5.41188 1 6.06188
0.4 0.4 0.6 0.2 0.2 0.4 7.29215 1 7.94215
0.4 0.4 0.6 0.2 0.2 0.6 8.23844 1 8.88844
0.4 0.4 0.6 0.2 0.2 0.8 7.70703 1 8.35703
0.4 0.4 0.6 0.2 0.4   0 4.48601 1 5.13601
0.4 0.4 0.6 0.2 0.4 0.2 7.33328 1 7.98328
0.4 0.4 0.6 0.2 0.4 0.4 7.802 1 8.452
0.4 0.4 0.6 0.2 0.4 0.6 7.32682 1 7.97682
0.4 0.4 0.6 0.2 0.6   0 7.37277 1 8.02277
0.4 0.4 0.6 0.2 0.6 0.2 8.40862 1 9.05862
0.4 0.4 0.6 0.2 0.6 0.4 7.8523 1 8.5023
0.4 0.4 0.6 0.2 0.8   0 7.92676 1 8.57676
0.4 0.4 0.6 0.2 0.8 0.2 8.46581 1 9.11581
0.4 0.4 0.6 0.4   0 0.6 6.42827 1 7.07827
0.4 0.4 0.6 0.4   0 0.8 8.10199 1 8.75199
0.4 0.4 0.6 0.4 0.2 0.2 6.09861 1 6.74861
0.4 0.4 0.6 0.4 0.2 0.4 7.12397 1 7.77397
0.4 0.4 0.6 0.4 0.2 0.6 7.64886 1 8.29886
0.4 0.4 0.6 0.4 0.2 0.8 7.48529 1 8.13529
0.4 0.4 0.6 0.4 0.4   0 3.93027 1 4.58027
0.4 0.4 0.6 0.4 0.4 0.2 7.37882 1 8.02882
0.4 0.4 0.6 0.4 0.4 0.4 7.93483 1 8.58483
0.4 0.4 0.6 0.4 0.4 0.6 7.31223 1 7.96223
0.4 0.4 0.6 0.4 0.6   0 6.83873 1 7.48873
0.4 0.4 0.6 0.4 0.6 0.2 8.15218 1 8.80218
0.4 0.4 0.6 0.4 0.6 0.4 7.26841 1 7.91841
0.4 0.4 0.6 0.4 0.8   0 7.88789 1 8.53789
0.4 0.4 0.6 0.4 0.8 0.2 7.78907 1 8.43907
0.4 0.4 0.8   0   0 0.2 3.18101 1 3.83101
0.4 0.4 0.8   0   0 0.4 3.82254 1 4.47254
0.4 0.4 0.8   0   0 0.6 5.00638 1 5.65638
0.4 0.4 0.8   0   0 0.8 6.60925 1 7.25925
0.4 0.4 0.8   0 0.2   0 1.75784 1 2.40784
0.4 0.4 0.8   0 0.2 0.2 4.07197 1 4.72197
0.4 0.4 0.8   0 0.2 0.4 4.79159 1 5.44159
0.4 0.4 0.8   0 0.2 0.6 6.67272 1 7.32272
0.4 0.4 0.8   0 0.2 0.8 5.86448 1 6.51448
0.4 0.4 0.8   0 0.4   0 3.96086 1 4.61086
0.4 0.4 0.8   0 0.4 0.2 5.6308 1 6.2808
0.4 0.4 0.8   0 0.4 0.4 5.3971 1 6.0471
0.4 0.4 0.8   0 0.4 0.6 5.65025 1 6.30025
0.4 0.4 0.8   0 0.6   0 4.72289 1 5.37289
0.4 0.4 0.8   0 0.6 0.2 6.07287 1 6.72287
0.4 0.4 0.8   0 0.6 0.4 6.35807 1 7.00807
0.4 0.4 0.8   0 0.8   0 5.99784 1 6.64784
0.4 0.4 0.8   0 0.8 0.2 6.04836 1 6.69836
0.4 0.4 0.8 0.2   0 0.2 3.18356 1 3.83356
0.4 0.4 0.8 0.2   0 0.4 4.57943 1 5.22943
0.4 0.4 0.8 0.2   0 0.6 5.80091 1 6.45091
0.4 0.4 0.8 0.2   0 0.8 7.40882 1 8.05882
0.4 0.4 0.8 0.2 0.2 0.2 4.03008 1 4.68008
0.4 0.4 0.8 0.2 0.2 0.4 5.77112 1 6.42112
0.4 0.4 0.8 0.2 0.2 0.6 6.48393 1 7.13393
0.4 0.4 0.8 0.2 0.2 0.8 6.61669 1 7.26669
0.4 0.4 0.8 0.2 0.4   0 4.22059 1 4.87059
0.4 0.4 0.8 0.2 0.4 0.2 5.9907 1 6.6407
0.4 0.4 0.8 0.2 0.4 0.4 6.97676 1 7.62676
0.4 0.4 0.8 0.2 0.4 0.6 6.26603 1 6.91603
0.4 0.4 0.8 0.2 0.6   0 4.17771 1 4.82771
0.4 0.4 0.8 0.2 0.6 0.2 6.90814 1 7.55814
0.4 0.4 0.8 0.2 0.6 0.4 7.50927 1 8.15927
0.4 0.4 0.8 0.2 0.8   0 6.65371 1 7.30371
0.4 0.4 0.8 0.2 0.8 0.2 6.54663 1 7.19663
0.4 0.6   0 0.6   0 0.8 6.73805 1 7.38805
0.4 0.6   0 0.6 0.2 0.6 6.58039 1 7.23039
0.4 0.6   0 0.6 0.2 0.8 5.39737 1 6.04737
0.4 0.6   0 0.6 0.4 0.2 2.29288 1 2.94288
0.4 0.6   0 0.6 0.4 0.4 5.84906 1 6.49906
0.4 0.6   0 0.6 0.6 0.2 6.42858 1 7.07858
0.4 0.6   0 0.6 0.6 0.4 6.60778 1 7.25778
0.4 0.6   0 0.6 0.8   0 6.29276 1 6.94276
0.4 0.6   0 0.8   0 0.6 6.66503 1 7.31503
0.4 0.6   0 0.8   0 0.8 7.71485 1 8.36485
0.4 0.6   0 0.8 0.2 0.4 7.43926 1 8.08926
0.4 0.6   0 0.8 0.2 0.6 7.74282 1 8.39282
0.4 0.6   0 0.8 0.2 0.8 8.09531 1 8.74531
0.4 0.6   0 0.8 0.4 0.2 6.59649 1 7.24649
0.4 0.6   0 0.8 0.4 0.4 7.3548 1 8.0048
0.4 0.6   0 0.8 0.4 0.6 7.69189 1 8.34189
0.4 0.6   0 0.8 0.6 0.2 7.43529 1 8.08529
0.4 0.6   0 0.8 0.6 0.4 7.48369 1 8.13369
0.4 0.6   0 0.8 0.8   0 6.85892 1 7.50892
0.4 0.6   0 0.8 0.8 0.2 6.9795 1 7.6295
0.4 0.6 0.2 0.4   0 0.8 8.05096 1 8.70096
0.4 0.6 0.2 0.4 0.2 0.6 6.35194 1 7.00194
0.4 0.6 0.2 0.4 0.2 0.8 7.03459 1 7.68459
0.4 0.6 0.2 0.4 0.4 0.2 3.7155 1 4.3655
0.4 0.6 0.2 0.4 0.4 0.4 6.35473 1 7.00473
0.4 0.6 0.2 0.4 0.4 0.6 5.87024 1 6.52024
0.4 0.6 0.2 0.4 0.6 0.2 6.20668 1 6.85668
0.4 0.6 0.2 0.4 0.6 0.4 6.7143 1 7.3643
0.4 0.6 0.2 0.4 0.8   0 6.50395 1 7.15395
0.4 0.6 0.2 0.4 0.8 0.2 6.3098 1 6.9598
0.4 0.6 0.2 0.6   0 0.6 7.81326 1 8.46326
0.4 0.6 0.2 0.6   0 0.8 8.07556 1 8.72556
0.4 0.6 0.2 0.6 0.2 0.2 4.92268 1 5.57268
0.4 0.6 0.2 0.6 0.2 0.4 7.72456 1 8.37456
0.4 0.6 0.2 0.6 0.2 0.6 8.27345 1 8.92345
0.4 0.6 0.2 0.6 0.2 0.8 7.85686 1 8.50686
0.4 0.6 0.2 0.6 0.4 0.2 6.15708 1 6.80708
0.4 0.6 0.2 0.6 0.4 0.4 8.26905 1 8.91905
0.4 0.6 0.2 0.6 0.4 0.6 7.55985 1 8.20985
0.4 0.6 0.2 0.6 0.6   0 6.43613 1 7.08613
0.4 0.6 0.2 0.6 0.6 0.2 8.03421 1 8.68421
0.4 0.6 0.2 0.6 0.6 0.4 7.64815 1 8.29815
0.4 0.6 0.2 0.6 0.8   0 7.24507 1 7.89507
0.4 0.6 0.2 0.6 0.8 0.2 7.63263 1 8.28263
0.4 0.6 0.2 0.8   0 0.6 7.28667 1 7.93667
0.4 0.6 0.2 0.8   0 0.8 7.88294 1 8.53294
0.4 0.6 0.2 0.8 0.2 0.4 7.23075 1 7.88075
0.4 0.6 0.2 0.8 0.2 0.6 7.88728 1 8.53728
0.4 0.6 0.2 0.8 0.2 0.8 7.24061 1 7.89061
0.4 0.6 0.2 0.8 0.4 0.2 6.44693 1 7.09693
0.4 0.6 0.2 0.8 0.4 0.4 7.68409 1 8.33409
0.4 0.6 0.2 0.8 0.4 0.6 7.69869 1 8.34869
0.4 0.6 0.2 0.8 0.6   0 6.65504 1 7.30504
0.4 0.6 0.2 0.8 0.6 0.2 7.72945 1 8.37945
0.4 0.6 0.2 0.8 0.6 0.4 7.80404 1 8.45404
0.4 0.6 0.2 0.8 0.8   0 8.49466 1 9.14466
0.4 0.6 0.2 0.8 0.8 0.2 7.49458 1 8.14458
0.4 0.6 0.4   0 0.8   0 5.19789 1 5.84789
0.4 0.6 0.4 0.2   0 0.6 5.73703 1 6.38703
0.4 0.6 0.4 0.2   0 0.8 7.16003 1 7.81003
0.4 0.6 0.4 0.2 0.2 0.2 5.58859 1 6.23859
0.4 0.6 0.4 0.2 0.2 0.4 6.36834 1 7.01834
0.4 0.6 0.4 0.2 0.2 0.6 6.29921 1 6.94921
0.4 0.6 0.4 0.2 0.2 0.8 6.90669 1 7.55669
0.4 0.6 0.4 0.2 0.4 0.2 5.83112 1 6.48112
0.4 0.6 0.4 0.2 0.4 0.4 6.53517 1 7.18517
0.4 0.6 0.4 0.2 0.6 0.2 7.0836 1 7.7336
0.4 0.6 0.4 0.2 0.6 0.4 6.26858 1 6.91858
0.4 0.6 0.4 0.2 0.8   0 6.78628 1 7.43628
0.4 0.6 0.4 0.2 0.8 0.2 6.73878 1 7.38878
0.4 0.6 0.4 0.4   0 0.6 7.2248 1 7.8748
0.4 0.6 0.4 0.4   0 0.8 7.78261 1 8.43261
0.4 0.6 0.4 0.4 0.2 0.2 5.77938 1 6.42938
0.4 0.6 0.4 0.4 0.2 0.4 7.1635 1 7.8135
0.4 0.6 0.4 0.4 0.2 0.6 7.4322 1 8.0822
0.4 0.6 0.4 0.4 0.2 0.8 7.81429 1 8.46429
0.4 0.6 0.4 0.4 0.4 0.2 7.31639 1 7.96639
0.4 0.6 0.4 0.4 0.4 0.4 7.90993 1 8.55993
0.4 0.6 0.4 0.4 0.4 0.6 7.34137 1 7.99137
0.4 0.6 0.4 0.4 0.6   0 7.06952 1 7.71952
0.4 0.6 0.4 0.4 0.6 0.2 7.45769 1 8.10769
0.4 0.6 0.4 0.4 0.6 0.4 7.38164 1 8.03164
0.4 0.6 0.4 0.4 0.8   0 7.83433 1 8.48433
0.4 0.6 0.4 0.4 0.8 0.2 7.03819 1 7.68819
0.4 0.6 0.4 0.6   0 0.6 6.83476 1 7.48476
0.4 0.6 0.4 0.6   0 0.8 8.33673 1 8.98673
0.4 0.6 0.4 0.6 0.2 0.4 7.40712 1 8.05712
0.4 0.6 0.4 0.6 0.2 0.6 7.45034 1 8.10034
0.4 0.6 0.4 0.6 0.2 0.8 7.5115 1 8.1615
0.4 0.6 0.4 0.6 0.4 0.2 6.66601 1 7.31601
0.4 0.6 0.4 0.6 0.4 0.4 7.32628 1 7.97628
0.4 0.6 0.4 0.6 0.4 0.6 7.31724 1 7.96724
0.4 0.6 0.4 0.6 0.6   0 5.8947 1 6.5447
0.4 0.6 0.4 0.6 0.6 0.2 6.96802 1 7.61802
0.4 0.6 0.4 0.6 0.6 0.4 7.65503 1 8.30503
0.4 0.6 0.4 0.6 0.8   0 7.06897 1 7.71897
0.4 0.6 0.4 0.6 0.8 0.2 7.5458 1 8.1958
0.4 0.6 0.6   0   0 0.4 1.36731 1 2.01731
0.4 0.6 0.6   0   0 0.8 5.16351 1 5.81351
0.4 0.6 0.6   0 0.2 0.2 3.30889 1 3.95889
0.4 0.6 0.6   0 0.2 0.4 3.08121 1 3.73121
0.4 0.6 0.6   0 0.2 0.6 4.03294 1 4.68294
0.4 0.6 0.6   0 0.2 0.8 5.00733 1 5.65733
0.4 0.6 0.6   0 0.4 0.2 4.57703 1 5.22703
0.4 0.6 0.6   0 0.4 0.4 4.27322 1 4.92322
0.4 0.6 0.6   0 0.4 0.6 5.57354 1 6.22354
0.4 0.6 0.6   0 0.6   0 3.73473 1 4.38473
0.4 0.6 0.6   0 0.6 0.2 5.17371 1 5.82371
0.4 0.6 0.6   0 0.6 0.4 5.30449 1 5.95449
0.4 0.6 0.6   0 0.8   0 5.70729 1 6.35729
0.4 0.6 0.6   0 0.8 0.2 3.91408 1 4.56408
0.4 0.6 0.6 0.2   0 0.4 4.448 1 5.098
0.4 0.6 0.6 0.2   0 0.6 6.40056 1 7.05056
0.4 0.6 0.6 0.2   0 0.8 7.75113 1 8.40113
0.4 0.6 0.6 0.2 0.2   0 4.5726 1 5.2226
0.4 0.6 0.6 0.2 0.2 0.2 5.0335 1 5.6835
0.4 0.6 0.6 0.2 0.2 0.4 6.68231 1 7.33231
0.4 0.6 0.6 0.2 0.2 0.6 7.04685 1 7.69685
0.4 0.6 0.6 0.2 0.2 0.8 7.22532 1 7.87532
0.4 0.6 0.6 0.2 0.4   0 4.53521 1 5.18521
0.4 0.6 0.6 0.2 0.4 0.2 6.65057 1 7.30057
0.4 0.6 0.6 0.2 0.4 0.4 7.25524 1 7.90524
0.4 0.6 0.6 0.2 0.4 0.6 7.68674 1 8.33674
0.4 0.6 0.6 0.2 0.6   0 4.49588 1 5.14588
0.4 0.6 0.6 0.2 0.6 0.2 8.28099 1 8.93099
0.4 0.6 0.6 0.2 0.6 0.4 7.44416 1 8.09416
0.4 0.6 0.6 0.2 0.8   0 7.52447 1 8.17447
0.4 0.6 0.6 0.2 0.8 0.2 7.57878 1 8.22878
0.4 0.6 0.6 0.4   0 0.6 4.51028 1 5.16028
0.4 0.6 0.6 0.4   0 0.8 7.01082 1 7.66082
0.4 0.6 0.6 0.4 0.2 0.4 6.33933 1 6.98933
0.4 0.6 0.6 0.4 0.2 0.6 7.29795 1 7.94795
0.4 0.6 0.6 0.4 0.2 0.8 7.57435 1 8.22435
0.4 0.6 0.6 0.4 0.4 0.2 3.51931 1 4.16931
0.4 0.6 0.6 0.4 0.4 0.4 7.03025 1 7.68025
0.4 0.6 0.6 0.4 0.4 0.6 7.12652 1 7.77652
0.4 0.6 0.6 0.4 0.6   0 4.84108 1 5.49108
0.4 0.6 0.6 0.4 0.6 0.2 6.73881 1 7.38881
0.4 0.6 0.6 0.4 0.6 0.4 6.49803 1 7.14803
0.4 0.6 0.6 0.4 0.8   0 7.8145 1 8.4645
0.4 0.6 0.6 0.4 0.8 0.2 7.47595 1 8.12595
0.4 0.6 0.8   0   0 0.2 3.12726 1 3.77726
0.4 0.6 0.8   0   0 0.4 4.14245 1 4.79245
0.4 0.6 0.8   0   0 0.6 5.73716 1 6.38716
0.4 0.6 0.8   0   0 0.8 6.10538 1 6.75538
0.4 0.6 0.8   0 0.2   0 2.63698 1 3.28698
0.4 0.6 0.8   0 0.2 0.2 3.85638 1 4.50638
0.4 0.6 0.8   0 0.2 0.4 5.10312 1 5.75312
0.4 0.6 0.8   0 0.2 0.6 6.05312 1 6.70312
0.4 0.6 0.8   0 0.2 0.8 5.54855 1 6.19855
0.4 0.6 0.8   0 0.4   0 3.64743 1 4.29743
0.4 0.6 0.8   0 0.4 0.2 5.43947 1 6.08947
0.4 0.6 0.8   0 0.4 0.4 5.52498 1 6.17498
0.4 0.6 0.8   0 0.4 0.6 6.04649 1 6.69649
0.4 0.6 0.8   0 0.6   0 4.91565 1 5.56565
0.4 0.6 0.8   0 0.6 0.2 6.15392 1 6.80392
0.4 0.6 0.8   0 0.6 0.4 5.21012 1 5.86012
0.4 0.6 0.8   0 0.8   0 5.96961 1 6.61961
0.4 0.6 0.8   0 0.8 0.2 5.83411 1 6.48411
0.4 0.6 0.8 0.2   0 0.4 3.63003 1 4.28003
0.4 0.6 0.8 0.2   0 0.6 5.07602 1 5.72602
0.4 0.6 0.8 0.2   0 0.8 6.46253 1 7.11253
0.4 0.6 0.8 0.2 0.2 0.2 3.75385 1 4.40385
0.4 0.6 0.8 0.2 0.2 0.4 5.77607 1 6.42607
0.4 0.6 0.8 0.2 0.2 0.6 6.23236 1 6.88236
0.4 0.6 0.8 0.2 0.2 0.8 6.08106 1 6.73106
0.4 0.6 0.8 0.2 0.4 0.2 5.71385 1 6.36385
0.4 0.6 0.8 0.2 0.4 0.4 5.6313 1 6.2813
0.4 0.6 0.8 0.2 0.4 0.6 6.03047 1 6.68047
0.4 0.6 0.8 0.2 0.6   0 5.11343 1 5.76343
0.4 0.6 0.8 0.2 0.6 0.2 6.23258 1 6.88258
0.4 0.6 0.8 0.2 0.6 0.4 5.56136 1 6.21136
0.4 0.6 0.8 0.2 0.8   0 6.05686 1 6.70686
0.4 0.6 0.8 0.2 0.8 0.2 6.75983 1 7.40983
0.6   0   0 0.4 0.8   0 4.31644 1 4.96644
0.6   0   0 0.6   0 0.6 4.62698 1 5.27698
0.6   0   0 0.6   0 0.8 4.41807 1 5.06807
0.6   0   0 0.6 0.6   0 6.49694 1 7.14694
0.6   0   0 0.6 0.6 0.2 5.72884 1 6.37884
0.6   0   0 0.6 0.8   0 7.05109 1 7.70109
0.6   0   0 0.6 0.8 0.2 5.40471 1 6.05471
0.6   0   0 0.8   0 0.8 4.32924 1 4.97924
0.6   0   0 0.8 0.2 0.6 3.4652 1 4.1152
0.6   0   0 0.8 0.4 0.4 5.42141 1 6.07141
0.6   0   0 0.8 0.4 0.6 3.89811 1 4.54811
0.6   0   0 0.8 0.6 0.2 6.16833 1 6.81833
0.6   0   0 0.8 0.6 0.4 5.42478 1 6.07478
0.6   0   0 0.8 0.8   0 6.87495 1 7.52495
0.6   0   0 0.8 0.8 0.2 7.21958 1 7.86958
0.6   0 0.2 0.2 0.4 0.6 4.48999 1 5.13999
0.6   0 0.2 0.2 0.6 0.2 4.94745 1 5.59745
0.6   0 0.2 0.2 0.6 0.4 4.91927 1 5.56927
0.6   0 0.2 0.2 0.8   0 4.94568 1 5.59568
0.6   0 0.2 0.2 0.8 0.2 4.75962 1 5.40962
0.6   0 0.2 0.4   0 0.6 4.96193 1 5.61193
0.6   0 0.2 0.4   0 0.8 5.87208 1 6.52208
0.6   0 0.2 0.4 0.2 0.4 5.32989 1 5.97989
0.6   0 0.2 0.4 0.2 0.6 6.14904 1 6.79904
0.6   0 0.2 0.4 0.2 0.8 6.00733 1 6.65733
0.6   0 0.2 0.4 0.4   0 5.07193 1 5.72193
0.6   0 0.2 0.4 0.4 0.2 5.36298 1 6.01298
0.6   0 0.2 0.4 0.4 0.4 5.82834 1 6.47834
0.6   0 0.2 0.4 0.4 0.6 6.20751 1 6.85751
0.6   0 0.2 0.4 0.6   0 5.26875 1 5.91875
0.6   0 0.2 0.4 0.6 0.2 7.05059 1 7.70059
0.6   0 0.2 0.4 0.6 0.4 5.74471 1 6.39471
0.6   0 0.2 0.4 0.8   0 6.10785 1 6.75785
0.6   0 0.2 0.4 0.8 0.2 5.84305 1 6.49305
0.6   0 0.2 0.6   0 0.6 5.32029 1 5.97029
0.6   0 0.2 0.6   0 0.8 6.82638 1 7.47638
0.6   0 0.2 0.6 0.2 0.2 3.70826 1 4.35826
0.6   0 0.2 0.6 0.2 0.4 5.95291 1 6.60291
0.6   0 0.2 0.6 0.2 0.6 7.49804 1 8.14804
0.6   0 0.2 0.6 0.2 0.8 5.69813 1 6.34813
0.6   0 0.2 0.6 0.4 0.2 6.98405 1 7.63405
0.6   0 0.2 0.6 0.4 0.4 7.4866 1 8.1366
0.6   0 0.2 0.6 0.4 0.6 7.82486 1 8.47486
0.6   0 0.2 0.6 0.6   0 6.0914 1 6.7414
0.6   0 0.2 0.6 0.6 0.2 7.85293 1 8.50293
0.6   0 0.2 0.6 0.6 0.4 6.86732 1 7.51732
0.6   0 0.2 0.6 0.8   0 8.2321 1 8.8821
0.6   0 0.2 0.6 0.8 0.2 7.3039 1 7.9539
0.6   0 0.2 0.8   0 0.8 4.52724 1 5.17724
0.6   0 0.2 0.8 0.2 0.4 7.69873 1 8.34873
0.6   0 0.2 0.8 0.2 0.6 3.70213 1 4.35213
0.6   0 0.2 0.8 0.2 0.8 3.36026 1 4.01026
0.6   0 0.2 0.8 0.4 0.2 7.31084 1 7.96084
0.6   0 0.2 0.8 0.4 0.6 4.11181 1 4.76181
0.6   0 0.2 0.8 0.6 0.2 5.94772 1 6.59772
0.6   0 0.2 0.8 0.6 0.4 5.01123 1 5.66123
0.6   0 0.2 0.8 0.8   0 6.40371 1 7.05371
0.6   0 0.2 0.8 0.8 0.2 5.74448 1 6.39448
0.6   0 0.4 0.2   0 0.8 6.18195 1 6.83195
0.6   0 0.4 0.2 0.2 0.4 4.57395 1 5.22395
0.6   0 0.4 0.2 0.2 0.6 5.56109 1 6.21109
0.6   0 0.4 0.2 0.2 0.8 5.60662 1 6.25662
0.6   0 0.4 0.2 0.4   0 5.71916 1 6.36916
0.6   0 0.4 0.2 0.4 0.2 5.51277 1 6.16277
0.6   0 0.4 0.2 0.4 0.4 6.19911 1 6.84911
0.6   0 0.4 0.2 0.4 0.6 5.35264 1 6.00264
0.6   0 0.4 0.2 0.6   0 5.44674 1 6.09674
0.6   0 0.4 0.2 0.6 0.2 5.26578 1 5.91578
0.6   0 0.4 0.2 0.6 0.4 5.67605 1 6.32605
0.6   0 0.4 0.2 0.8   0 6.24424 1 6.89424
0.6   0 0.4 0.2 0.8 0.2 5.54338 1 6.19338
0.6   0 0.4 0.4   0 0.6 6.07415 1 6.72415
0.6   0 0.4 0.4   0 0.8 6.60841 1 7.25841
0.6   0 0.4 0.4 0.2   0 3.5247 1 4.1747
0.6   0 0.4 0.4 0.2 0.2 3.37725 1 4.02725
0.6   0 0.4 0.4 0.2 0.4 6.04613 1 6.69613
0.6   0 0.4 0.4 0.2 0.6 6.3687 1 7.0187
0.6   0 0.4 0.4 0.2 0.8 6.15885 1 6.80885
0.6   0 0.4 0.4 0.4 0.2 6.04663 1 6.69663
0.6   0 0.4 0.4 0.4 0.4 6.45445 1 7.10445
0.6   0 0.4 0.4 0.4 0.6 4.97717 1 5.62717
0.6   0 0.4 0.4 0.6   0 6.33752 1 6.98752
0.6   0 0.4 0.4 0.6 0.2 6.83062 1 7.48062
0.6   0 0.4 0.4 0.6 0.4 5.71108 1 6.36108
0.6   0 0.4 0.4 0.8   0 7.34511 1 7.99511
0.6   0 0.4 0.4 0.8 0.2 6.03732 1 6.68732
0.6   0 0.4 0.6   0 0.6 5.12182 1 5.77182
0.6   0 0.4 0.6   0 0.8 6.07007 1 6.72007
0.6   0 0.4 0.6 0.2 0.4 5.81431 1 6.46431
0.6   0 0.4 0.6 0.2 0.6 5.68064 1 6.33064
0.6   0 0.4 0.6 0.2 0.8 6.23649 1 6.88649
0.6   0 0.4 0.6 0.4 0.2 5.86641 1 6.51641
0.6   0 0.4 0.6 0.4 0.4 6.83165 1 7.48165
0.6   0 0.4 0.6 0.6   0 7.2445 1 7.8945
0.6   0 0.4 0.6 0.6 0.2 7.17982 1 7.82982
0.6   0 0.4 0.6 0.8   0 7.82013 1 8.47013
0.6   0 0.4 0.6 0.8 0.2 6.27188 1 6.92188
0.6   0 0.6   0   0 0.8 1.5391 1 2.1891
0.6   0 0.6 0.2   0 0.4 5.71217 1 6.36217
0.6   0 0.6 0.2   0 0.6 5.95901 1 6.60901
0.6   0 0.6 0.2   0 0.8 6.28185 1 6.93185
0.6   0 0.6 0.2 0.2 0.4 6.0408 1 6.6908
0.6   0 0.6 0.2 0.2 0.6 6.14986 1 6.79986
0.6   0 0.6 0.2 0.2 0.8 6.11322 1 6.76322
0.6   0 0.6 0.2 0.4   0 5.863 1 6.513
0.6   0 0.6 0.2 0.4 0.2 5.90288 1 6.55288
0.6   0 0.6 0.2 0.4 0.4 6.00502 1 6.65502
0.6   0 0.6 0.2 0.4 0.6 6.11734 1 6.76734
0.6   0 0.6 0.2 0.6   0 6.16454 1 6.81454
0.6   0 0.6 0.2 0.6 0.2 5.77682 1 6.42682
0.6   0 0.6 0.2 0.6 0.4 6.09361 1 6.74361
0.6   0 0.6 0.2 0.8   0 6.19757 1 6.84757
0.6   0 0.6 0.2 0.8 0.2 6.12902 1 6.77902
0.6   0 0.6 0.4   0 0.6 3.73745 1 4.38745
0.6   0 0.6 0.4   0 0.8 6.29339 1 6.94339
0.6   0 0.6 0.4 0.2 0.4 5.77184 1 6.42184
0.6   0 0.6 0.4 0.2 0.6 6.78282 1 7.43282
0.6   0 0.6 0.4 0.2 0.8 6.13962 1 6.78962
0.6   0 0.6 0.4 0.4 0.4 5.9886 1 6.6386
0.6   0 0.6 0.4 0.6   0 3.55546 1 4.20546
0.6   0 0.6 0.4 0.6 0.2 6.0286 1 6.6786
0.6   0 0.6 0.4 0.6 0.4 5.62045 1 6.27045
0.6   0 0.6 0.4 0.8   0 6.69684 1 7.34684
0.6   0 0.6 0.4 0.8 0.2 5.52113 1 6.17113
0.6   0 0.8   0   0 0.8 2.08737 1 2.73737
0.6   0 0.8   0 0.2 0.8 1.98952 1 2.63952
0.6   0 0.8   0 0.4 0.2 2.27011 1 2.92011
0.6   0 0.8 0.2   0 0.8 2.22958 1 2.87958
0.6   0 0.8 0.2 0.2 0.2 1.82772 1 2.47772
0.6   0 0.8 0.2 0.2 0.4 1.71342 1 2.36342
0.6   0 0.8 0.2 0.2 0.8 1.79871 1 2.44871
0.6   0 0.8 0.2 0.4 0.2 1.96636 1 2.61636
0.6   0 0.8 0.2 0.6   0 2.96498 1 3.61498
0.6   0 0.8 0.2 0.8   0 5.41038 1 6.06038
0.6 0.2   0 0.6   0 0.6 4.73405 1 5.38405
0.6 0.2   0 0.6   0 0.8 6.33649 1 6.98649
0.6 0.2   0 0.6 0.2 0.4 6.37196 1 7.02196
0.6 0.2   0 0.6 0.2 0.6 6.85621 1 7.50621
0.6 0.2   0 0.6 0.4 0.2 6.32166 1 6.97166
0.6 0.2   0 0.6 0.4 0.4 6.05203 1 6.70203
0.6 0.2   0 0.6 0.4 0.6 5.88798 1 6.53798
0.6 0.2   0 0.6 0.6 0.2 6.65097 1 7.30097
0.6 0.2   0 0.6 0.6 0.4 6.29587 1 6.94587
0.6 0.2   0 0.6 0.8   0 7.16981 1 7.81981
0.6 0.2   0 0.6 0.8 0.2 6.8775 1 7.5275
0.6 0.2   0 0.8   0 0.4 7.27808 1 7.92808
0.6 0.2   0 0.8   0 0.6 7.15196 1 7.80196
0.6 0.2   0 0.8   0 0.8 7.30677 1 7.95677
0.6 0.2   0 0.8 0.2 0.2 6.70832 1 7.35832
0.6 0.2   0 0.8 0.2 0.4 6.99169 1 7.64169
0.6 0.2   0 0.8 0.2 0.6 6.84989 1 7.49989
0.6 0.2   0 0.8 0.2 0.8 7.11556 1 7.76556
0.6 0.2   0 0.8 0.4   0 7.64444 1 8.29444
0.6 0.2   0 0.8 0.4 0.2 7.46368 1 8.11368
0.6 0.2   0 0.8 0.4 0.4 7.36576 1 8.01576
0.6 0.2   0 0.8 0.4 0.6 7.68152 1 8.33152
0.6 0.2   0 0.8 0.6   0 7.72861 1 8.37861
0.6 0.2   0 0.8 0.6 0.2 8.29181 1 8.94181
0.6 0.2   0 0.8 0.6 0.4 7.1744 1 7.8244
0.6 0.2   0 0.8 0.8   0 8.24273 1 8.89273
0.6 0.2   0 0.8 0.8 0.2 7.77808 1 8.42808
0.6 0.2 0.2 0.2   0 0.8 4.05344 1 4.70344
0.6 0.2 0.2 0.2 0.2 0.6 4.61965 1 5.26965
0.6 0.2 0.2 0.2 0.4 0.4 4.80507 1 5.45507
0.6 0.2 0.2 0.2 0.6 0.2 4.78869 1 5.43869
0.6 0.2 0.2 0.2 0.8   0 5.05797 1 5.70797
0.6 0.2 0.2 0.2 0.8 0.2 3.99779 1 4.64779
0.6 0.2 0.2 0.4   0 0.4 6.58138 1 7.23138
0.6 0.2 0.2 0.4   0 0.6 6.52745 1 7.17745
0.6 0.2 0.2 0.4   0 0.8 7.00987 1 7.65987
0.6 0.2 0.2 0.4 0.2 0.2 5.18565 1 5.83565
0.6 0.2 0.2 0.4 0.2 0.4 6.54989 1 7.19989
0.6 0.2 0.2 0.4 0.2 0.6 6.69416 1 7.34416
0.6 0.2 0.2 0.4 0.2 0.8 6.84927 1 7.49927
0.6 0.2 0.2 0.4 0.4 0.2 7.32081 1 7.97081
0.6 0.2 0.2 0.4 0.4 0.4 6.99278 1 7.64278
0.6 0.2 0.2 0.4 0.4 0.6 6.26084 1 6.91084
0.6 0.2 0.2 0.4 0.6   0 5.20756 1 5.85756
0.6 0.2 0.2 0.4 0.6 0.2 7.24473 1 7.89473
0.6 0.2 0.2 0.4 0.6 0.4 7.56027 1 8.21027
0.6 0.2 0.2 0.4 0.8   0 7.62293 1 8.27293
0.6 0.2 0.2 0.4 0.8 0.2 7.72343 1 8.37343
0.6 0.2 0.2 0.6   0 0.4 6.85657 1 7.50657
0.6 0.2 0.2 0.6   0 0.6 8.18208 1 8.83208
0.6 0.2 0.2 0.6   0 0.8 8.09668 1 8.74668
0.6 0.2 0.2 0.6 0.2 0.2 7.20983 1 7.85983
0.6 0.2 0.2 0.6 0.2 0.4 7.85205 1 8.50205
0.6 0.2 0.2 0.6 0.2 0.6 8.17937 1 8.82937
0.6 0.2 0.2 0.6 0.2 0.8 7.75836 1 8.40836
0.6 0.2 0.2 0.6 0.4   0 7.65498 1 8.30498
0.6 0.2 0.2 0.6 0.4 0.2 8.14626 1 8.79626
0.6 0.2 0.2 0.6 0.4 0.4 8.67912 1 9.32912
0.6 0.2 0.2 0.6 0.4 0.6 7.96092 1 8.61092
0.6 0.2 0.2 0.6 0.6   0 8.04939 1 8.69939
0.6 0.2 0.2 0.6 0.6 0.2 8.48224 1 9.13224
0.6 0.2 0.2 0.6 0.6 0.4 8.23483 1 8.88483
0.6 0.2 0.2 0.6 0.8   0 8.20477 1 8.85477
0.6 0.2 0.2 0.6 0.8 0.2 7.90691 1 8.55691
0.6 0.2 0.2 0.8   0 0.4 4.32816 1 4.97816
0.6 0.2 0.2 0.8   0 0.6 7.29112 1 7.94112
0.6 0.2 0.2 0.8   0 0.8 7.83053 1 8.48053
0.6 0.2 0.2 0.8 0.2 0.4 7.62269 1 8.27269
0.6 0.2 0.2 0.8 0.2 0.6 7.82799 1 8.47799
0.6 0.2 0.2 0.8 0.2 0.8 8.34217 1 8.99217
0.6 0.2 0.2 0.8 0.4 0.2 7.96866 1 8.61866
0.6 0.2 0.2 0.8 0.4 0.4 7.99507 1 8.64507
0.6 0.2 0.2 0.8 0.4 0.6 7.49842 1 8.14842
0.6 0.2 0.2 0.8 0.6   0 7.68921 1 8.33921
0.6 0.2 0.2 0.8 0.6 0.2 8.16634 1 8.81634
0.6 0.2 0.2 0.8 0.6 0.4 7.47644 1 8.12644
0.6 0.2 0.2 0.8 0.8   0 8.17008 1 8.82008
0.6 0.2 0.2 0.8 0.8 0.2 8.00022 1 8.65022
0.6 0.2 0.4 0.2   0 0.6 6.27593 1 6.92593
0.6 0.2 0.4 0.2   0 0.8 7.16909 1 7.81909
0.6 0.2 0.4 0.2 0.2 0.4 6.48518 1 7.13518
0.6 0.2 0.4 0.2 0.2 0.6 7.58885 1 8.23885
0.6 0.2 0.4 0.2 0.2 0.8 6.85081 1 7.50081
0.6 0.2 0.4 0.2 0.4 0.2 6.40419 1 7.05419
0.6 0.2 0.4 0.2 0.4 0.4 7.02368 1 7.67368
0.6 0.2 0.4 0.2 0.4 0.6 6.69864 1 7.34864
0.6 0.2 0.4 0.2 0.6   0 5.57533 1 6.22533
0.6 0.2 0.4 0.2 0.6 0.2 7.17187 1 7.82187
0.6 0.2 0.4 0.2 0.6 0.4 6.76792 1 7.41792
0.6 0.2 0.4 0.2 0.8   0 6.85974 1 7.50974
0.6 0.2 0.4 0.2 0.8 0.2 6.5475 1 7.1975
0.6 0.2 0.4 0.4   0 0.4 4.67986 1 5.32986
0.6 0.2 0.4 0.4   0 0.6 7.45723 1 8.10723
0.6 0.2 0.4 0.4   0 0.8 7.80244 1 8.45244
0.6 0.2 0.4 0.4 0.2 0.2 7.05679 1 7.70679
0.6 0.2 0.4 0.4 0.2 0.4 7.79149 1 8.44149
0.6 0.2 0.4 0.4 0.2 0.6 8.85564 1 9.50564
0.6 0.2 0.4 0.4 0.2 0.8 8.48721 1 9.13721
0.6 0.2 0.4 0.4 0.4   0 6.90579 1 7.55579
0.6 0.2 0.4 0.4 0.4 0.2 7.64574 1 8.29574
0.6 0.2 0.4 0.4 0.4 0.4 8.21001 1 8.86001
0.6 0.2 0.4 0.4 0.4 0.6 7.79416 1 8.44416
0.6 0.2 0.4 0.4 0.6   0 7.64448 1 8.29448
0.6 0.2 0.4 0.4 0.6 0.2 8.30176 1 8.95176
0.6 0.2 0.4 0.4 0.6 0.4 8.07584 1 8.72584
0.6 0.2 0.4 0.4 0.8   0 8.47778 1 9.12778
0.6 0.2 0.4 0.4 0.8 0.2 8.01737 1 8.66737
0.6 0.2 0.4 0.6   0 0.6 7.19246 1 7.84246
0.6 0.2 0.4 0.6   0 0.8 8.06182 1 8.71182
0.6 0.2 0.4 0.6 0.2 0.2 4.15036 1 4.80036
0.6 0.2 0.4 0.6 0.2 0.4 8.18146 1 8.83146
0.6 0.2 0.4 0.6 0.2 0.6 7.92155 1 8.57155
0.6 0.2 0.4 0.6 0.2 0.8 8.31226 1 8.96226
0.6 0.2 0.4 0.6 0.4 0.2 7.72669 1 8.37669
0.6 0.2 0.4 0.6 0.4 0.4 8.30108 1 8.95108
0.6 0.2 0.4 0.6 0.4 0.6 8.29899 1 8.94899
0.6 0.2 0.4 0.6 0.6   0 7.79713 1 8.44713
0.6 0.2 0.4 0.6 0.6 0.2 8.2076 1 8.8576
0.6 0.2 0.4 0.6 0.6 0.4 7.56902 1 8.21902
0.6 0.2 0.4 0.6 0.8   0 7.97398 1 8.62398
0.6 0.2 0.4 0.6 0.8 0.2 7.87219 1 8.52219
0.6 0.2 0.6   0   0 0.6 3.31755 1 3.96755
0.6 0.2 0.6   0   0 0.8 5.90964 1 6.55964
0.6 0.2 0.6   0 0.2 0.4 3.09595 1 3.74595
0.6 0.2 0.6   0 0.2 0.6 4.94531 1 5.59531
0.6 0.2 0.6   0 0.2 0.8 3.80576 1 4.45576
0.6 0.2 0.6   0 0.4 0.4 3.88156 1 4.53156
0.6 0.2 0.6   0 0.6 0.2 3.89678 1 4.54678
0.6 0.2 0.6   0 0.6 0.4 3.70713 1 4.35713
0.6 0.2 0.6   0 0.8   0 4.05176 1 4.70176
0.6 0.2 0.6   0 0.8 0.2 3.45882 1 4.10882
0.6 0.2 0.6 0.2   0 0.4 5.50091 1 6.15091
0.6 0.2 0.6 0.2   0 0.6 6.7466 1 7.3966
0.6 0.2 0.6 0.2   0 0.8 7.21067 1 7.86067
0.6 0.2 0.6 0.2 0.2 0.2 5.99769 1 6.64769
0.6 0.2 0.6 0.2 0.2 0.4 6.67073 1 7.32073
0.6 0.2 0.6 0.2 0.2 0.6 7.35992 1 8.00992
0.6 0.2 0.6 0.2 0.2 0.8 7.25323 1 7.90323
0.6 0.2 0.6 0.2 0.4   0 3.57451 1 4.22451
0.6 0.2 0.6 0.2 0.4 0.2 7.18547 1 7.83547
0.6 0.2 0.6 0.2 0.4 0.4 7.64015 1 8.29015
0.6 0.2 0.6 0.2 0.4 0.6 7.18601 1 7.83601
0.6 0.2 0.6 0.2 0.6   0 6.63163 1 7.28163
0.6 0.2 0.6 0.2 0.6 0.2 7.50665 1 8.15665
0.6 0.2 0.6 0.2 0.6 0.4 7.47369 1 8.12369
0.6 0.2 0.6 0.2 0.8   0 7.6675 1 8.3175
0.6 0.2 0.6 0.2 0.8 0.2 7.43381 1 8.08381
0.6 0.2 0.6 0.4   0 0.6 6.85476 1 7.50476
0.6 0.2 0.6 0.4   0 0.8 7.73152 1 8.38152
0.6 0.2 0.6 0.4 0.2 0.2 3.5974 1 4.2474
0.6 0.2 0.6 0.4 0.2 0.4 7.52046 1 8.17046
0.6 0.2 0.6 0.4 0.2 0.6 7.66331 1 8.31331
0.6 0.2 0.6 0.4 0.2 0.8 7.54113 1 8.19113
0.6 0.2 0.6 0.4 0.4 0.2 6.60273 1 7.25273
0.6 0.2 0.6 0.4 0.4 0.4 7.6753 1 8.3253
0.6 0.2 0.6 0.4 0.4 0.6 7.95866 1 8.60866
0.6 0.2 0.6 0.4 0.6   0 7.13658 1 7.78658
0.6 0.2 0.6 0.4 0.6 0.2 7.49718 1 8.14718
0.6 0.2 0.6 0.4 0.6 0.4 7.81474 1 8.46474
0.6 0.2 0.6 0.4 0.8   0 8.17289 1 8.82289
0.6 0.2 0.6 0.4 0.8 0.2 7.55169 1 8.20169
0.6 0.2 0.8   0   0 0.4 1.72874 1 2.37874
0.6 0.2 0.8   0   0 0.6 1.98641 1 2.63641
0.6 0.2 0.8   0   0 0.8 5.83722 1 6.48722
0.6 0.2 0.8   0 0.2 0.4 4.15797 1 4.80797
0.6 0.2 0.8   0 0.2 0.6 3.95836 1 4.60836
0.6 0.2 0.8   0 0.2 0.8 3.62787 1 4.27787
0.6 0.2 0.8   0 0.4   0 1.8466 1 2.4966
0.6 0.2 0.8   0 0.4 0.2 5.70803 1 6.35803
0.6 0.2 0.8   0 0.4 0.4 5.64821 1 6.29821
0.6 0.2 0.8   0 0.4 0.6 5.94445 1 6.59445
0.6 0.2 0.8   0 0.6   0 3.93019 1 4.58019
0.6 0.2 0.8   0 0.6 0.2 6.19373 1 6.84373
0.6 0.2 0.8   0 0.6 0.4 4.20735 1 4.85735
0.6 0.2 0.8   0 0.8   0 5.97871 1 6.62871
0.6 0.2 0.8   0 0.8 0.2 6.46057 1 7.11057
0.6 0.2 0.8 0.2   0 0.6 5.88609 1 6.53609
0.6 0.2 0.8 0.2   0 0.8 6.33218 1 6.98218
0.6 0.2 0.8 0.2 0.2 0.2 1.6635 1 2.3135
0.6 0.2 0.8 0.2 0.2 0.4 6.22378 1 6.87378
0.6 0.2 0.8 0.2 0.2 0.6 6.31441 1 6.96441
0.6 0.2 0.8 0.2 0.2 0.8 6.53541 1 7.18541
0.6 0.2 0.8 0.2 0.4 0.2 6.00039 1 6.65039
0.6 0.2 0.8 0.2 0.4 0.4 6.23072 1 6.88072
0.6 0.2 0.8 0.2 0.4 0.6 6.33301 1 6.98301
0.6 0.2 0.8 0.2 0.6   0 6.15405 1 6.80405
0.6 0.2 0.8 0.2 0.6 0.2 6.98818 1 7.63818
0.6 0.2 0.8 0.2 0.6 0.4 6.80092 1 7.45092
0.6 0.2 0.8 0.2 0.8   0 6.89082 1 7.54082
0.6 0.2 0.8 0.2 0.8 0.2 6.24507 1 6.89507
0.6 0.4   0 0.6   0 0.8 6.74 1 7.39
0.6 0.4   0 0.6 0.2 0.6 4.67387 1 5.32387
0.6 0.4   0 0.6 0.4 0.4 6.17908 1 6.82908
0.6 0.4   0 0.6 0.6 0.2 5.16031 1 5.81031
0.6 0.4   0 0.6 0.8   0 6.27333 1 6.92333
0.6 0.4   0 0.6 0.8 0.2 4.94686 1 5.59686
0.6 0.4   0 0.8   0 0.4 6.213 1 6.863
0.6 0.4   0 0.8   0 0.6 5.90787 1 6.55787
0.6 0.4   0 0.8   0 0.8 7.77661 1 8.42661
0.6 0.4   0 0.8 0.2 0.4 6.34163 1 6.99163
0.6 0.4   0 0.8 0.2 0.6 7.46547 1 8.11547
0.6 0.4   0 0.8 0.2 0.8 6.99271 1 7.64271
0.6 0.4   0 0.8 0.4 0.2 6.53424 1 7.18424
0.6 0.4   0 0.8 0.4 0.4 7.55435 1 8.20435
0.6 0.4   0 0.8 0.4 0.6 7.22827 1 7.87827
0.6 0.4   0 0.8 0.6   0 6.80883 1 7.45883
0.6 0.4   0 0.8 0.6 0.2 7.5232 1 8.1732
0.6 0.4   0 0.8 0.6 0.4 7.0172 1 7.6672
0.6 0.4   0 0.8 0.8   0 7.98811 1 8.63811
0.6 0.4   0 0.8 0.8 0.2 7.0955 1 7.7455
0.6 0.4 0.2 0.4   0 0.8 6.31274 1 6.96274
0.6 0.4 0.2 0.4 0.2 0.4 6.40403 1 7.05403
0.6 0.4 0.2 0.4 0.2 0.6 6.03027 1 6.68027
0.6 0.4 0.2 0.4 0.2 0.8 6.2878 1 6.9378
0.6 0.4 0.2 0.4 0.4 0.2 6.47682 1 7.12682
0.6 0.4 0.2 0.4 0.4 0.4 6.55409 1 7.20409
0.6 0.4 0.2 0.4 0.4 0.6 6.66696 1 7.31696
0.6 0.4 0.2 0.4 0.6 0.2 6.34391 1 6.99391
0.6 0.4 0.2 0.4 0.6 0.4 6.32595 1 6.97595
0.6 0.4 0.2 0.4 0.8   0 6.62075 1 7.27075
0.6 0.4 0.2 0.4 0.8 0.2 5.58739 1 6.23739
0.6 0.4 0.2 0.6   0 0.6 7.98723 1 8.63723
0.6 0.4 0.2 0.6   0 0.8 7.69263 1 8.34263
0.6 0.4 0.2 0.6 0.2 0.2 7.31854 1 7.96854
0.6 0.4 0.2 0.6 0.2 0.4 7.00976 1 7.65976
0.6 0.4 0.2 0.6 0.2 0.6 7.58182 1 8.23182
0.6 0.4 0.2 0.6 0.2 0.8 7.47351 1 8.12351
0.6 0.4 0.2 0.6 0.4 0.2 8.26649 1 8.91649
0.6 0.4 0.2 0.6 0.4 0.4 7.97737 1 8.62737
0.6 0.4 0.2 0.6 0.4 0.6 7.20681 1 7.85681
0.6 0.4 0.2 0.6 0.6   0 7.43133 1 8.08133
0.6 0.4 0.2 0.6 0.6 0.2 7.93226 1 8.58226
0.6 0.4 0.2 0.6 0.6 0.4 7.39142 1 8.04142
0.6 0.4 0.2 0.6 0.8   0 8.10375 1 8.75375
0.6 0.4 0.2 0.6 0.8 0.2 7.65176 1 8.30176
0.6 0.4 0.2 0.8   0 0.6 5.94465 1 6.59465
0.6 0.4 0.2 0.8   0 0.8 8.00047 1 8.65047
0.6 0.4 0.2 0.8 0.2 0.4 7.95012 1 8.60012
0.6 0.4 0.2 0.8 0.2 0.6 7.66288 1 8.31288
0.6 0.4 0.2 0.8 0.2 0.8 7.95667 1 8.60667
0.6 0.4 0.2 0.8 0.4 0.2 7.31904 1 7.96904
0.6 0.4 0.2 0.8 0.4 0.4 8.00224 1 8.65224
0.6 0.4 0.2 0.8 0.4 0.6 6.94539 1 7.59539
0.6 0.4 0.2 0.8 0.6   0 7.74039 1 8.39039
0.6 0.4 0.2 0.8 0.6 0.2 8.02414 1 8.67414
0.6 0.4 0.2 0.8 0.6 0.4 8.16501 1 8.81501
0.6 0.4 0.2 0.8 0.8   0 8.10963 1 8.75963
0.6 0.4 0.2 0.8 0.8 0.2 7.82346 1 8.47346
0.6 0.4 0.4 0.2   0 0.6 5.98638 1 6.63638
0.6 0.4 0.4 0.2   0 0.8 7.31007 1 7.96007
0.6 0.4 0.4 0.2 0.2 0.2 2.37231 1 3.02231
0.6 0.4 0.4 0.2 0.2 0.4 6.01719 1 6.66719
0.6 0.4 0.4 0.2 0.2 0.6 6.8347 1 7.4847
0.6 0.4 0.4 0.2 0.2 0.8 6.53629 1 7.18629
0.6 0.4 0.4 0.2 0.4   0 3.55523 1 4.20523
0.6 0.4 0.4 0.2 0.4 0.2 2.0481 1 2.6981
0.6 0.4 0.4 0.2 0.4 0.4 6.62019 1 7.27019
0.6 0.4 0.4 0.2 0.4 0.6 5.89475 1 6.54475
0.6 0.4 0.4 0.2 0.6   0 2.5026 1 3.1526
0.6 0.4 0.4 0.2 0.6 0.2 6.1225 1 6.7725
0.6 0.4 0.4 0.2 0.6 0.4 5.82121 1 6.47121
0.6 0.4 0.4 0.2 0.8   0 6.834 1 7.484
0.6 0.4 0.4 0.2 0.8 0.2 6.48617 1 7.13617
0.6 0.4 0.4 0.4   0 0.6 6.89687 1 7.54687
0.6 0.4 0.4 0.4   0 0.8 8.52537 1 9.17537
0.6 0.4 0.4 0.4 0.2 0.2 3.80004 1 4.45004
0.6 0.4 0.4 0.4 0.2 0.4 7.51794 1 8.16794
0.6 0.4 0.4 0.4 0.2 0.6 7.77851 1 8.42851
0.6 0.4 0.4 0.4 0.2 0.8 7.67871 1 8.32871
0.6 0.4 0.4 0.4 0.4 0.2 7.98193 1 8.63193
0.6 0.4 0.4 0.4 0.4 0.4 8.01844 1 8.66844
0.6 0.4 0.4 0.4 0.4 0.6 7.42691 1 8.07691
0.6 0.4 0.4 0.4 0.6   0 7.18302 1 7.83302
0.6 0.4 0.4 0.4 0.6 0.2 8.26426 1 8.91426
0.6 0.4 0.4 0.4 0.6 0.4 7.78672 1 8.43672
0.6 0.4 0.4 0.4 0.8   0 8.1563 1 8.8063
0.6 0.4 0.4 0.4 0.8 0.2 7.7154 1 8.3654
0.6 0.4 0.4 0.6   0 0.6 5.94547 1 6.59547
0.6 0.4 0.4 0.6   0 0.8 7.58075 1 8.23075
0.6 0.4 0.4 0.6 0.2 0.4 7.07462 1 7.72462
0.6 0.4 0.4 0.6 0.2 0.6 7.67233 1 8.32233
0.6 0.4 0.4 0.6 0.2 0.8 7.70759 1 8.35759
0.6 0.4 0.4 0.6 0.4 0.2 7.56309 1 8.21309
0.6 0.4 0.4 0.6 0.4 0.4 7.18494 1 7.83494
0.6 0.4 0.4 0.6 0.4 0.6 6.8458 1 7.4958
0.6 0.4 0.4 0.6 0.6   0 6.43271 1 7.08271
0.6 0.4 0.4 0.6 0.6 0.2 7.41573 1 8.06573
0.6 0.4 0.4 0.6 0.6 0.4 7.15959 1 7.80959
0.6 0.4 0.4 0.6 0.8   0 7.77859 1 8.42859
0.6 0.4 0.4 0.6 0.8 0.2 7.51708 1 8.16708
0.6 0.4 0.6   0   0 0.6 3.75943 1 4.40943
0.6 0.4 0.6   0   0 0.8 4.51511 1 5.16511
0.6 0.4 0.6   0 0.2 0.6 3.67156 1 4.32156
0.6 0.4 0.6   0 0.2 0.8 3.65264 1 4.30264
0.6 0.4 0.6   0 0.4 0.4 3.88237 1 4.53237
0.6 0.4 0.6   0 0.4 0.6 3.37384 1 4.02384
0.6 0.4 0.6   0 0.6 0.2 3.49062 1 4.14062
0.6 0.4 0.6   0 0.6 0.4 3.55817 1 4.20817
0.6 0.4 0.6   0 0.8   0 3.71318 1 4.36318
0.6 0.4 0.6   0 0.8 0.2 3.61028 1 4.26028
0.6 0.4 0.6 0.2   0 0.6 7.22762 1 7.87762
0.6 0.4 0.6 0.2   0 0.8 7.6625 1 8.3125
0.6 0.4 0.6 0.2 0.2 0.2 3.85104 1 4.50104
0.6 0.4 0.6 0.2 0.2 0.4 7.31056 1 7.96056
0.6 0.4 0.6 0.2 0.2 0.6 7.31241 1 7.96241
0.6 0.4 0.6 0.2 0.2 0.8 7.37145 1 8.02145
0.6 0.4 0.6 0.2 0.4   0 4.06062 1 4.71062
0.6 0.4 0.6 0.2 0.4 0.2 7.00301 1 7.65301
0.6 0.4 0.6 0.2 0.4 0.4 7.86052 1 8.51052
0.6 0.4 0.6 0.2 0.4 0.6 7.26017 1 7.91017
0.6 0.4 0.6 0.2 0.6   0 4.87729 1 5.52729
0.6 0.4 0.6 0.2 0.6 0.2 7.29784 1 7.94784
0.6 0.4 0.6 0.2 0.6 0.4 7.17124 1 7.82124
0.6 0.4 0.6 0.2 0.8   0 7.68892 1 8.33892
0.6 0.4 0.6 0.2 0.8 0.2 7.31103 1 7.96103
0.6 0.4 0.6 0.4   0 0.6 6.25444 1 6.90444
0.6 0.4 0.6 0.4   0 0.8 7.90385 1 8.55385
0.6 0.4 0.6 0.4 0.2 0.4 7.18505 1 7.83505
0.6 0.4 0.6 0.4 0.2 0.6 7.66662 1 8.31662
0.6 0.4 0.6 0.4 0.2 0.8 7.33131 1 7.98131
0.6 0.4 0.6 0.4 0.4 0.2 7.35857 1 8.00857
0.6 0.4 0.6 0.4 0.4 0.4 7.25068 1 7.90068
0.6 0.4 0.6 0.4 0.4 0.6 6.96951 1 7.61951
0.6 0.4 0.6 0.4 0.6   0 6.82624 1 7.47624
0.6 0.4 0.6 0.4 0.6 0.2 7.48034 1 8.13034
0.6 0.4 0.6 0.4 0.6 0.4 7.34225 1 7.99225
0.6 0.4 0.6 0.4 0.8   0 7.57989 1 8.22989
0.6 0.4 0.6 0.4 0.8 0.2 7.73895 1 8.38895
0.6 0.4 0.8   0   0 0.4 3.78753 1 4.43753
0.6 0.4 0.8   0   0 0.6 4.30997 1 4.95997
0.6 0.4 0.8   0   0 0.8 4.7104 1 5.3604
0.6 0.4 0.8   0 0.2 0.4 4.09949 1 4.74949
0.6 0.4 0.8   0 0.2 0.6 3.85225 1 4.50225
0.6 0.4 0.8   0 0.2 0.8 3.44018 1 4.09018
0.6 0.4 0.8   0 0.4   0 3.02419 1 3.67419
0.6 0.4 0.8   0 0.4 0.2 5.83788 1 6.48788
0.6 0.4 0.8   0 0.4 0.4 5.78668 1 6.43668
0.6 0.4 0.8   0 0.4 0.6 6.34028 1 6.99028
0.6 0.4 0.8   0 0.6   0 4.10622 1 4.75622
0.6 0.4 0.8   0 0.6 0.2 5.80491 1 6.45491
0.6 0.4 0.8   0 0.6 0.4 5.3412 1 5.9912
0.6 0.4 0.8   0 0.8   0 5.59598 1 6.24598
0.6 0.4 0.8   0 0.8 0.2 5.19396 1 5.84396
0.6 0.4 0.8 0.2   0 0.4 3.63418 1 4.28418
0.6 0.4 0.8 0.2   0 0.6 3.86894 1 4.51894
0.6 0.4 0.8 0.2   0 0.8 6.20796 1 6.85796
0.6 0.4 0.8 0.2 0.2 0.4 3.97406 1 4.62406
0.6 0.4 0.8 0.2 0.2 0.6 6.12706 1 6.77706
0.6 0.4 0.8 0.2 0.2 0.8 5.53976 1 6.18976
0.6 0.4 0.8 0.2 0.4 0.2 4.16733 1 4.81733
0.6 0.4 0.8 0.2 0.4 0.4 5.87684 1 6.52684
0.6 0.4 0.8 0.2 0.4 0.6 5.91906 1 6.56906
0.6 0.4 0.8 0.2 0.6   0 6.13904 1 6.78904
0.6 0.4 0.8 0.2 0.6 0.2 5.88669 1 6.53669
0.6 0.4 0.8 0.2 0.6 0.4 6.52304 1 7.17304
0.6 0.4 0.8 0.2 0.8   0 7.01749 1 7.66749
0.6 0.4 0.8 0.2 0.8 0.2 6.82065 1 7.47065
0.8   0   0 0.6   0 0.8 2.66066 1 3.31066
0.8   0   0 0.6 0.8   0 5.15241 1 5.80241
0.8   0   0 0.6 0.8 0.2 5.1445 1 5.7945
0.8   0   0 0.8   0 0.8 3.42422 1 4.07422
0.8   0   0 0.8 0.2 0.4 2.74878 1 3.39878
0.8   0   0 0.8 0.2 0.6 3.43298 1 4.08298
0.8   0   0 0.8 0.2 0.8 3.2718 1 3.9218
0.8   0   0 0.8 0.4 0.4 3.61359 1 4.26359
0.8   0   0 0.8 0.4 0.6 3.65458 1 4.30458
0.8   0   0 0.8 0.6 0.2 5.65844 1 6.30844
0.8   0   0 0.8 0.6 0.4 3.91272 1 4.56272
0.8   0   0 0.8 0.8   0 6.29836 1 6.94836
0.8   0   0 0.8 0.8 0.2 5.66499 1 6.31499
0.8   0 0.2 0.2 0.8   0 3.46624 1 4.11624
0.8   0 0.2 0.4   0 0.8 5.93013 1 6.58013
0.8   0 0.2 0.4 0.2 0.6 4.52339 1 5.17339
0.8   0 0.2 0.4 0.4 0.2 4.77671 1 5.42671
0.8   0 0.2 0.4 0.4 0.4 5.7638 1 6.4138
0.8   0 0.2 0.4 0.4 0.6 4.57885 1 5.22885
0.8   0 0.2 0.4 0.6 0.2 5.4122 1 6.0622
0.8   0 0.2 0.4 0.6 0.4 4.71187 1 5.36187
0.8   0 0.2 0.4 0.8   0 6.1195 1 6.7695
0.8   0 0.2 0.4 0.8 0.2 5.6136 1 6.2636
0.8   0 0.2 0.6   0 0.4 3.12428 1 3.77428
0.8   0 0.2 0.6   0 0.6 2.91449 1 3.56449
0.8   0 0.2 0.6   0 0.8 7.29477 1 7.94477
0.8   0 0.2 0.6 0.2 0.4 3.39482 1 4.04482
0.8   0 0.2 0.6 0.2 0.6 7.04635 1 7.69635
0.8   0 0.2 0.6 0.2 0.8 6.62067 1 7.27067
0.8   0 0.2 0.6 0.4 0.2 6.96677 1 7.61677
0.8   0 0.2 0.6 0.4 0.4 7.0473 1 7.6973
0.8   0 0.2 0.6 0.4 0.6 6.17685 1 6.82685
0.8   0 0.2 0.6 0.6   0 7.81296 1 8.46296
0.8   0 0.2 0.6 0.6 0.2 7.30024 1 7.95024
0.8   0 0.2 0.6 0.6 0.4 6.35588 1 7.00588
0.8   0 0.2 0.6 0.8   0 8.06464 1 8.71464
0.8   0 0.2 0.6 0.8 0.2 7.30743 1 7.95743
0.8   0 0.2 0.8   0 0.6 3.36765 1 4.01765
0.8   0 0.2 0.8   0 0.8 3.85144 1 4.50144
0.8   0 0.2 0.8 0.2 0.4 3.55526 1 4.20526
0.8   0 0.2 0.8 0.2 0.6 7.50963 1 8.15963
0.8   0 0.2 0.8 0.2 0.8 3.58653 1 4.23653
0.8   0 0.2 0.8 0.4 0.2 3.56179 1 4.21179
0.8   0 0.2 0.8 0.4 0.4 6.89624 1 7.54624
0.8   0 0.2 0.8 0.4 0.6 3.62225 1 4.27225
0.8   0 0.2 0.8 0.6 0.2 5.24304 1 5.89304
0.8   0 0.2 0.8 0.6 0.4 5.2661 1 5.9161
0.8   0 0.2 0.8 0.8   0 6.71849 1 7.36849
0.8   0 0.2 0.8 0.8 0.2 5.46951 1 6.11951
0.8   0 0.4 0.2   0 0.8 4.74956 1 5.39956
0.8   0 0.4 0.2 0.2 0.6 5.32844 1 5.97844
0.8   0 0.4 0.2 0.2 0.8 4.792 1 5.442
0.8   0 0.4 0.2 0.4 0.2 5.39193 1 6.04193
0.8   0 0.4 0.2 0.4 0.4 3.42267 1 4.07267
0.8   0 0.4 0.2 0.6 0.2 4.74334 1 5.39334
0.8   0 0.4 0.2 0.6 0.4 4.46224 1 5.11224
0.8   0 0.4 0.2 0.8   0 6.3461 1 6.9961
0.8   0 0.4 0.2 0.8 0.2 5.22787 1 5.87787
0.8   0 0.4 0.4   0 0.4 3.69525 1 4.34525
0.8   0 0.4 0.4   0 0.6 3.6112 1 4.2612
0.8   0 0.4 0.4   0 0.8 7.35841 1 8.00841
0.8   0 0.4 0.4 0.2 0.4 7.52307 1 8.17307
0.8   0 0.4 0.4 0.2 0.6 7.58121 1 8.23121
0.8   0 0.4 0.4 0.2 0.8 7.30951 1 7.95951
0.8   0 0.4 0.4 0.4   0 3.71914 1 4.36914
0.8   0 0.4 0.4 0.4 0.2 7.37754 1 8.02754
0.8   0 0.4 0.4 0.4 0.4 7.56325 1 8.21325
0.8   0 0.4 0.4 0.4 0.6 7.53074 1 8.18074
0.8   0 0.4 0.4 0.6   0 7.60594 1 8.25594
0.8   0 0.4 0.4 0.6 0.2 7.76984 1 8.41984
0.8   0 0.4 0.4 0.6 0.4 7.50151 1 8.15151
0.8   0 0.4 0.4 0.8   0 8.12481 1 8.77481
0.8   0 0.4 0.4 0.8 0.2 7.40002 1 8.05002
0.8   0 0.4 0.6   0 0.6 6.80509 1 7.45509
0.8   0 0.4 0.6   0 0.8 7.36377 1 8.01377
0.8   0 0.4 0.6 0.2 0.4 6.02071 1 6.67071
0.8   0 0.4 0.6 0.2 0.6 7.0257 1 7.6757
0.8   0 0.4 0.6 0.2 0.8 7.42371 1 8.07371
0.8   0 0.4 0.6 0.4 0.2 6.8144 1 7.4644
0.8   0 0.4 0.6 0.4 0.4 7.03597 1 7.68597
0.8   0 0.4 0.6 0.4 0.6 7.23161 1 7.88161
0.8   0 0.4 0.6 0.6   0 7.52984 1 8.17984
0.8   0 0.4 0.6 0.6 0.2 6.96852 1 7.61852
0.8   0 0.4 0.6 0.6 0.4 7.82516 1 8.47516
0.8   0 0.4 0.6 0.8   0 8.05332 1 8.70332
0.8   0 0.4 0.6 0.8 0.2 7.20611 1 7.85611
0.8   0 0.6 0.2   0 0.8 6.01655 1 6.66655
0.8   0 0.6 0.2 0.2 0.4 3.63006 1 4.28006
0.8   0 0.6 0.2 0.2 0.6 6.3434 1 6.9934
0.8   0 0.6 0.2 0.2 0.8 6.02451 1 6.67451
0.8   0 0.6 0.2 0.4 0.2 5.58334 1 6.23334
0.8   0 0.6 0.2 0.4 0.4 5.93091 1 6.58091
0.8   0 0.6 0.2 0.4 0.6 5.84138 1 6.49138
0.8   0 0.6 0.2 0.6   0 3.46129 1 4.11129
0.8   0 0.6 0.2 0.6 0.2 5.9858 1 6.6358
0.8   0 0.6 0.2 0.6 0.4 4.54135 1 5.19135
0.8   0 0.6 0.2 0.8   0 6.3022 1 6.9522
0.8   0 0.6 0.2 0.8 0.2 5.91496 1 6.56496
0.8   0 0.6 0.4   0 0.6 3.71202 1 4.36202
0.8   0 0.6 0.4   0 0.8 7.42189 1 8.07189
0.8   0 0.6 0.4 0.2 0.2 3.77627 1 4.42627
0.8   0 0.6 0.4 0.2 0.4 3.76031 1 4.41031
0.8   0 0.6 0.4 0.2 0.6 5.85192 1 6.50192
0.8   0 0.6 0.4 0.2 0.8 7.30053 1 7.95053
0.8   0 0.6 0.4 0.4   0 3.64261 1 4.29261
0.8   0 0.6 0.4 0.4 0.2 7.18589 1 7.83589
0.8   0 0.6 0.4 0.4 0.4 7.59545 1 8.24545
0.8   0 0.6 0.4 0.4 0.6 6.87898 1 7.52898
0.8   0 0.6 0.4 0.6   0 3.8971 1 4.5471
0.8   0 0.6 0.4 0.6 0.2 7.51446 1 8.16446
0.8   0 0.6 0.4 0.6 0.4 7.40702 1 8.05702
0.8   0 0.6 0.4 0.8   0 7.81896 1 8.46896
0.8   0 0.6 0.4 0.8 0.2 7.50637 1 8.15637
0.8   0 0.8   0   0 0.8 2.05143 1 2.70143
0.8   0 0.8   0 0.2 0.8 1.93985 1 2.58985
0.8   0 0.8 0.2   0 0.8 2.15039 1 2.80039
0.8   0 0.8 0.2 0.2 0.4 1.82813 1 2.47813
0.8   0 0.8 0.2 0.2 0.6 2.05111 1 2.70111
0.8   0 0.8 0.2 0.2 0.8 2.26757 1 2.91757
0.8   0 0.8 0.2 0.4 0.2 1.68451 1 2.33451
0.8   0 0.8 0.2 0.6   0 1.82178 1 2.47178
0.8   0 0.8 0.2 0.8   0 1.81744 1 2.46744
0.8 0.2   0 0.6 0.8   0 5.53241 1 6.18241
0.8 0.2   0 0.8   0 0.8 3.15906 1 3.80906
0.8 0.2   0 0.8 0.2 0.6 3.65614 1 4.30614
0.8 0.2   0 0.8 0.2 0.8 3.3837 1 4.0337
0.8 0.2   0 0.8 0.4 0.6 4.7791 1 5.4291
0.8 0.2   0 0.8 0.6 0.2 5.0253 1 5.6753
0.8 0.2   0 0.8 0.6 0.4 5.14623 1 5.79623
0.8 0.2   0 0.8 0.8   0 5.67748 1 6.32748
0.8 0.2   0 0.8 0.8 0.2 5.96031 1 6.61031
0.8 0.2 0.2 0.4   0 0.8 4.64487 1 5.29487
0.8 0.2 0.2 0.4 0.2 0.6 4.84384 1 5.49384
0.8 0.2 0.2 0.4 0.2 0.8 3.81237 1 4.46237
0.8 0.2 0.2 0.4 0.4 0.4 4.58773 1 5.23773
0.8 0.2 0.2 0.4 0.6 0.2 5.4769 1 6.1269
0.8 0.2 0.2 0.4 0.6 0.4 6.26321 1 6.91321
0.8 0.2 0.2 0.4 0.8   0 5.84207 1 6.49207
0.8 0.2 0.2 0.4 0.8 0.2 5.71991 1 6.36991
0.8 0.2 0.2 0.6   0 0.8 7.12454 1 7.77454
0.8 0.2 0.2 0.6 0.2 0.4 7.06364 1 7.71364
0.8 0.2 0.2 0.6 0.2 0.6 7.88294 1 8.53294
0.8 0.2 0.2 0.6 0.2 0.8 7.07504 1 7.72504
0.8 0.2 0.2 0.6 0.4 0.2 8.1113 1 8.7613
0.8 0.2 0.2 0.6 0.4 0.4 7.19606 1 7.84606
0.8 0.2 0.2 0.6 0.4 0.6 6.99704 1 7.64704
0.8 0.2 0.2 0.6 0.6   0 7.75234 1 8.40234
0.8 0.2 0.2 0.6 0.6 0.2 7.34314 1 7.99314
0.8 0.2 0.2 0.6 0.6 0.4 8.10404 1 8.75404
0.8 0.2 0.2 0.6 0.8   0 7.69462 1 8.34462
0.8 0.2 0.2 0.6 0.8 0.2 7.94254 1 8.59254
0.8 0.2 0.2 0.8   0 0.8 7.18889 1 7.83889
0.8 0.2 0.2 0.8 0.2 0.4 3.03222 1 3.68222
0.8 0.2 0.2 0.8 0.2 0.6 3.27149 1 3.92149
0.8 0.2 0.2 0.8 0.2 0.8 3.42797 1 4.07797
0.8 0.2 0.2 0.8 0.4 0.2 6.89907 1 7.54907
0.8 0.2 0.2 0.8 0.4 0.4 6.79669 1 7.44669
0.8 0.2 0.2 0.8 0.4 0.6 6.92207 1 7.57207
0.8 0.2 0.2 0.8 0.6   0 6.8604 1 7.5104
0.8 0.2 0.2 0.8 0.6 0.2 7.88528 1 8.53528
0.8 0.2 0.2 0.8 0.6 0.4 6.80077 1 7.45077
0.8 0.2 0.2 0.8 0.8   0 7.54062 1 8.19062
0.8 0.2 0.2 0.8 0.8 0.2 6.68419 1 7.33419
0.8 0.2 0.4 0.2   0 0.6 4.66982 1 5.31982
0.8 0.2 0.4 0.2 0.2 0.6 4.77226 1 5.42226
0.8 0.2 0.4 0.2 0.4 0.6 4.53424 1 5.18424
0.8 0.2 0.4 0.2 0.6   0 5.60412 1 6.25412
0.8 0.2 0.4 0.2 0.6 0.2 4.67635 1 5.32635
0.8 0.2 0.4 0.2 0.8   0 5.23208 1 5.88208
0.8 0.2 0.4 0.2 0.8 0.2 5.73495 1 6.38495
0.8 0.2 0.4 0.4   0 0.4 3.41757 1 4.06757
0.8 0.2 0.4 0.4   0 0.6 4.57152 1 5.22152
0.8 0.2 0.4 0.4   0 0.8 7.64203 1 8.29203
0.8 0.2 0.4 0.4 0.2 0.4 7.28944 1 7.93944
0.8 0.2 0.4 0.4 0.2 0.6 7.71293 1 8.36293
0.8 0.2 0.4 0.4 0.2 0.8 7.81821 1 8.46821
0.8 0.2 0.4 0.4 0.4   0 2.29241 1 2.94241
0.8 0.2 0.4 0.4 0.4 0.2 7.30148 1 7.95148
0.8 0.2 0.4 0.4 0.4 0.4 7.837 1 8.487
0.8 0.2 0.4 0.4 0.4 0.6 7.71781 1 8.36781
0.8 0.2 0.4 0.4 0.6   0 6.76401 1 7.41401
0.8 0.2 0.4 0.4 0.6 0.2 7.87492 1 8.52492
0.8 0.2 0.4 0.4 0.6 0.4 7.53306 1 8.18306
0.8 0.2 0.4 0.4 0.8   0 8.13899 1 8.78899
0.8 0.2 0.4 0.4 0.8 0.2 7.86507 1 8.51507
0.8 0.2 0.4 0.6   0 0.6 6.43304 1 7.08304
0.8 0.2 0.4 0.6   0 0.8 7.88647 1 8.53647
0.8 0.2 0.4 0.6 0.2 0.4 7.06639 1 7.71639
0.8 0.2 0.4 0.6 0.2 0.6 8.121 1 8.771
0.8 0.2 0.4 0.6 0.2 0.8 7.58394 1 8.23394
0.8 0.2 0.4 0.6 0.4 0.2 7.63411 1 8.28411
0.8 0.2 0.4 0.6 0.4 0.4 7.82937 1 8.47937
0.8 0.2 0.4 0.6 0.4 0.6 7.43351 1 8.08351
0.8 0.2 0.4 0.6 0.6   0 6.59883 1 7.24883
0.8 0.2 0.4 0.6 0.6 0.2 7.64039 1 8.29039
0.8 0.2 0.4 0.6 0.6 0.4 7.719 1 8.369
0.8 0.2 0.4 0.6 0.8   0 7.95751 1 8.60751
0.8 0.2 0.4 0.6 0.8 0.2 8.1303 1 8.7803
0.8 0.2 0.6   0   0 0.8 1.88075 1 2.53075
0.8 0.2 0.6 0.2   0 0.8 5.55585 1 6.20585
0.8 0.2 0.6 0.2 0.2 0.4 1.71474 1 2.36474
0.8 0.2 0.6 0.2 0.2 0.6 6.03746 1 6.68746
0.8 0.2 0.6 0.2 0.2 0.8 4.61476 1 5.26476
0.8 0.2 0.6 0.2 0.4 0.2 5.40313 1 6.05313
0.8 0.2 0.6 0.2 0.4 0.4 6.7164 1 7.3664
0.8 0.2 0.6 0.2 0.6 0.2 6.28908 1 6.93908
0.8 0.2 0.6 0.2 0.6 0.4 6.17987 1 6.82987
0.8 0.2 0.6 0.2 0.8   0 7.03386 1 7.68386
0.8 0.2 0.6 0.2 0.8 0.2 6.60474 1 7.25474
0.8 0.2 0.6 0.4   0 0.8 7.46522 1 8.11522
0.8 0.2 0.6 0.4 0.2 0.4 6.36638 1 7.01638
0.8 0.2 0.6 0.4 0.2 0.6 7.43304 1 8.08304
0.8 0.2 0.6 0.4 0.2 0.8 7.40898 1 8.05898
0.8 0.2 0.6 0.4 0.4 0.2 7.64409 1 8.29409
0.8 0.2 0.6 0.4 0.4 0.4 7.57514 1 8.22514
0.8 0.2 0.6 0.4 0.4 0.6 7.43299 1 8.08299
0.8 0.2 0.6 0.4 0.6   0 5.35468 1 6.00468
0.8 0.2 0.6 0.4 0.6 0.2 8.04726 1 8.69726
0.8 0.2 0.6 0.4 0.6 0.4 7.64181 1 8.29181
0.8 0.2 0.6 0.4 0.8   0 7.91857 1 8.56857
0.8 0.2 0.6 0.4 0.8 0.2 7.82276 1 8.47276
0.8 0.2 0.8   0   0 0.8 1.9361 1 2.5861
0.8 0.2 0.8   0 0.2 0.6 1.86443 1 2.51443
0.8 0.2 0.8   0 0.4 0.2 1.48108 1 2.13108
0.8 0.2 0.8   0 0.8   0 3.33797 1 3.98797
0.8 0.2 0.8 0.2   0 0.6 1.60642 1 2.25642
0.8 0.2 0.8 0.2   0 0.8 2.11598 1 2.76598
0.8 0.2 0.8 0.2 0.2 0.6 1.79637 1 2.44637
0.8 0.2 0.8 0.2 0.6 0.2 5.72555 1 6.37555
0.8 0.2 0.8 0.2 0.8   0 4.75609 1 5.40609
