#Point[6d] mu[1d] sigma[1d] acquisition[1d]
  0 0.4   0 0.6   0 0.8 6.69377 1 7.11669
  0 0.4   0 0.6 0.2 0.8 6.73981 1 7.16273
  0 0.4   0 0.6 0.4 0.6 5.01238 1 5.4353
  0 0.4   0 0.6 0.6 0.2 4.84837 1 5.27129
  0 0.4   0 0.6 0.6 0.4 4.65428 1 5.0772
  0 0.4   0 0.6 0.8   0 6.38469 1 6.80761
  0 0.4   0 0.8   0 0.8 5.94998 1 6.3729
  0 0.4   0 0.8 0.2 0.4 4.94372 1 5.36664
  0 0.4   0 0.8 0.2 0.6 6.09209 1 6.51501
  0 0.4 0.2 0.4   0 0.8 4.87478 1 5.2977
  0 0.4 0.2 0.4 0.2 0.6 4.83665 1 5.25957
  0 0.4 0.2 0.4 0.2 0.8 5.57048 1 5.9934
  0 0.4 0.2 0.4 0.8   0 4.70687 1 5.12979
  0 0.4 0.2 0.6   0 0.8 6.93609 1 7.35901
  0 0.4 0.2 0.6 0.2 0.6 7.04716 1 7.47008
  0 0.4 0.2 0.6 0.2 0.8 6.68959 1 7.11251
  0 0.4 0.2 0.6 0.4 0.4 6.14012 1 6.56304
  0 0.4 0.2 0.6 0.6 0.2 5.10317 1 5.52609
  0 0.4 0.2 0.6 0.6 0.4 4.58351 1 5.00643
  0 0.4 0.2 0.6 0.8   0 5.07184 1 5.49476
  0 0.4 0.2 0.6 0.8 0.2 4.7724 1 5.19532
  0 0.4 0.2 0.8 0.8   0 4.60083 1 5.02375
  0 0.4 0.4 0.2   0 0.8 3.39188 1 3.8148
  0 0.4 0.4 0.2 0.4 0.6 2.94657 1 3.36949
  0 0.4 0.4 0.2 0.6 0.4 3.41815 1 3.84107
  0 0.4 0.4 0.2 0.8   0 3.53289 1 3.95581
  0 0.4 0.4 0.4   0 0.8 4.76314 1 5.18606
  0 0.4 0.4 0.4 0.4 0.6 5.93742 1 6.36034
  0 0.4 0.4 0.6   0 0.6 4.71972 1 5.14264
  0 0.4 0.4 0.6   0 0.8 4.73944 1 5.16236
  0 0.4 0.4 0.6 0.2 0.8 4.16021 1 4.58313
  0 0.4 0.6   0   0 0.8 2.93646 1 3.35938
  0 0.4 0.6 0.2   0 0.8 3.49559 1 3.91851
  0 0.4 0.6 0.2 0.8   0 3.15134 1 3.57426
  0 0.4 0.6 0.4 0.6 0.2 7.07144 1 7.49436
  0 0.4 0.6 0.4 0.8   0 3.96318 1 4.3861
  0 0.6   0 0.4   0 0.8 5.09715 1 5.52007
  0 0.6   0 0.6   0 0.6 4.83358 1 5.2565
  0 0.6   0 0.6   0 0.8 6.73793 1 7.16085
  0 0.6   0 0.6 0.2 0.4 6.09453 1 6.51745
  0 0.6   0 0.6 0.2 0.6 7.08889 1 7.51181
  0 0.6   0 0.6 0.2 0.8 5.41585 1 5.83877
  0 0.6   0 0.6 0.4   0 6.51105 1 6.93397
  0 0.6   0 0.6 0.4 0.2 4.92224 1 5.34516
  0 0.6   0 0.6 0.4 0.4 6.76737 1 7.19029
  0 0.6   0 0.6 0.4 0.6 6.63986 1 7.06278
  0 0.6   0 0.6 0.6   0 6.41787 1 6.84079
  0 0.6   0 0.6 0.6 0.2 7.25365 1 7.67657
  0 0.6   0 0.6 0.6 0.4 4.93526 1 5.35818
  0 0.6   0 0.6 0.8   0 6.94752 1 7.37044
  0 0.6   0 0.6 0.8 0.2 4.77325 1 5.19617
  0 0.6   0 0.8   0 0.4 5.02156 1 5.44448
  0 0.6   0 0.8   0 0.8 6.41761 1 6.84053
  0 0.6   0 0.8 0.2 0.4 6.28346 1 6.70638
  0 0.6   0 0.8 0.2 0.6 6.29735 1 6.72027
  0 0.6   0 0.8 0.2 0.8 6.00352 1 6.42644
  0 0.6   0 0.8 0.4 0.2 5.02541 1 5.44833
  0 0.6   0 0.8 0.4 0.4 6.56171 1 6.98463
  0 0.6   0 0.8 0.4 0.6 5.23309 1 5.65601
  0 0.6   0 0.8 0.6 0.2 6.78872 1 7.21164
  0 0.6   0 0.8 0.8   0 6.47404 1 6.89696
  0 0.6   0 0.8 0.8 0.2 6.80297 1 7.22589
  0 0.6 0.2 0.2   0 0.8 4.78141 1 5.20433
  0 0.6 0.2 0.2 0.2 0.8 2.67319 1 3.09611
  0 0.6 0.2 0.2 0.4 0.2 4.24294 1 4.66586
  0 0.6 0.2 0.2 0.8   0 4.8944 1 5.31732
  0 0.6 0.2 0.4   0 0.2 4.76484 1 5.18776
  0 0.6 0.2 0.4   0 0.6 4.93249 1 5.35541
  0 0.6 0.2 0.4   0 0.8 7.18345 1 7.60637
  0 0.6 0.2 0.4 0.2 0.2 6.66249 1 7.08541
  0 0.6 0.2 0.4 0.2 0.4 6.71525 1 7.13817
  0 0.6 0.2 0.4 0.2 0.6 6.82376 1 7.24668
  0 0.6 0.2 0.4 0.2 0.8 7.05745 1 7.48037
  0 0.6 0.2 0.4 0.4 0.2 5.20085 1 5.62377
  0 0.6 0.2 0.4 0.4 0.4 7.36886 1 7.79178
  0 0.6 0.2 0.4 0.4 0.6 6.47794 1 6.90086
  0 0.6 0.2 0.4 0.6   0 6.33871 1 6.76163
  0 0.6 0.2 0.4 0.6 0.2 7.65683 1 8.07975
  0 0.6 0.2 0.4 0.6 0.4 6.37602 1 6.79894
  0 0.6 0.2 0.4 0.8   0 7.13399 1 7.55691
  0 0.6 0.2 0.4 0.8 0.2 6.47307 1 6.89599
  0 0.6 0.2 0.6   0 0.4 5.97444 1 6.39736
  0 0.6 0.2 0.6   0 0.6 6.26196 1 6.68488
  0 0.6 0.2 0.6   0 0.8 7.4073 1 7.83022
  0 0.6 0.2 0.6 0.2 0.2 4.82146 1 5.24438
  0 0.6 0.2 0.6 0.2 0.4 6.96079 1 7.38371
  0 0.6 0.2 0.6 0.2 0.6 7.36993 1 7.79285
  0 0.6 0.2 0.6 0.2 0.8 6.89887 1 7.32179
  0 0.6 0.2 0.6 0.4   0 4.85104 1 5.27396
  0 0.6 0.2 0.6 0.4 0.2 6.89103 1 7.31395
  0 0.6 0.2 0.6 0.4 0.4 7.38467 1 7.80759
  0 0.6 0.2 0.6 0.4 0.6 7.12733 1 7.55025
  0 0.6 0.2 0.6 0.6   0 7.15562 1 7.57854
  0 0.6 0.2 0.6 0.6 0.2 7.54687 1 7.96979
  0 0.6 0.2 0.6 0.6 0.4 7.3351 1 7.75802
  0 0.6 0.2 0.6 0.8   0 7.28632 1 7.70924
  0 0.6 0.2 0.6 0.8 0.2 7.4839 1 7.90682
  0 0.6 0.2 0.8   0 0.6 6.67611 1 7.09903
  0 0.6 0.2 0.8   0 0.8 6.5915 1 7.01442
  0 0.6 0.2 0.8 0.2 0.6 6.33897 1 6.76189
  0 0.6 0.2 0.8 0.2 0.8 6.27842 1 6.70134
  0 0.6 0.2 0.8 0.4 0.4 6.45902 1 6.88194
  0 0.6 0.2 0.8 0.4 0.6 6.5739 1 6.99682
  0 0.6 0.2 0.8 0.6   0 6.05734 1 6.48026
  0 0.6 0.2 0.8 0.6 0.2 6.39756 1 6.82048
  0 0.6 0.2 0.8 0.6 0.4 5.2568 1 5.67972
  0 0.6 0.2 0.8 0.8   0 6.58806 1 7.01098
  0 0.6 0.2 0.8 0.8 0.2 6.30433 1 6.72725
  0 0.6 0.4 0.2   0 0.6 4.59264 1 5.01556
  0 0.6 0.4 0.2   0 0.8 6.16434 1 6.58726
  0 0.6 0.4 0.2 0.2 0.6 4.38489 1 4.80781
  0 0.6 0.4 0.2 0.2 0.8 4.89259 1 5.31551
  0 0.6 0.4 0.2 0.4   0 3.80975 1 4.23267
  0 0.6 0.4 0.2 0.4 0.2 4.65697 1 5.07989
  0 0.6 0.4 0.2 0.4 0.4 5.4138 1 5.83672
  0 0.6 0.4 0.2 0.4 0.6 4.23487 1 4.65779
  0 0.6 0.4 0.2 0.6 0.2 4.96081 1 5.38373
  0 0.6 0.4 0.2 0.8   0 4.71957 1 5.14249
  0 0.6 0.4 0.2 0.8 0.2 5.06175 1 5.48467
  0 0.6 0.4 0.4   0 0.6 5.75546 1 6.17838
  0 0.6 0.4 0.4   0 0.8 7.36199 1 7.78491
  0 0.6 0.4 0.4 0.2 0.4 5.03669 1 5.45961
  0 0.6 0.4 0.4 0.2 0.6 6.70615 1 7.12907
  0 0.6 0.4 0.4 0.2 0.8 6.42874 1 6.85166
  0 0.6 0.4 0.4 0.4   0 4.05351 1 4.47643
  0 0.6 0.4 0.4 0.4 0.2 6.41707 1 6.83999
  0 0.6 0.4 0.4 0.4 0.4 6.76192 1 7.18484
  0 0.6 0.4 0.4 0.4 0.6 6.15404 1 6.57696
  0 0.6 0.4 0.4 0.6   0 5.46581 1 5.88873
  0 0.6 0.4 0.4 0.6 0.2 6.8218 1 7.24472
  0 0.6 0.4 0.4 0.6 0.4 6.69421 1 7.11713
  0 0.6 0.4 0.4 0.8   0 6.40533 1 6.82825
  0 0.6 0.4 0.4 0.8 0.2 5.67425 1 6.09717
  0 0.6 0.4 0.6   0 0.6 4.65718 1 5.0801
  0 0.6 0.4 0.6   0 0.8 6.73222 1 7.15514
  0 0.6 0.4 0.6 0.2 0.2 5.66218 1 6.0851
  0 0.6 0.4 0.6 0.2 0.4 4.83067 1 5.25359
  0 0.6 0.4 0.6 0.2 0.6 7.22725 1 7.65017
  0 0.6 0.4 0.6 0.2 0.8 6.20064 1 6.62356
  0 0.6 0.4 0.6 0.4 0.2 5.18771 1 5.61063
  0 0.6 0.4 0.6 0.4 0.4 6.4061 1 6.82902
  0 0.6 0.4 0.6 0.4 0.6 5.97069 1 6.39361
  0 0.6 0.4 0.6 0.6   0 4.10758 1 4.5305
  0 0.6 0.4 0.6 0.6 0.2 6.93295 1 7.35587
  0 0.6 0.4 0.6 0.6 0.4 6.8187 1 7.24162
  0 0.6 0.4 0.6 0.8   0 6.20658 1 6.6295
  0 0.6 0.4 0.6 0.8 0.2 4.54455 1 4.96747
  0 0.6 0.6   0   0 0.4 3.30147 1 3.72439
  0 0.6 0.6   0   0 0.6 3.7392 1 4.16212
  0 0.6 0.6   0   0 0.8 4.16437 1 4.58729
  0 0.6 0.6   0 0.2 0.4 3.25251 1 3.67543
  0 0.6 0.6   0 0.2 0.6 4.03068 1 4.4536
  0 0.6 0.6   0 0.2 0.8 4.0029 1 4.42582
  0 0.6 0.6   0 0.4 0.4 4.0849 1 4.50782
  0 0.6 0.6   0 0.4 0.6 3.79334 1 4.21626
  0 0.6 0.6   0 0.6 0.2 3.78301 1 4.20593
  0 0.6 0.6   0 0.6 0.4 4.03477 1 4.45769
  0 0.6 0.6   0 0.8   0 3.94061 1 4.36353
  0 0.6 0.6   0 0.8 0.2 3.59425 1 4.01717
  0 0.6 0.6 0.2   0 0.6 4.44735 1 4.87027
  0 0.6 0.6 0.2   0 0.8 5.99358 1 6.4165
  0 0.6 0.6 0.2 0.2 0.4 5.15832 1 5.58124
  0 0.6 0.6 0.2 0.2 0.6 4.88551 1 5.30843
  0 0.6 0.6 0.2 0.2 0.8 5.05483 1 5.47775
  0 0.6 0.6 0.2 0.4 0.2 5.37926 1 5.80218
  0 0.6 0.6 0.2 0.4 0.4 6.73434 1 7.15726
  0 0.6 0.6 0.2 0.4 0.6 4.98591 1 5.40883
  0 0.6 0.6 0.2 0.6   0 4.22802 1 4.65094
  0 0.6 0.6 0.2 0.6 0.2 4.39225 1 4.81517
  0 0.6 0.6 0.2 0.6 0.4 4.21829 1 4.64121
  0 0.6 0.6 0.2 0.8   0 6.58539 1 7.00831
  0 0.6 0.6 0.2 0.8 0.2 4.76125 1 5.18417
  0 0.6 0.6 0.4   0 0.6 3.55247 1 3.97539
  0 0.6 0.6 0.4   0 0.8 6.83249 1 7.25541
  0 0.6 0.6 0.4 0.2 0.6 6.31143 1 6.73435
  0 0.6 0.6 0.4 0.2 0.8 4.79486 1 5.21778
  0 0.6 0.6 0.4 0.4 0.2 3.74382 1 4.16674
  0 0.6 0.6 0.4 0.4 0.4 6.62537 1 7.04829
  0 0.6 0.6 0.4 0.6   0 4.69468 1 5.1176
  0 0.6 0.6 0.4 0.6 0.2 6.84075 1 7.26367
  0 0.6 0.6 0.4 0.6 0.4 6.91627 1 7.33919
  0 0.6 0.6 0.4 0.8   0 6.97323 1 7.39615
  0 0.6 0.6 0.4 0.8 0.2 3.86113 1 4.28405
  0 0.6 0.8   0   0 0.4 3.36224 1 3.78516
  0 0.6 0.8   0   0 0.6 3.51055 1 3.93347
  0 0.6 0.8   0   0 0.8 3.95215 1 4.37507
  0 0.6 0.8   0 0.2 0.4 3.78777 1 4.21069
  0 0.6 0.8   0 0.2 0.6 4.17344 1 4.59636
  0 0.6 0.8   0 0.2 0.8 3.71214 1 4.13506
  0 0.6 0.8   0 0.6 0.2 3.28693 1 3.70985
  0 0.6 0.8   0 0.6 0.4 4.02105 1 4.44397
  0 0.6 0.8   0 0.8   0 3.91449 1 4.33741
  0 0.6 0.8   0 0.8 0.2 3.99858 1 4.4215
  0 0.6 0.8 0.2   0 0.8 4.26901 1 4.69193
  0 0.6 0.8 0.2 0.2 0.4 4.42762 1 4.85054
  0 0.6 0.8 0.2 0.2 0.6 3.02012 1 3.44304
  0 0.6 0.8 0.2 0.4 0.4 3.84884 1 4.27176
  0 0.6 0.8 0.2 0.8   0 3.95808 1 4.381
  0 0.8   0 0.6   0 0.8 5.92596 1 6.34888
  0 0.8   0 0.6 0.2 0.6 4.9375 1 5.36042
  0 0.8   0 0.6 0.2 0.8 7.01978 1 7.4427
  0 0.8   0 0.6 0.4 0.4 4.80506 1 5.22798
  0 0.8   0 0.6 0.8   0 6.28681 1 6.70973
  0 0.8   0 0.6 0.8 0.2 6.46525 1 6.88817
  0 0.8   0 0.8   0 0.8 6.26239 1 6.68531
  0 0.8   0 0.8 0.2 0.4 6.02202 1 6.44494
  0 0.8   0 0.8 0.2 0.6 6.47651 1 6.89943
  0 0.8   0 0.8 0.2 0.8 6.56194 1 6.98486
  0 0.8   0 0.8 0.4 0.2 6.34549 1 6.76841
  0 0.8   0 0.8 0.4 0.4 4.90504 1 5.32796
  0 0.8   0 0.8 0.6 0.2 6.51566 1 6.93858
  0 0.8   0 0.8 0.8   0 6.47917 1 6.90209
  0 0.8 0.2 0.2   0 0.8 4.32889 1 4.75181
  0 0.8 0.2 0.4   0 0.4 4.95918 1 5.3821
  0 0.8 0.2 0.4   0 0.6 6.46205 1 6.88497
  0 0.8 0.2 0.4   0 0.8 7.25642 1 7.67934
  0 0.8 0.2 0.4 0.2 0.4 4.15254 1 4.57546
  0 0.8 0.2 0.4 0.2 0.6 7.20235 1 7.62527
  0 0.8 0.2 0.4 0.2 0.8 6.99393 1 7.41685
  0 0.8 0.2 0.4 0.4 0.2 6.78209 1 7.20501
  0 0.8 0.2 0.4 0.4 0.4 7.49096 1 7.91388
  0 0.8 0.2 0.4 0.4 0.6 6.58577 1 7.00869
  0 0.8 0.2 0.4 0.6   0 7.00827 1 7.43119
  0 0.8 0.2 0.4 0.6 0.2 7.15363 1 7.57655
  0 0.8 0.2 0.4 0.6 0.4 6.69576 1 7.11868
  0 0.8 0.2 0.4 0.8   0 6.53839 1 6.96131
  0 0.8 0.2 0.4 0.8 0.2 6.49861 1 6.92153
  0 0.8 0.2 0.6   0 0.6 6.84703 1 7.26995
  0 0.8 0.2 0.6   0 0.8 7.45381 1 7.87673
  0 0.8 0.2 0.6 0.2 0.2 6.35292 1 6.77584
  0 0.8 0.2 0.6 0.2 0.4 7.22049 1 7.64341
  0 0.8 0.2 0.6 0.2 0.6 7.48632 1 7.90924
  0 0.8 0.2 0.6 0.2 0.8 7.75885 1 8.18177
  0 0.8 0.2 0.6 0.4 0.2 7.02154 1 7.44446
  0 0.8 0.2 0.6 0.4 0.4 7.59614 1 8.01906
  0 0.8 0.2 0.6 0.4 0.6 7.48889 1 7.91181
  0 0.8 0.2 0.6 0.6   0 6.35089 1 6.77381
  0 0.8 0.2 0.6 0.6 0.2 7.49551 1 7.91843
  0 0.8 0.2 0.6 0.6 0.4 7.37657 1 7.79949
  0 0.8 0.2 0.6 0.8   0 7.38246 1 7.80538
  0 0.8 0.2 0.6 0.8 0.2 7.43381 1 7.85673
  0 0.8 0.2 0.8   0 0.8 7.0233 1 7.44622
  0 0.8 0.2 0.8 0.2 0.2 6.03082 1 6.45374
  0 0.8 0.2 0.8 0.2 0.4 6.0618 1 6.48472
  0 0.8 0.2 0.8 0.2 0.6 6.04873 1 6.47165
  0 0.8 0.2 0.8 0.2 0.8 6.00428 1 6.4272
  0 0.8 0.2 0.8 0.4 0.4 6.42872 1 6.85164
  0 0.8 0.2 0.8 0.4 0.6 5.90567 1 6.32859
  0 0.8 0.2 0.8 0.6   0 6.24942 1 6.67234
  0 0.8 0.2 0.8 0.6 0.2 6.11732 1 6.54024
  0 0.8 0.2 0.8 0.6 0.4 5.70005 1 6.12297
  0 0.8 0.2 0.8 0.8   0 6.50344 1 6.92636
  0 0.8 0.2 0.8 0.8 0.2 4.95333 1 5.37625
  0 0.8 0.4 0.2   0 0.6 3.73132 1 4.15424
  0 0.8 0.4 0.2   0 0.8 6.21699 1 6.63991
  0 0.8 0.4 0.2 0.2 0.4 4.66669 1 5.08961
  0 0.8 0.4 0.2 0.2 0.6 4.32265 1 4.74557
  0 0.8 0.4 0.2 0.2 0.8 4.84209 1 5.26501
  0 0.8 0.4 0.2 0.4 0.4 4.21851 1 4.64143
  0 0.8 0.4 0.2 0.4 0.6 4.2032 1 4.62612
  0 0.8 0.4 0.2 0.8   0 4.18694 1 4.60986
  0 0.8 0.4 0.4   0 0.4 4.29204 1 4.71496
  0 0.8 0.4 0.4   0 0.6 6.65543 1 7.07835
  0 0.8 0.4 0.4   0 0.8 7.72319 1 8.14611
  0 0.8 0.4 0.4 0.2 0.2 6.20102 1 6.62394
  0 0.8 0.4 0.4 0.2 0.4 7.35296 1 7.77588
  0 0.8 0.4 0.4 0.2 0.6 7.36166 1 7.78458
  0 0.8 0.4 0.4 0.2 0.8 7.25889 1 7.68181
  0 0.8 0.4 0.4 0.4   0 4.57549 1 4.99841
  0 0.8 0.4 0.4 0.4 0.2 7.25647 1 7.67939
  0 0.8 0.4 0.4 0.4 0.4 7.38613 1 7.80905
  0 0.8 0.4 0.4 0.4 0.6 7.02961 1 7.45253
  0 0.8 0.4 0.4 0.6   0 6.75523 1 7.17815
  0 0.8 0.4 0.4 0.6 0.2 7.18661 1 7.60953
  0 0.8 0.4 0.4 0.6 0.4 7.21175 1 7.63467
  0 0.8 0.4 0.4 0.8   0 7.48047 1 7.90339
  0 0.8 0.4 0.4 0.8 0.2 7.26152 1 7.68444
  0 0.8 0.4 0.6   0 0.6 7.04521 1 7.46813
  0 0.8 0.4 0.6   0 0.8 7.36776 1 7.79068
  0 0.8 0.4 0.6 0.2 0.2 5.72939 1 6.15231
  0 0.8 0.4 0.6 0.2 0.4 7.15445 1 7.57737
  0 0.8 0.4 0.6 0.2 0.6 7.25054 1 7.67346
  0 0.8 0.4 0.6 0.2 0.8 7.4173 1 7.84022
  0 0.8 0.4 0.6 0.4 0.2 6.96753 1 7.39045
  0 0.8 0.4 0.6 0.4 0.4 7.54965 1 7.97257
  0 0.8 0.4 0.6 0.4 0.6 7.37309 1 7.79601
  0 0.8 0.4 0.6 0.6   0 6.79342 1 7.21634
  0 0.8 0.4 0.6 0.6 0.2 7.25255 1 7.67547
  0 0.8 0.4 0.6 0.6 0.4 7.08234 1 7.50526
  0 0.8 0.4 0.6 0.8   0 7.21746 1 7.64038
  0 0.8 0.4 0.6 0.8 0.2 6.82798 1 7.2509
  0 0.8 0.6   0   0 0.6 3.86514 1 4.28806
  0 0.8 0.6   0   0 0.8 4.20983 1 4.63275
  0 0.8 0.6   0 0.2 0.2 3.97581 1 4.39873
  0 0.8 0.6   0 0.2 0.4 3.71689 1 4.13981
  0 0.8 0.6   0 0.2 0.6 3.82187 1 4.24479
  0 0.8 0.6   0 0.2 0.8 4.15256 1 4.57548
  0 0.8 0.6   0 0.4 0.2 4.32725 1 4.75017
  0 0.8 0.6   0 0.4 0.4 3.76442 1 4.18734
  0 0.8 0.6   0 0.4 0.6 3.68079 1 4.10371
  0 0.8 0.6   0 0.6   0 3.76967 1 4.19259
  0 0.8 0.6   0 0.6 0.2 4.00852 1 4.43144
  0 0.8 0.6   0 0.8   0 4.04858 1 4.4715
  0 0.8 0.6   0 0.8 0.2 4.46138 1 4.8843
  0 0.8 0.6 0.2   0 0.6 4.77083 1 5.19375
  0 0.8 0.6 0.2   0 0.8 5.73209 1 6.15501
  0 0.8 0.6 0.2 0.2 0.2 3.71514 1 4.13806
  0 0.8 0.6 0.2 0.2 0.4 5.415 1 5.83792
  0 0.8 0.6 0.2 0.2 0.6 5.17939 1 5.60231
  0 0.8 0.6 0.2 0.2 0.8 4.89691 1 5.31983
  0 0.8 0.6 0.2 0.4 0.2 4.37637 1 4.79929
  0 0.8 0.6 0.2 0.4 0.4 5.17681 1 5.59973
  0 0.8 0.6 0.2 0.4 0.6 4.9898 1 5.41272
  0 0.8 0.6 0.2 0.6   0 4.00201 1 4.42493
  0 0.8 0.6 0.2 0.6 0.2 5.60289 1 6.02581
  0 0.8 0.6 0.2 0.6 0.4 5.09421 1 5.51713
  0 0.8 0.6 0.2 0.8   0 5.56584 1 5.98876
  0 0.8 0.6 0.2 0.8 0.2 4.81932 1 5.24224
  0 0.8 0.6 0.4   0 0.6 4.99946 1 5.42238
  0 0.8 0.6 0.4   0 0.8 7.10724 1 7.53016
  0 0.8 0.6 0.4 0.2 0.6 6.42731 1 6.85023
  0 0.8 0.6 0.4 0.2 0.8 6.93541 1 7.35833
  0 0.8 0.6 0.4 0.4 0.4 5.46902 1 5.89194
  0 0.8 0.6 0.4 0.4 0.6 5.57754 1 6.00046
  0 0.8 0.6 0.4 0.6   0 5.59738 1 6.0203
  0 0.8 0.6 0.4 0.6 0.2 4.88579 1 5.30871
  0 0.8 0.6 0.4 0.6 0.4 4.95889 1 5.38181
  0 0.8 0.6 0.4 0.8   0 5.30724 1 5.73016
  0 0.8 0.6 0.4 0.8 0.2 3.48576 1 3.90868
  0 0.8 0.8   0   0 0.8 3.93201 1 4.35493
  0 0.8 0.8   0 0.2 0.6 4.04749 1 4.47041
  0 0.8 0.8   0 0.4 0.4 3.96482 1 4.38774
  0 0.8 0.8   0 0.6   0 4.08593 1 4.50885
  0 0.8 0.8   0 0.8   0 4.22682 1 4.64974
  0 0.8 0.8 0.2   0 0.4 3.37151 1 3.79443
  0 0.8 0.8 0.2   0 0.6 3.19792 1 3.62084
  0 0.8 0.8 0.2   0 0.8 4.36672 1 4.78964
  0 0.8 0.8 0.2 0.2 0.8 3.56617 1 3.98909
  0 0.8 0.8 0.2 0.4 0.4 3.78217 1 4.20509
  0 0.8 0.8 0.2 0.4 0.6 3.12508 1 3.548
  0 0.8 0.8 0.2 0.6 0.2 3.75238 1 4.1753
  0 0.8 0.8 0.2 0.8   0 3.83827 1 4.26119
0.2 0.2   0 0.4 0.2 0.6 4.71574 1 5.13866
0.2 0.2   0 0.6   0 0.6 7.4418 1 7.86472
0.2 0.2   0 0.6   0 0.8 7.83339 1 8.25631
0.2 0.2   0 0.6 0.2 0.2 7.09106 1 7.51398
0.2 0.2   0 0.6 0.2 0.4 7.02842 1 7.45134
0.2 0.2   0 0.6 0.2 0.6 7.23514 1 7.65806
0.2 0.2   0 0.6 0.2 0.8 7.06538 1 7.4883
0.2 0.2   0 0.6 0.4   0 6.99515 1 7.41807
0.2 0.2   0 0.6 0.4 0.2 6.83269 1 7.25561
0.2 0.2   0 0.6 0.4 0.4 7.21491 1 7.63783
0.2 0.2   0 0.6 0.4 0.6 5.05313 1 5.47605
0.2 0.2   0 0.6 0.6   0 7.20563 1 7.62855
0.2 0.2   0 0.6 0.6 0.2 7.25029 1 7.67321
0.2 0.2   0 0.6 0.6 0.4 6.46758 1 6.8905
0.2 0.2   0 0.6 0.8   0 7.16292 1 7.58584
0.2 0.2   0 0.6 0.8 0.2 6.77043 1 7.19335
0.2 0.2   0 0.8   0 0.6 7.35681 1 7.77973
0.2 0.2   0 0.8   0 0.8 7.44782 1 7.87074
0.2 0.2   0 0.8 0.2 0.2 7.68902 1 8.11194
0.2 0.2   0 0.8 0.2 0.4 7.27488 1 7.6978
0.2 0.2   0 0.8 0.2 0.6 7.06452 1 7.48744
0.2 0.2   0 0.8 0.2 0.8 6.86683 1 7.28975
0.2 0.2   0 0.8 0.4   0 6.99449 1 7.41741
0.2 0.2   0 0.8 0.4 0.2 7.2913 1 7.71422
0.2 0.2   0 0.8 0.4 0.4 7.28745 1 7.71037
0.2 0.2   0 0.8 0.4 0.6 7.01869 1 7.44161
0.2 0.2   0 0.8 0.6   0 6.70638 1 7.1293
0.2 0.2   0 0.8 0.6 0.2 7.25245 1 7.67537
0.2 0.2   0 0.8 0.6 0.4 7.07718 1 7.5001
0.2 0.2   0 0.8 0.8   0 7.30694 1 7.72986
0.2 0.2   0 0.8 0.8 0.2 7.00902 1 7.43194
0.2 0.2 0.2 0.2   0 0.8 4.8799 1 5.30282
0.2 0.2 0.2 0.2 0.2 0.4 4.47392 1 4.89684
0.2 0.2 0.2 0.2 0.2 0.6 4.79733 1 5.22025
0.2 0.2 0.2 0.2 0.2 0.8 4.4438 1 4.86672
0.2 0.2 0.2 0.2 0.4 0.2 4.36362 1 4.78654
0.2 0.2 0.2 0.2 0.4 0.4 4.70156 1 5.12448
0.2 0.2 0.2 0.2 0.4 0.6 4.63024 1 5.05316
0.2 0.2 0.2 0.2 0.6 0.2 5.01055 1 5.43347
0.2 0.2 0.2 0.2 0.8   0 5.19218 1 5.6151
0.2 0.2 0.2 0.2 0.8 0.2 4.77116 1 5.19408
0.2 0.2 0.2 0.4   0 0.8 6.12214 1 6.54506
0.2 0.2 0.2 0.4 0.2 0.2 5.19038 1 5.6133
0.2 0.2 0.2 0.4 0.2 0.4 5.10453 1 5.52745
0.2 0.2 0.2 0.4 0.2 0.6 6.19274 1 6.61566
0.2 0.2 0.2 0.4 0.2 0.8 5.64107 1 6.06399
0.2 0.2 0.2 0.4 0.4 0.2 4.74289 1 5.16581
0.2 0.2 0.2 0.4 0.4 0.4 5.08373 1 5.50665
0.2 0.2 0.2 0.4 0.4 0.6 5.71467 1 6.13759
0.2 0.2 0.2 0.4 0.6   0 4.23805 1 4.66097
0.2 0.2 0.2 0.4 0.6 0.2 5.45577 1 5.87869
0.2 0.2 0.2 0.4 0.6 0.4 5.09911 1 5.52203
0.2 0.2 0.2 0.4 0.8   0 6.23538 1 6.6583
0.2 0.2 0.2 0.4 0.8 0.2 5.29058 1 5.7135
0.2 0.2 0.2 0.6   0 0.4 6.2294 1 6.65232
0.2 0.2 0.2 0.6   0 0.6 7.10539 1 7.52831
0.2 0.2 0.2 0.6   0 0.8 7.91326 1 8.33618
0.2 0.2 0.2 0.6 0.2 0.2 6.99411 1 7.41703
0.2 0.2 0.2 0.6 0.2 0.4 6.71606 1 7.13898
0.2 0.2 0.2 0.6 0.2 0.6 7.36065 1 7.78357
0.2 0.2 0.2 0.6 0.2 0.8 6.71371 1 7.13663
0.2 0.2 0.2 0.6 0.4 0.2 6.64071 1 7.06363
0.2 0.2 0.2 0.6 0.4 0.4 6.97518 1 7.3981
0.2 0.2 0.2 0.6 0.4 0.6 6.55613 1 6.97905
0.2 0.2 0.2 0.6 0.6   0 6.95411 1 7.37703
0.2 0.2 0.2 0.6 0.6 0.2 7.20279 1 7.62571
0.2 0.2 0.2 0.6 0.6 0.4 6.85059 1 7.27351
0.2 0.2 0.2 0.6 0.8   0 7.17005 1 7.59297
0.2 0.2 0.2 0.6 0.8 0.2 7.03311 1 7.45603
0.2 0.2 0.2 0.8   0 0.8 6.18348 1 6.6064
0.2 0.2 0.2 0.8 0.2 0.6 6.79249 1 7.21541
0.2 0.2 0.2 0.8 0.2 0.8 5.5067 1 5.92962
0.2 0.2 0.2 0.8 0.4 0.2 6.87131 1 7.29423
0.2 0.2 0.2 0.8 0.4 0.4 6.85617 1 7.27909
0.2 0.2 0.2 0.8 0.6   0 6.9081 1 7.33102
0.2 0.2 0.2 0.8 0.6 0.2 7.22485 1 7.64777
0.2 0.2 0.2 0.8 0.8   0 6.95623 1 7.37915
0.2 0.2 0.2 0.8 0.8 0.2 4.8231 1 5.24602
0.2 0.2 0.4   0   0 0.8 3.3333 1 3.75622
0.2 0.2 0.4   0 0.2 0.6 3.17758 1 3.6005
0.2 0.2 0.4   0 0.4 0.4 3.0097 1 3.43262
0.2 0.2 0.4   0 0.8   0 2.76062 1 3.18354
0.2 0.2 0.4 0.2   0 0.6 2.82166 1 3.24458
0.2 0.2 0.4 0.2   0 0.8 4.75008 1 5.173
0.2 0.2 0.4 0.2 0.2 0.4 2.86831 1 3.29123
0.2 0.2 0.4 0.2 0.2 0.6 4.87433 1 5.29725
0.2 0.2 0.4 0.2 0.2 0.8 4.84154 1 5.26446
0.2 0.2 0.4 0.2 0.4 0.4 4.53215 1 4.95507
0.2 0.2 0.4 0.2 0.6 0.2 4.93246 1 5.35538
0.2 0.2 0.4 0.2 0.6 0.4 2.88309 1 3.30601
0.2 0.2 0.4 0.2 0.8   0 5.34324 1 5.76616
0.2 0.2 0.4 0.2 0.8 0.2 4.6088 1 5.03172
0.2 0.2 0.4 0.4   0 0.6 6.79732 1 7.22024
0.2 0.2 0.4 0.4   0 0.8 7.34061 1 7.76353
0.2 0.2 0.4 0.4 0.2 0.4 6.88964 1 7.31256
0.2 0.2 0.4 0.4 0.2 0.6 7.14967 1 7.57259
0.2 0.2 0.4 0.4 0.2 0.8 7.31116 1 7.73408
0.2 0.2 0.4 0.4 0.4 0.2 6.9511 1 7.37402
0.2 0.2 0.4 0.4 0.4 0.4 7.25125 1 7.67417
0.2 0.2 0.4 0.4 0.4 0.6 6.89367 1 7.31659
0.2 0.2 0.4 0.4 0.6   0 6.80118 1 7.2241
0.2 0.2 0.4 0.4 0.6 0.2 7.18369 1 7.60661
0.2 0.2 0.4 0.4 0.6 0.4 5.39559 1 5.81851
0.2 0.2 0.4 0.4 0.8   0 6.93135 1 7.35427
0.2 0.2 0.4 0.4 0.8 0.2 6.58405 1 7.00697
0.2 0.2 0.4 0.6   0 0.6 6.48493 1 6.90785
0.2 0.2 0.4 0.6   0 0.8 6.94784 1 7.37076
0.2 0.2 0.4 0.6 0.2 0.6 6.88343 1 7.30635
0.2 0.2 0.4 0.6 0.2 0.8 6.75833 1 7.18125
0.2 0.2 0.4 0.6 0.4 0.2 7.50765 1 7.93057
0.2 0.2 0.4 0.6 0.4 0.4 6.80215 1 7.22507
0.2 0.2 0.4 0.6 0.4 0.6 6.18619 1 6.60911
0.2 0.2 0.4 0.6 0.6   0 6.60964 1 7.03256
0.2 0.2 0.4 0.6 0.6 0.2 6.73364 1 7.15656
0.2 0.2 0.4 0.6 0.6 0.4 6.82599 1 7.24891
0.2 0.2 0.4 0.6 0.8   0 6.30279 1 6.72571
0.2 0.2 0.6   0   0 0.6 3.0852 1 3.50812
0.2 0.2 0.6   0   0 0.8 3.45957 1 3.88249
0.2 0.2 0.6   0 0.2 0.8 2.69782 1 3.12074
0.2 0.2 0.6   0 0.4 0.2 3.12302 1 3.54594
0.2 0.2 0.6   0 0.4 0.4 2.78275 1 3.20567
0.2 0.2 0.6   0 0.6 0.2 3.07803 1 3.50095
0.2 0.2 0.6   0 0.6 0.4 3.40676 1 3.82968
0.2 0.2 0.6   0 0.8   0 4.05397 1 4.47689
0.2 0.2 0.6 0.2   0 0.6 2.6098 1 3.03272
0.2 0.2 0.6 0.2   0 0.8 3.59193 1 4.01485
0.2 0.2 0.6 0.2 0.2 0.4 3.87561 1 4.29853
0.2 0.2 0.6 0.2 0.2 0.6 1.71461 1 2.13753
0.2 0.2 0.6 0.2 0.2 0.8 3.50006 1 3.92298
0.2 0.2 0.6 0.2 0.4 0.4 3.26394 1 3.68686
0.2 0.2 0.6 0.2 0.6 0.4 2.62126 1 3.04418
0.2 0.2 0.6 0.2 0.8   0 3.83596 1 4.25888
0.2 0.2 0.6 0.2 0.8 0.2 3.45338 1 3.8763
0.2 0.2 0.6 0.4   0 0.6 7.0166 1 7.43952
0.2 0.2 0.6 0.4   0 0.8 6.77199 1 7.19491
0.2 0.2 0.6 0.4 0.2 0.6 7.19949 1 7.62241
0.2 0.2 0.6 0.4 0.4 0.2 6.75984 1 7.18276
0.2 0.2 0.6 0.4 0.4 0.4 7.10745 1 7.53037
0.2 0.2 0.6 0.4 0.4 0.6 5.93896 1 6.36188
0.2 0.2 0.6 0.4 0.6 0.2 7.03178 1 7.4547
0.2 0.2 0.6 0.4 0.8   0 6.78877 1 7.21169
0.2 0.4   0 0.4   0 0.8 4.45303 1 4.87595
0.2 0.4   0 0.4 0.2 0.6 4.74001 1 5.16293
0.2 0.4   0 0.4 0.2 0.8 4.78579 1 5.20871
0.2 0.4   0 0.6   0 0.6 7.25768 1 7.6806
0.2 0.4   0 0.6   0 0.8 7.41747 1 7.84039
0.2 0.4   0 0.6 0.2 0.2 6.77857 1 7.20149
0.2 0.4   0 0.6 0.2 0.4 7.50126 1 7.92418
0.2 0.4   0 0.6 0.2 0.6 7.35526 1 7.77818
0.2 0.4   0 0.6 0.2 0.8 7.96835 1 8.39127
0.2 0.4   0 0.6 0.4 0.2 7.39255 1 7.81547
0.2 0.4   0 0.6 0.4 0.4 7.39988 1 7.8228
0.2 0.4   0 0.6 0.4 0.6 7.0045 1 7.42742
0.2 0.4   0 0.6 0.6   0 6.94224 1 7.36516
0.2 0.4   0 0.6 0.6 0.2 7.24308 1 7.666
0.2 0.4   0 0.6 0.6 0.4 6.86256 1 7.28548
0.2 0.4   0 0.6 0.8   0 7.17393 1 7.59685
0.2 0.4   0 0.6 0.8 0.2 6.90063 1 7.32355
0.2 0.4   0 0.8   0 0.4 6.72461 1 7.14753
0.2 0.4   0 0.8   0 0.6 7.59686 1 8.01978
0.2 0.4   0 0.8   0 0.8 7.75596 1 8.17888
0.2 0.4   0 0.8 0.2 0.2 7.25326 1 7.67618
0.2 0.4   0 0.8 0.2 0.4 7.22646 1 7.64938
0.2 0.4   0 0.8 0.2 0.6 8.01013 1 8.43305
0.2 0.4   0 0.8 0.2 0.8 7.61091 1 8.03383
0.2 0.4   0 0.8 0.4   0 7.08996 1 7.51288
0.2 0.4   0 0.8 0.4 0.2 7.43559 1 7.85851
0.2 0.4   0 0.8 0.4 0.4 7.69067 1 8.11359
0.2 0.4   0 0.8 0.4 0.6 7.31255 1 7.73547
0.2 0.4   0 0.8 0.6   0 7.49043 1 7.91335
0.2 0.4   0 0.8 0.6 0.2 7.50055 1 7.92347
0.2 0.4   0 0.8 0.6 0.4 7.27763 1 7.70055
0.2 0.4   0 0.8 0.8   0 7.44437 1 7.86729
0.2 0.4   0 0.8 0.8 0.2 7.37451 1 7.79743
0.2 0.4 0.2 0.2   0 0.8 5.37577 1 5.79869
0.2 0.4 0.2 0.2 0.2 0.8 5.21926 1 5.64218
0.2 0.4 0.2 0.2 0.4 0.2 3.02304 1 3.44596
0.2 0.4 0.2 0.2 0.4 0.4 2.96993 1 3.39285
0.2 0.4 0.2 0.2 0.6   0 2.92139 1 3.34431
0.2 0.4 0.2 0.2 0.6 0.2 5.17658 1 5.5995
0.2 0.4 0.2 0.2 0.8   0 5.82346 1 6.24638
0.2 0.4 0.2 0.4   0 0.4 4.00203 1 4.42495
0.2 0.4 0.2 0.4   0 0.6 6.97233 1 7.39525
0.2 0.4 0.2 0.4   0 0.8 7.67154 1 8.09446
0.2 0.4 0.2 0.4 0.2 0.2 5.55326 1 5.97618
0.2 0.4 0.2 0.4 0.2 0.4 7.61692 1 8.03984
0.2 0.4 0.2 0.4 0.2 0.6 7.01324 1 7.43616
0.2 0.4 0.2 0.4 0.2 0.8 6.98966 1 7.41258
0.2 0.4 0.2 0.4 0.4 0.2 6.82406 1 7.24698
0.2 0.4 0.2 0.4 0.4 0.4 7.33784 1 7.76076
0.2 0.4 0.2 0.4 0.4 0.6 7.29026 1 7.71318
0.2 0.4 0.2 0.4 0.6   0 7.44723 1 7.87015
0.2 0.4 0.2 0.4 0.6 0.2 7.02043 1 7.44335
0.2 0.4 0.2 0.4 0.6 0.4 7.13209 1 7.55501
0.2 0.4 0.2 0.4 0.8   0 7.40582 1 7.82874
0.2 0.4 0.2 0.4 0.8 0.2 6.83815 1 7.26107
0.2 0.4 0.2 0.6   0 0.4 6.76446 1 7.18738
0.2 0.4 0.2 0.6   0 0.6 7.61215 1 8.03507
0.2 0.4 0.2 0.6   0 0.8 8.05863 1 8.48155
0.2 0.4 0.2 0.6 0.2 0.2 7.50974 1 7.93266
0.2 0.4 0.2 0.6 0.2 0.4 7.54528 1 7.9682
0.2 0.4 0.2 0.6 0.2 0.6 7.99936 1 8.42228
0.2 0.4 0.2 0.6 0.2 0.8 7.88378 1 8.3067
0.2 0.4 0.2 0.6 0.4   0 6.41198 1 6.8349
0.2 0.4 0.2 0.6 0.4 0.2 7.85902 1 8.28194
0.2 0.4 0.2 0.6 0.4 0.4 8.06245 1 8.48537
0.2 0.4 0.2 0.6 0.4 0.6 7.88778 1 8.3107
0.2 0.4 0.2 0.6 0.6   0 7.82074 1 8.24366
0.2 0.4 0.2 0.6 0.6 0.2 8.04278 1 8.4657
0.2 0.4 0.2 0.6 0.6 0.4 7.77619 1 8.19911
0.2 0.4 0.2 0.6 0.8   0 8.14683 1 8.56975
0.2 0.4 0.2 0.6 0.8 0.2 8.0247 1 8.44762
0.2 0.4 0.2 0.8   0 0.4 7.195 1 7.61792
0.2 0.4 0.2 0.8   0 0.6 7.79695 1 8.21987
0.2 0.4 0.2 0.8   0 0.8 7.99704 1 8.41996
0.2 0.4 0.2 0.8 0.2   0 7.19489 1 7.61781
0.2 0.4 0.2 0.8 0.2 0.4 7.57154 1 7.99446
0.2 0.4 0.2 0.8 0.2 0.6 7.90889 1 8.33181
0.2 0.4 0.2 0.8 0.2 0.8 7.58652 1 8.00944
0.2 0.4 0.2 0.8 0.4 0.2 7.59303 1 8.01595
0.2 0.4 0.2 0.8 0.4 0.4 8.23876 1 8.66168
0.2 0.4 0.2 0.8 0.4 0.6 7.47376 1 7.89668
0.2 0.4 0.2 0.8 0.6   0 7.31661 1 7.73953
0.2 0.4 0.2 0.8 0.6 0.2 7.86053 1 8.28345
0.2 0.4 0.2 0.8 0.6 0.4 7.62162 1 8.04454
0.2 0.4 0.2 0.8 0.8   0 7.71277 1 8.13569
0.2 0.4 0.2 0.8 0.8 0.2 7.41806 1 7.84098
0.2 0.4 0.4   0   0 0.8 3.47886 1 3.90178
0.2 0.4 0.4   0 0.2 0.6 3.60127 1 4.02419
0.2 0.4 0.4   0 0.2 0.8 3.30845 1 3.73137
0.2 0.4 0.4   0 0.6 0.2 3.08895 1 3.51187
0.2 0.4 0.4   0 0.8   0 3.65277 1 4.07569
0.2 0.4 0.4 0.2   0 0.6 3.6325 1 4.05542
0.2 0.4 0.4 0.2   0 0.8 7.01675 1 7.43967
0.2 0.4 0.4 0.2 0.2 0.2 3.59878 1 4.0217
0.2 0.4 0.4 0.2 0.2 0.4 7.01763 1 7.44055
0.2 0.4 0.4 0.2 0.2 0.6 6.65978 1 7.0827
0.2 0.4 0.4 0.2 0.2 0.8 5.87577 1 6.29869
0.2 0.4 0.4 0.2 0.4 0.2 6.40765 1 6.83057
0.2 0.4 0.4 0.2 0.4 0.4 6.35791 1 6.78083
0.2 0.4 0.4 0.2 0.4 0.6 5.97168 1 6.3946
0.2 0.4 0.4 0.2 0.6   0 6.0195 1 6.44242
0.2 0.4 0.4 0.2 0.6 0.2 6.3324 1 6.75532
0.2 0.4 0.4 0.2 0.6 0.4 6.57869 1 7.00161
0.2 0.4 0.4 0.2 0.8   0 6.78651 1 7.20943
0.2 0.4 0.4 0.2 0.8 0.2 6.61613 1 7.03905
0.2 0.4 0.4 0.4   0 0.4 3.99823 1 4.42115
0.2 0.4 0.4 0.4   0 0.6 7.72137 1 8.14429
0.2 0.4 0.4 0.4   0 0.8 7.95745 1 8.38037
0.2 0.4 0.4 0.4 0.2 0.2 7.53507 1 7.95799
0.2 0.4 0.4 0.4 0.2 0.4 7.38315 1 7.80607
0.2 0.4 0.4 0.4 0.2 0.6 7.73682 1 8.15974
0.2 0.4 0.4 0.4 0.2 0.8 7.24185 1 7.66477
0.2 0.4 0.4 0.4 0.4   0 5.98487 1 6.40779
0.2 0.4 0.4 0.4 0.4 0.2 7.42183 1 7.84475
0.2 0.4 0.4 0.4 0.4 0.4 7.8589 1 8.28182
0.2 0.4 0.4 0.4 0.4 0.6 7.0717 1 7.49462
0.2 0.4 0.4 0.4 0.6   0 7.04011 1 7.46303
0.2 0.4 0.4 0.4 0.6 0.2 7.57571 1 7.99863
0.2 0.4 0.4 0.4 0.6 0.4 7.48234 1 7.90526
0.2 0.4 0.4 0.4 0.8   0 7.52983 1 7.95275
0.2 0.4 0.4 0.4 0.8 0.2 7.35543 1 7.77835
0.2 0.4 0.4 0.6   0 0.6 7.0203 1 7.44322
0.2 0.4 0.4 0.6   0 0.8 7.42804 1 7.85096
0.2 0.4 0.4 0.6 0.2 0.4 7.11659 1 7.53951
0.2 0.4 0.4 0.6 0.2 0.6 7.40909 1 7.83201
0.2 0.4 0.4 0.6 0.2 0.8 7.1532 1 7.57612
0.2 0.4 0.4 0.6 0.4   0 6.71764 1 7.14056
0.2 0.4 0.4 0.6 0.4 0.2 7.23372 1 7.65664
0.2 0.4 0.4 0.6 0.4 0.4 7.4301 1 7.85302
0.2 0.4 0.4 0.6 0.4 0.6 7.5641 1 7.98702
0.2 0.4 0.4 0.6 0.6   0 7.11835 1 7.54127
0.2 0.4 0.4 0.6 0.6 0.2 6.88811 1 7.31103
0.2 0.4 0.4 0.6 0.6 0.4 7.98234 1 8.40526
0.2 0.4 0.4 0.6 0.8   0 7.4224 1 7.84532
0.2 0.4 0.4 0.6 0.8 0.2 7.16966 1 7.59258
0.2 0.4 0.6   0   0 0.6 3.5257 1 3.94862
0.2 0.4 0.6   0   0 0.8 4.77437 1 5.19729
0.2 0.4 0.6   0 0.2   0 3.01432 1 3.43724
0.2 0.4 0.6   0 0.2 0.2 2.82176 1 3.24468
0.2 0.4 0.6   0 0.2 0.4 3.81194 1 4.23486
0.2 0.4 0.6   0 0.2 0.6 4.00385 1 4.42677
0.2 0.4 0.6   0 0.2 0.8 3.86416 1 4.28708
0.2 0.4 0.6   0 0.4   0 2.29829 1 2.72121
0.2 0.4 0.6   0 0.4 0.2 3.83753 1 4.26045
0.2 0.4 0.6   0 0.4 0.4 3.8492 1 4.27212
0.2 0.4 0.6   0 0.4 0.6 3.69366 1 4.11658
0.2 0.4 0.6   0 0.6   0 3.69575 1 4.11867
0.2 0.4 0.6   0 0.6 0.2 4.11569 1 4.53861
0.2 0.4 0.6   0 0.6 0.4 3.72495 1 4.14787
0.2 0.4 0.6   0 0.8   0 4.85162 1 5.27454
0.2 0.4 0.6   0 0.8 0.2 4.06039 1 4.48331
0.2 0.4 0.6 0.2   0 0.6 4.12909 1 4.55201
0.2 0.4 0.6 0.2   0 0.8 7.39033 1 7.81325
0.2 0.4 0.6 0.2 0.2 0.2 2.72388 1 3.1468
0.2 0.4 0.6 0.2 0.2 0.4 6.92131 1 7.34423
0.2 0.4 0.6 0.2 0.2 0.6 7.30822 1 7.73114
0.2 0.4 0.6 0.2 0.2 0.8 6.99744 1 7.42036
0.2 0.4 0.6 0.2 0.4 0.2 7.06214 1 7.48506
0.2 0.4 0.6 0.2 0.4 0.4 6.69097 1 7.11389
0.2 0.4 0.6 0.2 0.4 0.6 5.31195 1 5.73487
0.2 0.4 0.6 0.2 0.6   0 3.5668 1 3.98972
0.2 0.4 0.6 0.2 0.6 0.2 7.13714 1 7.56006
0.2 0.4 0.6 0.2 0.6 0.4 6.30225 1 6.72517
0.2 0.4 0.6 0.2 0.8   0 7.11986 1 7.54278
0.2 0.4 0.6 0.2 0.8 0.2 6.64281 1 7.06573
0.2 0.4 0.6 0.4   0 0.6 7.14473 1 7.56765
0.2 0.4 0.6 0.4   0 0.8 7.55994 1 7.98286
0.2 0.4 0.6 0.4 0.2 0.4 6.69446 1 7.11738
0.2 0.4 0.6 0.4 0.2 0.6 7.53579 1 7.95871
0.2 0.4 0.6 0.4 0.2 0.8 7.03235 1 7.45527
0.2 0.4 0.6 0.4 0.4 0.2 7.37755 1 7.80047
0.2 0.4 0.6 0.4 0.4 0.4 7.6638 1 8.08672
0.2 0.4 0.6 0.4 0.4 0.6 6.83184 1 7.25476
0.2 0.4 0.6 0.4 0.6   0 7.04609 1 7.46901
0.2 0.4 0.6 0.4 0.6 0.2 7.79985 1 8.22277
0.2 0.4 0.6 0.4 0.6 0.4 7.14843 1 7.57135
0.2 0.4 0.6 0.4 0.8   0 7.40548 1 7.8284
0.2 0.4 0.6 0.4 0.8 0.2 7.0664 1 7.48932
0.2 0.4 0.8   0   0 0.4 1.75247 1 2.17539
0.2 0.4 0.8   0   0 0.6 3.15641 1 3.57933
0.2 0.4 0.8   0   0 0.8 4.68678 1 5.1097
0.2 0.4 0.8   0 0.2 0.4 2.38351 1 2.80643
0.2 0.4 0.8   0 0.2 0.6 4.18719 1 4.61011
0.2 0.4 0.8   0 0.2 0.8 4.72321 1 5.14613
0.2 0.4 0.8   0 0.4 0.2 3.55116 1 3.97408
0.2 0.4 0.8   0 0.4 0.4 3.91519 1 4.33811
0.2 0.4 0.8   0 0.4 0.6 3.48245 1 3.90537
0.2 0.4 0.8   0 0.6   0 2.74094 1 3.16386
0.2 0.4 0.8   0 0.6 0.2 3.81892 1 4.24184
0.2 0.4 0.8   0 0.6 0.4 3.32287 1 3.74579
0.2 0.4 0.8   0 0.8   0 3.95663 1 4.37955
0.2 0.4 0.8   0 0.8 0.2 3.65353 1 4.07645
0.2 0.4 0.8 0.2   0 0.8 5.43234 1 5.85526
0.2 0.4 0.8 0.2 0.2 0.4 4.04741 1 4.47033
0.2 0.4 0.8 0.2 0.2 0.6 3.85969 1 4.28261
0.2 0.4 0.8 0.2 0.2 0.8 4.43813 1 4.86105
0.2 0.4 0.8 0.2 0.4 0.2 2.31558 1 2.7385
0.2 0.4 0.8 0.2 0.6 0.2 2.31189 1 2.73481
0.2 0.4 0.8 0.2 0.8   0 3.97532 1 4.39824
0.2 0.4 0.8 0.2 0.8 0.2 5.00806 1 5.43098
0.2 0.6   0 0.4   0 0.8 5.26938 1 5.6923
0.2 0.6   0 0.4 0.2 0.6 4.90145 1 5.32437
0.2 0.6   0 0.4 0.8   0 4.53226 1 4.95518
0.2 0.6   0 0.4 0.8 0.2 4.48704 1 4.90996
0.2 0.6   0 0.6   0 0.6 6.94678 1 7.3697
0.2 0.6   0 0.6   0 0.8 7.50048 1 7.9234
0.2 0.6   0 0.6 0.2 0.2 6.31579 1 6.73871
0.2 0.6   0 0.6 0.2 0.4 6.25016 1 6.67308
0.2 0.6   0 0.6 0.2 0.6 7.21759 1 7.64051
0.2 0.6   0 0.6 0.2 0.8 7.12235 1 7.54527
0.2 0.6   0 0.6 0.4 0.2 6.51126 1 6.93418
0.2 0.6   0 0.6 0.4 0.4 7.17594 1 7.59886
0.2 0.6   0 0.6 0.4 0.6 6.87267 1 7.29559
0.2 0.6   0 0.6 0.6   0 6.40968 1 6.8326
0.2 0.6   0 0.6 0.6 0.2 7.32448 1 7.7474
0.2 0.6   0 0.6 0.6 0.4 6.98634 1 7.40926
0.2 0.6   0 0.6 0.8   0 7.45818 1 7.8811
0.2 0.6   0 0.6 0.8 0.2 7.27117 1 7.69409
0.2 0.6   0 0.8   0 0.6 6.6159 1 7.03882
0.2 0.6   0 0.8   0 0.8 7.83317 1 8.25609
0.2 0.6   0 0.8 0.2 0.4 7.50761 1 7.93053
0.2 0.6   0 0.8 0.2 0.6 7.96894 1 8.39186
0.2 0.6   0 0.8 0.2 0.8 7.38556 1 7.80848
0.2 0.6   0 0.8 0.4   0 6.26548 1 6.6884
0.2 0.6   0 0.8 0.4 0.2 7.0842 1 7.50712
0.2 0.6   0 0.8 0.4 0.4 7.59792 1 8.02084
0.2 0.6   0 0.8 0.4 0.6 7.10314 1 7.52606
0.2 0.6   0 0.8 0.6   0 6.95557 1 7.37849
0.2 0.6   0 0.8 0.6 0.2 7.50611 1 7.92903
0.2 0.6   0 0.8 0.6 0.4 7.26339 1 7.68631
0.2 0.6   0 0.8 0.8   0 7.17765 1 7.60057
0.2 0.6   0 0.8 0.8 0.2 7.47452 1 7.89744
0.2 0.6 0.2 0.2   0 0.8 5.01193 1 5.43485
0.2 0.6 0.2 0.2 0.2 0.2 2.86564 1 3.28856
0.2 0.6 0.2 0.2 0.2 0.8 4.06142 1 4.48434
0.2 0.6 0.2 0.2 0.4 0.4 3.08334 1 3.50626
0.2 0.6 0.2 0.2 0.6 0.4 2.67144 1 3.09436
0.2 0.6 0.2 0.2 0.8   0 4.93028 1 5.3532
0.2 0.6 0.2 0.2 0.8 0.2 4.72531 1 5.14823
0.2 0.6 0.2 0.4   0 0.6 7.93468 1 8.3576
0.2 0.6 0.2 0.4   0 0.8 7.60928 1 8.0322
0.2 0.6 0.2 0.4 0.2 0.2 6.76332 1 7.18624
0.2 0.6 0.2 0.4 0.2 0.4 7.23555 1 7.65847
0.2 0.6 0.2 0.4 0.2 0.6 7.11232 1 7.53524
0.2 0.6 0.2 0.4 0.2 0.8 7.25925 1 7.68217
0.2 0.6 0.2 0.4 0.4 0.2 7.02483 1 7.44775
0.2 0.6 0.2 0.4 0.4 0.4 7.28143 1 7.70435
0.2 0.6 0.2 0.4 0.4 0.6 7.69812 1 8.12104
0.2 0.6 0.2 0.4 0.6   0 6.54788 1 6.9708
0.2 0.6 0.2 0.4 0.6 0.2 7.66021 1 8.08313
0.2 0.6 0.2 0.4 0.6 0.4 7.24277 1 7.66569
0.2 0.6 0.2 0.4 0.8   0 7.7617 1 8.18462
0.2 0.6 0.2 0.4 0.8 0.2 7.32237 1 7.74529
0.2 0.6 0.2 0.6   0 0.6 8.31327 1 8.73619
0.2 0.6 0.2 0.6   0 0.8 8.2045 1 8.62742
0.2 0.6 0.2 0.6 0.2 0.2 7.30025 1 7.72317
0.2 0.6 0.2 0.6 0.2 0.4 7.90454 1 8.32746
0.2 0.6 0.2 0.6 0.2 0.6 8.30099 1 8.72391
0.2 0.6 0.2 0.6 0.2 0.8 8.07979 1 8.50271
0.2 0.6 0.2 0.6 0.4   0 6.01022 1 6.43314
0.2 0.6 0.2 0.6 0.4 0.2 8.48531 1 8.90823
0.2 0.6 0.2 0.6 0.4 0.4 7.94772 1 8.37064
0.2 0.6 0.2 0.6 0.4 0.6 7.7673 1 8.19022
0.2 0.6 0.2 0.6 0.6   0 7.35372 1 7.77664
0.2 0.6 0.2 0.6 0.6 0.2 8.10373 1 8.52665
0.2 0.6 0.2 0.6 0.6 0.4 7.76942 1 8.19234
0.2 0.6 0.2 0.6 0.8   0 7.99728 1 8.4202
0.2 0.6 0.2 0.6 0.8 0.2 7.64697 1 8.06989
0.2 0.6 0.2 0.8   0 0.6 7.51115 1 7.93407
0.2 0.6 0.2 0.8   0 0.8 8.24514 1 8.66806
0.2 0.6 0.2 0.8 0.2 0.2 4.6421 1 5.06502
0.2 0.6 0.2 0.8 0.2 0.4 7.47839 1 7.90131
0.2 0.6 0.2 0.8 0.2 0.6 8.21217 1 8.63509
0.2 0.6 0.2 0.8 0.2 0.8 7.67403 1 8.09695
0.2 0.6 0.2 0.8 0.4 0.2 7.744 1 8.16692
0.2 0.6 0.2 0.8 0.4 0.4 8.01782 1 8.44074
0.2 0.6 0.2 0.8 0.4 0.6 7.6531 1 8.07602
0.2 0.6 0.2 0.8 0.6   0 7.024 1 7.44692
0.2 0.6 0.2 0.8 0.6 0.2 8.0393 1 8.46222
0.2 0.6 0.2 0.8 0.6 0.4 7.76154 1 8.18446
0.2 0.6 0.2 0.8 0.8   0 8.05628 1 8.4792
0.2 0.6 0.2 0.8 0.8 0.2 7.39345 1 7.81637
0.2 0.6 0.4   0   0 0.8 3.77765 1 4.20057
0.2 0.6 0.4 0.2   0 0.4 3.01862 1 3.44154
0.2 0.6 0.4 0.2   0 0.6 6.41857 1 6.84149
0.2 0.6 0.4 0.2   0 0.8 7.17941 1 7.60233
0.2 0.6 0.4 0.2 0.2 0.4 4.96781 1 5.39073
0.2 0.6 0.4 0.2 0.2 0.6 6.88132 1 7.30424
0.2 0.6 0.4 0.2 0.2 0.8 6.49616 1 6.91908
0.2 0.6 0.4 0.2 0.4   0 4.24954 1 4.67246
0.2 0.6 0.4 0.2 0.4 0.2 5.67519 1 6.09811
0.2 0.6 0.4 0.2 0.4 0.4 7.13836 1 7.56128
0.2 0.6 0.4 0.2 0.4 0.6 6.86024 1 7.28316
0.2 0.6 0.4 0.2 0.6   0 6.29161 1 6.71453
0.2 0.6 0.4 0.2 0.6 0.2 6.98154 1 7.40446
0.2 0.6 0.4 0.2 0.6 0.4 7.08624 1 7.50916
0.2 0.6 0.4 0.2 0.8   0 7.07673 1 7.49965
0.2 0.6 0.4 0.2 0.8 0.2 6.25387 1 6.67679
0.2 0.6 0.4 0.4   0 0.2 4.32108 1 4.744
0.2 0.6 0.4 0.4   0 0.4 5.80432 1 6.22724
0.2 0.6 0.4 0.4   0 0.6 7.35418 1 7.7771
0.2 0.6 0.4 0.4   0 0.8 8.17926 1 8.60218
0.2 0.6 0.4 0.4 0.2 0.2 7.22377 1 7.64669
0.2 0.6 0.4 0.4 0.2 0.4 7.54613 1 7.96905
0.2 0.6 0.4 0.4 0.2 0.6 7.77983 1 8.20275
0.2 0.6 0.4 0.4 0.2 0.8 7.52634 1 7.94926
0.2 0.6 0.4 0.4 0.4   0 5.92662 1 6.34954
0.2 0.6 0.4 0.4 0.4 0.2 7.7242 1 8.14712
0.2 0.6 0.4 0.4 0.4 0.4 7.7674 1 8.19032
0.2 0.6 0.4 0.4 0.4 0.6 7.90193 1 8.32485
0.2 0.6 0.4 0.4 0.6   0 7.33146 1 7.75438
0.2 0.6 0.4 0.4 0.6 0.2 7.70132 1 8.12424
0.2 0.6 0.4 0.4 0.6 0.4 7.89341 1 8.31633
0.2 0.6 0.4 0.4 0.8   0 7.51109 1 7.93401
0.2 0.6 0.4 0.4 0.8 0.2 7.54624 1 7.96916
0.2 0.6 0.4 0.6   0 0.4 5.72795 1 6.15087
0.2 0.6 0.4 0.6   0 0.6 7.49039 1 7.91331
0.2 0.6 0.4 0.6   0 0.8 7.74959 1 8.17251
0.2 0.6 0.4 0.6 0.2 0.2 5.11296 1 5.53588
0.2 0.6 0.4 0.6 0.2 0.4 7.13395 1 7.55687
0.2 0.6 0.4 0.6 0.2 0.6 7.57043 1 7.99335
0.2 0.6 0.4 0.6 0.2 0.8 7.45503 1 7.87795
0.2 0.6 0.4 0.6 0.4 0.2 7.6877 1 8.11062
0.2 0.6 0.4 0.6 0.4 0.4 7.65438 1 8.0773
0.2 0.6 0.4 0.6 0.4 0.6 7.63896 1 8.06188
0.2 0.6 0.4 0.6 0.6   0 7.3329 1 7.75582
0.2 0.6 0.4 0.6 0.6 0.2 7.72571 1 8.14863
0.2 0.6 0.4 0.6 0.6 0.4 7.93981 1 8.36273
0.2 0.6 0.4 0.6 0.8   0 7.48859 1 7.91151
0.2 0.6 0.4 0.6 0.8 0.2 7.56242 1 7.98534
0.2 0.6 0.6   0   0 0.4 4.17582 1 4.59874
0.2 0.6 0.6   0   0 0.6 4.05213 1 4.47505
0.2 0.6 0.6   0   0 0.8 5.70099 1 6.12391
0.2 0.6 0.6   0 0.2 0.2 3.57221 1 3.99513
0.2 0.6 0.6   0 0.2 0.4 5.28571 1 5.70863
0.2 0.6 0.6   0 0.2 0.6 5.20427 1 5.62719
0.2 0.6 0.6   0 0.2 0.8 4.99227 1 5.41519
0.2 0.6 0.6   0 0.4   0 3.02107 1 3.44399
0.2 0.6 0.6   0 0.4 0.2 5.13997 1 5.56289
0.2 0.6 0.6   0 0.4 0.4 4.92986 1 5.35278
0.2 0.6 0.6   0 0.4 0.6 5.22742 1 5.65034
0.2 0.6 0.6   0 0.6   0 5.202 1 5.62492
0.2 0.6 0.6   0 0.6 0.2 5.5449 1 5.96782
0.2 0.6 0.6   0 0.6 0.4 3.75765 1 4.18057
0.2 0.6 0.6   0 0.8   0 5.68937 1 6.11229
0.2 0.6 0.6   0 0.8 0.2 5.70829 1 6.13121
0.2 0.6 0.6 0.2   0 0.2 3.90908 1 4.332
0.2 0.6 0.6 0.2   0 0.4 3.92344 1 4.34636
0.2 0.6 0.6 0.2   0 0.6 6.73363 1 7.15655
0.2 0.6 0.6 0.2   0 0.8 7.5913 1 8.01422
0.2 0.6 0.6 0.2 0.2   0 4.09077 1 4.51369
0.2 0.6 0.6 0.2 0.2 0.2 5.41918 1 5.8421
0.2 0.6 0.6 0.2 0.2 0.4 5.85754 1 6.28046
0.2 0.6 0.6 0.2 0.2 0.6 7.94152 1 8.36444
0.2 0.6 0.6 0.2 0.2 0.8 7.69579 1 8.11871
0.2 0.6 0.6 0.2 0.4   0 5.57003 1 5.99295
0.2 0.6 0.6 0.2 0.4 0.2 7.25271 1 7.67563
0.2 0.6 0.6 0.2 0.4 0.4 7.53804 1 7.96096
0.2 0.6 0.6 0.2 0.4 0.6 6.95417 1 7.37709
0.2 0.6 0.6 0.2 0.6   0 7.10931 1 7.53223
0.2 0.6 0.6 0.2 0.6 0.2 7.0464 1 7.46932
0.2 0.6 0.6 0.2 0.6 0.4 6.85149 1 7.27441
0.2 0.6 0.6 0.2 0.8   0 8.02042 1 8.44334
0.2 0.6 0.6 0.2 0.8 0.2 7.48772 1 7.91064
0.2 0.6 0.6 0.4   0 0.4 4.38283 1 4.80575
0.2 0.6 0.6 0.4   0 0.6 6.46776 1 6.89068
0.2 0.6 0.6 0.4   0 0.8 7.36128 1 7.7842
0.2 0.6 0.6 0.4 0.2 0.2 5.64944 1 6.07236
0.2 0.6 0.6 0.4 0.2 0.4 7.20054 1 7.62346
0.2 0.6 0.6 0.4 0.2 0.6 7.43316 1 7.85608
0.2 0.6 0.6 0.4 0.2 0.8 7.35395 1 7.77687
0.2 0.6 0.6 0.4 0.4 0.2 6.95996 1 7.38288
0.2 0.6 0.6 0.4 0.4 0.4 7.38747 1 7.81039
0.2 0.6 0.6 0.4 0.4 0.6 6.9645 1 7.38742
0.2 0.6 0.6 0.4 0.6   0 7.4252 1 7.84812
0.2 0.6 0.6 0.4 0.6 0.2 7.45053 1 7.87345
0.2 0.6 0.6 0.4 0.6 0.4 7.32164 1 7.74456
0.2 0.6 0.6 0.4 0.8   0 7.22703 1 7.64995
0.2 0.6 0.6 0.4 0.8 0.2 7.07854 1 7.50146
0.2 0.6 0.8   0   0 0.2 2.79288 1 3.2158
0.2 0.6 0.8   0   0 0.4 4.41542 1 4.83834
0.2 0.6 0.8   0   0 0.6 5.2647 1 5.68762
0.2 0.6 0.8   0   0 0.8 5.58007 1 6.00299
0.2 0.6 0.8   0 0.2   0 3.62426 1 4.04718
0.2 0.6 0.8   0 0.2 0.2 4.16253 1 4.58545
0.2 0.6 0.8   0 0.2 0.4 5.03483 1 5.45775
0.2 0.6 0.8   0 0.2 0.6 4.98676 1 5.40968
0.2 0.6 0.8   0 0.2 0.8 5.09112 1 5.51404
0.2 0.6 0.8   0 0.4   0 3.40156 1 3.82448
0.2 0.6 0.8   0 0.4 0.2 5.2178 1 5.64072
0.2 0.6 0.8   0 0.4 0.4 5.81412 1 6.23704
0.2 0.6 0.8   0 0.4 0.6 5.25235 1 5.67527
0.2 0.6 0.8   0 0.6   0 5.07957 1 5.50249
0.2 0.6 0.8   0 0.6 0.2 5.75191 1 6.17483
0.2 0.6 0.8   0 0.6 0.4 5.84663 1 6.26955
0.2 0.6 0.8   0 0.8   0 5.87109 1 6.29401
0.2 0.6 0.8   0 0.8 0.2 5.87823 1 6.30115
0.2 0.6 0.8 0.2   0 0.6 4.98773 1 5.41065
0.2 0.6 0.8 0.2   0 0.8 5.61998 1 6.0429
0.2 0.6 0.8 0.2 0.2 0.2 5.08293 1 5.50585
0.2 0.6 0.8 0.2 0.2 0.4 4.34347 1 4.76639
0.2 0.6 0.8 0.2 0.2 0.6 5.74556 1 6.16848
0.2 0.6 0.8 0.2 0.2 0.8 5.37364 1 5.79656
0.2 0.6 0.8 0.2 0.4   0 4.00449 1 4.42741
0.2 0.6 0.8 0.2 0.4 0.2 4.47681 1 4.89973
0.2 0.6 0.8 0.2 0.4 0.4 4.6362 1 5.05912
0.2 0.6 0.8 0.2 0.4 0.6 5.51877 1 5.94169
0.2 0.6 0.8 0.2 0.6   0 5.27078 1 5.6937
0.2 0.6 0.8 0.2 0.6 0.2 4.90464 1 5.32756
0.2 0.6 0.8 0.2 0.6 0.4 4.60487 1 5.02779
0.2 0.6 0.8 0.2 0.8   0 5.65487 1 6.07779
0.2 0.6 0.8 0.2 0.8 0.2 5.33341 1 5.75633
0.2 0.8   0 0.6   0 0.8 5.46064 1 5.88356
0.2 0.8   0 0.6 0.2 0.8 5.66043 1 6.08335
0.2 0.8   0 0.8   0 0.8 6.98863 1 7.41155
0.2 0.8   0 0.8 0.2 0.6 6.48771 1 6.91063
0.2 0.8   0 0.8 0.2 0.8 7.64096 1 8.06388
0.2 0.8   0 0.8 0.4 0.4 6.48651 1 6.90943
0.2 0.8   0 0.8 0.4 0.6 6.3736 1 6.79652
0.2 0.8   0 0.8 0.6 0.2 5.80636 1 6.22928
0.2 0.8   0 0.8 0.8   0 5.46053 1 5.88345
0.2 0.8   0 0.8 0.8 0.2 5.75003 1 6.17295
0.2 0.8 0.2 0.4   0 0.6 5.93954 1 6.36246
0.2 0.8 0.2 0.4   0 0.8 7.23122 1 7.65414
0.2 0.8 0.2 0.4 0.2 0.6 6.99932 1 7.42224
0.2 0.8 0.2 0.4 0.2 0.8 6.70379 1 7.12671
0.2 0.8 0.2 0.4 0.4 0.4 7.34939 1 7.77231
0.2 0.8 0.2 0.4 0.4 0.6 6.83584 1 7.25876
0.2 0.8 0.2 0.4 0.6 0.2 7.25573 1 7.67865
0.2 0.8 0.2 0.4 0.6 0.4 7.09398 1 7.5169
0.2 0.8 0.2 0.4 0.8   0 7.32448 1 7.7474
0.2 0.8 0.2 0.4 0.8 0.2 6.46957 1 6.89249
0.2 0.8 0.2 0.6   0 0.8 7.68933 1 8.11225
0.2 0.8 0.2 0.6 0.2 0.4 6.88597 1 7.30889
0.2 0.8 0.2 0.6 0.2 0.6 7.63507 1 8.05799
0.2 0.8 0.2 0.6 0.2 0.8 7.41025 1 7.83317
0.2 0.8 0.2 0.6 0.4 0.2 6.76194 1 7.18486
0.2 0.8 0.2 0.6 0.4 0.4 7.43347 1 7.85639
0.2 0.8 0.2 0.6 0.4 0.6 7.2079 1 7.63082
0.2 0.8 0.2 0.6 0.6   0 6.93897 1 7.36189
0.2 0.8 0.2 0.6 0.6 0.2 7.52667 1 7.94959
0.2 0.8 0.2 0.6 0.6 0.4 7.56087 1 7.98379
0.2 0.8 0.2 0.6 0.8   0 7.19705 1 7.61997
0.2 0.8 0.2 0.6 0.8 0.2 7.34956 1 7.77248
0.2 0.8 0.2 0.8   0 0.8 7.49768 1 7.9206
0.2 0.8 0.2 0.8 0.2 0.4 6.29784 1 6.72076
0.2 0.8 0.2 0.8 0.2 0.6 6.30807 1 6.73099
0.2 0.8 0.2 0.8 0.2 0.8 6.34977 1 6.77269
0.2 0.8 0.2 0.8 0.4 0.2 6.05794 1 6.48086
0.2 0.8 0.2 0.8 0.4 0.4 6.04323 1 6.46615
0.2 0.8 0.2 0.8 0.4 0.6 5.69152 1 6.11444
0.2 0.8 0.2 0.8 0.6 0.2 6.57759 1 7.00051
0.2 0.8 0.2 0.8 0.6 0.4 5.89613 1 6.31905
0.2 0.8 0.2 0.8 0.8   0 6.18326 1 6.60618
0.2 0.8 0.2 0.8 0.8 0.2 5.99417 1 6.41709
0.2 0.8 0.4 0.2   0 0.8 7.20245 1 7.62537
0.2 0.8 0.4 0.2 0.2 0.6 4.55441 1 4.97733
0.2 0.8 0.4 0.2 0.2 0.8 4.95088 1 5.3738
0.2 0.8 0.4 0.2 0.4 0.4 3.62508 1 4.048
0.2 0.8 0.4 0.2 0.8   0 3.95088 1 4.3738
0.2 0.8 0.4 0.4   0 0.6 6.83052 1 7.25344
0.2 0.8 0.4 0.4   0 0.8 7.55699 1 7.97991
0.2 0.8 0.4 0.4 0.2 0.2 3.52546 1 3.94838
0.2 0.8 0.4 0.4 0.2 0.4 7.15174 1 7.57466
0.2 0.8 0.4 0.4 0.2 0.6 7.61956 1 8.04248
0.2 0.8 0.4 0.4 0.2 0.8 7.31999 1 7.74291
0.2 0.8 0.4 0.4 0.4 0.2 7.19075 1 7.61367
0.2 0.8 0.4 0.4 0.4 0.4 7.7596 1 8.18252
0.2 0.8 0.4 0.4 0.4 0.6 7.1453 1 7.56822
0.2 0.8 0.4 0.4 0.6   0 7.01333 1 7.43625
0.2 0.8 0.4 0.4 0.6 0.2 7.57594 1 7.99886
0.2 0.8 0.4 0.4 0.6 0.4 7.15267 1 7.57559
0.2 0.8 0.4 0.4 0.8   0 7.24449 1 7.66741
0.2 0.8 0.4 0.4 0.8 0.2 7.27889 1 7.70181
0.2 0.8 0.4 0.6   0 0.6 6.95428 1 7.3772
0.2 0.8 0.4 0.6   0 0.8 7.92504 1 8.34796
0.2 0.8 0.4 0.6 0.2 0.4 7.04767 1 7.47059
0.2 0.8 0.4 0.6 0.2 0.6 7.20044 1 7.62336
0.2 0.8 0.4 0.6 0.2 0.8 7.31313 1 7.73605
0.2 0.8 0.4 0.6 0.4   0 4.4244 1 4.84732
0.2 0.8 0.4 0.6 0.4 0.2 6.34871 1 6.77163
0.2 0.8 0.4 0.6 0.4 0.4 7.53221 1 7.95513
0.2 0.8 0.4 0.6 0.4 0.6 7.10069 1 7.52361
0.2 0.8 0.4 0.6 0.6   0 5.31434 1 5.73726
0.2 0.8 0.4 0.6 0.6 0.2 6.9306 1 7.35352
0.2 0.8 0.4 0.6 0.6 0.4 6.71118 1 7.1341
0.2 0.8 0.4 0.6 0.8   0 6.96835 1 7.39127
0.2 0.8 0.4 0.6 0.8 0.2 6.87385 1 7.29677
0.2 0.8 0.6   0   0 0.6 4.18739 1 4.61031
0.2 0.8 0.6   0   0 0.8 4.06531 1 4.48823
0.2 0.8 0.6   0 0.2 0.4 3.86884 1 4.29176
0.2 0.8 0.6   0 0.2 0.6 3.93023 1 4.35315
0.2 0.8 0.6   0 0.2 0.8 3.88654 1 4.30946
0.2 0.8 0.6   0 0.8   0 4.08961 1 4.51253
0.2 0.8 0.6   0 0.8 0.2 3.78377 1 4.20669
0.2 0.8 0.6 0.2   0 0.6 6.47575 1 6.89867
0.2 0.8 0.6 0.2   0 0.8 7.07991 1 7.50283
0.2 0.8 0.6 0.2 0.2 0.2 4.32123 1 4.74415
0.2 0.8 0.6 0.2 0.2 0.4 4.03044 1 4.45336
0.2 0.8 0.6 0.2 0.2 0.6 6.48032 1 6.90324
0.2 0.8 0.6 0.2 0.2 0.8 6.47587 1 6.89879
0.2 0.8 0.6 0.2 0.4 0.2 3.90426 1 4.32718
0.2 0.8 0.6 0.2 0.4 0.4 5.20564 1 5.62856
0.2 0.8 0.6 0.2 0.4 0.6 7.1195 1 7.54242
0.2 0.8 0.6 0.2 0.6   0 4.07507 1 4.49799
0.2 0.8 0.6 0.2 0.6 0.2 7.32779 1 7.75071
0.2 0.8 0.6 0.2 0.6 0.4 4.48859 1 4.91151
0.2 0.8 0.6 0.2 0.8   0 6.87751 1 7.30043
0.2 0.8 0.6 0.2 0.8 0.2 4.37843 1 4.80135
0.2 0.8 0.6 0.4   0 0.6 6.87795 1 7.30087
0.2 0.8 0.6 0.4   0 0.8 7.4942 1 7.91712
0.2 0.8 0.6 0.4 0.2 0.4 6.31111 1 6.73403
0.2 0.8 0.6 0.4 0.2 0.6 7.25709 1 7.68001
0.2 0.8 0.6 0.4 0.2 0.8 7.50872 1 7.93164
0.2 0.8 0.6 0.4 0.4 0.4 7.28578 1 7.7087
0.2 0.8 0.6 0.4 0.4 0.6 7.28201 1 7.70493
0.2 0.8 0.6 0.4 0.6   0 4.07743 1 4.50035
0.2 0.8 0.6 0.4 0.6 0.2 6.41793 1 6.84085
0.2 0.8 0.6 0.4 0.6 0.4 4.87505 1 5.29797
0.2 0.8 0.6 0.4 0.8   0 6.83336 1 7.25628
0.2 0.8 0.6 0.4 0.8 0.2 3.40013 1 3.82305
0.2 0.8 0.8   0   0 0.6 3.49452 1 3.91744
0.2 0.8 0.8   0   0 0.8 4.14521 1 4.56813
0.2 0.8 0.8   0 0.2 0.2 3.93925 1 4.36217
0.2 0.8 0.8   0 0.2 0.6 3.823 1 4.24592
0.2 0.8 0.8   0 0.4   0 4.06909 1 4.49201
0.2 0.8 0.8   0 0.4 0.4 3.62967 1 4.05259
0.2 0.8 0.8   0 0.6 0.4 3.93689 1 4.35981
0.2 0.8 0.8   0 0.8   0 4.0115 1 4.43442
0.2 0.8 0.8 0.2   0 0.6 3.12797 1 3.55089
0.2 0.8 0.8 0.2   0 0.8 4.54393 1 4.96685
0.2 0.8 0.8 0.2 0.2 0.2 3.88343 1 4.30635
0.2 0.8 0.8 0.2 0.2 0.6 3.12425 1 3.54717
0.2 0.8 0.8 0.2 0.2 0.8 3.00018 1 3.4231
0.2 0.8 0.8 0.2 0.4 0.2 3.44076 1 3.86368
0.2 0.8 0.8 0.2 0.4 0.4 4.30212 1 4.72504
0.2 0.8 0.8 0.2 0.4 0.6 3.30546 1 3.72838
0.2 0.8 0.8 0.2 0.6   0 3.26049 1 3.68341
0.2 0.8 0.8 0.2 0.8   0 4.33537 1 4.75829
0.2 0.8 0.8 0.2 0.8 0.2 3.96016 1 4.38308
0.4   0   0 0.6 0.8 0.2 5.18096 1 5.60388
0.4   0   0 0.8   0 0.6 7.30352 1 7.72644
0.4   0   0 0.8 0.2 0.6 5.58752 1 6.01044
0.4   0   0 0.8 0.8   0 7.52307 1 7.94599
0.4   0   0 0.8 0.8 0.2 4.26975 1 4.69267
0.4   0 0.2 0.2 0.6 0.2 4.54185 1 4.96477
0.4   0 0.2 0.2 0.8   0 4.68323 1 5.10615
0.4   0 0.2 0.4   0 0.8 5.16568 1 5.5886
0.4   0 0.2 0.4 0.2 0.8 4.7134 1 5.13632
0.4   0 0.2 0.4 0.4 0.2 4.97798 1 5.4009
0.4   0 0.2 0.4 0.4 0.4 5.18763 1 5.61055
0.4   0 0.2 0.4 0.6 0.2 4.48218 1 4.9051
0.4   0 0.2 0.4 0.6 0.4 4.73586 1 5.15878
0.4   0 0.2 0.4 0.8   0 5.45261 1 5.87553
0.4   0 0.2 0.4 0.8 0.2 4.23926 1 4.66218
0.4   0 0.2 0.6   0 0.8 5.39034 1 5.81326
0.4   0 0.2 0.6 0.2 0.6 5.2867 1 5.70962
0.4   0 0.2 0.6 0.2 0.8 5.46776 1 5.89068
0.4   0 0.2 0.6 0.4 0.4 4.87561 1 5.29853
0.4   0 0.2 0.6 0.6 0.2 5.55583 1 5.97875
0.4   0 0.2 0.6 0.6 0.4 5.06501 1 5.48793
0.4   0 0.2 0.6 0.8   0 7.22051 1 7.64343
0.4   0 0.2 0.6 0.8 0.2 5.54424 1 5.96716
0.4   0 0.4 0.2   0 0.8 3.38008 1 3.803
0.4   0 0.4 0.2 0.4 0.2 2.89781 1 3.32073
0.4   0 0.4 0.2 0.6 0.2 3.75444 1 4.17736
0.4   0 0.4 0.2 0.8   0 5.66791 1 6.09083
0.4   0 0.4 0.4   0 0.6 6.85906 1 7.28198
0.4   0 0.4 0.4   0 0.8 4.96783 1 5.39075
0.4   0 0.4 0.4 0.4 0.4 4.57387 1 4.99679
0.4   0 0.4 0.4 0.6 0.2 4.57685 1 4.99977
0.4   0 0.4 0.4 0.6 0.4 4.24426 1 4.66718
0.4   0 0.4 0.4 0.8   0 5.21686 1 5.63978
0.4   0 0.4 0.4 0.8 0.2 5.01406 1 5.43698
0.4   0 0.6 0.2   0 0.8 3.99923 1 4.42215
0.4   0 0.6 0.2 0.8   0 4.68604 1 5.10896
0.4 0.2   0 0.4 0.2 0.6 4.95118 1 5.3741
0.4 0.2   0 0.4 0.2 0.8 4.50879 1 4.93171
0.4 0.2   0 0.4 0.4 0.4 4.69928 1 5.1222
0.4 0.2   0 0.4 0.6 0.2 5.00615 1 5.42907
0.4 0.2   0 0.4 0.8   0 4.4296 1 4.85252
0.4 0.2   0 0.6   0 0.4 7.4363 1 7.85922
0.4 0.2   0 0.6   0 0.6 7.14766 1 7.57058
0.4 0.2   0 0.6   0 0.8 7.91948 1 8.3424
0.4 0.2   0 0.6 0.2 0.2 7.15888 1 7.5818
0.4 0.2   0 0.6 0.2 0.4 7.12867 1 7.55159
0.4 0.2   0 0.6 0.2 0.6 7.65057 1 8.07349
0.4 0.2   0 0.6 0.2 0.8 7.06561 1 7.48853
0.4 0.2   0 0.6 0.4   0 6.9618 1 7.38472
0.4 0.2   0 0.6 0.4 0.2 7.25746 1 7.68038
0.4 0.2   0 0.6 0.4 0.4 7.37926 1 7.80218
0.4 0.2   0 0.6 0.4 0.6 7.00226 1 7.42518
0.4 0.2   0 0.6 0.6   0 7.1992 1 7.62212
0.4 0.2   0 0.6 0.6 0.2 7.35596 1 7.77888
0.4 0.2   0 0.6 0.6 0.4 7.39449 1 7.81741
0.4 0.2   0 0.6 0.8   0 7.43351 1 7.85643
0.4 0.2   0 0.6 0.8 0.2 7.20096 1 7.62388
0.4 0.2   0 0.8   0 0.4 6.65621 1 7.07913
0.4 0.2   0 0.8   0 0.6 7.33163 1 7.75455
0.4 0.2   0 0.8   0 0.8 7.75493 1 8.17785
0.4 0.2   0 0.8 0.2 0.2 7.85796 1 8.28088
0.4 0.2   0 0.8 0.2 0.4 7.79238 1 8.2153
0.4 0.2   0 0.8 0.2 0.6 7.69328 1 8.1162
0.4 0.2   0 0.8 0.2 0.8 7.41626 1 7.83918
0.4 0.2   0 0.8 0.4   0 7.34154 1 7.76446
0.4 0.2   0 0.8 0.4 0.2 7.86364 1 8.28656
0.4 0.2   0 0.8 0.4 0.4 7.90888 1 8.3318
0.4 0.2   0 0.8 0.4 0.6 7.24354 1 7.66646
0.4 0.2   0 0.8 0.6   0 7.99497 1 8.41789
0.4 0.2   0 0.8 0.6 0.2 7.98883 1 8.41175
0.4 0.2   0 0.8 0.6 0.4 7.2873 1 7.71022
0.4 0.2   0 0.8 0.8   0 7.7266 1 8.14952
0.4 0.2   0 0.8 0.8 0.2 7.41164 1 7.83456
0.4 0.2 0.2 0.2   0 0.6 4.29367 1 4.71659
0.4 0.2 0.2 0.2   0 0.8 5.33068 1 5.7536
0.4 0.2 0.2 0.2 0.2 0.2 4.99817 1 5.42109
0.4 0.2 0.2 0.2 0.2 0.4 4.79656 1 5.21948
0.4 0.2 0.2 0.2 0.2 0.6 4.9015 1 5.32442
0.4 0.2 0.2 0.2 0.2 0.8 4.49984 1 4.92276
0.4 0.2 0.2 0.2 0.4 0.2 4.63595 1 5.05887
0.4 0.2 0.2 0.2 0.4 0.4 4.78567 1 5.20859
0.4 0.2 0.2 0.2 0.4 0.6 4.89126 1 5.31418
0.4 0.2 0.2 0.2 0.6   0 5.44729 1 5.87021
0.4 0.2 0.2 0.2 0.6 0.2 5.17888 1 5.6018
0.4 0.2 0.2 0.2 0.6 0.4 4.44629 1 4.86921
0.4 0.2 0.2 0.2 0.8   0 5.11474 1 5.53766
0.4 0.2 0.2 0.2 0.8 0.2 4.80224 1 5.22516
0.4 0.2 0.2 0.4   0 0.4 4.02806 1 4.45098
0.4 0.2 0.2 0.4   0 0.6 8.13008 1 8.553
0.4 0.2 0.2 0.4   0 0.8 7.37872 1 7.80164
0.4 0.2 0.2 0.4 0.2 0.2 7.548 1 7.97092
0.4 0.2 0.2 0.4 0.2 0.4 7.35852 1 7.78144
0.4 0.2 0.2 0.4 0.2 0.6 7.45708 1 7.88
0.4 0.2 0.2 0.4 0.2 0.8 7.59914 1 8.02206
0.4 0.2 0.2 0.4 0.4   0 4.10179 1 4.52471
0.4 0.2 0.2 0.4 0.4 0.2 6.96634 1 7.38926
0.4 0.2 0.2 0.4 0.4 0.4 7.53714 1 7.96006
0.4 0.2 0.2 0.4 0.4 0.6 6.69032 1 7.11324
0.4 0.2 0.2 0.4 0.6   0 7.36245 1 7.78537
0.4 0.2 0.2 0.4 0.6 0.2 7.40899 1 7.83191
0.4 0.2 0.2 0.4 0.6 0.4 6.70507 1 7.12799
0.4 0.2 0.2 0.4 0.8   0 7.76237 1 8.18529
0.4 0.2 0.2 0.4 0.8 0.2 7.62322 1 8.04614
0.4 0.2 0.2 0.6   0 0.4 7.34687 1 7.76979
0.4 0.2 0.2 0.6   0 0.6 8.08383 1 8.50675
0.4 0.2 0.2 0.6   0 0.8 8.13057 1 8.55349
0.4 0.2 0.2 0.6 0.2 0.2 7.63959 1 8.06251
0.4 0.2 0.2 0.6 0.2 0.4 8.24179 1 8.66471
0.4 0.2 0.2 0.6 0.2 0.6 8.28149 1 8.70441
0.4 0.2 0.2 0.6 0.2 0.8 7.75922 1 8.18214
0.4 0.2 0.2 0.6 0.4   0 7.75746 1 8.18038
0.4 0.2 0.2 0.6 0.4 0.2 7.97168 1 8.3946
0.4 0.2 0.2 0.6 0.4 0.4 7.95251 1 8.37543
0.4 0.2 0.2 0.6 0.4 0.6 7.87137 1 8.29429
0.4 0.2 0.2 0.6 0.6   0 8.0686 1 8.49152
0.4 0.2 0.2 0.6 0.6 0.2 8.20123 1 8.62415
0.4 0.2 0.2 0.6 0.6 0.4 7.43381 1 7.85673
0.4 0.2 0.2 0.6 0.8   0 8.3817 1 8.80462
0.4 0.2 0.2 0.6 0.8 0.2 7.92463 1 8.34755
0.4 0.2 0.2 0.8   0 0.6 7.7661 1 8.18902
0.4 0.2 0.2 0.8   0 0.8 7.77602 1 8.19894
0.4 0.2 0.2 0.8 0.2 0.2 7.91822 1 8.34114
0.4 0.2 0.2 0.8 0.2 0.4 7.6021 1 8.02502
0.4 0.2 0.2 0.8 0.2 0.6 7.65766 1 8.08058
0.4 0.2 0.2 0.8 0.2 0.8 7.70234 1 8.12526
0.4 0.2 0.2 0.8 0.4   0 7.69434 1 8.11726
0.4 0.2 0.2 0.8 0.4 0.2 7.85813 1 8.28105
0.4 0.2 0.2 0.8 0.4 0.4 8.14014 1 8.56306
0.4 0.2 0.2 0.8 0.4 0.6 7.08355 1 7.50647
0.4 0.2 0.2 0.8 0.6   0 7.9443 1 8.36722
0.4 0.2 0.2 0.8 0.6 0.2 7.76393 1 8.18685
0.4 0.2 0.2 0.8 0.6 0.4 7.7653 1 8.18822
0.4 0.2 0.2 0.8 0.8   0 8.0419 1 8.46482
0.4 0.2 0.2 0.8 0.8 0.2 7.8056 1 8.22852
0.4 0.2 0.4   0   0 0.8 3.159 1 3.58192
0.4 0.2 0.4 0.2   0 0.4 3.7731 1 4.19602
0.4 0.2 0.4 0.2   0 0.6 5.7023 1 6.12522
0.4 0.2 0.4 0.2   0 0.8 7.24845 1 7.67137
0.4 0.2 0.4 0.2 0.2 0.4 6.46797 1 6.89089
0.4 0.2 0.4 0.2 0.2 0.6 6.85886 1 7.28178
0.4 0.2 0.4 0.2 0.2 0.8 6.56795 1 6.99087
0.4 0.2 0.4 0.2 0.4 0.2 5.59879 1 6.02171
0.4 0.2 0.4 0.2 0.4 0.4 6.4218 1 6.84472
0.4 0.2 0.4 0.2 0.4 0.6 6.45004 1 6.87296
0.4 0.2 0.4 0.2 0.6   0 5.45157 1 5.87449
0.4 0.2 0.4 0.2 0.6 0.2 6.63453 1 7.05745
0.4 0.2 0.4 0.2 0.6 0.4 6.64254 1 7.06546
0.4 0.2 0.4 0.2 0.8   0 6.99051 1 7.41343
0.4 0.2 0.4 0.2 0.8 0.2 6.64521 1 7.06813
0.4 0.2 0.4 0.4   0 0.2 3.12131 1 3.54423
0.4 0.2 0.4 0.4   0 0.4 6.29584 1 6.71876
0.4 0.2 0.4 0.4   0 0.6 7.59381 1 8.01673
0.4 0.2 0.4 0.4   0 0.8 8.07698 1 8.4999
0.4 0.2 0.4 0.4 0.2   0 5.34766 1 5.77058
0.4 0.2 0.4 0.4 0.2 0.2 6.73308 1 7.156
0.4 0.2 0.4 0.4 0.2 0.4 7.61825 1 8.04117
0.4 0.2 0.4 0.4 0.2 0.6 7.95751 1 8.38043
0.4 0.2 0.4 0.4 0.2 0.8 7.84034 1 8.26326
0.4 0.2 0.4 0.4 0.4   0 7.34907 1 7.77199
0.4 0.2 0.4 0.4 0.4 0.2 7.71793 1 8.14085
0.4 0.2 0.4 0.4 0.4 0.4 7.68843 1 8.11135
0.4 0.2 0.4 0.4 0.4 0.6 7.51163 1 7.93455
0.4 0.2 0.4 0.4 0.6   0 7.51405 1 7.93697
0.4 0.2 0.4 0.4 0.6 0.2 7.65005 1 8.07297
0.4 0.2 0.4 0.4 0.6 0.4 7.36143 1 7.78435
0.4 0.2 0.4 0.4 0.8   0 8.14388 1 8.5668
0.4 0.2 0.4 0.4 0.8 0.2 8.52524 1 8.94816
0.4 0.2 0.4 0.6   0 0.6 7.2282 1 7.65112
0.4 0.2 0.4 0.6   0 0.8 8.15011 1 8.57303
0.4 0.2 0.4 0.6 0.2 0.4 7.58295 1 8.00587
0.4 0.2 0.4 0.6 0.2 0.6 8.23858 1 8.6615
0.4 0.2 0.4 0.6 0.2 0.8 7.72445 1 8.14737
0.4 0.2 0.4 0.6 0.4 0.2 7.53107 1 7.95399
0.4 0.2 0.4 0.6 0.4 0.4 7.98611 1 8.40903
0.4 0.2 0.4 0.6 0.4 0.6 7.76886 1 8.19178
0.4 0.2 0.4 0.6 0.6   0 7.28514 1 7.70806
0.4 0.2 0.4 0.6 0.6 0.2 7.76705 1 8.18997
0.4 0.2 0.4 0.6 0.6 0.4 7.59517 1 8.01809
0.4 0.2 0.4 0.6 0.8   0 8.08224 1 8.50516
0.4 0.2 0.4 0.6 0.8 0.2 7.71313 1 8.13605
0.4 0.2 0.6   0   0 0.4 2.28147 1 2.70439
0.4 0.2 0.6   0   0 0.6 2.61192 1 3.03484
0.4 0.2 0.6   0   0 0.8 5.34268 1 5.7656
0.4 0.2 0.6   0 0.2 0.4 3.95024 1 4.37316
0.4 0.2 0.6   0 0.2 0.6 5.89075 1 6.31367
0.4 0.2 0.6   0 0.2 0.8 3.67735 1 4.10027
0.4 0.2 0.6   0 0.4 0.2 2.26848 1 2.6914
0.4 0.2 0.6   0 0.4 0.4 3.47668 1 3.8996
0.4 0.2 0.6   0 0.4 0.6 3.21602 1 3.63894
0.4 0.2 0.6   0 0.6 0.2 3.84737 1 4.27029
0.4 0.2 0.6   0 0.6 0.4 2.59562 1 3.01854
0.4 0.2 0.6   0 0.8   0 4.14041 1 4.56333
0.4 0.2 0.6 0.2   0 0.2 3.19621 1 3.61913
0.4 0.2 0.6 0.2   0 0.4 3.70737 1 4.13029
0.4 0.2 0.6 0.2   0 0.6 5.43274 1 5.85566
0.4 0.2 0.6 0.2   0 0.8 7.17073 1 7.59365
0.4 0.2 0.6 0.2 0.2 0.2 4.39478 1 4.8177
0.4 0.2 0.6 0.2 0.2 0.4 6.96281 1 7.38573
0.4 0.2 0.6 0.2 0.2 0.6 7.01876 1 7.44168
0.4 0.2 0.6 0.2 0.2 0.8 7.05304 1 7.47596
0.4 0.2 0.6 0.2 0.4   0 3.52371 1 3.94663
0.4 0.2 0.6 0.2 0.4 0.2 6.90173 1 7.32465
0.4 0.2 0.6 0.2 0.4 0.4 7.1519 1 7.57482
0.4 0.2 0.6 0.2 0.4 0.6 6.42581 1 6.84873
0.4 0.2 0.6 0.2 0.6   0 7.10774 1 7.53066
0.4 0.2 0.6 0.2 0.6 0.2 7.57044 1 7.99336
0.4 0.2 0.6 0.2 0.6 0.4 7.2042 1 7.62712
0.4 0.2 0.6 0.2 0.8   0 6.97923 1 7.40215
0.4 0.2 0.6 0.2 0.8 0.2 6.69318 1 7.1161
0.4 0.2 0.6 0.4   0 0.6 7.08937 1 7.51229
0.4 0.2 0.6 0.4   0 0.8 7.75467 1 8.17759
0.4 0.2 0.6 0.4 0.2 0.4 7.58805 1 8.01097
0.4 0.2 0.6 0.4 0.2 0.6 7.68995 1 8.11287
0.4 0.2 0.6 0.4 0.2 0.8 7.23679 1 7.65971
0.4 0.2 0.6 0.4 0.4   0 6.82891 1 7.25183
0.4 0.2 0.6 0.4 0.4 0.2 7.26397 1 7.68689
0.4 0.2 0.6 0.4 0.4 0.4 7.74248 1 8.1654
0.4 0.2 0.6 0.4 0.4 0.6 6.94382 1 7.36674
0.4 0.2 0.6 0.4 0.6   0 7.04018 1 7.4631
0.4 0.2 0.6 0.4 0.6 0.2 7.41442 1 7.83734
0.4 0.2 0.6 0.4 0.6 0.4 6.6505 1 7.07342
0.4 0.2 0.6 0.4 0.8   0 7.54504 1 7.96796
0.4 0.2 0.6 0.4 0.8 0.2 7.14493 1 7.56785
0.4 0.2 0.8   0   0 0.4 2.24902 1 2.67194
0.4 0.2 0.8   0   0 0.8 3.51775 1 3.94067
0.4 0.2 0.8   0 0.2 0.4 5.45761 1 5.88053
0.4 0.2 0.8   0 0.2 0.6 5.81986 1 6.24278
0.4 0.2 0.8   0 0.2 0.8 2.13287 1 2.55579
0.4 0.2 0.8   0 0.4 0.2 2.43636 1 2.85928
0.4 0.2 0.8   0 0.4 0.4 2.41764 1 2.84056
0.4 0.2 0.8   0 0.6 0.2 3.71124 1 4.13416
0.4 0.2 0.8   0 0.8   0 5.76386 1 6.18678
0.4 0.2 0.8   0 0.8 0.2 5.87856 1 6.30148
0.4 0.2 0.8 0.2   0 0.6 2.24225 1 2.66517
0.4 0.2 0.8 0.2   0 0.8 5.85692 1 6.27984
0.4 0.2 0.8 0.2 0.2 0.2 2.84367 1 3.26659
0.4 0.2 0.8 0.2 0.2 0.6 6.2795 1 6.70242
0.4 0.2 0.8 0.2 0.2 0.8 6.13086 1 6.55378
0.4 0.2 0.8 0.2 0.4 0.2 2.11303 1 2.53595
0.4 0.2 0.8 0.2 0.4 0.4 5.74424 1 6.16716
0.4 0.2 0.8 0.2 0.4 0.6 5.77452 1 6.19744
0.4 0.2 0.8 0.2 0.6 0.2 5.4635 1 5.88642
0.4 0.2 0.8 0.2 0.8   0 5.89696 1 6.31988
0.4 0.2 0.8 0.2 0.8 0.2 5.79776 1 6.22068
0.4 0.4   0 0.4 0.8   0 5.72296 1 6.14588
0.4 0.4   0 0.6   0 0.6 6.92324 1 7.34616
0.4 0.4   0 0.6   0 0.8 7.47387 1 7.89679
0.4 0.4   0 0.6 0.2 0.2 6.48491 1 6.90783
0.4 0.4   0 0.6 0.2 0.4 7.08427 1 7.50719
0.4 0.4   0 0.6 0.2 0.6 7.24363 1 7.66655
0.4 0.4   0 0.6 0.2 0.8 6.87124 1 7.29416
0.4 0.4   0 0.6 0.4 0.2 6.96975 1 7.39267
0.4 0.4   0 0.6 0.4 0.4 7.61169 1 8.03461
0.4 0.4   0 0.6 0.4 0.6 6.76706 1 7.18998
0.4 0.4   0 0.6 0.6   0 6.39379 1 6.81671
0.4 0.4   0 0.6 0.6 0.2 7.212 1 7.63492
0.4 0.4   0 0.6 0.6 0.4 7.08782 1 7.51074
0.4 0.4   0 0.6 0.8   0 7.15544 1 7.57836
0.4 0.4   0 0.6 0.8 0.2 7.22802 1 7.65094
0.4 0.4   0 0.8   0 0.4 7.15819 1 7.58111
0.4 0.4   0 0.8   0 0.6 8.20857 1 8.63149
0.4 0.4   0 0.8   0 0.8 8.25947 1 8.68239
0.4 0.4   0 0.8 0.2 0.2 7.44468 1 7.8676
0.4 0.4   0 0.8 0.2 0.4 8.03071 1 8.45363
0.4 0.4   0 0.8 0.2 0.6 8.27888 1 8.7018
0.4 0.4   0 0.8 0.2 0.8 7.95597 1 8.37889
0.4 0.4   0 0.8 0.4 0.2 7.89661 1 8.31953
0.4 0.4   0 0.8 0.4 0.4 8.47227 1 8.89519
0.4 0.4   0 0.8 0.4 0.6 8.00718 1 8.4301
0.4 0.4   0 0.8 0.6   0 7.8007 1 8.22362
0.4 0.4   0 0.8 0.6 0.2 7.93464 1 8.35756
0.4 0.4   0 0.8 0.6 0.4 7.70065 1 8.12357
0.4 0.4   0 0.8 0.8   0 8.13249 1 8.55541
0.4 0.4   0 0.8 0.8 0.2 8.74514 1 9.16806
0.4 0.4 0.2 0.2 0.4 0.4 2.12112 1 2.54404
0.4 0.4 0.2 0.2 0.6 0.2 5.84385 1 6.26677
0.4 0.4 0.2 0.2 0.8   0 4.87526 1 5.29818
0.4 0.4 0.2 0.2 0.8 0.2 2.79358 1 3.2165
0.4 0.4 0.2 0.4   0 0.4 6.20674 1 6.62966
0.4 0.4 0.2 0.4   0 0.6 7.75527 1 8.17819
0.4 0.4 0.2 0.4   0 0.8 7.75828 1 8.1812
0.4 0.4 0.2 0.4 0.2 0.2 6.57025 1 6.99317
0.4 0.4 0.2 0.4 0.2 0.4 7.16675 1 7.58967
0.4 0.4 0.2 0.4 0.2 0.6 7.92863 1 8.35155
0.4 0.4 0.2 0.4 0.2 0.8 7.69198 1 8.1149
0.4 0.4 0.2 0.4 0.4   0 7.20412 1 7.62704
0.4 0.4 0.2 0.4 0.4 0.2 7.53528 1 7.9582
0.4 0.4 0.2 0.4 0.4 0.4 7.68949 1 8.11241
0.4 0.4 0.2 0.4 0.4 0.6 7.01211 1 7.43503
0.4 0.4 0.2 0.4 0.6   0 7.55223 1 7.97515
0.4 0.4 0.2 0.4 0.6 0.2 8.10022 1 8.52314
0.4 0.4 0.2 0.4 0.6 0.4 7.42008 1 7.843
0.4 0.4 0.2 0.4 0.8   0 7.55188 1 7.9748
0.4 0.4 0.2 0.4 0.8 0.2 7.7727 1 8.19562
0.4 0.4 0.2 0.6   0 0.2 3.59797 1 4.02089
0.4 0.4 0.2 0.6   0 0.4 7.91358 1 8.3365
0.4 0.4 0.2 0.6   0 0.6 8.14562 1 8.56854
0.4 0.4 0.2 0.6   0 0.8 8.41377 1 8.83669
0.4 0.4 0.2 0.6 0.2 0.2 7.89526 1 8.31818
0.4 0.4 0.2 0.6 0.2 0.4 8.38052 1 8.80344
0.4 0.4 0.2 0.6 0.2 0.6 8.38754 1 8.81046
0.4 0.4 0.2 0.6 0.2 0.8 8.50133 1 8.92425
0.4 0.4 0.2 0.6 0.4   0 7.55967 1 7.98259
0.4 0.4 0.2 0.6 0.4 0.2 8.77539 1 9.19831
0.4 0.4 0.2 0.6 0.4 0.4 8.34334 1 8.76626
0.4 0.4 0.2 0.6 0.4 0.6 8.14989 1 8.57281
0.4 0.4 0.2 0.6 0.6   0 7.9963 1 8.41922
0.4 0.4 0.2 0.6 0.6 0.2 8.29608 1 8.719
0.4 0.4 0.2 0.6 0.6 0.4 8.53566 1 8.95858
0.4 0.4 0.2 0.6 0.8   0 8.31346 1 8.73638
0.4 0.4 0.2 0.6 0.8 0.2 8.42988 1 8.8528
0.4 0.4 0.2 0.8   0 0.6 8.08249 1 8.50541
0.4 0.4 0.2 0.8   0 0.8 8.47299 1 8.89591
0.4 0.4 0.2 0.8 0.2 0.2 7.53607 1 7.95899
0.4 0.4 0.2 0.8 0.2 0.4 8.05455 1 8.47747
0.4 0.4 0.2 0.8 0.2 0.6 8.3601 1 8.78302
0.4 0.4 0.2 0.8 0.2 0.8 8.28124 1 8.70416
0.4 0.4 0.2 0.8 0.4   0 7.45746 1 7.88038
0.4 0.4 0.2 0.8 0.4 0.2 8.02746 1 8.45038
0.4 0.4 0.2 0.8 0.4 0.4 8.57315 1 8.99607
0.4 0.4 0.2 0.8 0.4 0.6 8.05823 1 8.48115
0.4 0.4 0.2 0.8 0.6   0 8.19895 1 8.62187
0.4 0.4 0.2 0.8 0.6 0.2 8.68878 1 9.1117
0.4 0.4 0.2 0.8 0.6 0.4 8.26102 1 8.68394
0.4 0.4 0.2 0.8 0.8   0 8.33236 1 8.75528
0.4 0.4 0.2 0.8 0.8 0.2 8.29899 1 8.72191
0.4 0.4 0.4   0   0 0.6 3.12514 1 3.54806
0.4 0.4 0.4   0   0 0.8 3.30209 1 3.72501
0.4 0.4 0.4   0 0.2 0.8 3.81334 1 4.23626
0.4 0.4 0.4   0 0.4 0.4 3.6281 1 4.05102
0.4 0.4 0.4 0.2   0 0.4 4.26711 1 4.69003
0.4 0.4 0.4 0.2   0 0.6 6.90958 1 7.3325
0.4 0.4 0.4 0.2   0 0.8 7.30567 1 7.72859
0.4 0.4 0.4 0.2 0.2 0.2 4.1744 1 4.59732
0.4 0.4 0.4 0.2 0.2 0.4 6.73841 1 7.16133
0.4 0.4 0.4 0.2 0.2 0.6 7.35744 1 7.78036
0.4 0.4 0.4 0.2 0.2 0.8 7.15677 1 7.57969
0.4 0.4 0.4 0.2 0.4   0 6.033 1 6.45592
0.4 0.4 0.4 0.2 0.4 0.2 6.36205 1 6.78497
0.4 0.4 0.4 0.2 0.4 0.4 7.29633 1 7.71925
0.4 0.4 0.4 0.2 0.4 0.6 6.96989 1 7.39281
0.4 0.4 0.4 0.2 0.6   0 5.65896 1 6.08188
0.4 0.4 0.4 0.2 0.6 0.2 7.64872 1 8.07164
0.4 0.4 0.4 0.2 0.6 0.4 7.26813 1 7.69105
0.4 0.4 0.4 0.2 0.8   0 7.7133 1 8.13622
0.4 0.4 0.4 0.2 0.8 0.2 7.04146 1 7.46438
0.4 0.4 0.4 0.4   0 0.2 3.66437 1 4.08729
0.4 0.4 0.4 0.4   0 0.4 7.23336 1 7.65628
0.4 0.4 0.4 0.4   0 0.6 7.66704 1 8.08996
0.4 0.4 0.4 0.4   0 0.8 8.22209 1 8.64501
0.4 0.4 0.4 0.4 0.2   0 2.57488 1 2.9978
0.4 0.4 0.4 0.4 0.2 0.2 7.05152 1 7.47444
0.4 0.4 0.4 0.4 0.2 0.4 7.8124 1 8.23532
0.4 0.4 0.4 0.4 0.2 0.6 8.41008 1 8.833
0.4 0.4 0.4 0.4 0.2 0.8 7.95039 1 8.37331
0.4 0.4 0.4 0.4 0.4   0 7.53966 1 7.96258
0.4 0.4 0.4 0.4 0.4 0.2 7.89653 1 8.31945
0.4 0.4 0.4 0.4 0.4 0.4 8.47887 1 8.90179
0.4 0.4 0.4 0.4 0.4 0.6 7.66666 1 8.08958
0.4 0.4 0.4 0.4 0.6   0 7.83645 1 8.25937
0.4 0.4 0.4 0.4 0.6 0.2 8.2373 1 8.66022
0.4 0.4 0.4 0.4 0.6 0.4 7.91849 1 8.34141
0.4 0.4 0.4 0.4 0.8   0 8.14345 1 8.56637
0.4 0.4 0.4 0.4 0.8 0.2 8.08519 1 8.50811
0.4 0.4 0.4 0.6   0 0.6 7.70889 1 8.13181
0.4 0.4 0.4 0.6   0 0.8 8.01972 1 8.44264
0.4 0.4 0.4 0.6 0.2 0.2 7.37663 1 7.79955
0.4 0.4 0.4 0.6 0.2 0.4 7.59628 1 8.0192
0.4 0.4 0.4 0.6 0.2 0.6 8.03768 1 8.4606
0.4 0.4 0.4 0.6 0.2 0.8 7.8119 1 8.23482
0.4 0.4 0.4 0.6 0.4   0 6.4979 1 6.92082
0.4 0.4 0.4 0.6 0.4 0.2 7.3244 1 7.74732
0.4 0.4 0.4 0.6 0.4 0.4 8.11073 1 8.53365
0.4 0.4 0.4 0.6 0.4 0.6 7.64766 1 8.07058
0.4 0.4 0.4 0.6 0.6   0 7.56745 1 7.99037
0.4 0.4 0.4 0.6 0.6 0.2 7.72131 1 8.14423
0.4 0.4 0.4 0.6 0.6 0.4 7.9265 1 8.34942
0.4 0.4 0.4 0.6 0.8   0 8.22362 1 8.64654
0.4 0.4 0.4 0.6 0.8 0.2 7.83317 1 8.25609
0.4 0.4 0.6   0   0 0.4 3.32557 1 3.74849
0.4 0.4 0.6   0   0 0.6 5.38395 1 5.80687
0.4 0.4 0.6   0   0 0.8 5.89355 1 6.31647
0.4 0.4 0.6   0 0.2 0.2 5.70333 1 6.12625
0.4 0.4 0.6   0 0.2 0.4 6.05297 1 6.47589
0.4 0.4 0.6   0 0.2 0.6 4.7625 1 5.18542
0.4 0.4 0.6   0 0.2 0.8 4.29977 1 4.72269
0.4 0.4 0.6   0 0.4   0 2.52033 1 2.94325
0.4 0.4 0.6   0 0.4 0.2 3.62048 1 4.0434
0.4 0.4 0.6   0 0.4 0.4 3.82345 1 4.24637
0.4 0.4 0.6   0 0.4 0.6 4.00709 1 4.43001
0.4 0.4 0.6   0 0.6   0 3.87416 1 4.29708
0.4 0.4 0.6   0 0.6 0.2 4.86774 1 5.29066
0.4 0.4 0.6   0 0.6 0.4 3.63448 1 4.0574
0.4 0.4 0.6   0 0.8   0 5.13292 1 5.55584
0.4 0.4 0.6   0 0.8 0.2 4.72098 1 5.1439
0.4 0.4 0.6 0.2   0 0.4 5.31926 1 5.74218
0.4 0.4 0.6 0.2   0 0.6 6.74328 1 7.1662
0.4 0.4 0.6 0.2   0 0.8 8.14662 1 8.56954
0.4 0.4 0.6 0.2 0.2   0 4.47218 1 4.8951
0.4 0.4 0.6 0.2 0.2 0.2 5.41188 1 5.8348
0.4 0.4 0.6 0.2 0.2 0.4 7.29215 1 7.71507
0.4 0.4 0.6 0.2 0.2 0.6 8.23844 1 8.66136
0.4 0.4 0.6 0.2 0.2 0.8 7.70703 1 8.12995
0.4 0.4 0.6 0.2 0.4   0 4.48601 1 4.90893
0.4 0.4 0.6 0.2 0.4 0.2 7.33328 1 7.7562
0.4 0.4 0.6 0.2 0.4 0.4 7.802 1 8.22492
0.4 0.4 0.6 0.2 0.4 0.6 7.32682 1 7.74974
0.4 0.4 0.6 0.2 0.6   0 7.37277 1 7.79569
0.4 0.4 0.6 0.2 0.6 0.2 8.40862 1 8.83154
0.4 0.4 0.6 0.2 0.6 0.4 7.8523 1 8.27522
0.4 0.4 0.6 0.2 0.8   0 7.92676 1 8.34968
0.4 0.4 0.6 0.2 0.8 0.2 8.46581 1 8.88873
0.4 0.4 0.6 0.4   0 0.6 6.42827 1 6.85119
0.4 0.4 0.6 0.4   0 0.8 8.10199 1 8.52491
0.4 0.4 0.6 0.4 0.2 0.2 6.09861 1 6.52153
0.4 0.4 0.6 0.4 0.2 0.4 7.12397 1 7.54689
0.4 0.4 0.6 0.4 0.2 0.6 7.64886 1 8.07178
0.4 0.4 0.6 0.4 0.2 0.8 7.48529 1 7.90821
0.4 0.4 0.6 0.4 0.4   0 3.93027 1 4.35319
0.4 0.4 0.6 0.4 0.4 0.2 7.37882 1 7.80174
0.4 0.4 0.6 0.4 0.4 0.4 7.93483 1 8.35775
0.4 0.4 0.6 0.4 0.4 0.6 7.31223 1 7.73515
0.4 0.4 0.6 0.4 0.6   0 6.83873 1 7.26165
0.4 0.4 0.6 0.4 0.6 0.2 8.15218 1 8.5751
0.4 0.4 0.6 0.4 0.6 0.4 7.26841 1 7.69133
0.4 0.4 0.6 0.4 0.8   0 7.88789 1 8.31081
0.4 0.4 0.6 0.4 0.8 0.2 7.78907 1 8.21199
0.4 0.4 0.8   0   0 0.2 3.18101 1 3.60393
0.4 0.4 0.8   0   0 0.4 3.82254 1 4.24546
0.4 0.4 0.8   0   0 0.6 5.00638 1 5.4293
0.4 0.4 0.8   0   0 0.8 6.60925 1 7.03217
0.4 0.4 0.8   0 0.2   0 1.75784 1 2.18076
0.4 0.4 0.8   0 0.2 0.2 4.07197 1 4.49489
0.4 0.4 0.8   0 0.2 0.4 4.79159 1 5.21451
0.4 0.4 0.8   0 0.2 0.6 6.67272 1 7.09564
0.4 0.4 0.8   0 0.2 0.8 5.86448 1 6.2874
0.4 0.4 0.8   0 0.4   0 3.96086 1 4.38378
0.4 0.4 0.8   0 0.4 0.2 5.6308 1 6.05372
0.4 0.4 0.8   0 0.4 0.4 5.3971 1 5.82002
0.4 0.4 0.8   0 0.4 0.6 5.65025 1 6.07317
0.4 0.4 0.8   0 0.6   0 4.72289 1 5.14581
0.4 0.4 0.8   0 0.6 0.2 6.07287 1 6.49579
0.4 0.4 0.8   0 0.6 0.4 6.35807 1 6.78099
0.4 0.4 0.8   0 0.8   0 5.99784 1 6.42076
0.4 0.4 0.8   0 0.8 0.2 6.04836 1 6.47128
0.4 0.4 0.8 0.2   0 0.2 3.18356 1 3.60648
0.4 0.4 0.8 0.2   0 0.4 4.57943 1 5.00235
0.4 0.4 0.8 0.2   0 0.6 5.80091 1 6.22383
0.4 0.4 0.8 0.2   0 0.8 7.40882 1 7.83174
0.4 0.4 0.8 0.2 0.2 0.2 4.03008 1 4.453
0.4 0.4 0.8 0.2 0.2 0.4 5.77112 1 6.19404
0.4 0.4 0.8 0.2 0.2 0.6 6.48393 1 6.90685
0.4 0.4 0.8 0.2 0.2 0.8 6.61669 1 7.03961
0.4 0.4 0.8 0.2 0.4   0 4.22059 1 4.64351
0.4 0.4 0.8 0.2 0.4 0.2 5.9907 1 6.41362
0.4 0.4 0.8 0.2 0.4 0.4 6.97676 1 7.39968
0.4 0.4 0.8 0.2 0.4 0.6 6.26603 1 6.68895
0.4 0.4 0.8 0.2 0.6   0 4.17771 1 4.60063
0.4 0.4 0.8 0.2 0.6 0.2 6.90814 1 7.33106
0.4 0.4 0.8 0.2 0.6 0.4 7.50927 1 7.93219
0.4 0.4 0.8 0.2 0.8   0 6.65371 1 7.07663
0.4 0.4 0.8 0.2 0.8 0.2 6.54663 1 6.96955
0.4 0.6   0 0.6   0 0.8 6.73805 1 7.16097
0.4 0.6   0 0.6 0.2 0.6 6.58039 1 7.00331
0.4 0.6   0 0.6 0.2 0.8 5.39737 1 5.82029
0.4 0.6   0 0.6 0.4 0.2 2.29288 1 2.7158
0.4 0.6   0 0.6 0.4 0.4 5.84906 1 6.27198
0.4 0.6   0 0.6 0.6 0.2 6.42858 1 6.8515
0.4 0.6   0 0.6 0.6 0.4 6.60778 1 7.0307
0.4 0.6   0 0.6 0.8   0 6.29276 1 6.71568
0.4 0.6   0 0.8   0 0.6 6.66503 1 7.08795
0.4 0.6   0 0.8   0 0.8 7.71485 1 8.13777
0.4 0.6   0 0.8 0.2 0.4 7.43926 1 7.86218
0.4 0.6   0 0.8 0.2 0.6 7.74282 1 8.16574
0.4 0.6   0 0.8 0.2 0.8 8.09531 1 8.51823
0.4 0.6   0 0.8 0.4 0.2 6.59649 1 7.01941
0.4 0.6   0 0.8 0.4 0.4 7.3548 1 7.77772
0.4 0.6   0 0.8 0.4 0.6 7.69189 1 8.11481
0.4 0.6   0 0.8 0.6 0.2 7.43529 1 7.85821
0.4 0.6   0 0.8 0.6 0.4 7.48369 1 7.90661
0.4 0.6   0 0.8 0.8   0 6.85892 1 7.28184
0.4 0.6   0 0.8 0.8 0.2 6.9795 1 7.40242
0.4 0.6 0.2 0.4   0 0.8 8.05096 1 8.47388
0.4 0.6 0.2 0.4 0.2 0.6 6.35194 1 6.77486
0.4 0.6 0.2 0.4 0.2 0.8 7.03459 1 7.45751
0.4 0.6 0.2 0.4 0.4 0.2 3.7155 1 4.13842
0.4 0.6 0.2 0.4 0.4 0.4 6.35473 1 6.77765
0.4 0.6 0.2 0.4 0.4 0.6 5.87024 1 6.29316
0.4 0.6 0.2 0.4 0.6 0.2 6.20668 1 6.6296
0.4 0.6 0.2 0.4 0.6 0.4 6.7143 1 7.13722
0.4 0.6 0.2 0.4 0.8   0 6.50395 1 6.92687
0.4 0.6 0.2 0.4 0.8 0.2 6.3098 1 6.73272
0.4 0.6 0.2 0.6   0 0.6 7.81326 1 8.23618
0.4 0.6 0.2 0.6   0 0.8 8.07556 1 8.49848
0.4 0.6 0.2 0.6 0.2 0.2 4.92268 1 5.3456
0.4 0.6 0.2 0.6 0.2 0.4 7.72456 1 8.14748
0.4 0.6 0.2 0.6 0.2 0.6 8.27345 1 8.69637
0.4 0.6 0.2 0.6 0.2 0.8 7.85686 1 8.27978
0.4 0.6 0.2 0.6 0.4 0.2 6.15708 1 6.58
0.4 0.6 0.2 0.6 0.4 0.4 8.26905 1 8.69197
0.4 0.6 0.2 0.6 0.4 0.6 7.55985 1 7.98277
0.4 0.6 0.2 0.6 0.6   0 6.43613 1 6.85905
0.4 0.6 0.2 0.6 0.6 0.2 8.03421 1 8.45713
0.4 0.6 0.2 0.6 0.6 0.4 7.64815 1 8.07107
0.4 0.6 0.2 0.6 0.8   0 7.24507 1 7.66799
0.4 0.6 0.2 0.6 0.8 0.2 7.63263 1 8.05555
0.4 0.6 0.2 0.8   0 0.6 7.28667 1 7.70959
0.4 0.6 0.2 0.8   0 0.8 7.88294 1 8.30586
0.4 0.6 0.2 0.8 0.2 0.4 7.23075 1 7.65367
0.4 0.6 0.2 0.8 0.2 0.6 7.88728 1 8.3102
0.4 0.6 0.2 0.8 0.2 0.8 7.24061 1 7.66353
0.4 0.6 0.2 0.8 0.4 0.2 6.44693 1 6.86985
0.4 0.6 0.2 0.8 0.4 0.4 7.68409 1 8.10701
0.4 0.6 0.2 0.8 0.4 0.6 7.69869 1 8.12161
0.4 0.6 0.2 0.8 0.6   0 6.65504 1 7.07796
0.4 0.6 0.2 0.8 0.6 0.2 7.72945 1 8.15237
0.4 0.6 0.2 0.8 0.6 0.4 7.80404 1 8.22696
0.4 0.6 0.2 0.8 0.8   0 8.49466 1 8.91758
0.4 0.6 0.2 0.8 0.8 0.2 7.49458 1 7.9175
0.4 0.6 0.4   0 0.8   0 5.19789 1 5.62081
0.4 0.6 0.4 0.2   0 0.6 5.73703 1 6.15995
0.4 0.6 0.4 0.2   0 0.8 7.16003 1 7.58295
0.4 0.6 0.4 0.2 0.2 0.2 5.58859 1 6.01151
0.4 0.6 0.4 0.2 0.2 0.4 6.36834 1 6.79126
0.4 0.6 0.4 0.2 0.2 0.6 6.29921 1 6.72213
0.4 0.6 0.4 0.2 0.2 0.8 6.90669 1 7.32961
0.4 0.6 0.4 0.2 0.4 0.2 5.83112 1 6.25404
0.4 0.6 0.4 0.2 0.4 0.4 6.53517 1 6.95809
0.4 0.6 0.4 0.2 0.6 0.2 7.0836 1 7.50652
0.4 0.6 0.4 0.2 0.6 0.4 6.26858 1 6.6915
0.4 0.6 0.4 0.2 0.8   0 6.78628 1 7.2092
0.4 0.6 0.4 0.2 0.8 0.2 6.73878 1 7.1617
0.4 0.6 0.4 0.4   0 0.6 7.2248 1 7.64772
0.4 0.6 0.4 0.4   0 0.8 7.78261 1 8.20553
0.4 0.6 0.4 0.4 0.2 0.2 5.77938 1 6.2023
0.4 0.6 0.4 0.4 0.2 0.4 7.1635 1 7.58642
0.4 0.6 0.4 0.4 0.2 0.6 7.4322 1 7.85512
0.4 0.6 0.4 0.4 0.2 0.8 7.81429 1 8.23721
0.4 0.6 0.4 0.4 0.4 0.2 7.31639 1 7.73931
0.4 0.6 0.4 0.4 0.4 0.4 7.90993 1 8.33285
0.4 0.6 0.4 0.4 0.4 0.6 7.34137 1 7.76429
0.4 0.6 0.4 0.4 0.6   0 7.06952 1 7.49244
0.4 0.6 0.4 0.4 0.6 0.2 7.45769 1 7.88061
0.4 0.6 0.4 0.4 0.6 0.4 7.38164 1 7.80456
0.4 0.6 0.4 0.4 0.8   0 7.83433 1 8.25725
0.4 0.6 0.4 0.4 0.8 0.2 7.03819 1 7.46111
0.4 0.6 0.4 0.6   0 0.6 6.83476 1 7.25768
0.4 0.6 0.4 0.6   0 0.8 8.33673 1 8.75965
0.4 0.6 0.4 0.6 0.2 0.4 7.40712 1 7.83004
0.4 0.6 0.4 0.6 0.2 0.6 7.45034 1 7.87326
0.4 0.6 0.4 0.6 0.2 0.8 7.5115 1 7.93442
0.4 0.6 0.4 0.6 0.4 0.2 6.66601 1 7.08893
0.4 0.6 0.4 0.6 0.4 0.4 7.32628 1 7.7492
0.4 0.6 0.4 0.6 0.4 0.6 7.31724 1 7.74016
0.4 0.6 0.4 0.6 0.6   0 5.8947 1 6.31762
0.4 0.6 0.4 0.6 0.6 0.2 6.96802 1 7.39094
0.4 0.6 0.4 0.6 0.6 0.4 7.65503 1 8.07795
0.4 0.6 0.4 0.6 0.8   0 7.06897 1 7.49189
0.4 0.6 0.4 0.6 0.8 0.2 7.5458 1 7.96872
0.4 0.6 0.6   0   0 0.4 1.36731 1 1.79023
0.4 0.6 0.6   0   0 0.8 5.16351 1 5.58643
0.4 0.6 0.6   0 0.2 0.2 3.30889 1 3.73181
0.4 0.6 0.6   0 0.2 0.4 3.08121 1 3.50413
0.4 0.6 0.6   0 0.2 0.6 4.03294 1 4.45586
0.4 0.6 0.6   0 0.2 0.8 5.00733 1 5.43025
0.4 0.6 0.6   0 0.4 0.2 4.57703 1 4.99995
0.4 0.6 0.6   0 0.4 0.4 4.27322 1 4.69614
0.4 0.6 0.6   0 0.4 0.6 5.57354 1 5.99646
0.4 0.6 0.6   0 0.6   0 3.73473 1 4.15765
0.4 0.6 0.6   0 0.6 0.2 5.17371 1 5.59663
0.4 0.6 0.6   0 0.6 0.4 5.30449 1 5.72741
0.4 0.6 0.6   0 0.8   0 5.70729 1 6.13021
0.4 0.6 0.6   0 0.8 0.2 3.91408 1 4.337
0.4 0.6 0.6 0.2   0 0.4 4.448 1 4.87092
0.4 0.6 0.6 0.2   0 0.6 6.40056 1 6.82348
0.4 0.6 0.6 0.2   0 0.8 7.75113 1 8.17405
0.4 0.6 0.6 0.2 0.2   0 4.5726 1 4.99552
0.4 0.6 0.6 0.2 0.2 0.2 5.0335 1 5.45642
0.4 0.6 0.6 0.2 0.2 0.4 6.68231 1 7.10523
0.4 0.6 0.6 0.2 0.2 0.6 7.04685 1 7.46977
0.4 0.6 0.6 0.2 0.2 0.8 7.22532 1 7.64824
0.4 0.6 0.6 0.2 0.4   0 4.53521 1 4.95813
0.4 0.6 0.6 0.2 0.4 0.2 6.65057 1 7.07349
0.4 0.6 0.6 0.2 0.4 0.4 7.25524 1 7.67816
0.4 0.6 0.6 0.2 0.4 0.6 7.68674 1 8.10966
0.4 0.6 0.6 0.2 0.6   0 4.49588 1 4.9188
0.4 0.6 0.6 0.2 0.6 0.2 8.28099 1 8.70391
0.4 0.6 0.6 0.2 0.6 0.4 7.44416 1 7.86708
0.4 0.6 0.6 0.2 0.8   0 7.52447 1 7.94739
0.4 0.6 0.6 0.2 0.8 0.2 7.57878 1 8.0017
0.4 0.6 0.6 0.4   0 0.6 4.51028 1 4.9332
0.4 0.6 0.6 0.4   0 0.8 7.01082 1 7.43374
0.4 0.6 0.6 0.4 0.2 0.4 6.33933 1 6.76225
0.4 0.6 0.6 0.4 0.2 0.6 7.29795 1 7.72087
0.4 0.6 0.6 0.4 0.2 0.8 7.57435 1 7.99727
0.4 0.6 0.6 0.4 0.4 0.2 3.51931 1 3.94223
0.4 0.6 0.6 0.4 0.4 0.4 7.03025 1 7.45317
0.4 0.6 0.6 0.4 0.4 0.6 7.12652 1 7.54944
0.4 0.6 0.6 0.4 0.6   0 4.84108 1 5.264
0.4 0.6 0.6 0.4 0.6 0.2 6.73881 1 7.16173
0.4 0.6 0.6 0.4 0.6 0.4 6.49803 1 6.92095
0.4 0.6 0.6 0.4 0.8   0 7.8145 1 8.23742
0.4 0.6 0.6 0.4 0.8 0.2 7.47595 1 7.89887
0.4 0.6 0.8   0   0 0.2 3.12726 1 3.55018
0.4 0.6 0.8   0   0 0.4 4.14245 1 4.56537
0.4 0.6 0.8   0   0 0.6 5.73716 1 6.16008
0.4 0.6 0.8   0   0 0.8 6.10538 1 6.5283
0.4 0.6 0.8   0 0.2   0 2.63698 1 3.0599
0.4 0.6 0.8   0 0.2 0.2 3.85638 1 4.2793
0.4 0.6 0.8   0 0.2 0.4 5.10312 1 5.52604
0.4 0.6 0.8   0 0.2 0.6 6.05312 1 6.47604
0.4 0.6 0.8   0 0.2 0.8 5.54855 1 5.97147
0.4 0.6 0.8   0 0.4   0 3.64743 1 4.07035
0.4 0.6 0.8   0 0.4 0.2 5.43947 1 5.86239
0.4 0.6 0.8   0 0.4 0.4 5.52498 1 5.9479
0.4 0.6 0.8   0 0.4 0.6 6.04649 1 6.46941
0.4 0.6 0.8   0 0.6   0 4.91565 1 5.33857
0.4 0.6 0.8   0 0.6 0.2 6.15392 1 6.57684
0.4 0.6 0.8   0 0.6 0.4 5.21012 1 5.63304
0.4 0.6 0.8   0 0.8   0 5.96961 1 6.39253
0.4 0.6 0.8   0 0.8 0.2 5.83411 1 6.25703
0.4 0.6 0.8 0.2   0 0.4 3.63003 1 4.05295
0.4 0.6 0.8 0.2   0 0.6 5.07602 1 5.49894
0.4 0.6 0.8 0.2   0 0.8 6.46253 1 6.88545
0.4 0.6 0.8 0.2 0.2 0.2 3.75385 1 4.17677
0.4 0.6 0.8 0.2 0.2 0.4 5.77607 1 6.19899
0.4 0.6 0.8 0.2 0.2 0.6 6.23236 1 6.65528
0.4 0.6 0.8 0.2 0.2 0.8 6.08106 1 6.50398
0.4 0.6 0.8 0.2 0.4 0.2 5.71385 1 6.13677
0.4 0.6 0.8 0.2 0.4 0.4 5.6313 1 6.05422
0.4 0.6 0.8 0.2 0.4 0.6 6.03047 1 6.45339
0.4 0.6 0.8 0.2 0.6   0 5.11343 1 5.53635
0.4 0.6 0.8 0.2 0.6 0.2 6.23258 1 6.6555
0.4 0.6 0.8 0.2 0.6 0.4 5.56136 1 5.98428
0.4 0.6 0.8 0.2 0.8   0 6.05686 1 6.47978
0.4 0.6 0.8 0.2 0.8 0.2 6.75983 1 7.18275
0.6   0   0 0.4 0.8   0 4.31644 1 4.73936
0.6   0   0 0.6   0 0.6 4.62698 1 5.0499
0.6   0   0 0.6   0 0.8 4.41807 1 4.84099
0.6   0   0 0.6 0.6   0 6.49694 1 6.91986
0.6   0   0 0.6 0.6 0.2 5.72884 1 6.15176
0.6   0   0 0.6 0.8   0 7.05109 1 7.47401
0.6   0   0 0.6 0.8 0.2 5.40471 1 5.82763
0.6   0   0 0.8   0 0.8 4.32924 1 4.75216
0.6   0   0 0.8 0.2 0.6 3.4652 1 3.88812
0.6   0   0 0.8 0.4 0.4 5.42141 1 5.84433
0.6   0   0 0.8 0.4 0.6 3.89811 1 4.32103
0.6   0   0 0.8 0.6 0.2 6.16833 1 6.59125
0.6   0   0 0.8 0.6 0.4 5.42478 1 5.8477
0.6   0   0 0.8 0.8   0 6.87495 1 7.29787
0.6   0   0 0.8 0.8 0.2 7.21958 1 7.6425
0.6   0 0.2 0.2 0.4 0.6 4.48999 1 4.91291
0.6   0 0.2 0.2 0.6 0.2 4.94745 1 5.37037
0.6   0 0.2 0.2 0.6 0.4 4.91927 1 5.34219
0.6   0 0.2 0.2 0.8   0 4.94568 1 5.3686
0.6   0 0.2 0.2 0.8 0.2 4.75962 1 5.18254
0.6   0 0.2 0.4   0 0.6 4.96193 1 5.38485
0.6   0 0.2 0.4   0 0.8 5.87208 1 6.295
0.6   0 0.2 0.4 0.2 0.4 5.32989 1 5.75281
0.6   0 0.2 0.4 0.2 0.6 6.14904 1 6.57196
0.6   0 0.2 0.4 0.2 0.8 6.00733 1 6.43025
0.6   0 0.2 0.4 0.4   0 5.07193 1 5.49485
0.6   0 0.2 0.4 0.4 0.2 5.36298 1 5.7859
0.6   0 0.2 0.4 0.4 0.4 5.82834 1 6.25126
0.6   0 0.2 0.4 0.4 0.6 6.20751 1 6.63043
0.6   0 0.2 0.4 0.6   0 5.26875 1 5.69167
0.6   0 0.2 0.4 0.6 0.2 7.05059 1 7.47351
0.6   0 0.2 0.4 0.6 0.4 5.74471 1 6.16763
0.6   0 0.2 0.4 0.8   0 6.10785 1 6.53077
0.6   0 0.2 0.4 0.8 0.2 5.84305 1 6.26597
0.6   0 0.2 0.6   0 0.6 5.32029 1 5.74321
0.6   0 0.2 0.6   0 0.8 6.82638 1 7.2493
0.6   0 0.2 0.6 0.2 0.2 3.70826 1 4.13118
0.6   0 0.2 0.6 0.2 0.4 5.95291 1 6.37583
0.6   0 0.2 0.6 0.2 0.6 7.49804 1 7.92096
0.6   0 0.2 0.6 0.2 0.8 5.69813 1 6.12105
0.6   0 0.2 0.6 0.4 0.2 6.98405 1 7.40697
0.6   0 0.2 0.6 0.4 0.4 7.4866 1 7.90952
0.6   0 0.2 0.6 0.4 0.6 7.82486 1 8.24778
0.6   0 0.2 0.6 0.6   0 6.0914 1 6.51432
0.6   0 0.2 0.6 0.6 0.2 7.85293 1 8.27585
0.6   0 0.2 0.6 0.6 0.4 6.86732 1 7.29024
0.6   0 0.2 0.6 0.8   0 8.2321 1 8.65502
0.6   0 0.2 0.6 0.8 0.2 7.3039 1 7.72682
0.6   0 0.2 0.8   0 0.8 4.52724 1 4.95016
0.6   0 0.2 0.8 0.2 0.4 7.69873 1 8.12165
0.6   0 0.2 0.8 0.2 0.6 3.70213 1 4.12505
0.6   0 0.2 0.8 0.2 0.8 3.36026 1 3.78318
0.6   0 0.2 0.8 0.4 0.2 7.31084 1 7.73376
0.6   0 0.2 0.8 0.4 0.6 4.11181 1 4.53473
0.6   0 0.2 0.8 0.6 0.2 5.94772 1 6.37064
0.6   0 0.2 0.8 0.6 0.4 5.01123 1 5.43415
0.6   0 0.2 0.8 0.8   0 6.40371 1 6.82663
0.6   0 0.2 0.8 0.8 0.2 5.74448 1 6.1674
0.6   0 0.4 0.2   0 0.8 6.18195 1 6.60487
0.6   0 0.4 0.2 0.2 0.4 4.57395 1 4.99687
0.6   0 0.4 0.2 0.2 0.6 5.56109 1 5.98401
0.6   0 0.4 0.2 0.2 0.8 5.60662 1 6.02954
0.6   0 0.4 0.2 0.4   0 5.71916 1 6.14208
0.6   0 0.4 0.2 0.4 0.2 5.51277 1 5.93569
0.6   0 0.4 0.2 0.4 0.4 6.19911 1 6.62203
0.6   0 0.4 0.2 0.4 0.6 5.35264 1 5.77556
0.6   0 0.4 0.2 0.6   0 5.44674 1 5.86966
0.6   0 0.4 0.2 0.6 0.2 5.26578 1 5.6887
0.6   0 0.4 0.2 0.6 0.4 5.67605 1 6.09897
0.6   0 0.4 0.2 0.8   0 6.24424 1 6.66716
0.6   0 0.4 0.2 0.8 0.2 5.54338 1 5.9663
0.6   0 0.4 0.4   0 0.6 6.07415 1 6.49707
0.6   0 0.4 0.4   0 0.8 6.60841 1 7.03133
0.6   0 0.4 0.4 0.2   0 3.5247 1 3.94762
0.6   0 0.4 0.4 0.2 0.2 3.37725 1 3.80017
0.6   0 0.4 0.4 0.2 0.4 6.04613 1 6.46905
0.6   0 0.4 0.4 0.2 0.6 6.3687 1 6.79162
0.6   0 0.4 0.4 0.2 0.8 6.15885 1 6.58177
0.6   0 0.4 0.4 0.4 0.2 6.04663 1 6.46955
0.6   0 0.4 0.4 0.4 0.4 6.45445 1 6.87737
0.6   0 0.4 0.4 0.4 0.6 4.97717 1 5.40009
0.6   0 0.4 0.4 0.6   0 6.33752 1 6.76044
0.6   0 0.4 0.4 0.6 0.2 6.83062 1 7.25354
0.6   0 0.4 0.4 0.6 0.4 5.71108 1 6.134
0.6   0 0.4 0.4 0.8   0 7.34511 1 7.76803
0.6   0 0.4 0.4 0.8 0.2 6.03732 1 6.46024
0.6   0 0.4 0.6   0 0.6 5.12182 1 5.54474
0.6   0 0.4 0.6   0 0.8 6.07007 1 6.49299
0.6   0 0.4 0.6 0.2 0.4 5.81431 1 6.23723
0.6   0 0.4 0.6 0.2 0.6 5.68064 1 6.10356
0.6   0 0.4 0.6 0.2 0.8 6.23649 1 6.65941
0.6   0 0.4 0.6 0.4 0.2 5.86641 1 6.28933
0.6   0 0.4 0.6 0.4 0.4 6.83165 1 7.25457
0.6   0 0.4 0.6 0.6   0 7.2445 1 7.66742
0.6   0 0.4 0.6 0.6 0.2 7.17982 1 7.60274
0.6   0 0.4 0.6 0.8   0 7.82013 1 8.24305
0.6   0 0.4 0.6 0.8 0.2 6.27188 1 6.6948
0.6   0 0.6   0   0 0.8 1.5391 1 1.96202
0.6   0 0.6 0.2   0 0.4 5.71217 1 6.13509
0.6   0 0.6 0.2   0 0.6 5.95901 1 6.38193
0.6   0 0.6 0.2   0 0.8 6.28185 1 6.70477
0.6   0 0.6 0.2 0.2 0.4 6.0408 1 6.46372
0.6   0 0.6 0.2 0.2 0.6 6.14986 1 6.57278
0.6   0 0.6 0.2 0.2 0.8 6.11322 1 6.53614
0.6   0 0.6 0.2 0.4   0 5.863 1 6.28592
0.6   0 0.6 0.2 0.4 0.2 5.90288 1 6.3258
0.6   0 0.6 0.2 0.4 0.4 6.00502 1 6.42794
0.6   0 0.6 0.2 0.4 0.6 6.11734 1 6.54026
0.6   0 0.6 0.2 0.6   0 6.16454 1 6.58746
0.6   0 0.6 0.2 0.6 0.2 5.77682 1 6.19974
0.6   0 0.6 0.2 0.6 0.4 6.09361 1 6.51653
0.6   0 0.6 0.2 0.8   0 6.19757 1 6.62049
0.6   0 0.6 0.2 0.8 0.2 6.12902 1 6.55194
0.6   0 0.6 0.4   0 0.6 3.73745 1 4.16037
0.6   0 0.6 0.4   0 0.8 6.29339 1 6.71631
0.6   0 0.6 0.4 0.2 0.4 5.77184 1 6.19476
0.6   0 0.6 0.4 0.2 0.6 6.78282 1 7.20574
0.6   0 0.6 0.4 0.2 0.8 6.13962 1 6.56254
0.6   0 0.6 0.4 0.4 0.4 5.9886 1 6.41152
0.6   0 0.6 0.4 0.6   0 3.55546 1 3.97838
0.6   0 0.6 0.4 0.6 0.2 6.0286 1 6.45152
0.6   0 0.6 0.4 0.6 0.4 5.62045 1 6.04337
0.6   0 0.6 0.4 0.8   0 6.69684 1 7.11976
0.6   0 0.6 0.4 0.8 0.2 5.52113 1 5.94405
0.6   0 0.8   0   0 0.8 2.08737 1 2.51029
0.6   0 0.8   0 0.2 0.8 1.98952 1 2.41244
0.6   0 0.8   0 0.4 0.2 2.27011 1 2.69303
0.6   0 0.8 0.2   0 0.8 2.22958 1 2.6525
0.6   0 0.8 0.2 0.2 0.2 1.82772 1 2.25064
0.6   0 0.8 0.2 0.2 0.4 1.71342 1 2.13634
0.6   0 0.8 0.2 0.2 0.8 1.79871 1 2.22163
0.6   0 0.8 0.2 0.4 0.2 1.96636 1 2.38928
0.6   0 0.8 0.2 0.6   0 2.96498 1 3.3879
0.6   0 0.8 0.2 0.8   0 5.41038 1 5.8333
0.6 0.2   0 0.6   0 0.6 4.73405 1 5.15697
0.6 0.2   0 0.6   0 0.8 6.33649 1 6.75941
0.6 0.2   0 0.6 0.2 0.4 6.37196 1 6.79488
0.6 0.2   0 0.6 0.2 0.6 6.85621 1 7.27913
0.6 0.2   0 0.6 0.4 0.2 6.32166 1 6.74458
0.6 0.2   0 0.6 0.4 0.4 6.05203 1 6.47495
0.6 0.2   0 0.6 0.4 0.6 5.88798 1 6.3109
0.6 0.2   0 0.6 0.6 0.2 6.65097 1 7.07389
0.6 0.2   0 0.6 0.6 0.4 6.29587 1 6.71879
0.6 0.2   0 0.6 0.8   0 7.16981 1 7.59273
0.6 0.2   0 0.6 0.8 0.2 6.8775 1 7.30042
0.6 0.2   0 0.8   0 0.4 7.27808 1 7.701
0.6 0.2   0 0.8   0 0.6 7.15196 1 7.57488
0.6 0.2   0 0.8   0 0.8 7.30677 1 7.72969
0.6 0.2   0 0.8 0.2 0.2 6.70832 1 7.13124
0.6 0.2   0 0.8 0.2 0.4 6.99169 1 7.41461
0.6 0.2   0 0.8 0.2 0.6 6.84989 1 7.27281
0.6 0.2   0 0.8 0.2 0.8 7.11556 1 7.53848
0.6 0.2   0 0.8 0.4   0 7.64444 1 8.06736
0.6 0.2   0 0.8 0.4 0.2 7.46368 1 7.8866
0.6 0.2   0 0.8 0.4 0.4 7.36576 1 7.78868
0.6 0.2   0 0.8 0.4 0.6 7.68152 1 8.10444
0.6 0.2   0 0.8 0.6   0 7.72861 1 8.15153
0.6 0.2   0 0.8 0.6 0.2 8.29181 1 8.71473
0.6 0.2   0 0.8 0.6 0.4 7.1744 1 7.59732
0.6 0.2   0 0.8 0.8   0 8.24273 1 8.66565
0.6 0.2   0 0.8 0.8 0.2 7.77808 1 8.201
0.6 0.2 0.2 0.2   0 0.8 4.05344 1 4.47636
0.6 0.2 0.2 0.2 0.2 0.6 4.61965 1 5.04257
0.6 0.2 0.2 0.2 0.4 0.4 4.80507 1 5.22799
0.6 0.2 0.2 0.2 0.6 0.2 4.78869 1 5.21161
0.6 0.2 0.2 0.2 0.8   0 5.05797 1 5.48089
0.6 0.2 0.2 0.2 0.8 0.2 3.99779 1 4.42071
0.6 0.2 0.2 0.4   0 0.4 6.58138 1 7.0043
0.6 0.2 0.2 0.4   0 0.6 6.52745 1 6.95037
0.6 0.2 0.2 0.4   0 0.8 7.00987 1 7.43279
0.6 0.2 0.2 0.4 0.2 0.2 5.18565 1 5.60857
0.6 0.2 0.2 0.4 0.2 0.4 6.54989 1 6.97281
0.6 0.2 0.2 0.4 0.2 0.6 6.69416 1 7.11708
0.6 0.2 0.2 0.4 0.2 0.8 6.84927 1 7.27219
0.6 0.2 0.2 0.4 0.4 0.2 7.32081 1 7.74373
0.6 0.2 0.2 0.4 0.4 0.4 6.99278 1 7.4157
0.6 0.2 0.2 0.4 0.4 0.6 6.26084 1 6.68376
0.6 0.2 0.2 0.4 0.6   0 5.20756 1 5.63048
0.6 0.2 0.2 0.4 0.6 0.2 7.24473 1 7.66765
0.6 0.2 0.2 0.4 0.6 0.4 7.56027 1 7.98319
0.6 0.2 0.2 0.4 0.8   0 7.62293 1 8.04585
0.6 0.2 0.2 0.4 0.8 0.2 7.72343 1 8.14635
0.6 0.2 0.2 0.6   0 0.4 6.85657 1 7.27949
0.6 0.2 0.2 0.6   0 0.6 8.18208 1 8.605
0.6 0.2 0.2 0.6   0 0.8 8.09668 1 8.5196
0.6 0.2 0.2 0.6 0.2 0.2 7.20983 1 7.63275
0.6 0.2 0.2 0.6 0.2 0.4 7.85205 1 8.27497
0.6 0.2 0.2 0.6 0.2 0.6 8.17937 1 8.60229
0.6 0.2 0.2 0.6 0.2 0.8 7.75836 1 8.18128
0.6 0.2 0.2 0.6 0.4   0 7.65498 1 8.0779
0.6 0.2 0.2 0.6 0.4 0.2 8.14626 1 8.56918
0.6 0.2 0.2 0.6 0.4 0.4 8.67912 1 9.10204
0.6 0.2 0.2 0.6 0.4 0.6 7.96092 1 8.38384
0.6 0.2 0.2 0.6 0.6   0 8.04939 1 8.47231
0.6 0.2 0.2 0.6 0.6 0.2 8.48224 1 8.90516
0.6 0.2 0.2 0.6 0.6 0.4 8.23483 1 8.65775
0.6 0.2 0.2 0.6 0.8   0 8.20477 1 8.62769
0.6 0.2 0.2 0.6 0.8 0.2 7.90691 1 8.32983
0.6 0.2 0.2 0.8   0 0.4 4.32816 1 4.75108
0.6 0.2 0.2 0.8   0 0.6 7.29112 1 7.71404
0.6 0.2 0.2 0.8   0 0.8 7.83053 1 8.25345
0.6 0.2 0.2 0.8 0.2 0.4 7.62269 1 8.04561
0.6 0.2 0.2 0.8 0.2 0.6 7.82799 1 8.25091
0.6 0.2 0.2 0.8 0.2 0.8 8.34217 1 8.76509
0.6 0.2 0.2 0.8 0.4 0.2 7.96866 1 8.39158
0.6 0.2 0.2 0.8 0.4 0.4 7.99507 1 8.41799
0.6 0.2 0.2 0.8 0.4 0.6 7.49842 1 7.92134
0.6 0.2 0.2 0.8 0.6   0 7.68921 1 8.11213
0.6 0.2 0.2 0.8 0.6 0.2 8.16634 1 8.58926
0.6 0.2 0.2 0.8 0.6 0.4 7.47644 1 7.89936
0.6 0.2 0.2 0.8 0.8   0 8.17008 1 8.593
0.6 0.2 0.2 0.8 0.8 0.2 8.00022 1 8.42314
0.6 0.2 0.4 0.2   0 0.6 6.27593 1 6.69885
0.6 0.2 0.4 0.2   0 0.8 7.16909 1 7.59201
0.6 0.2 0.4 0.2 0.2 0.4 6.48518 1 6.9081
0.6 0.2 0.4 0.2 0.2 0.6 7.58885 1 8.01177
0.6 0.2 0.4 0.2 0.2 0.8 6.85081 1 7.27373
0.6 0.2 0.4 0.2 0.4 0.2 6.40419 1 6.82711
0.6 0.2 0.4 0.2 0.4 0.4 7.02368 1 7.4466
0.6 0.2 0.4 0.2 0.4 0.6 6.69864 1 7.12156
0.6 0.2 0.4 0.2 0.6   0 5.57533 1 5.99825
0.6 0.2 0.4 0.2 0.6 0.2 7.17187 1 7.59479
0.6 0.2 0.4 0.2 0.6 0.4 6.76792 1 7.19084
0.6 0.2 0.4 0.2 0.8   0 6.85974 1 7.28266
0.6 0.2 0.4 0.2 0.8 0.2 6.5475 1 6.97042
0.6 0.2 0.4 0.4   0 0.4 4.67986 1 5.10278
0.6 0.2 0.4 0.4   0 0.6 7.45723 1 7.88015
0.6 0.2 0.4 0.4   0 0.8 7.80244 1 8.22536
0.6 0.2 0.4 0.4 0.2 0.2 7.05679 1 7.47971
0.6 0.2 0.4 0.4 0.2 0.4 7.79149 1 8.21441
0.6 0.2 0.4 0.4 0.2 0.6 8.85564 1 9.27856
0.6 0.2 0.4 0.4 0.2 0.8 8.48721 1 8.91013
0.6 0.2 0.4 0.4 0.4   0 6.90579 1 7.32871
0.6 0.2 0.4 0.4 0.4 0.2 7.64574 1 8.06866
0.6 0.2 0.4 0.4 0.4 0.4 8.21001 1 8.63293
0.6 0.2 0.4 0.4 0.4 0.6 7.79416 1 8.21708
0.6 0.2 0.4 0.4 0.6   0 7.64448 1 8.0674
0.6 0.2 0.4 0.4 0.6 0.2 8.30176 1 8.72468
0.6 0.2 0.4 0.4 0.6 0.4 8.07584 1 8.49876
0.6 0.2 0.4 0.4 0.8   0 8.47778 1 8.9007
0.6 0.2 0.4 0.4 0.8 0.2 8.01737 1 8.44029
0.6 0.2 0.4 0.6   0 0.6 7.19246 1 7.61538
0.6 0.2 0.4 0.6   0 0.8 8.06182 1 8.48474
0.6 0.2 0.4 0.6 0.2 0.2 4.15036 1 4.57328
0.6 0.2 0.4 0.6 0.2 0.4 8.18146 1 8.60438
0.6 0.2 0.4 0.6 0.2 0.6 7.92155 1 8.34447
0.6 0.2 0.4 0.6 0.2 0.8 8.31226 1 8.73518
0.6 0.2 0.4 0.6 0.4 0.2 7.72669 1 8.14961
0.6 0.2 0.4 0.6 0.4 0.4 8.30108 1 8.724
0.6 0.2 0.4 0.6 0.4 0.6 8.29899 1 8.72191
0.6 0.2 0.4 0.6 0.6   0 7.79713 1 8.22005
0.6 0.2 0.4 0.6 0.6 0.2 8.2076 1 8.63052
0.6 0.2 0.4 0.6 0.6 0.4 7.56902 1 7.99194
0.6 0.2 0.4 0.6 0.8   0 7.97398 1 8.3969
0.6 0.2 0.4 0.6 0.8 0.2 7.87219 1 8.29511
0.6 0.2 0.6   0   0 0.6 3.31755 1 3.74047
0.6 0.2 0.6   0   0 0.8 5.90964 1 6.33256
0.6 0.2 0.6   0 0.2 0.4 3.09595 1 3.51887
0.6 0.2 0.6   0 0.2 0.6 4.94531 1 5.36823
0.6 0.2 0.6   0 0.2 0.8 3.80576 1 4.22868
0.6 0.2 0.6   0 0.4 0.4 3.88156 1 4.30448
0.6 0.2 0.6   0 0.6 0.2 3.89678 1 4.3197
0.6 0.2 0.6   0 0.6 0.4 3.70713 1 4.13005
0.6 0.2 0.6   0 0.8   0 4.05176 1 4.47468
0.6 0.2 0.6   0 0.8 0.2 3.45882 1 3.88174
0.6 0.2 0.6 0.2   0 0.4 5.50091 1 5.92383
0.6 0.2 0.6 0.2   0 0.6 6.7466 1 7.16952
0.6 0.2 0.6 0.2   0 0.8 7.21067 1 7.63359
0.6 0.2 0.6 0.2 0.2 0.2 5.99769 1 6.42061
0.6 0.2 0.6 0.2 0.2 0.4 6.67073 1 7.09365
0.6 0.2 0.6 0.2 0.2 0.6 7.35992 1 7.78284
0.6 0.2 0.6 0.2 0.2 0.8 7.25323 1 7.67615
0.6 0.2 0.6 0.2 0.4   0 3.57451 1 3.99743
0.6 0.2 0.6 0.2 0.4 0.2 7.18547 1 7.60839
0.6 0.2 0.6 0.2 0.4 0.4 7.64015 1 8.06307
0.6 0.2 0.6 0.2 0.4 0.6 7.18601 1 7.60893
0.6 0.2 0.6 0.2 0.6   0 6.63163 1 7.05455
0.6 0.2 0.6 0.2 0.6 0.2 7.50665 1 7.92957
0.6 0.2 0.6 0.2 0.6 0.4 7.47369 1 7.89661
0.6 0.2 0.6 0.2 0.8   0 7.6675 1 8.09042
0.6 0.2 0.6 0.2 0.8 0.2 7.43381 1 7.85673
0.6 0.2 0.6 0.4   0 0.6 6.85476 1 7.27768
0.6 0.2 0.6 0.4   0 0.8 7.73152 1 8.15444
0.6 0.2 0.6 0.4 0.2 0.2 3.5974 1 4.02032
0.6 0.2 0.6 0.4 0.2 0.4 7.52046 1 7.94338
0.6 0.2 0.6 0.4 0.2 0.6 7.66331 1 8.08623
0.6 0.2 0.6 0.4 0.2 0.8 7.54113 1 7.96405
0.6 0.2 0.6 0.4 0.4 0.2 6.60273 1 7.02565
0.6 0.2 0.6 0.4 0.4 0.4 7.6753 1 8.09822
0.6 0.2 0.6 0.4 0.4 0.6 7.95866 1 8.38158
0.6 0.2 0.6 0.4 0.6   0 7.13658 1 7.5595
0.6 0.2 0.6 0.4 0.6 0.2 7.49718 1 7.9201
0.6 0.2 0.6 0.4 0.6 0.4 7.81474 1 8.23766
0.6 0.2 0.6 0.4 0.8   0 8.17289 1 8.59581
0.6 0.2 0.6 0.4 0.8 0.2 7.55169 1 7.97461
0.6 0.2 0.8   0   0 0.4 1.72874 1 2.15166
0.6 0.2 0.8   0   0 0.6 1.98641 1 2.40933
0.6 0.2 0.8   0   0 0.8 5.83722 1 6.26014
0.6 0.2 0.8   0 0.2 0.4 4.15797 1 4.58089
0.6 0.2 0.8   0 0.2 0.6 3.95836 1 4.38128
0.6 0.2 0.8   0 0.2 0.8 3.62787 1 4.05079
0.6 0.2 0.8   0 0.4   0 1.8466 1 2.26952
0.6 0.2 0.8   0 0.4 0.2 5.70803 1 6.13095
0.6 0.2 0.8   0 0.4 0.4 5.64821 1 6.07113
0.6 0.2 0.8   0 0.4 0.6 5.94445 1 6.36737
0.6 0.2 0.8   0 0.6   0 3.93019 1 4.35311
0.6 0.2 0.8   0 0.6 0.2 6.19373 1 6.61665
0.6 0.2 0.8   0 0.6 0.4 4.20735 1 4.63027
0.6 0.2 0.8   0 0.8   0 5.97871 1 6.40163
0.6 0.2 0.8   0 0.8 0.2 6.46057 1 6.88349
0.6 0.2 0.8 0.2   0 0.6 5.88609 1 6.30901
0.6 0.2 0.8 0.2   0 0.8 6.33218 1 6.7551
0.6 0.2 0.8 0.2 0.2 0.2 1.6635 1 2.08642
0.6 0.2 0.8 0.2 0.2 0.4 6.22378 1 6.6467
0.6 0.2 0.8 0.2 0.2 0.6 6.31441 1 6.73733
0.6 0.2 0.8 0.2 0.2 0.8 6.53541 1 6.95833
0.6 0.2 0.8 0.2 0.4 0.2 6.00039 1 6.42331
0.6 0.2 0.8 0.2 0.4 0.4 6.23072 1 6.65364
0.6 0.2 0.8 0.2 0.4 0.6 6.33301 1 6.75593
0.6 0.2 0.8 0.2 0.6   0 6.15405 1 6.57697
0.6 0.2 0.8 0.2 0.6 0.2 6.98818 1 7.4111
0.6 0.2 0.8 0.2 0.6 0.4 6.80092 1 7.22384
0.6 0.2 0.8 0.2 0.8   0 6.89082 1 7.31374
0.6 0.2 0.8 0.2 0.8 0.2 6.24507 1 6.66799
0.6 0.4   0 0.6   0 0.8 6.74 1 7.16292
0.6 0.4   0 0.6 0.2 0.6 4.67387 1 5.09679
0.6 0.4   0 0.6 0.4 0.4 6.17908 1 6.602
0.6 0.4   0 0.6 0.6 0.2 5.16031 1 5.58323
0.6 0.4   0 0.6 0.8   0 6.27333 1 6.69625
0.6 0.4   0 0.6 0.8 0.2 4.94686 1 5.36978
0.6 0.4   0 0.8   0 0.4 6.213 1 6.63592
0.6 0.4   0 0.8   0 0.6 5.90787 1 6.33079
0.6 0.4   0 0.8   0 0.8 7.77661 1 8.19953
0.6 0.4   0 0.8 0.2 0.4 6.34163 1 6.76455
0.6 0.4   0 0.8 0.2 0.6 7.46547 1 7.88839
0.6 0.4   0 0.8 0.2 0.8 6.99271 1 7.41563
0.6 0.4   0 0.8 0.4 0.2 6.53424 1 6.95716
0.6 0.4   0 0.8 0.4 0.4 7.55435 1 7.97727
0.6 0.4   0 0.8 0.4 0.6 7.22827 1 7.65119
0.6 0.4   0 0.8 0.6   0 6.80883 1 7.23175
0.6 0.4   0 0.8 0.6 0.2 7.5232 1 7.94612
0.6 0.4   0 0.8 0.6 0.4 7.0172 1 7.44012
0.6 0.4   0 0.8 0.8   0 7.98811 1 8.41103
0.6 0.4   0 0.8 0.8 0.2 7.0955 1 7.51842
0.6 0.4 0.2 0.4   0 0.8 6.31274 1 6.73566
0.6 0.4 0.2 0.4 0.2 0.4 6.40403 1 6.82695
0.6 0.4 0.2 0.4 0.2 0.6 6.03027 1 6.45319
0.6 0.4 0.2 0.4 0.2 0.8 6.2878 1 6.71072
0.6 0.4 0.2 0.4 0.4 0.2 6.47682 1 6.89974
0.6 0.4 0.2 0.4 0.4 0.4 6.55409 1 6.97701
0.6 0.4 0.2 0.4 0.4 0.6 6.66696 1 7.08988
0.6 0.4 0.2 0.4 0.6 0.2 6.34391 1 6.76683
0.6 0.4 0.2 0.4 0.6 0.4 6.32595 1 6.74887
0.6 0.4 0.2 0.4 0.8   0 6.62075 1 7.04367
0.6 0.4 0.2 0.4 0.8 0.2 5.58739 1 6.01031
0.6 0.4 0.2 0.6   0 0.6 7.98723 1 8.41015
0.6 0.4 0.2 0.6   0 0.8 7.69263 1 8.11555
0.6 0.4 0.2 0.6 0.2 0.2 7.31854 1 7.74146
0.6 0.4 0.2 0.6 0.2 0.4 7.00976 1 7.43268
0.6 0.4 0.2 0.6 0.2 0.6 7.58182 1 8.00474
0.6 0.4 0.2 0.6 0.2 0.8 7.47351 1 7.89643
0.6 0.4 0.2 0.6 0.4 0.2 8.26649 1 8.68941
0.6 0.4 0.2 0.6 0.4 0.4 7.97737 1 8.40029
0.6 0.4 0.2 0.6 0.4 0.6 7.20681 1 7.62973
0.6 0.4 0.2 0.6 0.6   0 7.43133 1 7.85425
0.6 0.4 0.2 0.6 0.6 0.2 7.93226 1 8.35518
0.6 0.4 0.2 0.6 0.6 0.4 7.39142 1 7.81434
0.6 0.4 0.2 0.6 0.8   0 8.10375 1 8.52667
0.6 0.4 0.2 0.6 0.8 0.2 7.65176 1 8.07468
0.6 0.4 0.2 0.8   0 0.6 5.94465 1 6.36757
0.6 0.4 0.2 0.8   0 0.8 8.00047 1 8.42339
0.6 0.4 0.2 0.8 0.2 0.4 7.95012 1 8.37304
0.6 0.4 0.2 0.8 0.2 0.6 7.66288 1 8.0858
0.6 0.4 0.2 0.8 0.2 0.8 7.95667 1 8.37959
0.6 0.4 0.2 0.8 0.4 0.2 7.31904 1 7.74196
0.6 0.4 0.2 0.8 0.4 0.4 8.00224 1 8.42516
0.6 0.4 0.2 0.8 0.4 0.6 6.94539 1 7.36831
0.6 0.4 0.2 0.8 0.6   0 7.74039 1 8.16331
0.6 0.4 0.2 0.8 0.6 0.2 8.02414 1 8.44706
0.6 0.4 0.2 0.8 0.6 0.4 8.16501 1 8.58793
0.6 0.4 0.2 0.8 0.8   0 8.10963 1 8.53255
0.6 0.4 0.2 0.8 0.8 0.2 7.82346 1 8.24638
0.6 0.4 0.4 0.2   0 0.6 5.98638 1 6.4093
0.6 0.4 0.4 0.2   0 0.8 7.31007 1 7.73299
0.6 0.4 0.4 0.2 0.2 0.2 2.37231 1 2.79523
0.6 0.4 0.4 0.2 0.2 0.4 6.01719 1 6.44011
0.6 0.4 0.4 0.2 0.2 0.6 6.8347 1 7.25762
0.6 0.4 0.4 0.2 0.2 0.8 6.53629 1 6.95921
0.6 0.4 0.4 0.2 0.4   0 3.55523 1 3.97815
0.6 0.4 0.4 0.2 0.4 0.2 2.0481 1 2.47102
0.6 0.4 0.4 0.2 0.4 0.4 6.62019 1 7.04311
0.6 0.4 0.4 0.2 0.4 0.6 5.89475 1 6.31767
0.6 0.4 0.4 0.2 0.6   0 2.5026 1 2.92552
0.6 0.4 0.4 0.2 0.6 0.2 6.1225 1 6.54542
0.6 0.4 0.4 0.2 0.6 0.4 5.82121 1 6.24413
0.6 0.4 0.4 0.2 0.8   0 6.834 1 7.25692
0.6 0.4 0.4 0.2 0.8 0.2 6.48617 1 6.90909
0.6 0.4 0.4 0.4   0 0.6 6.89687 1 7.31979
0.6 0.4 0.4 0.4   0 0.8 8.52537 1 8.94829
0.6 0.4 0.4 0.4 0.2 0.2 3.80004 1 4.22296
0.6 0.4 0.4 0.4 0.2 0.4 7.51794 1 7.94086
0.6 0.4 0.4 0.4 0.2 0.6 7.77851 1 8.20143
0.6 0.4 0.4 0.4 0.2 0.8 7.67871 1 8.10163
0.6 0.4 0.4 0.4 0.4 0.2 7.98193 1 8.40485
0.6 0.4 0.4 0.4 0.4 0.4 8.01844 1 8.44136
0.6 0.4 0.4 0.4 0.4 0.6 7.42691 1 7.84983
0.6 0.4 0.4 0.4 0.6   0 7.18302 1 7.60594
0.6 0.4 0.4 0.4 0.6 0.2 8.26426 1 8.68718
0.6 0.4 0.4 0.4 0.6 0.4 7.78672 1 8.20964
0.6 0.4 0.4 0.4 0.8   0 8.1563 1 8.57922
0.6 0.4 0.4 0.4 0.8 0.2 7.7154 1 8.13832
0.6 0.4 0.4 0.6   0 0.6 5.94547 1 6.36839
0.6 0.4 0.4 0.6   0 0.8 7.58075 1 8.00367
0.6 0.4 0.4 0.6 0.2 0.4 7.07462 1 7.49754
0.6 0.4 0.4 0.6 0.2 0.6 7.67233 1 8.09525
0.6 0.4 0.4 0.6 0.2 0.8 7.70759 1 8.13051
0.6 0.4 0.4 0.6 0.4 0.2 7.56309 1 7.98601
0.6 0.4 0.4 0.6 0.4 0.4 7.18494 1 7.60786
0.6 0.4 0.4 0.6 0.4 0.6 6.8458 1 7.26872
0.6 0.4 0.4 0.6 0.6   0 6.43271 1 6.85563
0.6 0.4 0.4 0.6 0.6 0.2 7.41573 1 7.83865
0.6 0.4 0.4 0.6 0.6 0.4 7.15959 1 7.58251
0.6 0.4 0.4 0.6 0.8   0 7.77859 1 8.20151
0.6 0.4 0.4 0.6 0.8 0.2 7.51708 1 7.94
0.6 0.4 0.6   0   0 0.6 3.75943 1 4.18235
0.6 0.4 0.6   0   0 0.8 4.51511 1 4.93803
0.6 0.4 0.6   0 0.2 0.6 3.67156 1 4.09448
0.6 0.4 0.6   0 0.2 0.8 3.65264 1 4.07556
0.6 0.4 0.6   0 0.4 0.4 3.88237 1 4.30529
0.6 0.4 0.6   0 0.4 0.6 3.37384 1 3.79676
0.6 0.4 0.6   0 0.6 0.2 3.49062 1 3.91354
0.6 0.4 0.6   0 0.6 0.4 3.55817 1 3.98109
0.6 0.4 0.6   0 0.8   0 3.71318 1 4.1361
0.6 0.4 0.6   0 0.8 0.2 3.61028 1 4.0332
0.6 0.4 0.6 0.2   0 0.6 7.22762 1 7.65054
0.6 0.4 0.6 0.2   0 0.8 7.6625 1 8.08542
0.6 0.4 0.6 0.2 0.2 0.2 3.85104 1 4.27396
0.6 0.4 0.6 0.2 0.2 0.4 7.31056 1 7.73348
0.6 0.4 0.6 0.2 0.2 0.6 7.31241 1 7.73533
0.6 0.4 0.6 0.2 0.2 0.8 7.37145 1 7.79437
0.6 0.4 0.6 0.2 0.4   0 4.06062 1 4.48354
0.6 0.4 0.6 0.2 0.4 0.2 7.00301 1 7.42593
0.6 0.4 0.6 0.2 0.4 0.4 7.86052 1 8.28344
0.6 0.4 0.6 0.2 0.4 0.6 7.26017 1 7.68309
0.6 0.4 0.6 0.2 0.6   0 4.87729 1 5.30021
0.6 0.4 0.6 0.2 0.6 0.2 7.29784 1 7.72076
0.6 0.4 0.6 0.2 0.6 0.4 7.17124 1 7.59416
0.6 0.4 0.6 0.2 0.8   0 7.68892 1 8.11184
0.6 0.4 0.6 0.2 0.8 0.2 7.31103 1 7.73395
0.6 0.4 0.6 0.4   0 0.6 6.25444 1 6.67736
0.6 0.4 0.6 0.4   0 0.8 7.90385 1 8.32677
0.6 0.4 0.6 0.4 0.2 0.4 7.18505 1 7.60797
0.6 0.4 0.6 0.4 0.2 0.6 7.66662 1 8.08954
0.6 0.4 0.6 0.4 0.2 0.8 7.33131 1 7.75423
0.6 0.4 0.6 0.4 0.4 0.2 7.35857 1 7.78149
0.6 0.4 0.6 0.4 0.4 0.4 7.25068 1 7.6736
0.6 0.4 0.6 0.4 0.4 0.6 6.96951 1 7.39243
0.6 0.4 0.6 0.4 0.6   0 6.82624 1 7.24916
0.6 0.4 0.6 0.4 0.6 0.2 7.48034 1 7.90326
0.6 0.4 0.6 0.4 0.6 0.4 7.34225 1 7.76517
0.6 0.4 0.6 0.4 0.8   0 7.57989 1 8.00281
0.6 0.4 0.6 0.4 0.8 0.2 7.73895 1 8.16187
0.6 0.4 0.8   0   0 0.4 3.78753 1 4.21045
0.6 0.4 0.8   0   0 0.6 4.30997 1 4.73289
0.6 0.4 0.8   0   0 0.8 4.7104 1 5.13332
0.6 0.4 0.8   0 0.2 0.4 4.09949 1 4.52241
0.6 0.4 0.8   0 0.2 0.6 3.85225 1 4.27517
0.6 0.4 0.8   0 0.2 0.8 3.44018 1 3.8631
0.6 0.4 0.8   0 0.4   0 3.02419 1 3.44711
0.6 0.4 0.8   0 0.4 0.2 5.83788 1 6.2608
0.6 0.4 0.8   0 0.4 0.4 5.78668 1 6.2096
0.6 0.4 0.8   0 0.4 0.6 6.34028 1 6.7632
0.6 0.4 0.8   0 0.6   0 4.10622 1 4.52914
0.6 0.4 0.8   0 0.6 0.2 5.80491 1 6.22783
0.6 0.4 0.8   0 0.6 0.4 5.3412 1 5.76412
0.6 0.4 0.8   0 0.8   0 5.59598 1 6.0189
0.6 0.4 0.8   0 0.8 0.2 5.19396 1 5.61688
0.6 0.4 0.8 0.2   0 0.4 3.63418 1 4.0571
0.6 0.4 0.8 0.2   0 0.6 3.86894 1 4.29186
0.6 0.4 0.8 0.2   0 0.8 6.20796 1 6.63088
0.6 0.4 0.8 0.2 0.2 0.4 3.97406 1 4.39698
0.6 0.4 0.8 0.2 0.2 0.6 6.12706 1 6.54998
0.6 0.4 0.8 0.2 0.2 0.8 5.53976 1 5.96268
0.6 0.4 0.8 0.2 0.4 0.2 4.16733 1 4.59025
0.6 0.4 0.8 0.2 0.4 0.4 5.87684 1 6.29976
0.6 0.4 0.8 0.2 0.4 0.6 5.91906 1 6.34198
0.6 0.4 0.8 0.2 0.6   0 6.13904 1 6.56196
0.6 0.4 0.8 0.2 0.6 0.2 5.88669 1 6.30961
0.6 0.4 0.8 0.2 0.6 0.4 6.52304 1 6.94596
0.6 0.4 0.8 0.2 0.8   0 7.01749 1 7.44041
0.6 0.4 0.8 0.2 0.8 0.2 6.82065 1 7.24357
0.8   0   0 0.6   0 0.8 2.66066 1 3.08358
0.8   0   0 0.6 0.8   0 5.15241 1 5.57533
0.8   0   0 0.6 0.8 0.2 5.1445 1 5.56742
0.8   0   0 0.8   0 0.8 3.42422 1 3.84714
0.8   0   0 0.8 0.2 0.4 2.74878 1 3.1717
0.8   0   0 0.8 0.2 0.6 3.43298 1 3.8559
0.8   0   0 0.8 0.2 0.8 3.2718 1 3.69472
0.8   0   0 0.8 0.4 0.4 3.61359 1 4.03651
0.8   0   0 0.8 0.4 0.6 3.65458 1 4.0775
0.8   0   0 0.8 0.6 0.2 5.65844 1 6.08136
0.8   0   0 0.8 0.6 0.4 3.91272 1 4.33564
0.8   0   0 0.8 0.8   0 6.29836 1 6.72128
0.8   0   0 0.8 0.8 0.2 5.66499 1 6.08791
0.8   0 0.2 0.2 0.8   0 3.46624 1 3.88916
0.8   0 0.2 0.4   0 0.8 5.93013 1 6.35305
0.8   0 0.2 0.4 0.2 0.6 4.52339 1 4.94631
0.8   0 0.2 0.4 0.4 0.2 4.77671 1 5.19963
0.8   0 0.2 0.4 0.4 0.4 5.7638 1 6.18672
0.8   0 0.2 0.4 0.4 0.6 4.57885 1 5.00177
0.8   0 0.2 0.4 0.6 0.2 5.4122 1 5.83512
0.8   0 0.2 0.4 0.6 0.4 4.71187 1 5.13479
0.8   0 0.2 0.4 0.8   0 6.1195 1 6.54242
0.8   0 0.2 0.4 0.8 0.2 5.6136 1 6.03652
0.8   0 0.2 0.6   0 0.4 3.12428 1 3.5472
0.8   0 0.2 0.6   0 0.6 2.91449 1 3.33741
0.8   0 0.2 0.6   0 0.8 7.29477 1 7.71769
0.8   0 0.2 0.6 0.2 0.4 3.39482 1 3.81774
0.8   0 0.2 0.6 0.2 0.6 7.04635 1 7.46927
0.8   0 0.2 0.6 0.2 0.8 6.62067 1 7.04359
0.8   0 0.2 0.6 0.4 0.2 6.96677 1 7.38969
0.8   0 0.2 0.6 0.4 0.4 7.0473 1 7.47022
0.8   0 0.2 0.6 0.4 0.6 6.17685 1 6.59977
0.8   0 0.2 0.6 0.6   0 7.81296 1 8.23588
0.8   0 0.2 0.6 0.6 0.2 7.30024 1 7.72316
0.8   0 0.2 0.6 0.6 0.4 6.35588 1 6.7788
0.8   0 0.2 0.6 0.8   0 8.06464 1 8.48756
0.8   0 0.2 0.6 0.8 0.2 7.30743 1 7.73035
0.8   0 0.2 0.8   0 0.6 3.36765 1 3.79057
0.8   0 0.2 0.8   0 0.8 3.85144 1 4.27436
0.8   0 0.2 0.8 0.2 0.4 3.55526 1 3.97818
0.8   0 0.2 0.8 0.2 0.6 7.50963 1 7.93255
0.8   0 0.2 0.8 0.2 0.8 3.58653 1 4.00945
0.8   0 0.2 0.8 0.4 0.2 3.56179 1 3.98471
0.8   0 0.2 0.8 0.4 0.4 6.89624 1 7.31916
0.8   0 0.2 0.8 0.4 0.6 3.62225 1 4.04517
0.8   0 0.2 0.8 0.6 0.2 5.24304 1 5.66596
0.8   0 0.2 0.8 0.6 0.4 5.2661 1 5.68902
0.8   0 0.2 0.8 0.8   0 6.71849 1 7.14141
0.8   0 0.2 0.8 0.8 0.2 5.46951 1 5.89243
0.8   0 0.4 0.2   0 0.8 4.74956 1 5.17248
0.8   0 0.4 0.2 0.2 0.6 5.32844 1 5.75136
0.8   0 0.4 0.2 0.2 0.8 4.792 1 5.21492
0.8   0 0.4 0.2 0.4 0.2 5.39193 1 5.81485
0.8   0 0.4 0.2 0.4 0.4 3.42267 1 3.84559
0.8   0 0.4 0.2 0.6 0.2 4.74334 1 5.16626
0.8   0 0.4 0.2 0.6 0.4 4.46224 1 4.88516
0.8   0 0.4 0.2 0.8   0 6.3461 1 6.76902
0.8   0 0.4 0.2 0.8 0.2 5.22787 1 5.65079
0.8   0 0.4 0.4   0 0.4 3.69525 1 4.11817
0.8   0 0.4 0.4   0 0.6 3.6112 1 4.03412
0.8   0 0.4 0.4   0 0.8 7.35841 1 7.78133
0.8   0 0.4 0.4 0.2 0.4 7.52307 1 7.94599
0.8   0 0.4 0.4 0.2 0.6 7.58121 1 8.00413
0.8   0 0.4 0.4 0.2 0.8 7.30951 1 7.73243
0.8   0 0.4 0.4 0.4   0 3.71914 1 4.14206
0.8   0 0.4 0.4 0.4 0.2 7.37754 1 7.80046
0.8   0 0.4 0.4 0.4 0.4 7.56325 1 7.98617
0.8   0 0.4 0.4 0.4 0.6 7.53074 1 7.95366
0.8   0 0.4 0.4 0.6   0 7.60594 1 8.02886
0.8   0 0.4 0.4 0.6 0.2 7.76984 1 8.19276
0.8   0 0.4 0.4 0.6 0.4 7.50151 1 7.92443
0.8   0 0.4 0.4 0.8   0 8.12481 1 8.54773
0.8   0 0.4 0.4 0.8 0.2 7.40002 1 7.82294
0.8   0 0.4 0.6   0 0.6 6.80509 1 7.22801
0.8   0 0.4 0.6   0 0.8 7.36377 1 7.78669
0.8   0 0.4 0.6 0.2 0.4 6.02071 1 6.44363
0.8   0 0.4 0.6 0.2 0.6 7.0257 1 7.44862
0.8   0 0.4 0.6 0.2 0.8 7.42371 1 7.84663
0.8   0 0.4 0.6 0.4 0.2 6.8144 1 7.23732
0.8   0 0.4 0.6 0.4 0.4 7.03597 1 7.45889
0.8   0 0.4 0.6 0.4 0.6 7.23161 1 7.65453
0.8   0 0.4 0.6 0.6   0 7.52984 1 7.95276
0.8   0 0.4 0.6 0.6 0.2 6.96852 1 7.39144
0.8   0 0.4 0.6 0.6 0.4 7.82516 1 8.24808
0.8   0 0.4 0.6 0.8   0 8.05332 1 8.47624
0.8   0 0.4 0.6 0.8 0.2 7.20611 1 7.62903
0.8   0 0.6 0.2   0 0.8 6.01655 1 6.43947
0.8   0 0.6 0.2 0.2 0.4 3.63006 1 4.05298
0.8   0 0.6 0.2 0.2 0.6 6.3434 1 6.76632
0.8   0 0.6 0.2 0.2 0.8 6.02451 1 6.44743
0.8   0 0.6 0.2 0.4 0.2 5.58334 1 6.00626
0.8   0 0.6 0.2 0.4 0.4 5.93091 1 6.35383
0.8   0 0.6 0.2 0.4 0.6 5.84138 1 6.2643
0.8   0 0.6 0.2 0.6   0 3.46129 1 3.88421
0.8   0 0.6 0.2 0.6 0.2 5.9858 1 6.40872
0.8   0 0.6 0.2 0.6 0.4 4.54135 1 4.96427
0.8   0 0.6 0.2 0.8   0 6.3022 1 6.72512
0.8   0 0.6 0.2 0.8 0.2 5.91496 1 6.33788
0.8   0 0.6 0.4   0 0.6 3.71202 1 4.13494
0.8   0 0.6 0.4   0 0.8 7.42189 1 7.84481
0.8   0 0.6 0.4 0.2 0.2 3.77627 1 4.19919
0.8   0 0.6 0.4 0.2 0.4 3.76031 1 4.18323
0.8   0 0.6 0.4 0.2 0.6 5.85192 1 6.27484
0.8   0 0.6 0.4 0.2 0.8 7.30053 1 7.72345
0.8   0 0.6 0.4 0.4   0 3.64261 1 4.06553
0.8   0 0.6 0.4 0.4 0.2 7.18589 1 7.60881
0.8   0 0.6 0.4 0.4 0.4 7.59545 1 8.01837
0.8   0 0.6 0.4 0.4 0.6 6.87898 1 7.3019
0.8   0 0.6 0.4 0.6   0 3.8971 1 4.32002
0.8   0 0.6 0.4 0.6 0.2 7.51446 1 7.93738
0.8   0 0.6 0.4 0.6 0.4 7.40702 1 7.82994
0.8   0 0.6 0.4 0.8   0 7.81896 1 8.24188
0.8   0 0.6 0.4 0.8 0.2 7.50637 1 7.92929
0.8   0 0.8   0   0 0.8 2.05143 1 2.47435
0.8   0 0.8   0 0.2 0.8 1.93985 1 2.36277
0.8   0 0.8 0.2   0 0.8 2.15039 1 2.57331
0.8   0 0.8 0.2 0.2 0.4 1.82813 1 2.25105
0.8   0 0.8 0.2 0.2 0.6 2.05111 1 2.47403
0.8   0 0.8 0.2 0.2 0.8 2.26757 1 2.69049
0.8   0 0.8 0.2 0.4 0.2 1.68451 1 2.10743
0.8   0 0.8 0.2 0.6   0 1.82178 1 2.2447
0.8   0 0.8 0.2 0.8   0 1.81744 1 2.24036
0.8 0.2   0 0.6 0.8   0 5.53241 1 5.95533
0.8 0.2   0 0.8   0 0.8 3.15906 1 3.58198
0.8 0.2   0 0.8 0.2 0.6 3.65614 1 4.07906
0.8 0.2   0 0.8 0.2 0.8 3.3837 1 3.80662
0.8 0.2   0 0.8 0.4 0.6 4.7791 1 5.20202
0.8 0.2   0 0.8 0.6 0.2 5.0253 1 5.44822
0.8 0.2   0 0.8 0.6 0.4 5.14623 1 5.56915
0.8 0.2   0 0.8 0.8   0 5.67748 1 6.1004
0.8 0.2   0 0.8 0.8 0.2 5.96031 1 6.38323
0.8 0.2 0.2 0.4   0 0.8 4.64487 1 5.06779
0.8 0.2 0.2 0.4 0.2 0.6 4.84384 1 5.26676
0.8 0.2 0.2 0.4 0.2 0.8 3.81237 1 4.23529
0.8 0.2 0.2 0.4 0.4 0.4 4.58773 1 5.01065
0.8 0.2 0.2 0.4 0.6 0.2 5.4769 1 5.89982
0.8 0.2 0.2 0.4 0.6 0.4 6.26321 1 6.68613
0.8 0.2 0.2 0.4 0.8   0 5.84207 1 6.26499
0.8 0.2 0.2 0.4 0.8 0.2 5.71991 1 6.14283
0.8 0.2 0.2 0.6   0 0.8 7.12454 1 7.54746
0.8 0.2 0.2 0.6 0.2 0.4 7.06364 1 7.48656
0.8 0.2 0.2 0.6 0.2 0.6 7.88294 1 8.30586
0.8 0.2 0.2 0.6 0.2 0.8 7.07504 1 7.49796
0.8 0.2 0.2 0.6 0.4 0.2 8.1113 1 8.53422
0.8 0.2 0.2 0.6 0.4 0.4 7.19606 1 7.61898
0.8 0.2 0.2 0.6 0.4 0.6 6.99704 1 7.41996
0.8 0.2 0.2 0.6 0.6   0 7.75234 1 8.17526
0.8 0.2 0.2 0.6 0.6 0.2 7.34314 1 7.76606
0.8 0.2 0.2 0.6 0.6 0.4 8.10404 1 8.52696
0.8 0.2 0.2 0.6 0.8   0 7.69462 1 8.11754
0.8 0.2 0.2 0.6 0.8 0.2 7.94254 1 8.36546
0.8 0.2 0.2 0.8   0 0.8 7.18889 1 7.61181
0.8 0.2 0.2 0.8 0.2 0.4 3.03222 1 3.45514
0.8 0.2 0.2 0.8 0.2 0.6 3.27149 1 3.69441
0.8 0.2 0.2 0.8 0.2 0.8 3.42797 1 3.85089
0.8 0.2 0.2 0.8 0.4 0.2 6.89907 1 7.32199
0.8 0.2 0.2 0.8 0.4 0.4 6.79669 1 7.21961
0.8 0.2 0.2 0.8 0.4 0.6 6.92207 1 7.34499
0.8 0.2 0.2 0.8 0.6   0 6.8604 1 7.28332
0.8 0.2 0.2 0.8 0.6 0.2 7.88528 1 8.3082
0.8 0.2 0.2 0.8 0.6 0.4 6.80077 1 7.22369
0.8 0.2 0.2 0.8 0.8   0 7.54062 1 7.96354
0.8 0.2 0.2 0.8 0.8 0.2 6.68419 1 7.10711
0.8 0.2 0.4 0.2   0 0.6 4.66982 1 5.09274
0.8 0.2 0.4 0.2 0.2 0.6 4.77226 1 5.19518
0.8 0.2 0.4 0.2 0.4 0.6 4.53424 1 4.95716
0.8 0.2 0.4 0.2 0.6   0 5.60412 1 6.02704
0.8 0.2 0.4 0.2 0.6 0.2 4.67635 1 5.09927
0.8 0.2 0.4 0.2 0.8   0 5.23208 1 5.655
0.8 0.2 0.4 0.2 0.8 0.2 5.73495 1 6.15787
0.8 0.2 0.4 0.4   0 0.4 3.41757 1 3.84049
0.8 0.2 0.4 0.4   0 0.6 4.57152 1 4.99444
0.8 0.2 0.4 0.4   0 0.8 7.64203 1 8.06495
0.8 0.2 0.4 0.4 0.2 0.4 7.28944 1 7.71236
0.8 0.2 0.4 0.4 0.2 0.6 7.71293 1 8.13585
0.8 0.2 0.4 0.4 0.2 0.8 7.81821 1 8.24113
0.8 0.2 0.4 0.4 0.4   0 2.29241 1 2.71533
0.8 0.2 0.4 0.4 0.4 0.2 7.30148 1 7.7244
0.8 0.2 0.4 0.4 0.4 0.4 7.837 1 8.25992
0.8 0.2 0.4 0.4 0.4 0.6 7.71781 1 8.14073
0.8 0.2 0.4 0.4 0.6   0 6.76401 1 7.18693
0.8 0.2 0.4 0.4 0.6 0.2 7.87492 1 8.29784
0.8 0.2 0.4 0.4 0.6 0.4 7.53306 1 7.95598
0.8 0.2 0.4 0.4 0.8   0 8.13899 1 8.56191
0.8 0.2 0.4 0.4 0.8 0.2 7.86507 1 8.28799
0.8 0.2 0.4 0.6   0 0.6 6.43304 1 6.85596
0.8 0.2 0.4 0.6   0 0.8 7.88647 1 8.30939
0.8 0.2 0.4 0.6 0.2 0.4 7.06639 1 7.48931
0.8 0.2 0.4 0.6 0.2 0.6 8.121 1 8.54392
0.8 0.2 0.4 0.6 0.2 0.8 7.58394 1 8.00686
0.8 0.2 0.4 0.6 0.4 0.2 7.63411 1 8.05703
0.8 0.2 0.4 0.6 0.4 0.4 7.82937 1 8.25229
0.8 0.2 0.4 0.6 0.4 0.6 7.43351 1 7.85643
0.8 0.2 0.4 0.6 0.6   0 6.59883 1 7.02175
0.8 0.2 0.4 0.6 0.6 0.2 7.64039 1 8.06331
0.8 0.2 0.4 0.6 0.6 0.4 7.719 1 8.14192
0.8 0.2 0.4 0.6 0.8   0 7.95751 1 8.38043
0.8 0.2 0.4 0.6 0.8 0.2 8.1303 1 8.55322
0.8 0.2 0.6   0   0 0.8 1.88075 1 2.30367
0.8 0.2 0.6 0.2   0 0.8 5.55585 1 5.97877
0.8 0.2 0.6 0.2 0.2 0.4 1.71474 1 2.13766
0.8 0.2 0.6 0.2 0.2 0.6 6.03746 1 6.46038
0.8 0.2 0.6 0.2 0.2 0.8 4.61476 1 5.03768
0.8 0.2 0.6 0.2 0.4 0.2 5.40313 1 5.82605
0.8 0.2 0.6 0.2 0.4 0.4 6.7164 1 7.13932
0.8 0.2 0.6 0.2 0.6 0.2 6.28908 1 6.712
0.8 0.2 0.6 0.2 0.6 0.4 6.17987 1 6.60279
0.8 0.2 0.6 0.2 0.8   0 7.03386 1 7.45678
0.8 0.2 0.6 0.2 0.8 0.2 6.60474 1 7.02766
0.8 0.2 0.6 0.4   0 0.8 7.46522 1 7.88814
0.8 0.2 0.6 0.4 0.2 0.4 6.36638 1 6.7893
0.8 0.2 0.6 0.4 0.2 0.6 7.43304 1 7.85596
0.8 0.2 0.6 0.4 0.2 0.8 7.40898 1 7.8319
0.8 0.2 0.6 0.4 0.4 0.2 7.64409 1 8.06701
0.8 0.2 0.6 0.4 0.4 0.4 7.57514 1 7.99806
0.8 0.2 0.6 0.4 0.4 0.6 7.43299 1 7.85591
0.8 0.2 0.6 0.4 0.6   0 5.35468 1 5.7776
0.8 0.2 0.6 0.4 0.6 0.2 8.04726 1 8.47018
0.8 0.2 0.6 0.4 0.6 0.4 7.64181 1 8.06473
0.8 0.2 0.6 0.4 0.8   0 7.91857 1 8.34149
0.8 0.2 0.6 0.4 0.8 0.2 7.82276 1 8.24568
0.8 0.2 0.8   0   0 0.8 1.9361 1 2.35902
0.8 0.2 0.8   0 0.2 0.6 1.86443 1 2.28735
0.8 0.2 0.8   0 0.4 0.2 1.48108 1 1.904
0.8 0.2 0.8   0 0.8   0 3.33797 1 3.76089
0.8 0.2 0.8 0.2   0 0.6 1.60642 1 2.02934
0.8 0.2 0.8 0.2   0 0.8 2.11598 1 2.5389
0.8 0.2 0.8 0.2 0.2 0.6 1.79637 1 2.21929
0.8 0.2 0.8 0.2 0.6 0.2 5.72555 1 6.14847
0.8 0.2 0.8 0.2 0.8   0 4.75609 1 5.17901
