4582    0.2 0.4 0.2 0.6 0.2 0.4  4.4054 0.075 0.325 0.8 0.575 0.05 0.65 0.75 0.275 0.625 0.2 0.075 0.025 0.25 0.625 0.3 0.45 0.925 0.4 0.2 0.675 0.625 0.55 0.025 
4607    0.2 0.4 0.2 0.8 0.2 0.4  4.2478 0.075 0.325 0.8 0.575 0.05 0.65 0.4 0.275 0.625 0.2 0.075 0.025 0.25 0.625 0.3 0.45 0.925 0.4 0.2 0.675 0.625 0.55 0.025 
6431    0.4 0 0.2 0.4 0.2 0.2  4.48032 0.075 0.2 0.525 0.575 0.275 0.4 0.75 0.05 0.85 0.575 0.8 0.85 0.25 0.625 0.3 0.45 0.925 0.4 0.925 0.825 0.625 0.6 0.025 
6581    0.4 0 0.4 0.6 0.2 0.2  4.60371 0.275 0.2 0.525 0.575 0.3 0.65 0.75 0.275 0.2 0.575 0.5 0.85 0.25 0.625 0.325 0.45 0.925 0.4 0.925 0.825 0.45 0.6 0.025 
6606    0.4 0 0.4 0.8 0.2 0.2  4.18915 0.075 0.35 0.475 0.575 0.35 0.65 0.75 0.275 0.425 0.575 0.675 0.175 0.8 0.625 0.3 0.45 0.55 0.5 0.925 0.825 0.625 0.6 0.025 
6706    0.4 0 0.6 0.6 0.2 0.2  3.43817 0.075 0.175 0.5 0.575 0.35 0.65 0.75 0.275 0.55 0.575 0.8 0.175 0.8 0.625 0.3 0.45 0.925 0.4 0.925 0.825 0.625 0.6 0.025 
7032    0.4 0.2 0.2 0.2 0.2 0.4  4.65221 0.05 0.2 0.95 0.575 0.275 0.3 0.75 0.275 0.425 0.575 0.325 0.85 0.25 0.625 0.3 0.45 0.8 0.975 0.925 0.825 0.625 0.6 0.025 
7051    0.4 0.2 0.2 0.4 0 0.2  4.96806 0.075 0.2 0.525 0.575 0.275 0.4 0.75 0 0.85 0.575 0.8 0.85 0.25 0.625 0.3 0.45 0.925 0.4 0.925 0.825 0.625 0.6 0.025 
7052    0.4 0.2 0.2 0.4 0 0.4  4.70968 0.075 0.2 0.65 0.95 0.1 0.65 0.75 0.275 0.9 0.575 0.2 0.9 0.25 0.625 0.3 0.45 0.1 0.4 0.925 0.825 0.55 0.725 0.025 
7053    0.4 0.2 0.2 0.4 0 0.6  4.5029 0.075 0.675 0.525 0.9 0.275 0.65 0.75 0.375 0.25 0.575 0.775 0.85 0.25 0.625 0.3 0.45 0.925 0.4 0.925 0.825 0.525 0.6 0.025 
7056    0.4 0.2 0.2 0.4 0.2 0.2  5.43827 0.075 0.2 0.375 0.575 0.525 0.225 0.75 0 0.85 0.575 0.8 0.3 0.25 0.625 0.3 0.45 0.925 0.375 0.925 0.825 0.625 0 0.025 
7057    0.4 0.2 0.2 0.4 0.2 0.4  5.03567 0.075 0.2 0.525 0.8 0.275 0.4 0.75 0.05 0.6 0.575 0.8 0.85 0.25 0.625 0.3 0.45 0.925 0.4 0.575 0.825 0.625 0.6 0.025 
7058    0.4 0.2 0.2 0.4 0.2 0.6  4.75622 0.075 0.225 0.95 0.85 0.95 0.3 0.75 0.275 0.2 0.65 0.8 0.85 0.25 0.625 0.3 0.45 0.8 0.4 0.925 0.825 0.625 0.6 0.025 
7061    0.4 0.2 0.2 0.4 0.4 0.2  4.91897 0.075 0.5 0.525 0.575 0.25 0.65 0.75 0.275 0.425 0.575 0.925 0.225 0.25 0.625 0.3 0.45 0.55 0.4 0.925 0.825 0.625 0.6 0.425 
7062    0.4 0.2 0.2 0.4 0.4 0.4  4.57252 0.075 0.2 0.525 0.575 0.9 0.2 0.225 0.275 0.425 0.575 0.2 0.85 0.25 0.625 0.3 0.45 0.925 0.4 0.725 0.825 0.625 0.6 0.025 
7076    0.4 0.2 0.2 0.6 0 0.2  3.54575 0.075 0.2 0.525 0.575 0.275 0.65 0.75 0.275 0.425 0.575 0.775 0.85 0.25 0.625 0.3 0.45 0.925 0.4 0.925 0.825 0.625 0.6 0.025 
7077    0.4 0.2 0.2 0.6 0 0.4  4.83645 0.075 0.2 0.65 0.95 0.1 0.65 0.75 0.275 0.9 0.575 0.2 0.825 0.25 0.625 0.3 0.45 0.1 0.4 0.925 0.825 0.55 0.725 0.025 
7078    0.4 0.2 0.2 0.6 0 0.6  4.38613 0.075 0.2 0.225 0.9 0.275 0.975 0.75 0.275 0.425 0.575 0.1 0.85 0.875 0.475 0.1 0.45 0.925 0.4 0.925 0.825 0.625 0.75 0.1 
7081    0.4 0.2 0.2 0.6 0.2 0.2  5.13149 0.075 0.05 0.65 0.075 0.35 0.65 0.75 0.225 0.275 0.225 0.8 0.175 0.125 0.625 0.675 0.45 0.1 0.5 0.925 0.5 0.625 0.675 0.575 
7082    0.4 0.2 0.2 0.6 0.2 0.4  4.68718 0.075 0.35 0.475 0.575 0.35 0.65 0.75 0.275 0.425 0.575 0.675 0.175 0.8 0.475 0.3 0.45 0.55 0.5 0.925 0.825 0.625 0.6 0.025 
7083    0.4 0.2 0.2 0.6 0.2 0.6  4.30127 0.075 0.5 0.525 0.875 0.25 0.65 0.425 0.275 0.425 0.575 0.925 0.225 0.25 0.625 0.3 0.45 0.55 0.25 0.925 0.825 0.625 0.6 0.425 
7086    0.4 0.2 0.2 0.6 0.4 0.2  4.73027 0.075 0.2 0.45 0.575 0.275 0.65 0.75 0.275 0.425 0.725 0.8 0.575 0.25 0.625 0.3 0.45 0.55 0.4 0.925 0.825 0.625 0.6 0.025 
7087    0.4 0.2 0.2 0.6 0.4 0.4  4.49222 0.075 0.425 0.25 0.575 0.05 0.65 0.75 0.675 0.425 0.2 0.8 0.525 0.25 0.625 0.3 0.45 0.175 0.4 0.925 0.825 0.025 0.55 0.45 
7107    0.4 0.2 0.2 0.8 0.2 0.4  4.17866 0.075 0.05 0.35 0.575 0.35 0.65 0.75 0.275 0.275 0.225 0.8 0.175 0.125 0.625 0.3 0.45 0.1 0.5 0.475 0.65 0.625 0.675 0.025 
7176    0.4 0.2 0.4 0.4 0 0.2  3.89558 0.075 0.2 0.525 0.575 0.275 0.65 0.75 0.175 0.425 0.575 0 0.925 0.25 0.625 0.3 0.45 0.925 0.45 0.925 0.825 0.625 0.6 0.025 
7177    0.4 0.2 0.4 0.4 0 0.4  4.18195 0.075 0.2 0.525 0.575 0.275 0.65 0.75 0.275 0.425 0.575 0 0.925 0.25 0.625 0.3 0.45 0.925 0.45 0.925 0.825 0.625 0.6 0.025 
7178    0.4 0.2 0.4 0.4 0 0.6  3.98763 0.075 0.325 0.525 0.875 0.25 0.65 0.425 0.275 0.425 0.575 0.925 0.225 0.25 0.625 0.3 0.45 0.55 0.25 0.925 0.825 0.625 0.6 0.425 
7181    0.4 0.2 0.4 0.4 0.2 0.2  5.30594 0.075 0.275 0.625 0.15 0.275 0.65 0.45 0.275 0.425 0.45 0.8 0.85 0.25 0.85 0.3 0.45 0.925 0.4 0.925 0.825 0.625 0.6 0.025 
7182    0.4 0.2 0.4 0.4 0.2 0.4  4.54213 0.2 0.2 0.525 0.575 0.275 0.65 0.425 0.275 0.275 0.575 0.6 0.85 0.25 0.625 0.325 0.45 0.275 0.4 0.925 0.825 0.275 0.6 0.025 
7183    0.4 0.2 0.4 0.4 0.2 0.6  4.2938 0.075 0.7 0.525 0.975 0.275 0.65 0.775 0.275 0.425 0.575 0.6 0.625 0.25 0.9 0.3 0.45 0.925 0.4 0.925 0.825 0.625 0.05 0.025 
7186    0.4 0.2 0.4 0.4 0.4 0.2  4.38472 0.075 0.2 0.525 0.575 0.25 0.65 0.75 0.275 0.425 0.575 0.925 0.85 0.25 0.625 0.3 0.45 0.55 0.4 0.925 0.825 0.625 0.6 0.025 
7187    0.4 0.2 0.4 0.4 0.4 0.4  4.2121 0.075 0.2 0.425 0.575 0.275 0.65 0.75 0.275 0.425 0.575 0.8 0.85 0.25 0.625 0.3 0.45 0.925 0.4 0.925 0.825 0.575 0.9 0.025 
7201    0.4 0.2 0.4 0.6 0 0.2  4.1284 0.075 0.2 0.525 0.575 0.275 0.65 0.75 0.275 0.425 0.95 0.8 0.85 0.25 0.625 0.3 0.45 0.925 0.4 0.925 0.825 0.6 0.6 0.025 
7202    0.4 0.2 0.4 0.6 0 0.4  3.98995 0.075 0.2 0.575 0.9 0.275 0.65 0.75 0.275 0.425 0.65 0.45 0.85 0.25 0.625 0.3 0.45 0.925 0.4 0.925 0.825 0.625 0.6 0.025 
7203    0.4 0.2 0.4 0.6 0 0.6  3.99492 0.1 0.2 0.475 0.9 0.275 0.65 0.85 0.275 0.425 0.575 0.8 0.525 0.25 0.625 0.3 0.45 0.925 0.4 0.925 0.825 0.625 0.6 0.025 
7205    0.4 0.2 0.4 0.6 0.2 0  4.66595 0.075 0.2 0.525 0.575 0.275 0.65 0.75 0.275 0.425 0.575 0.8 0.85 0.25 0.625 0.3 0.45 0.925 0.4 0.225 0.825 0.625 0.6 0.025 
7206    0.4 0.2 0.4 0.6 0.2 0.2  4.86363 0.075 0.275 0.625 0.05 0.275 0.65 0.45 0.275 0.425 0.45 0.8 0.85 0.25 0.85 0.3 0.45 0.925 0.4 0.925 0.825 0.625 0.6 0.025 
7207    0.4 0.2 0.4 0.6 0.2 0.4  4.54467 0.275 0.2 0.525 0.575 0.275 0.65 0.75 0.275 0.2 0.575 0.5 0.85 0.25 0.625 0.325 0.45 0.925 0.4 0.925 0.825 0.625 0.6 0.025 
7208    0.4 0.2 0.4 0.6 0.2 0.6  4.26476 0.075 0.2 0.525 0.9 0.275 0.975 0.75 0.275 0.45 0.575 0.1 0.85 0.875 0.475 0.3 0.45 0.925 0.4 0.925 0.825 0.625 0.75 0.1 
7210    0.4 0.2 0.4 0.6 0.4 0  4.34362 0.075 0.2 0.65 0.575 0.35 0.65 0.75 0.475 0.2 0.575 0.45 0.175 0.8 0 0.3 0.225 0.35 0.5 0.925 0.3 0.625 0.6 0.025 
7211    0.4 0.2 0.4 0.6 0.4 0.2  4.56364 0.075 0.45 0.975 0.575 0.35 0.65 0.75 0.475 0.2 0.575 0.45 0.175 0.8 0.725 0.3 0.225 0.35 0.5 0.925 0.65 0.625 0.6 0.025 
7226    0.4 0.2 0.4 0.8 0 0.2  2.33276 0.075 0.2 0.65 0.575 0.35 0.65 0.75 0.275 0.425 0.575 0.8 0.175 0.8 0.775 0.3 0.45 0.55 0.475 0.925 0.825 0.625 0.6 0.025 
7231    0.4 0.2 0.4 0.8 0.2 0.2  3.95728 0.075 0.2 0.65 0.575 0.35 0.65 0.75 0.275 0.8 0.575 0.8 0.175 0.8 0.625 0.3 0.45 0.55 0.475 0.925 0.825 0.625 0.6 0.025 
7330    0.4 0.2 0.6 0.6 0.2 0  4.12181 0.075 0.45 0.325 0.575 0.35 0.65 0.75 0.475 0.2 0.575 0.45 0.175 0.8 0.725 0.3 0.225 0.35 0.5 0.925 0.65 0.625 0.6 0.025 
7331    0.4 0.2 0.6 0.6 0.2 0.2  3.49322 0.075 0.2 0.5 0.575 0.35 0.65 0.75 0.275 0.55 0.575 0.8 0.175 0.8 0.625 0.3 0.45 0.925 0.4 0.925 0.825 0.625 0.6 0.025 
7332    0.4 0.2 0.6 0.6 0.2 0.4  3.42337 0.075 0.05 0.65 0.55 0.35 0.65 0.75 0.275 0.425 0.225 0.8 0.175 0.125 0.625 0.3 0.45 1 0.5 0.925 0.825 0.625 0.675 0.025 
7335    0.4 0.2 0.6 0.6 0.4 0  4.05611 0.075 0.45 0.3 0.575 0.35 0.65 0.75 0.475 0.2 0.575 0.45 0.175 0.8 0.725 0.3 0.225 0.35 0.5 0.925 0.65 0.625 0.6 0.025 
7336    0.4 0.2 0.6 0.6 0.4 0.2  3.86519 0.075 0.05 0.65 0.175 0.35 0.65 0.75 0.275 0.625 0.225 0.8 0.175 0.125 0.625 0.375 0.75 0.125 0.5 0.925 0.825 0.75 0.025 0.025 
7337    0.4 0.2 0.6 0.6 0.4 0.4  3.65677 0.075 0.05 0.825 0.95 0.35 0.65 0.75 0.15 0.8 0.225 0.8 0.175 0.125 0.625 0.3 0.45 1 0.5 0.925 0.825 0.625 0.675 0.025 
7361    0.4 0.2 0.6 0.8 0.4 0.2  3.78132 0.075 0.05 0.825 0.55 0.35 0.65 0.75 0.275 0.8 0.225 0.8 0.175 0.125 0.625 0.3 0.45 1 0.5 0.925 0.825 0.625 0.675 0.025 
7582    0.4 0.4 0 0.6 0.2 0.4  4.16932 1 0.2 0.65 0.575 0.35 0.65 0.75 0.275 0.425 0.575 0.8 0.175 0.975 0.25 0.3 0.45 0.75 0.5 0.925 0.825 0.625 0.6 0.025 
7656    0.4 0.4 0.2 0.2 0.2 0.2  4.77829 0.075 0.2 0.425 0.575 0.275 0.225 0.75 0.8 0.425 0.575 0.8 0.85 0.25 0.625 0.3 0.45 0.925 0.4 0.925 0.825 0.575 0.9 0.025 
7658    0.4 0.4 0.2 0.2 0.2 0.6  4.69555 0.075 0.225 0.95 0.85 0.95 0.3 0.75 0.85 0.2 0.65 0.8 0.85 0.25 0.625 0.3 0.45 0.7 0.4 0.925 0.825 0.625 0.6 0.025 
7676    0.4 0.4 0.2 0.4 0 0.2  3.1141 0.075 0.2 0.525 0.575 0.35 0.65 0.75 0.275 0.425 0.575 0.525 0.85 0.25 0.625 0.3 0.45 0.925 0.4 0.925 0.775 0.625 0.6 0.025 
7677    0.4 0.4 0.2 0.4 0 0.4  4.2636 0.075 0.2 0.65 0.575 0.275 0.65 0.75 0.5 0.425 0.525 0.8 0.85 0.25 0.625 0.3 0.45 0.925 0.4 0.925 0.825 0.625 0.6 0.1 
7678    0.4 0.4 0.2 0.4 0 0.6  4.27528 0.075 0.2 0.575 0.9 0.275 0.65 0.75 0.275 0.425 0.475 0.45 0.85 0.25 0.525 0.3 0.45 0.925 0.4 0.925 0.825 0.625 0.6 0.025 
7681    0.4 0.4 0.2 0.4 0.2 0.2  5.1165 0.075 0.2 0.65 0.575 0.275 0.65 0.75 0.275 0.425 0.575 0.775 0.925 0.25 0.15 0.3 0.45 0.925 0.45 0.925 0.825 0.975 0.6 0.025 
7682    0.4 0.4 0.2 0.4 0.2 0.4  4.77644 0.375 0.2 0.525 0.875 0.275 0.65 0.75 0.275 0.3 0.05 0.225 0.85 0.925 0.625 0.3 0.45 0.925 0.4 0.6 0.825 0.625 0.6 0.075 
7683    0.4 0.4 0.2 0.4 0.2 0.6  4.68275 0.075 0.025 0.95 0.85 0.95 0.3 0.75 0.275 0.425 0.65 0.8 0.85 0.95 0.625 0.3 0.45 0.8 0.35 0.925 0.825 0.625 0.6 0.1 
7685    0.4 0.4 0.2 0.4 0.4 0  4.67082 0.075 0.2 0.65 0.575 0.275 0.65 0.75 0.275 0.425 0.575 0.475 0.925 0.25 0.15 0.3 0.45 0.925 0.45 0.925 0.825 0.975 0.6 0.025 
7686    0.4 0.4 0.2 0.4 0.4 0.2  4.91272 0.075 0.2 0.525 0.575 0.9 0.525 0.375 0.275 0.675 0.575 0.2 0.85 0.25 0.2 0.3 0.45 0.925 0.4 0.3 0.825 0.625 0.6 0.025 
7687    0.4 0.4 0.2 0.4 0.4 0.4  4.39429 0.075 0.2 0.525 0.575 0.9 0.525 0.375 0.275 0.425 0.575 0.2 0.85 0.25 0.2 0.3 0.45 0.925 0.4 0.3 0.825 0.625 0.6 0.025 
7688    0.4 0.4 0.2 0.4 0.4 0.6  4.04948 0.35 1 0.525 0.975 0.275 0.65 0.525 0.275 0.425 0.575 0.6 0.625 0.25 0.125 0.3 0.45 0.925 0.4 0.925 0.825 0.625 0.05 0.025 
7691    0.4 0.4 0.2 0.4 0.6 0.2  3.6112 0.075 0.2 0.525 0.3 0.9 0.525 0.375 0.275 0.425 0.575 0.2 0.85 0.7 0.2 0.3 0.45 0.925 0.4 0.3 0.825 0.625 0.6 0.525 
7692    0.4 0.4 0.2 0.4 0.6 0.4  3.13313 0.075 0.2 0.525 0.575 0.9 0.525 0.375 0.275 0.425 0.575 0.2 0.675 0.7 0.2 0.3 0.45 0.925 0.4 0.3 0.825 0.625 0.6 0.025 
7702    0.4 0.4 0.2 0.6 0 0.4  4.04449 0.075 0.2 0.525 0.575 0.275 0.65 0.75 0.275 0.425 0.775 0.8 0.85 0.25 0.625 0.3 0.45 0.925 0.375 0.85 0.775 0.625 0.6 0.025 
7703    0.4 0.4 0.2 0.6 0 0.6  4.28503 0.075 0.2 0.525 0.9 0.275 0.975 0.75 0.275 0.5 0.575 0.1 0.85 0.875 0.475 0.3 0.45 0.725 0.4 0.925 0.825 0.625 0.75 0.1 
7706    0.4 0.4 0.2 0.6 0.2 0.2  5.03369 0.375 0.2 0.525 0.875 0.275 0.65 0.75 0.275 0.7 0.05 0.225 0.075 0.925 0.625 0.5 0.45 0.925 0.4 0.925 0.825 0.625 0.6 0.025 
7707    0.4 0.4 0.2 0.6 0.2 0.4  4.86004 0.075 0.05 0.65 0.525 0.35 0.65 0.75 0.425 0.275 0.65 0.75 0.175 0.85 0.625 0.3 0.45 0.1 0.5 0.925 0.5 0.625 0.675 0.525 
7708    0.4 0.4 0.2 0.6 0.2 0.6  4.37657 0.075 0.2 0.725 0.9 0.275 0.8 0.45 0.275 0.425 0.45 0.8 0.85 0.25 0.625 0.225 0.45 0.925 0.4 0.925 0.825 0.625 0.6 0.025 
7711    0.4 0.4 0.2 0.6 0.4 0.2  4.2082 0.075 0.425 0.25 0.575 0.05 0.85 0.75 0.675 0.425 0.2 0.8 0.525 0.25 0.625 0.3 0.45 0.175 0.4 0.925 0.825 0.025 0.55 0.45 
7712    0.4 0.4 0.2 0.6 0.4 0.4  3.97039 0.075 0.425 0.25 0.575 0.05 0.85 0.75 0.675 0.25 0.2 0.8 0.525 0.25 0.625 0.3 0.45 0.175 0.4 0.925 0.825 0.025 0.55 0.45 
7713    0.4 0.4 0.2 0.6 0.4 0.6  1.84552 0.075 0.325 0.525 0.575 0.925 0.65 0.75 0.275 0.425 0.2 0.075 0.25 0.25 0.625 0.3 0.45 0.925 0.4 0.925 0.925 0.625 0.55 0.025 
7717    0.4 0.4 0.2 0.6 0.6 0.4  2.51564 0.075 0.05 0.825 0.55 0.925 0.65 0.75 0.275 0.8 0.325 0.475 0.3 0.125 0.875 0.3 0.45 1 0.5 0.925 0.825 0.625 0.675 0.025 
7731    0.4 0.4 0.2 0.8 0.2 0.2  4.44763 0.075 0.325 0.8 0.575 0.05 0.65 0.75 0.275 0.625 0.2 0.075 0.025 0.25 0.625 0.3 0.45 0.925 0.4 0.2 0.675 0.525 0.55 0.025 
7732    0.4 0.4 0.2 0.8 0.2 0.4  4.27717 0.075 0.05 0.35 0.575 0.35 0.65 0.75 0.275 0.275 0.225 0.8 0.175 0.125 0.625 0.3 0.45 0.1 0.5 0.475 0.825 0.625 0.675 0.025 
7801    0.4 0.4 0.4 0.4 0 0.2  3.13125 0.075 0.2 0.525 0.575 0.275 0.65 0.75 0.275 0.425 0.575 0.8 0.85 0.25 0.625 0.3 0.45 0.925 0.4 0.925 0.775 0.625 0.6 0.025 
7802    0.4 0.4 0.4 0.4 0 0.4  3.96618 0.075 0.2 0.525 0.575 0.275 0.65 0.75 0.275 0.425 0.575 0.775 0.85 0.25 0.625 0.3 0.45 0.925 0.4 0.875 0.825 0.625 0.6 0.025 
7803    0.4 0.4 0.4 0.4 0 0.6  4.21933 0.075 0.2 0.525 0.9 0.275 0.65 0.75 0.275 0.425 0.575 0.025 0.85 0.875 0.475 0.3 0.45 0.925 0.35 0.925 0.825 0.625 0.75 0.025 
7806    0.4 0.4 0.4 0.4 0.2 0.2  4.24884 0.075 0.2 0.525 0.575 0.25 0.65 0.75 0.275 0.375 0.575 0.975 0.85 0.25 0.625 0.3 0.45 0.55 0.4 0.925 0.825 0.625 0.6 0.025 
7807    0.4 0.4 0.4 0.4 0.2 0.4  3.72159 0.075 0.2 0.525 0.575 0.05 0.65 0.75 0.275 0.425 0.575 0.8 0.85 0.25 0.625 0.3 0.45 0.925 0.4 0.925 0.825 0.625 0.55 0.025 
7808    0.4 0.4 0.4 0.4 0.2 0.6  3.69154 0.075 1 0.525 0.975 0.275 0.65 0.525 0.275 0.425 0.575 0.6 0.625 0.25 0.125 0.3 0.45 0.925 0.4 0.925 0.825 0.625 0.05 0.025 
7811    0.4 0.4 0.4 0.4 0.4 0.2  4.12307 0.075 0.225 0.65 0.575 0.1 0.65 0.675 0.275 0.675 0.575 0.6 0.05 0.25 0.625 0.3 0.45 0.925 0.4 0.925 0.825 0.625 0.825 0 
7826    0.4 0.4 0.4 0.6 0 0.2  3.07907 0.075 0.2 0.525 0.575 0.275 0.65 0.75 0.275 0.425 0.575 0.8 0.85 0.25 0.625 0.3 0.45 0.925 0.4 0.925 0.825 0.575 0.6 0.025 
7827    0.4 0.4 0.4 0.6 0 0.4  4.5535 0.075 0.2 0.525 0.575 0.275 0.65 0.75 0.725 0.425 0.575 0.8 0.85 0.25 0.625 0.3 0.45 0.925 0.4 0.925 0.825 0.575 0.6 0.025 
7828    0.4 0.4 0.4 0.6 0 0.6  4.27964 0.075 0.2 0.575 0.9 0.275 0.975 0.75 0.275 0.45 0.575 0.1 0.85 0.875 0.475 0.3 0.45 0.925 0.4 0.925 0.825 0.625 0.75 0.1 
7830    0.4 0.4 0.4 0.6 0.2 0  4.6132 0.075 0.2 0.525 0.575 0.275 0.65 0.725 0.275 0.425 0.575 0.8 0.85 0.25 0.625 0.3 0.45 0.925 0.4 0.225 0.825 0.625 0.6 0.025 
7831    0.4 0.4 0.4 0.6 0.2 0.2  4.60531 0.075 0.2 0.525 0.575 0.275 0.65 0.75 0.275 0.425 0.575 0.8 0.025 0.25 0.625 0.3 0.45 0.925 0.4 0.225 0.825 0.625 0.6 0.025 
7832    0.4 0.4 0.4 0.6 0.2 0.4  4.79636 0.075 0.05 0.65 0.575 0.35 0.65 0.75 0.225 0.275 0.65 0.8 0.05 0.85 0.625 0.3 0.45 0.1 0.5 0.925 0.5 0.625 0.675 0.025 
7833    0.4 0.4 0.4 0.6 0.2 0.6  4.59739 0.075 0.075 0.8 0.9 0.275 0.925 0.575 0.275 0.425 0.45 0.6 0.85 0.175 0.575 0.3 0.45 0.925 0.4 0.8 0.175 0.625 0.6 0.025 
7835    0.4 0.4 0.4 0.6 0.4 0  4.78754 0.075 0.2 0.65 0.575 0.35 0.65 0.75 0.475 0.2 0.575 0.45 0.175 0.8 0 0.3 0.225 0.35 0.5 0.925 0.6 0.625 0.6 0.025 
7836    0.4 0.4 0.4 0.6 0.4 0.2  4.54386 0.075 0.05 0.65 0.075 0.35 0.65 0.75 0.225 0.275 0.225 0.8 0.175 0.125 0.625 0.3 0.45 0.1 0.5 0.925 0.5 0.625 0.675 0.575 
7837    0.4 0.4 0.4 0.6 0.4 0.4  3.24796 0.075 0.2 0.875 0.575 0.95 0.65 0.375 0.975 0.425 0.325 0.175 0.325 0.25 0.625 0.3 0.45 0.925 0.4 0.925 0.25 0.625 0.6 0.375 
7842    0.4 0.4 0.4 0.6 0.6 0.4  3.30553 0.075 0.05 0.825 0.55 0.925 0.65 0.75 0.275 0.8 0.325 0.475 0.175 0.125 0.875 0.3 0.45 1 0.5 0.925 0.825 0.625 0.675 0.025 
7856    0.4 0.4 0.4 0.8 0.2 0.2  3.77943 0.075 0.05 0.825 0.55 0.35 0.65 0.75 0.275 0.425 0.375 0.725 0.175 0.125 0.625 0.3 0.45 1 0.5 0.925 0.825 0.625 0.675 0.025 
8328    0.4 0.6 0.2 0.6 0 0.6  2.3303 0.075 0.325 0.8 0.575 0.05 0.65 0.75 0.275 0.425 0.2 0.075 0.025 0.25 0.625 0.3 0.45 0.925 0.4 0.925 0.675 0.625 0.55 0.025 
8457    0.4 0.6 0.4 0.6 0.2 0.4  3.60526 0.075 0.025 0.65 0.575 0.35 0.65 0.75 0.275 0.425 0.375 0.8 0.175 0.8 0.85 0.3 0.45 0.125 0.3 0.925 0.825 0.625 0.6 0.025 
9556    0.6 0 0.2 0.4 0.2 0.2  5.09266 0.075 0.2 0.525 0.575 0.275 0.25 0.75 0.275 0.425 0.525 0.775 0.85 0.25 0.625 0.3 0.45 0.925 0.4 0.925 0.825 0.625 0.6 0.025 
9557    0.6 0 0.2 0.4 0.2 0.4  4.4813 0.075 0.2 0.525 0.575 0.9 0.2 0.375 0.275 0.425 0.575 0.2 0.85 0.25 0.625 0.3 0.45 0.925 0.4 0.925 0.825 0.625 0.6 0.025 
9561    0.6 0 0.2 0.4 0.4 0.2  4.94791 0.075 0.2 0.525 0.575 0.275 0.25 0.75 0.275 0.425 0.575 0.825 0.85 0.25 0.625 0.3 0.45 0.925 0.4 0.925 0.775 0.625 0.6 0.025 
9562    0.6 0 0.2 0.4 0.4 0.4  4.60232 0.075 0.2 0.525 0.575 0.275 0.25 0.75 0.275 0.425 0.375 0.8 0.85 0.25 0.625 0.3 0.45 0.925 0.4 0.925 0.775 0.625 0.6 0.025 
9567    0.6 0 0.2 0.4 0.6 0.4  3.56853 0.075 0.2 0.875 0.575 0.95 0.65 0.375 0.425 0.425 0 0.175 0.15 0.25 0.625 0.3 0.45 0.925 0.625 0.175 0.25 0.625 0.6 0.025 
9582    0.6 0 0.2 0.6 0.2 0.4  4.15783 0.075 0.2 0.65 0.55 0.35 0.65 0.75 0.275 0.25 0.575 0.95 0.35 0.8 0.625 0.3 0.45 0.8 0.5 0.925 0.825 0.625 0.6 0.9 
9583    0.6 0 0.2 0.6 0.2 0.6  3.57954 0.075 0.05 0.65 0.575 0.35 0.65 0.75 0.275 0.275 0.225 0.8 0.4 0.125 0.625 0.3 0.45 0.1 0.5 0.925 0.825 0.625 0.675 0.025 
9586    0.6 0 0.2 0.6 0.4 0.2  4.18273 0.075 0.2 0.525 0.575 0.25 0.65 0.1 0.275 0.425 0.575 0.225 0.85 0.25 0.625 0.3 0.45 0.55 0.4 0.925 0.825 0.625 0.6 0.425 
9587    0.6 0 0.2 0.6 0.4 0.4  3.7337 0.075 0.625 0.65 0.575 0.2 0.65 0.75 0.275 0.275 0.225 0.8 0.4 0.125 0.625 0.3 0.45 0.1 0.5 0.925 0.825 0.625 0.675 0.025 
9681    0.6 0 0.4 0.4 0.2 0.2  4.13647 0.075 0.2 0.525 0.575 0.275 0.65 0.75 0.275 0.425 0.575 0.775 0.925 0.125 0.625 0.3 0.45 0.925 0.45 0.95 0.825 0.625 0.6 0.025 
9682    0.6 0 0.4 0.4 0.2 0.4  4.09522 0.075 0.2 0.65 0.8 0.2 0.65 0.75 0.275 0.25 0.575 0.8 0.35 0.8 0.625 0.3 0.45 0.45 0.5 0.925 0.825 0.625 0.6 0.9 
9686    0.6 0 0.4 0.4 0.4 0.2  4.07051 0.075 0.2 0.525 0.575 0.25 0.65 0.1 0.275 0.325 0.575 0.925 0.85 0.25 0.625 0.3 0.45 0.55 0.4 0.925 0.825 0.625 0.6 0.425 
9702    0.6 0 0.4 0.6 0 0.4  3.78469 0.075 0.2 0.65 0.8 0.2 0.65 0.75 0.275 0.525 0.575 0.8 0.35 0.8 0.625 0.3 0.45 0.45 0.5 0.925 0.825 0.625 0.6 0.9 
9706    0.6 0 0.4 0.6 0.2 0.2  4.38224 0.25 0.275 0.4 0.575 0.275 0.65 0.75 0.275 0.3 0.575 0.6 0.85 0.25 0.625 0.3 0.45 0.925 0.4 0.925 0.825 0.625 0.6 0.025 
9707    0.6 0 0.4 0.6 0.2 0.4  4.25761 0.2 0.2 0.525 0.65 0.275 0.65 0 0.275 0.3 0.225 0.225 0.75 0.9 0.625 0.3 0.45 0.925 0.4 0.925 0.825 0.625 0.6 0.025 
9708    0.6 0 0.4 0.6 0.2 0.6  3.88943 0.075 0.65 0.65 0.575 0.35 0.65 0.75 0.275 0.425 0.6 0.8 0.075 0.125 0.625 0.375 0.45 0.1 0.5 0.925 0.825 0.625 0.675 0.025 
9711    0.6 0 0.4 0.6 0.4 0.2  4.21415 0.075 0.2 0.65 0.55 0.35 0.65 0.75 0.275 0.25 0.975 0.8 0.35 0.8 0.625 0.3 0.45 0.1 0.5 0.925 0.825 0.625 0.6 0.9 
9731    0.6 0 0.4 0.8 0.2 0.2  3.69726 0.075 0.575 0.475 0.575 0.35 0.65 0.75 0.275 0.425 0.575 0.675 0.175 0.8 0.625 0.3 0.45 0.55 0.5 0.925 0.825 0.625 0.6 0.025 
9732    0.6 0 0.4 0.8 0.2 0.4  3.90713 1 0.3 0.6 0.9 0.35 0.65 0.75 0.025 0.425 0.375 0.8 0.175 0.975 0.625 0.3 0.45 0.75 0.5 0.925 0.825 0.625 0.6 0.025 
9733    0.6 0 0.4 0.8 0.2 0.6  3.78662 1 0.3 0.65 0.9 0.35 0.65 0.75 0.025 0.425 0.375 0.8 0.175 0.975 0.625 0.3 0.45 0.75 0.5 0.925 0.825 0.625 0.6 0.025 
9831    0.6 0 0.6 0.6 0.2 0.2  3.45312 0.075 0.2 0.5 0.575 0.35 0.65 0.75 0.275 0.425 0.575 0.8 0.175 0.8 0.625 0.3 0.45 0.925 0.4 0.925 0.825 0.625 0.375 0.025 
9836    0.6 0 0.6 0.6 0.4 0.2  3.60833 0.075 0.2 0.5 0.575 0.35 0.65 0.325 0.275 0.425 0.575 0.8 0.175 0.8 0.625 0.3 0.45 0.85 0.4 0.925 0.825 0.625 0.375 0.025 
10156    0.6 0.2 0.2 0.2 0.2 0.2  4.08087 0.075 0.2 0.95 0.575 0.775 0.3 0.75 0.275 0.425 0.575 0.75 0.925 0.25 0.625 0.3 0.45 0.925 0.975 0.925 0.825 0.625 0.6 0.025 
10157    0.6 0.2 0.2 0.2 0.2 0.4  4.62266 0.075 0.2 0.95 0.575 0.275 0.3 0.75 0.275 0.425 0.575 0.325 0.85 0.25 0.625 0.3 0.45 0.8 0.975 0.925 0.825 0.6 0.6 0.025 
10161    0.6 0.2 0.2 0.2 0.4 0.2  4.85749 0.075 0.05 0.95 0.575 0.775 0.5 0.75 0.3 0.1 0.575 0.8 0.925 0.25 0.625 0.3 0.45 0.925 0.4 0.925 0.825 0.625 0.6 0.025 
10162    0.6 0.2 0.2 0.2 0.4 0.4  4.82505 0.075 0.2 0.95 0.575 0.775 0.3 0.75 0.275 0.125 0.575 0.75 0.925 0.25 0.625 0.3 0.45 0.925 0.975 0.925 0.825 0.625 0.6 0.025 
10163    0.6 0.2 0.2 0.2 0.4 0.6  2.91142 0.075 0.2 1 0.8 0.275 0.4 0.75 0.05 0.6 0.575 0.8 0.85 0.25 0.625 0.3 0.45 0.925 0.4 0.575 0.825 0.625 0.6 0.025 
10167    0.6 0.2 0.2 0.2 0.6 0.4  3.52252 0.075 0.2 0.875 0.175 0.95 0.85 0.05 0.975 0.425 0 0.175 0.95 0.425 0.725 0.3 0.45 0.925 0.275 0.925 0.25 0.625 0.6 0.025 
10177    0.6 0.2 0.2 0.4 0 0.4  4.4269 0.075 0.2 0.525 0.85 0.275 0.65 0.75 0.275 0.25 0.575 0.775 0.85 0.25 0.625 0.3 0.45 0.925 0.4 0.925 0.825 0.525 0.6 0.025 
10178    0.6 0.2 0.2 0.4 0 0.6  4.51817 0.075 0.675 0.525 0.9 0.275 0.65 0.75 0.275 0.25 0.575 0.775 0.85 0.25 0.625 0.3 0.45 0.925 0.4 0.925 0.825 0.525 0.6 0.025 
10181    0.6 0.2 0.2 0.4 0.2 0.2  4.94026 0.075 0.075 0.525 0.575 0.275 0.275 0.75 0.275 0.425 0.575 0.8 0.85 0.25 0.625 0.3 0.45 0.925 0.4 0.925 0.825 0.625 0.6 0.025 
10182    0.6 0.2 0.2 0.4 0.2 0.4  4.79602 0.075 0.05 0.65 0.575 0.35 0.475 0.75 0.225 0 0.65 0.25 0.175 0.85 0.625 0.4 0.45 0.1 0.5 0.925 0.5 0.625 0.675 0.725 
10183    0.6 0.2 0.2 0.4 0.2 0.6  4.69746 0.075 0.7 0.525 0.975 0.275 0.65 0.775 0.275 0.425 0.575 0.6 0.625 0.25 0.125 0.3 0.45 0.925 0.4 0.925 0.825 0.625 0.05 0.025 
10186    0.6 0.2 0.2 0.4 0.4 0.2  4.68147 0.075 0.2 0.4 0.575 0.25 0.65 0.425 0.275 0.425 0.575 0.925 0.85 0.25 0.625 0.3 0.45 0.55 0.4 0.925 0.825 0.625 0.6 0.425 
10187    0.6 0.2 0.2 0.4 0.4 0.4  4.907 0.075 0.2 0.525 0.575 0.275 0.25 0.75 0.275 0.425 0.575 0.825 0.85 0.25 0.625 0.3 0.45 0.925 0.4 0.925 0.775 0.675 0.6 0.025 
10188    0.6 0.2 0.2 0.4 0.4 0.6  2.92768 0.075 0.2 0.9 0.9 0.975 0.975 0.75 0.275 0.025 0.575 0.1 0.85 0.75 0.475 0.3 0.45 0.925 0.4 0.925 0.825 0.625 0.75 0.1 
10191    0.6 0.2 0.2 0.4 0.6 0.2  3.9643 0.075 0.2 0.875 0.575 0.95 0.65 0.375 0.975 0.425 0.925 0.1 0.95 0.25 0.625 0.3 0.45 0.925 0.4 0.05 0.25 0.625 0.6 0.025 
10192    0.6 0.2 0.2 0.4 0.6 0.4  4.01576 0.075 0.2 0.875 0.575 0.95 0.65 0.375 0.625 0.425 0 0.175 0.15 0.25 0.625 0.3 0.45 0.925 0.625 0.175 0.25 0.625 0.6 0.025 
10193    0.6 0.2 0.2 0.4 0.6 0.6  3.38071 0.075 0.2 0.875 0.575 0.95 0.65 0.375 0.975 0.425 0 0.175 0.95 0.25 0.7 0.3 0.45 0.925 0.4 0.925 0.25 0.625 0.6 0.025 
10202    0.6 0.2 0.2 0.6 0 0.4  4.17283 0.075 0.2 0.525 0.9 0.275 0.65 0.65 0.325 0.25 0.575 0.775 0.85 0.25 0.625 0.3 0.45 0.525 0.4 0.925 0.825 0.525 0.6 0.025 
10203    0.6 0.2 0.2 0.6 0 0.6  4.1191 0.075 0.2 0.525 0.9 0.275 0.65 0.65 0.325 0.25 0.575 0.775 0.85 0.25 0.625 0.3 0.45 0.525 0.4 0.825 0.825 0.525 0.6 0.025 
10206    0.6 0.2 0.2 0.6 0.2 0.2  4.57206 0.275 0.2 0.525 0.575 0.275 0.65 0.75 0.275 0.275 0.575 0.6 0.85 0.25 0.625 0.325 0.45 0.925 0.4 0.925 0.825 0.275 0.6 0.025 
10207    0.6 0.2 0.2 0.6 0.2 0.4  4.71624 0.075 0.2 0.525 0.975 0.275 0.65 0.65 0.175 0.25 0.575 0.775 0.85 0.25 0.625 0.3 0.45 0.525 0.4 0.825 0.825 0.525 0.6 0.025 
10208    0.6 0.2 0.2 0.6 0.2 0.6  4.21189 0.075 0.675 0.525 0.9 0.275 0.65 0.125 0.275 0.25 0.575 0.775 0.85 0.25 0.625 0.3 0.45 0.925 0.4 0.925 0.825 0.525 0.6 0.025 
10211    0.6 0.2 0.2 0.6 0.4 0.2  4.4365 0.075 0.2 0.25 0.575 0.05 0.65 0.75 0.525 0.275 0.2 0.8 0.45 0.25 0.625 0.3 0.45 0.175 0.4 0.925 0.825 0.025 0.55 0.45 
10212    0.6 0.2 0.2 0.6 0.4 0.4  4.17408 0.175 0.075 0.8 0.9 0.6 0.925 0.575 0.275 0.1 0.45 0.6 0.85 0.175 0.625 0.3 0.45 0.925 0.4 0.8 0.825 0.625 0.6 0.025 
10213    0.6 0.2 0.2 0.6 0.4 0.6  3.95292 0.075 0.05 0.65 0.8 0.35 0.65 0.1 0.225 0.275 0.65 0.8 0.175 0.85 0.175 0.3 0.9 0.1 0.5 0.925 0.5 0.675 0.675 0.025 
10216    0.6 0.2 0.2 0.6 0.6 0.2  3.80116 0.075 0.6 0.65 0.575 0.35 0.475 0.5 0.475 0.2 0.575 0.45 0.175 0.8 0.625 0.3 0.225 0.35 0.525 0.925 0.65 0.625 0.6 0.025 
10232    0.6 0.2 0.2 0.8 0.2 0.4  4.18407 1 0.3 0.65 0.575 0.35 0.65 0.275 0.9 0.425 0.575 0.625 0.175 0.975 0.625 0.3 0.45 0.75 0.5 0.925 0.825 0.625 0.6 0.025 
10233    0.6 0.2 0.2 0.8 0.2 0.6  3.56266 0.075 0.05 0.65 0.575 0.35 0.65 0.75 0.35 0.275 0.425 0.6 0.175 0.125 0.65 0.3 0.45 0.1 0.5 0.475 0.825 0.625 0.675 0.025 
10286    0.6 0.2 0.4 0.2 0.4 0.2  4.44703 0.2 0.2 0.95 0.45 0.775 0.5 0.75 0.275 0.3 0.575 0.3 0.925 0.25 0.625 0.3 0.45 0.925 0.4 1 0.825 0.625 0.6 0.025 
10302    0.6 0.2 0.4 0.4 0 0.4  4.23038 0.075 0.525 0.525 0.9 0.275 0.65 0.75 0.375 0.25 0.525 0.775 0.85 0.25 0.1 0.3 0.45 0.925 0.4 0.925 0.825 0.525 0.6 0.025 
10303    0.6 0.2 0.4 0.4 0 0.6  4.00913 0.075 0.325 0.525 0.875 0.25 0.65 0.425 0.275 0.425 0.575 0.925 0.675 0.25 0.625 0.3 0.45 0.55 0.25 0.925 0.825 0.625 0.6 0.425 
10306    0.6 0.2 0.4 0.4 0.2 0.2  4.68803 0.25 0.2 0.35 0.575 0.275 0.65 0.75 0.275 0.3 0.575 0.6 0.85 0.25 0.625 0.3 0.8 0.925 0.4 0.925 0.825 0.625 0.6 0.025 
10307    0.6 0.2 0.4 0.4 0.2 0.4  4.75135 0.2 0.2 0.525 0.575 0.275 0.65 0.425 0.275 0.275 0.575 0.6 0.85 0.25 0.625 0.325 0.45 0.925 0.4 0.925 0.825 0.275 0.6 0.025 
10308    0.6 0.2 0.4 0.4 0.2 0.6  4.30523 0.075 0.2 0.525 0.875 0.275 0.65 0 0.275 0.3 0.05 0.225 0.85 0.9 0.625 0.3 0.45 0.925 0.4 0.925 0.825 0.625 0.6 0.025 
10311    0.6 0.2 0.4 0.4 0.4 0.2  4.08253 0.075 0.2 0.525 0.575 0.25 0.65 0.1 0.275 0.425 0.575 0.925 0.85 0.25 0.625 0.3 0.45 0.55 0.4 0.925 0.825 0.625 0.6 0.425 
10312    0.6 0.2 0.4 0.4 0.4 0.4  3.5722 0.075 0.05 0.65 0.675 0.35 0.65 0.75 0.275 0.425 0.225 0.8 0.625 0.125 0.625 0.3 0.45 1 0.5 0.925 0.825 0.275 0.675 0.025 
10316    0.6 0.2 0.4 0.4 0.6 0.2  4.15866 0.075 0.2 0.875 0.575 0.95 0.65 0.375 0.975 0.5 0.925 0.1 0.95 0.25 0.625 0.3 0.45 0.925 0.4 0.05 0.25 0.625 0.6 0.025 
10317    0.6 0.2 0.4 0.4 0.6 0.4  3.01216 0.075 0.375 0.875 0.575 0.95 0.65 0.375 0.975 0.425 0.325 0.175 0.95 0.25 0.625 0.3 0.45 0.925 0.4 0.15 0.25 0.625 0.6 0.025 
10326    0.6 0.2 0.4 0.6 0 0.2  3.73922 0.075 0.2 0.525 0.575 0.25 0.65 0.75 0.275 0.375 0.575 0.975 0.85 0.25 0.625 0.3 0.45 0.55 0.4 0.925 0.825 0.625 0.25 0.025 
10327    0.6 0.2 0.4 0.6 0 0.4  4.16749 0.075 0.2 0.6 0.95 0.1 0.8 0.75 0.275 0.425 0.575 0.2 0.825 0.25 0.625 0.3 0.45 0.1 0.4 0.925 0.825 0.55 0.725 0.025 
10328    0.6 0.2 0.4 0.6 0 0.6  4.41656 0.25 0.05 0.525 0.9 0.275 0.65 0.65 0.325 0.25 0.575 0.775 0.85 0.25 0.625 0.3 0.45 0.525 0.4 0.925 0.825 0.525 0.6 0.025 
10331    0.6 0.2 0.4 0.6 0.2 0.2  4.61727 0.275 0.2 0.55 0.975 0.275 0.65 0.75 0.275 0.275 0.55 0.6 0.85 0.25 0.625 0.325 0.45 0.95 0.4 0.925 0.825 0.275 0.6 0.025 
10332    0.6 0.2 0.4 0.6 0.2 0.4  4.69597 0.075 0.525 0.525 0.9 0.275 0.65 0.75 0.375 0.25 0.575 0.775 0.85 0.825 0.625 0.3 0.45 0.925 0.4 0.925 0.825 0.525 0.6 0.025 
10333    0.6 0.2 0.4 0.6 0.2 0.6  4.49782 0.25 0.05 0.525 0.9 0.275 0.65 0.65 0.325 0.075 0.575 0.775 0.85 0.25 0.625 0.3 0.45 0.525 0.4 0.925 0.825 0.525 0.6 0.025 
10335    0.6 0.2 0.4 0.6 0.4 0  4.72068 0.075 0.2 0.65 0.575 0.35 0.65 0.75 0.475 0.2 0.575 0.45 0.175 0.8 0.725 0.3 0.225 0.35 0.5 0.925 0.65 0.625 0.6 0.025 
10336    0.6 0.2 0.4 0.6 0.4 0.2  4.3921 0.075 0.2 0.65 0.55 0.35 0.65 0.75 0.275 0.25 0.575 0.8 0.35 0.8 0.625 0.3 0.45 0.45 0.5 0.925 0.825 0.625 0.6 0.9 
10337    0.6 0.2 0.4 0.6 0.4 0.4  4.15765 0.075 0.2 0.65 0.8 0.2 0.65 0.75 0.275 0.525 0.575 0.8 0.35 0.8 0.625 0.3 0.45 0.45 0.5 0.925 0.825 0.625 0.6 0.125 
10338    0.6 0.2 0.4 0.6 0.4 0.6  3.52069 0.375 0.2 0.525 0.875 0.275 0.65 0.75 0.275 0.3 0.05 0.225 0.85 0.925 0.625 0.3 0.45 0.925 0.4 0.925 0.825 0.625 0.2 0.025 
10340    0.6 0.2 0.4 0.6 0.6 0  3.93634 0.075 0.2 0.65 0.575 0.35 0.65 0.75 0.475 0.2 0.575 0.45 0.175 0.8 0.725 0.375 0.225 0.35 0.525 0.925 0.65 0.625 0.6 0.025 
10341    0.6 0.2 0.4 0.6 0.6 0.2  3.98064 0.075 0.6 0.65 0.575 0.35 0.475 0.525 0.475 0.2 0.575 0.45 0.175 0.8 0.95 0.3 0.3 0.35 0.5 0.925 0.65 0.625 0.6 0.025 
10342    0.6 0.2 0.4 0.6 0.6 0.4  2.96583 0.075 0.05 0.825 0.55 0.925 0.65 0.75 0.275 0.8 0.325 0.475 0.3 0.125 0.375 0.3 0.45 1 0.5 0.925 0.825 0.625 0.675 0.025 
10356    0.6 0.2 0.4 0.8 0.2 0.2  4.19127 0.075 0.05 0.65 0.575 0.35 0.65 0.75 0.275 0.275 0.225 0.8 0.075 0.125 0.625 0.3 0.45 0.1 0.5 0.925 0.725 0.625 0.15 0.025 
10357    0.6 0.2 0.4 0.8 0.2 0.4  4.44577 0.075 0.05 0.65 0.575 0.95 0.65 0.75 0.275 0.275 0.225 0.8 0.075 0.125 0.625 0.9 0.45 0.1 0.5 0.925 0.725 0.625 0.6 0.025 
10358    0.6 0.2 0.4 0.8 0.2 0.6  4.18728 0.075 0.05 0.65 0.575 0.35 0.65 0.75 0.275 0.275 0.225 0.8 0.075 0.125 0.625 0.9 0.45 0.1 0.5 0.925 0.725 0.625 0.675 0.025 
10360    0.6 0.2 0.4 0.8 0.4 0  2.78747 0.075 0.2 0.8 0.575 0.35 0.65 0.75 0.275 0.425 0.7 0.8 0.175 0.8 0.625 0.3 0.45 0.625 0.4 0.925 0.825 0.625 0.65 0.875 
10361    0.6 0.2 0.4 0.8 0.4 0.2  4.65297 0.075 0.05 0.65 0.575 0.35 0.65 0.8 0.275 0.275 0.225 0.8 0.075 0.125 0.05 0.3 0.45 0.95 0.5 0.925 0.725 0.625 0.825 0.025 
10456    0.6 0.2 0.6 0.6 0.2 0.2  3.81247 0.075 0.2 0.5 0.575 0.35 0.65 0.75 0.275 0.425 0.575 0.8 0.175 0.8 0.625 0.3 0.45 0.85 0.4 0.925 0.825 0.625 0.375 0.025 
10457    0.6 0.2 0.6 0.6 0.2 0.4  3.51223 0.075 0.2 0.65 0.575 0.35 0.65 0.75 0.275 0.425 0.375 0.8 0.175 0.8 0.625 0.3 0.45 0.125 0.3 0.925 0.825 0.625 0.6 0.025 
10461    0.6 0.2 0.6 0.6 0.4 0.2  3.91093 0.075 0.05 0.65 0.175 0.35 0.65 0.75 0.275 0.625 0.225 0.8 0.175 0.125 0.625 0.375 0.675 0.125 0.5 0.925 0.825 0.75 0.025 0.025 
10462    0.6 0.2 0.6 0.6 0.4 0.4  3.49931 0.075 0.05 0.825 0.55 0.35 0.65 0.75 0.275 0.425 0.225 0.725 0.175 0.125 0.625 0.3 0.45 1 0.5 0.925 0.825 0.625 0.675 0.025 
10481    0.6 0.2 0.6 0.8 0.2 0.2  3.33012 0.075 0.05 0.65 0.175 0.35 0.65 0.75 0.275 0.625 0.225 0.8 0.175 0.125 0.625 0.375 0.75 0.125 0.375 0.925 0.825 0.75 0.025 0.025 
10482    0.6 0.2 0.6 0.8 0.2 0.4  3.82685 0.075 0.05 0.825 0.55 0.35 0.65 0.75 0.275 0.425 0.225 0.85 0.175 0.125 0.625 0.3 0.45 1 0.5 0.925 0.825 0.625 0.675 0.025 
10712    0.6 0.4 0 0.6 0.4 0.4  3.50183 0.075 0.075 0.8 0.9 0.275 0.925 0.575 0.75 0.425 0.45 0.6 0.85 0.175 0.575 0.3 0.45 0.7 0.4 0.8 0.175 0.625 0.6 0.025 
10781    0.6 0.4 0.2 0.2 0.2 0.2  4.6568 0.075 0.05 0.95 0.575 0.775 0.5 0.75 0.675 0.425 0.875 0.8 0.925 0.25 0.625 0.3 0.45 0.925 0.4 0.925 0.825 0.625 0.75 0.025 
10782    0.6 0.4 0.2 0.2 0.2 0.4  4.1016 0.075 0.2 0.95 0.85 0.95 0.3 0.75 0.275 0.425 0.65 0.8 0.85 0.25 0.625 0.3 0.45 0.8 0.4 0.925 0.825 0.625 0.6 0.1 
10786    0.6 0.4 0.2 0.2 0.4 0.2  4.4736 0.075 0.2 0.95 0.575 0.775 0.625 0.75 0.275 0.425 0.575 0.8 0.925 0.25 0.625 0.3 0.45 0.925 0.4 0.925 0.825 0.625 0.6 0.025 
10787    0.6 0.4 0.2 0.2 0.4 0.4  4.28258 0.075 0.2 0.95 0.575 0.775 0.3 0.75 0.275 0.425 0.575 0.8 0.925 0.25 0.625 0.3 0.45 0.925 0.975 0.925 0.825 0.625 0.6 0.025 
10791    0.6 0.4 0.2 0.2 0.6 0.2  3.07658 0.225 0.15 0.875 0.175 0.7 0.85 0.625 0.975 0.425 0 0.175 0.95 0.425 0.625 0.3 0.45 0.925 0.4 0.925 0.25 0.625 0.6 0.025 
10792    0.6 0.4 0.2 0.2 0.6 0.4  3.1911 0.075 0.2 0.875 0.175 0.95 0.85 0.05 0.975 0.425 0 0.175 0.95 0.425 0.625 0.3 0.45 0.925 0.4 0.925 0.25 0.625 0.6 0.025 
10802    0.6 0.4 0.2 0.4 0 0.4  3.80944 0.075 0.1 0.65 0.775 0.1 0.65 0.925 0.275 0.525 0.575 0.025 0.825 0.25 0.625 0.3 0.45 0.1 0.4 0.925 0.825 0.625 0.725 0.025 
10803    0.6 0.4 0.2 0.4 0 0.6  3.45211 0.025 0.2 0.525 0.9 0.275 0.65 0.725 0.275 0.3 0.45 0.525 0.8 0.25 0.6 0.3 0.45 0.925 0.4 0.925 0.825 0.625 0.6 0.025 
10806    0.6 0.4 0.2 0.4 0.2 0.2  4.67754 0.075 0.2 0.95 0.575 0.775 0.5 0.75 0.275 0.425 0.575 0.8 0.925 0.25 0.625 0.3 0.45 0.925 0.4 0.925 0.825 0.625 0.6 0.025 
10807    0.6 0.4 0.2 0.4 0.2 0.4  4.63051 0.075 0.2 0.95 0.575 0.775 0.3 1 0.275 0 0.575 0.8 0.225 0.25 0.625 0.95 0.45 0.925 0.4 0.925 0.875 0.625 0.6 0.025 
10808    0.6 0.4 0.2 0.4 0.2 0.6  4.16868 0.075 0.075 0.95 0.95 0.275 0.3 0.75 0.275 0.425 0.575 0.325 0.85 0.25 0.625 0.3 0.45 0.85 0.975 0.925 0.825 0.6 0.175 0.025 
10811    0.6 0.4 0.2 0.4 0.4 0.2  4.60029 0.075 0.2 0.95 0.45 0.775 0.5 0.75 0.275 0.3 0.575 0.3 0.925 0.25 0.625 0.3 0.45 0.925 0.4 1 0.825 0.625 0.6 0.025 
10812    0.6 0.4 0.2 0.4 0.4 0.4  4.2285 0.075 0.2 0.925 0.775 0.1 0.725 0.425 0.275 0.425 0.575 0.2 0.85 0.25 0.625 0.3 0.95 0.775 0.4 0.975 0.95 0.625 0.725 0.05 
10813    0.6 0.4 0.2 0.4 0.4 0.6  2.66693 0.075 0.2 0.875 0.575 0.95 0.65 0.375 0.975 0.425 0 0.175 0.95 0.95 0.625 0.275 0.45 0.925 0.4 0.925 0.25 0.625 0.6 0.025 
10816    0.6 0.4 0.2 0.4 0.6 0.2  3.46856 0.075 0.2 0.875 0.175 0.675 0.85 0.325 0.975 0.425 0 0.175 0.95 0.25 0.625 0.3 0.45 0.925 0.4 0.925 0.25 0.625 0.6 0.025 
10817    0.6 0.4 0.2 0.4 0.6 0.4  3.41882 0.075 0.15 0.875 0.175 0.95 0.85 0.625 0.975 0.425 0 0.175 0.95 0.425 0.625 0.3 0.45 0.925 0.4 0.925 0.25 0.625 0.6 0.025 
10818    0.6 0.4 0.2 0.4 0.6 0.6  2.98508 0.075 0.2 0.875 0.575 0.95 0.65 0.375 0.975 0.425 0 0.175 0.95 0.25 0.625 0.3 0.45 0.925 0.4 0.925 0.25 0.625 0.6 0.025 
10827    0.6 0.4 0.2 0.6 0 0.4  3.35102 0.075 0.2 0.65 0.775 0.1 0.725 0.75 0.275 0.425 0.575 0.2 0.85 0.25 0.625 0.3 0.45 0.775 0.4 0.925 0.825 0.625 0.725 0.025 
10828    0.6 0.4 0.2 0.6 0 0.6  4.00765 0.075 0.2 0.925 0.775 0.1 0.725 0.425 0.275 0.425 0.575 0.2 0.85 0.25 0.625 0.3 0.45 0.775 0.4 0.975 0.825 0.625 0.725 0.05 
10831    0.6 0.4 0.2 0.6 0.2 0.2  4.53859 0.075 0.2 0.625 0.9 0.275 0.65 0.45 0.275 0.425 0.45 0.8 0.85 0.25 0.8 0.3 0.45 0.925 0.4 0.925 0.825 0.625 0.6 0.025 
10832    0.6 0.4 0.2 0.6 0.2 0.4  4.52163 0.075 0.05 0.65 0.575 0.35 0.65 0.75 0.375 0.275 0.65 0.8 0.175 0.85 0.625 0.3 0.45 0.1 0.5 0.925 0.5 0.625 0.675 0.025 
10833    0.6 0.4 0.2 0.6 0.2 0.6  4.44053 0.075 0.05 0.65 0.8 0.35 0.65 0.1 0.225 0.275 0.65 0.8 0.175 0.85 0.625 0.3 0.45 0.1 0.5 0.925 0.5 0.675 0.675 0.025 
10835    0.6 0.4 0.2 0.6 0.4 0  3.78016 0.075 0.6 0.65 0.575 0.35 0.475 0.75 0.475 0.2 0.575 0.45 0.175 0.8 0.625 0.3 0.225 0.35 0.5 0.925 0.65 0.625 0.6 0.025 
10836    0.6 0.4 0.2 0.6 0.4 0.2  4.32418 0.075 0.05 0.65 0.375 0.35 0.65 0.75 0.225 0 0.575 0.25 0.4 0.85 0.625 0.4 0.45 0.1 0.5 0.95 0.225 0.625 0.675 0.725 
10837    0.6 0.4 0.2 0.6 0.4 0.4  3.49483 0.9 0.075 0.8 0.9 0.275 0.925 0.575 0.75 0.425 0.45 0.6 0.85 0.175 0.575 0.3 0.45 0.7 0.4 0.8 0.175 0.625 0.6 0.025 
10838    0.6 0.4 0.2 0.6 0.4 0.6  3.40393 0.075 0.075 0.8 0.9 0.275 0.925 0.575 0.75 0.425 0.45 0.175 0.85 0.175 0.575 0.3 0.45 0.7 0.4 0.8 0.175 0.625 0.6 0.025 
10861    0.6 0.4 0.2 0.8 0.4 0.2  3.92599 0.075 0.05 0.65 0.575 0.35 0.65 0.75 0.275 0.275 0.225 0.8 0.075 0.125 0.825 0.225 0.45 0.1 0.5 0.925 0.925 0.625 0.175 0.1 
10928    0.6 0.4 0.4 0.4 0 0.6  3.33964 0.075 0.2 0.65 0.775 0.1 0.65 0.925 0.275 0.525 0.575 0.4 0.825 0.25 0.625 0.3 0.45 0.1 0.4 0.925 0.825 0.625 0.725 0.025 
10931    0.6 0.4 0.4 0.4 0.2 0.2  4.40056 0.075 0.2 0.525 0.575 0.275 0.65 0.725 0.275 0.425 0.575 0.975 0.85 0.25 0.625 0.3 0.675 0.925 0.4 0.225 0.825 0.625 0.6 0.025 
10933    0.6 0.4 0.4 0.4 0.2 0.6  3.54961 0.075 0.2 0.525 0.9 0.275 0.65 0.75 0.275 0.3 0.45 0.95 0.9 0.25 0.6 0.3 0.45 0.925 0.4 0.925 0.825 0.625 0.6 0.025 
10936    0.6 0.4 0.4 0.4 0.4 0.2  3.9004 0.075 0.6 0.65 0.575 0.35 0.475 0.75 0.475 0.2 0.575 0.45 0.175 0.8 0.625 0.3 0.3 0.35 0.5 0.925 0.65 0.625 0.6 0.025 
10937    0.6 0.4 0.4 0.4 0.4 0.4  2.83401 0.075 0.2 0.875 0.575 0.95 0.65 0.375 0.625 0.425 0 0.175 0.15 0.25 0.625 0.3 0.45 0.925 0.4 0.925 0.25 0.625 0.6 0.025 
10941    0.6 0.4 0.4 0.4 0.6 0.2  3.38881 0.075 0.2 0.875 0.575 0.95 0.65 0.375 0.975 0.5 0.925 0.1 0.95 0.25 0.625 0.3 0.45 0.925 0.4 0.05 0.725 0.625 0.6 0.025 
10951    0.6 0.4 0.4 0.6 0 0.2  3.54199 0.075 0.15 0.525 0.575 0.275 0.65 1 0.275 0.425 0.575 0.625 0.85 0.25 0.625 0.3 0.45 0.925 0.4 0.925 0.825 0.625 0.6 0.025 
10952    0.6 0.4 0.4 0.6 0 0.4  2.95918 0.075 0.2 0.525 0.575 0.35 0.65 0.75 0.275 0.425 0.575 0.525 0.05 0.25 0.625 0.3 0.45 0.925 0.4 0.925 0.775 0.625 0.6 0.025 
10953    0.6 0.4 0.4 0.6 0 0.6  3.62091 0.175 0.075 0.8 0.9 0.275 0.925 0.575 0.275 0.1 0.45 0.6 0.85 0.9 0.625 0.3 0.45 0.925 0.4 0.8 0.825 0.625 0.6 0.025 
10956    0.6 0.4 0.4 0.6 0.2 0.2  4.60242 0.075 0.05 0.65 0.575 0.35 0.65 0.75 0.275 0.275 0.225 0.8 0.075 0.125 0.625 0.3 0.975 0.1 0.5 0.925 0.725 0.625 0.15 0.025 
10957    0.6 0.4 0.4 0.6 0.2 0.4  4.56203 0.075 0.05 0.65 0.575 0.35 0.65 0.725 0.275 0.275 0.65 0.8 0.05 0.85 0.625 0.3 0.45 0.1 0.5 0.925 0.5 0.625 0.675 0.025 
10958    0.6 0.4 0.4 0.6 0.2 0.6  4.45747 0.075 0.05 0.65 0.8 0.35 0.65 0.75 0.225 0.275 0.65 0.8 0.175 0.85 0.625 0.3 0.45 0.1 0.5 0.925 0.5 0.675 0.675 0.025 
10961    0.6 0.4 0.4 0.6 0.4 0.2  4.33736 0.075 0.05 0.65 0.7 0.35 0.65 0.75 0.175 0.275 0.3 0.075 0.175 0.125 0.625 0.3 0.45 0.1 0.5 0.975 0.7 0.625 1 0.05 
10962    0.6 0.4 0.4 0.6 0.4 0.4  3.98483 0.075 0.05 0.65 0.575 0.35 0.65 0.75 0.275 0.275 0.225 0.8 0.075 0.125 0.625 0.3 0.45 0.1 0.5 0.925 0.725 0.625 0.175 0.1 
10965    0.6 0.4 0.4 0.6 0.6 0  4.26915 0.075 0.2 0.65 0.575 0.35 0.475 0.75 0.55 0.2 0.575 0.45 0.175 0.8 0.625 0.3 0.225 0.35 0.5 0.925 0.65 0.625 0.6 0.025 
10981    0.6 0.4 0.4 0.8 0.2 0.2  4.23139 0.075 0.05 0.65 0.575 0.35 0.65 0.75 0.175 0.275 0.225 0.075 0.175 0.125 0.625 0.3 0.45 0.1 0.5 0.975 0.7 0.625 1 0.025 
10982    0.6 0.4 0.4 0.8 0.2 0.4  4.41512 0.075 0.05 0.65 0.575 0.35 0.65 0.75 0.275 0.275 0.225 0.8 0.075 0.825 0.625 0.9 0.45 0.1 0.5 0.925 0.725 0.9 0.675 0.025 
11081    0.6 0.4 0.6 0.6 0.2 0.2  3.47352 0.075 0.05 0.825 0.55 0.35 0.65 0.75 0.275 0.425 0.225 0.8 0.175 0.125 0.625 0.3 0.45 1 0.5 0.925 0.825 0.625 0.675 0.025 
11087    0.6 0.4 0.6 0.6 0.4 0.4  3.37448 0.075 0.05 0.825 0.55 0.35 0.65 0.75 0.275 0.425 0.25 0.8 0.175 0.125 0.625 0.3 0.45 1 0.5 0.925 0.825 0.625 0.675 0.025 
11112    0.6 0.4 0.6 0.8 0.4 0.4  3.43029 0.075 0.05 0.825 0.55 0.35 0.65 0.75 0.35 0.425 0.225 0.725 0.175 0.125 0.625 0.3 0.45 1 0.5 0.925 0.825 0.625 0.675 0.025 
12620    0.8 0 0 0.8 0.8 0  0.377019 0.075 0.325 0.525 0.675 0.925 0.65 0.75 0.275 0.425 0.2 0.075 0.025 0.25 0.625 0.3 0.45 0.925 0.4 0.925 0.925 0.625 0.2 0.025 
12622    0.8 0 0 0.8 0.8 0.4  0.390305 0.075 0.325 0.525 0.575 0.925 0.65 0.75 0.275 0.425 0.2 0.075 0.025 0.25 0.625 0.3 0.45 0.725 0.4 0.925 0.925 0.625 0.55 0.025 
12682    0.8 0 0.2 0.4 0.2 0.4  3.12313 0.3 0.65 0.65 0.575 0.35 0.65 0.75 0.275 0.425 0.225 0.8 0.75 0.125 0.625 0.375 0.45 0.1 0.5 0.925 0.825 0.625 0.675 0.025 
12707    0.8 0 0.2 0.6 0.2 0.4  3.69957 0.075 0.2 0.65 0.55 0.35 0.65 0.75 0.275 0.25 0.575 0.8 0.35 0.8 0.625 0.3 0.45 0.8 0.5 0.925 0.825 0.625 0.6 0.9 
12708    0.8 0 0.2 0.6 0.2 0.6  3.38617 1 0.3 0.65 0.575 0.35 0.65 0.75 0.275 0.425 0.575 0.8 0.175 0.975 0.625 0.3 0.45 0.75 0.5 0.925 0.825 0.625 0.6 0.025 
12712    0.8 0 0.2 0.6 0.4 0.4  3.91113 0.075 0.625 0.65 0.575 0.2 0.65 0.75 0.325 0.275 0.225 0.8 0.4 0.125 0.625 0.3 0.45 0.1 0.5 0.925 0.825 0.625 0.675 0.025 
12831    0.8 0 0.4 0.6 0.2 0.2  3.53871 0.075 0.2 0.65 0.55 0.075 0.65 0.975 0.275 0.25 1 0.5 0.35 0.8 0.625 0.4 0.45 0.1 0.5 0.925 0.825 0.625 0.6 0.9 
12832    0.8 0 0.4 0.6 0.2 0.4  3.75615 0.075 0.05 0.65 0.7 0.35 0.65 0.95 0.175 0.275 0.225 0.075 0.175 0.125 0.625 0.3 0.45 0.1 0.5 0.975 0.825 0.625 0.675 0.025 
12833    0.8 0 0.4 0.6 0.2 0.6  3.53757 0.075 0.05 0.65 0.575 0.35 0.65 0.75 0.175 0.275 0.225 0.075 0.175 0.125 0.625 0.3 0.45 0.1 0.5 0.975 0.825 0.625 0.675 0.025 
12857    0.8 0 0.4 0.8 0.2 0.4  3.64917 1 0.3 0.65 0.575 0.35 0.65 0.75 0.275 0.425 0.65 0.8 0.175 0.975 0.625 0.3 0.45 0.75 0.5 0.925 0.825 0.625 0.6 0.025 
12858    0.8 0 0.4 0.8 0.2 0.6  3.07577 0.075 0.65 0.65 0.575 0.35 0.65 0.75 0.275 0.425 0.225 0.8 0.075 0.125 0.625 0.375 0.45 0.1 0.5 0.925 0.825 0.625 0.675 0.025 
13288    0.8 0.2 0.2 0.2 0.4 0.6  3.71525 0.075 0.2 0.525 0.9 0.275 0.65 0.65 0.325 0.25 0.575 0.775 0.85 0.25 0.625 0.3 0.45 0.525 0.4 0.925 0.825 0.525 0.6 0.525 
13332    0.8 0.2 0.2 0.6 0.2 0.4  3.62618 0.075 0.05 0.65 0.575 0.35 0.65 0.75 0.35 0.275 0.375 0.6 0.175 0.125 0.05 0.3 0.45 0.1 0.5 0.925 0.825 0.55 0.675 0.025 
13333    0.8 0.2 0.2 0.6 0.2 0.6  3.36074 1 0.075 0.65 0.7 0.35 0.65 0.75 0.275 0.425 0.175 0.8 0.175 0.975 0.625 0.3 0.45 0.75 0.5 0.975 0.825 0.625 0.6 0.025 
13358    0.8 0.2 0.2 0.8 0.2 0.6  3.49163 0.2 0.05 0.65 0.575 0.35 0.65 0.75 0.275 0.25 0.225 0.8 0.075 0.125 0.625 0.3 0.45 0.1 0.5 0.925 0.725 0.625 0.675 0.025 
13412    0.8 0.2 0.4 0.2 0.4 0.4  3.35176 0.075 0.2 0.575 0.9 0.275 0.65 0.65 0.325 0.25 0.575 0.775 0.85 0.25 0.625 0.3 0.45 0.525 0.4 0.925 0.825 0.525 0.6 0.525 
13437    0.8 0.2 0.4 0.4 0.4 0.4  3.44814 0.075 0.05 0.65 0.675 0.35 0.65 0.75 0.275 0.425 0.225 0.8 0.625 0.125 0.625 0.3 0.45 1 0.5 0.925 0.825 0.275 0.6 0.025 
13438    0.8 0.2 0.4 0.4 0.4 0.6  2.61792 0.075 0.05 0.65 0.675 0.35 0.65 0.75 0.275 0.425 0.225 0.125 0.625 0.125 0.625 0.3 0.45 1 0.5 0.925 0.825 0.675 0.675 0.025 
13457    0.8 0.2 0.4 0.6 0.2 0.4  3.58618 0.075 0.05 0.65 0.575 0.35 0.65 0.75 0.35 0.275 0.425 0.6 0.175 0.125 0.65 0.3 0.45 0.875 0.5 0.925 0.825 0.625 0.675 0.025 
13458    0.8 0.2 0.4 0.6 0.2 0.6  3.45402 0.075 0.05 0.65 0.575 0.35 0.65 0.75 0.35 0.275 0.425 0.6 0.175 0.125 0.65 0.3 0.45 0.1 0.5 0.925 0.825 0.625 0.675 0.025 
13462    0.8 0.2 0.4 0.6 0.4 0.4  3.44797 0.075 0.05 0.65 0.675 0.35 0.65 0.75 0.275 0.425 0.225 0.8 0.475 0.125 0.625 0.3 0.45 1 0.5 0.925 0.825 0.275 0.675 0.025 
13482    0.8 0.2 0.4 0.8 0.2 0.4  3.64296 0.075 0.05 0.65 0.575 0.35 0.65 0.95 0.275 0.275 0.225 0.8 0.075 0.125 0.05 0.3 0.45 0.675 0.5 0.925 0.725 0.625 0.675 0.025 
13581    0.8 0.2 0.6 0.6 0.2 0.2  3.1549 0.075 0.05 0.65 0.675 0.35 0.65 0.75 0.275 0.425 0.225 0.8 0.175 0.125 0.625 0.3 0.45 1 0.5 0.925 0.825 0.275 0.675 0.025 
13917    0.8 0.4 0.2 0.2 0.6 0.4  2.81065 0.075 0.2 0.875 0.575 0.95 0.65 0.375 0.975 0.425 0.325 0.175 0.95 0.25 0.625 0.3 0.45 0.925 0.4 0.925 0.25 0.625 0.6 0.85 
13942    0.8 0.4 0.2 0.4 0.6 0.4  3.03793 0.075 0.2 0.875 0.575 0.95 0.65 0.375 0.975 0.425 0.325 0.175 0.95 0.25 0.625 0.3 0.45 0.925 0.4 0.925 0.25 0.625 0.6 0.025 
