0 24 3.63133 4.69459 0.14938
1 40 3.90938 5.00389 0.149871
2 49 3.87182 5.01507 0.148485
3 57 3.84159 5.01507 0.147671
4 72 3.82531 5.01507 0.146164
5 76 3.87147 5.15863 0.145031
6 82 3.89733 5.15863 0.14439
7 88 3.91046 5.15863 0.142525
8 95 3.92143 5.15863 0.143957
9 96 3.92306 5.15863 0.14406
10 100 3.9475 5.15863 0.143578
11 104 3.9691 5.15863 0.145505
12 105 4.00119 5.15863 0.146937
13 109 3.99289 5.15863 0.146862
14 112 3.99123 5.15863 0.148067
15 113 4.02782 5.15863 0.149177
16 119 4.01545 5.15863 0.149843
17 123 3.9984 5.15863 0.150327
18 125 4.00057 5.43827 0.149733
19 133 4.00332 5.43827 0.151523
20 138 4.02304 5.43827 0.150837
21 143 4.00404 5.43827 0.150695
22 146 4.00603 5.43827 0.150137
23 148 4.02575 5.43827 0.15089
24 149 4.03007 5.43827 0.151415
25 156 4.02725 5.43827 0.152313
26 161 4.02666 5.43827 0.151872
27 166 3.98756 5.43827 0.152631
28 169 3.99389 5.43827 0.1514
29 174 3.99573 5.43827 0.152079
30 180 3.99052 5.43827 0.152095
31 188 3.98658 5.43827 0.152105
32 190 3.99352 5.43827 0.152827
33 192 4.0088 5.43827 0.153454
34 197 4.00935 5.43827 0.152042
35 201 4.0102 5.43827 0.152001
36 209 4.00569 5.43827 0.151975
37 214 4.00929 5.43827 0.15182
38 220 4.00488 5.43827 0.152423
39 223 4.00685 5.43827 0.153243
40 227 4.00468 5.43827 0.153733
41 230 4.00349 5.43827 0.153583
42 231 3.9969 5.43827 0.153263
43 235 4.00092 5.43827 0.154376
44 237 3.99756 5.43827 0.154416
45 238 4.00081 5.43827 0.154707
46 241 3.99651 5.43827 0.155094
47 244 4.00032 5.43827 0.155026
48 245 4.00177 5.43827 0.155033
49 251 3.98367 5.43827 0.155458
50 254 4.00656 5.43827 0.155693
51 257 4.00879 5.43827 0.155703
52 260 4.0075 5.43827 0.155573
53 262 4.0015 5.43827 0.155697
54 268 4.00402 5.43827 0.156122
55 273 4.00153 5.43827 0.156576
56 276 4.01023 5.43827 0.156299
57 277 4.01862 5.43827 0.156404
58 283 4.02014 5.43827 0.156938
59 291 4.00261 5.43827 0.157457
60 295 4.00616 5.43827 0.15718
61 299 4.00195 5.43827 0.157604
62 301 4.01519 5.43827 0.157801
63 309 4.01238 5.43827 0.158416
64 312 4.00995 5.43827 0.158402
65 315 4.01361 5.43827 0.158552
66 318 4.01704 5.43827 0.158312
67 322 4.01758 5.43827 0.157931
68 323 4.02204 5.43827 0.158053
69 327 4.02077 5.43827 0.158594
70 334 4.00861 5.43827 0.158082
71 337 4.00716 5.43827 0.158019
72 342 4.00695 5.43827 0.158206
73 347 3.99773 5.43827 0.158107
74 352 4.00009 5.43827 0.157973
75 356 4.00224 5.43827 0.158083
76 361 3.99958 5.43827 0.157826
77 364 4.00387 5.43827 0.157327
78 367 4.00458 5.43827 0.157168
79 372 4.01203 5.43827 0.156053
80 377 4.01313 5.44862 0.156313
81 378 4.01406 5.44862 0.156117
82 383 4.02114 5.44862 0.156313
83 389 4.01818 5.44862 0.156468
84 395 4.01956 5.44862 0.156797
85 402 4.01209 5.44862 0.156613
86 408 3.99786 5.44862 0.156243
87 412 3.99863 5.44862 0.155914
88 417 3.9963 5.44862 0.156197
89 417 3.99909 5.44862 0.156064
90 423 3.99375 5.44862 0.155962
91 429 3.99012 5.44862 0.156349
92 432 3.99025 5.44862 0.156695
93 441 3.98513 5.44862 0.156223
94 445 3.98915 5.44862 0.156194
95 450 3.98531 5.44862 0.155915
96 455 3.98354 5.44862 0.155779
97 460 3.98814 5.44862 0.155957
98 465 3.9879 5.44862 0.155706
99 468 3.98556 5.44862 0.155648
100 471 3.98701 5.44862 0.155864
101 474 3.98379 5.44862 0.156205
102 478 3.98379 5.44862 0.155859
103 482 3.97832 5.44862 0.156343
104 489 3.97674 5.44862 0.156045
105 494 3.97787 5.44862 0.156287
106 496 3.97845 5.44862 0.156434
107 498 3.98781 5.44862 0.156387
108 503 3.99531 5.44862 0.15638
109 509 3.99112 5.44862 0.156633
110 517 3.99404 5.44862 0.156689
111 521 3.99309 5.44862 0.156564
112 524 3.99623 5.44862 0.156682
113 526 3.99707 5.45751 0.156544
114 530 4.00128 5.45751 0.156209
115 536 3.99842 5.45751 0.156066
116 539 4.00511 5.45751 0.155948
117 542 4.00597 5.45751 0.156113
118 550 4.00684 5.45751 0.155996
119 554 4.00647 5.45751 0.156085
120 560 4.00413 5.45751 0.156286
121 564 4.00688 5.58195 0.15595
122 568 4.00261 5.58195 0.156049
123 570 4.00531 5.58195 0.156002
124 573 4.00559 5.58195 0.156045
125 579 4.00239 5.58195 0.15642
126 580 4.00789 5.58195 0.156194
127 585 4.00483 5.58195 0.155961
128 586 4.00849 5.58195 0.1556
129 587 4.01179 5.58195 0.155625
130 589 4.0171 5.64782 0.155316
131 590 4.01763 5.64782 0.155384
132 592 4.02143 5.64782 0.155445
133 596 4.02199 5.64782 0.155106
134 601 4.01544 5.64782 0.154922
135 602 4.02223 5.64782 0.154845
136 605 4.02213 5.64782 0.15449
137 610 4.0195 5.64782 0.15462
138 612 4.02143 5.64782 0.154591
139 615 4.01984 5.64782 0.154625
140 616 4.0229 5.64782 0.154567
141 621 4.02373 5.64782 0.154631
142 626 4.02246 5.67278 0.15454
143 630 4.02149 5.70423 0.154256
144 632 4.02725 5.70423 0.154106
145 638 4.02876 5.70423 0.15441
146 640 4.0246 5.70423 0.154549
147 642 4.02616 5.70423 0.154279
148 649 4.01696 5.70423 0.154424
149 651 4.02347 5.70423 0.154174
150 656 4.02456 5.70423 0.154233
151 659 4.02463 5.70423 0.154424
152 662 4.02627 5.70423 0.154724
153 664 4.0306 5.70423 0.154536
154 666 4.03472 5.70423 0.154605
155 668 4.03786 5.70423 0.154796
156 675 4.03702 5.84476 0.154688
157 676 4.04098 5.84476 0.154791
158 680 4.04054 5.84476 0.15466
159 684 4.03942 5.84476 0.154795
160 690 4.04046 5.84476 0.154964
161 694 4.04488 5.84476 0.154935
162 700 4.04256 5.84476 0.155058
163 701 4.04591 5.84476 0.155169
164 706 4.04652 5.84476 0.154987
165 707 4.0487 5.84476 0.154892
166 709 4.05045 5.84476 0.155278
167 712 4.05144 5.84476 0.155137
168 716 4.05284 5.84476 0.155008
169 719 4.05321 5.84476 0.154615
170 721 4.05208 5.84476 0.154507
171 722 4.05086 5.84476 0.154485
172 728 4.0497 5.84476 0.15449
173 732 4.05104 5.84476 0.154607
174 734 4.05269 5.84476 0.154466
175 741 4.05385 5.84476 0.154841
176 744 4.05684 5.84476 0.155011
177 747 4.05525 5.84476 0.154955
178 749 4.0563 5.84476 0.154979
179 751 4.05759 5.84476 0.154901
180 753 4.05499 5.84476 0.154807
181 753 4.06123 5.84476 0.154509
182 760 4.05788 5.84476 0.154742
183 764 4.05615 5.84476 0.154619
184 767 4.05603 5.84476 0.154712
185 768 4.05935 5.84476 0.154747
186 771 4.05952 5.84476 0.154612
187 775 4.06043 5.84476 0.154768
188 781 4.06025 5.84476 0.154466
189 783 4.06135 5.84476 0.154574
190 785 4.06264 5.84476 0.154643
191 789 4.06241 5.84476 0.154581
192 792 4.06282 5.84476 0.154522
193 798 4.06445 5.84476 0.15421
194 802 4.06389 5.84476 0.15409
195 807 4.06035 5.84476 0.154024
196 812 4.05959 5.84476 0.154024
197 812 4.06192 5.84476 0.154206
198 816 4.06004 5.84476 0.154039
199 817 4.06277 5.84476 0.153923
200 821 4.0639 5.84476 0.15393
201 828 4.05491 5.84476 0.154182
202 831 4.05597 5.84476 0.154198
203 834 4.05487 5.84476 0.154489
204 839 4.05618 5.84476 0.154187
205 844 4.05652 5.84476 0.154134
206 848 4.05945 5.84476 0.153796
207 854 4.05697 5.84476 0.153727
208 860 4.05635 5.84476 0.153578
209 863 4.05663 5.84476 0.153528
210 869 4.05641 5.84476 0.153289
211 874 4.05688 5.84476 0.153575
212 877 4.05763 5.84476 0.153598
213 880 4.06022 5.84476 0.153416
214 885 4.06267 5.84476 0.153527
215 890 4.0639 5.84476 0.153425
216 894 4.0613 5.84476 0.153317
217 894 4.0625 5.84476 0.153042
218 899 4.05784 5.84476 0.153192
219 900 4.06185 5.84476 0.153051
220 908 4.05838 5.84476 0.153168
221 911 4.06152 5.84476 0.152922
222 911 4.0635 5.84476 0.152863
223 912 4.06431 5.84476 0.152646
224 917 4.06726 5.84476 0.152751
225 920 4.0678 5.84476 0.152844
226 922 4.07128 5.84476 0.152842
227 925 4.07374 5.84476 0.152969
228 928 4.07282 5.84476 0.15278
229 931 4.07417 5.84476 0.15281
230 934 4.07446 5.84476 0.152797
231 935 4.0792 5.84476 0.152902
232 939 4.08147 5.84476 0.152913
233 944 4.07806 5.84476 0.152918
234 950 4.07974 5.84476 0.152877
235 953 4.08017 5.84476 0.152766
236 957 4.07837 5.84476 0.152819
237 958 4.08097 5.84476 0.152855
238 962 4.08042 5.84476 0.152841
239 965 4.08354 5.84476 0.152805
240 965 4.08381 5.84476 0.152774
241 966 4.08617 5.84476 0.152673
242 967 4.08531 5.84476 0.152693
243 969 4.08515 5.84476 0.15257
244 975 4.08369 5.84476 0.152568
245 976 4.08353 5.84476 0.152518
246 978 4.08576 5.84476 0.152523
247 984 4.08621 5.87713 0.152663
248 986 4.08675 5.87713 0.152811
249 987 4.0901 5.87713 0.152674
250 990 4.08905 5.87713 0.152552
251 996 4.08982 5.87713 0.152792
252 1000 4.09053 5.87713 0.152493
253 1002 4.09333 5.87713 0.152448
254 1004 4.09454 5.87713 0.152465
255 1007 4.09507 5.87713 0.152357
256 1008 4.09721 5.87713 0.152509
257 1010 4.09876 5.87713 0.152525
258 1014 4.09947 5.87713 0.152308
259 1017 4.10238 5.87713 0.15207
260 1017 4.10333 5.87713 0.152161
261 1018 4.10412 5.87713 0.152222
262 1020 4.10321 5.87713 0.152177
263 1023 4.10348 5.87713 0.152231
264 1025 4.10707 5.87713 0.15206
265 1026 4.10847 5.87713 0.152049
266 1030 4.10943 5.87713 0.151917
267 1031 4.11106 5.87713 0.151873
268 1034 4.11286 5.87713 0.151763
269 1037 4.11416 5.87713 0.151708
270 1038 4.11721 5.87713 0.151444
271 1044 4.11733 5.87713 0.151575
272 1047 4.11699 5.87713 0.151609
273 1047 4.11994 5.87713 0.151598
274 1051 4.11932 5.87713 0.151666
275 1053 4.11984 5.87713 0.151682
276 1057 4.11593 5.87713 0.15171
277 1058 4.11808 5.87713 0.151693
278 1060 4.11909 5.87713 0.151699
279 1063 4.1189 5.87713 0.151639
280 1067 4.12369 5.87713 0.151459
281 1072 4.12205 5.87713 0.151267
282 1076 4.12666 5.87713 0.151379
283 1082 4.1276 5.87713 0.151376
284 1086 4.12777 5.87713 0.151508
285 1086 4.1295 5.87713 0.151389
286 1086 4.13067 5.87713 0.151434
287 1087 4.13127 5.87713 0.151339
288 1088 4.13453 5.87713 0.15137
289 1090 4.1363 5.87713 0.1514
290 1091 4.13721 5.87713 0.151487
291 1092 4.13854 5.87713 0.151485
292 1094 4.14073 5.87713 0.151533
293 1095 4.1406 5.87713 0.151529
294 1098 4.13881 5.87713 0.151532
295 1100 4.14065 5.87713 0.151658
296 1104 4.14155 5.87713 0.151866
297 1105 4.142 5.87713 0.151854
298 1109 4.14308 5.87713 0.151696
299 1113 4.14206 5.87713 0.151505
300 1118 4.1403 5.87713 0.151457
301 1118 4.14089 5.87713 0.15148
302 1118 4.14246 5.87713 0.15154
303 1120 4.14457 5.87713 0.151687
304 1123 4.14734 5.87713 0.151799
305 1125 4.14643 5.87713 0.15183
306 1128 4.14676 5.87713 0.151727
307 1132 4.14857 5.87713 0.151801
308 1135 4.14834 5.87713 0.151766
309 1139 4.14879 5.87713 0.151882
310 1145 4.14883 5.87713 0.151787
311 1145 4.15065 5.87713 0.151762
312 1146 4.15053 5.87713 0.151704
313 1149 4.14994 5.87713 0.151732
314 1152 4.15054 5.87713 0.151922
315 1153 4.15053 5.87713 0.15192
316 1156 4.15206 5.87713 0.151765
317 1162 4.15309 5.87713 0.151594
318 1163 4.15311 5.87713 0.15146
319 1166 4.15515 5.87713 0.151444
320 1168 4.15549 5.87713 0.15151
321 1169 4.15716 5.87713 0.151546
322 1172 4.15734 5.87713 0.151451
323 1176 4.1565 5.87713 0.151479
324 1178 4.15568 5.87713 0.151562
325 1181 4.15764 5.87713 0.151597
326 1185 4.15583 5.87713 0.151505
327 1187 4.15666 5.87713 0.151427
328 1192 4.15741 5.87713 0.151383
329 1198 4.15657 5.87713 0.151337
330 1201 4.15527 5.87713 0.151253
331 1205 4.15461 5.87713 0.151298
332 1208 4.15446 5.87713 0.151402
333 1209 4.15704 5.87713 0.15152
334 1213 4.15687 5.87713 0.151592
335 1218 4.156 5.87713 0.151463
336 1224 4.15608 5.87713 0.151453
337 1228 4.15654 5.87713 0.151441
338 1229 4.15727 5.87713 0.151501
339 1233 4.15557 5.87713 0.15149
340 1233 4.15686 5.87713 0.15168
341 1235 4.15563 5.87713 0.151618
342 1237 4.15874 5.87713 0.151646
343 1240 4.15916 5.87713 0.151623
344 1241 4.16091 5.87713 0.151709
345 1242 4.16145 5.87713 0.151848
346 1243 4.1619 5.87713 0.151794
347 1248 4.16326 5.87713 0.151858
348 1251 4.16454 5.87713 0.151655
349 1252 4.16507 5.87713 0.151764
350 1256 4.16583 5.87713 0.151858
351 1260 4.166 5.87713 0.152091
352 1263 4.1664 5.87713 0.15209
353 1270 4.16354 5.87713 0.152115
354 1272 4.16354 5.87713 0.151993
355 1274 4.16354 5.87713 0.151964
356 1275 4.16516 5.87713 0.151999
357 1278 4.16478 5.87713 0.152022
358 1284 4.1636 5.87713 0.152157
359 1287 4.16234 5.87713 0.152194
360 1289 4.16357 5.87713 0.152173
361 1290 4.16451 5.92026 0.152232
362 1292 4.16456 5.92026 0.152313
363 1297 4.16425 5.92026 0.152233
364 1301 4.16414 5.92026 0.152199
365 1301 4.16635 5.92026 0.152119
366 1302 4.16815 5.92026 0.152141
367 1305 4.16637 5.92026 0.152205
368 1305 4.16717 5.92026 0.152156
369 1309 4.16855 5.92026 0.15211
370 1311 4.16812 5.92026 0.152156
371 1314 4.16993 5.92026 0.152141
372 1317 4.17131 5.92026 0.152066
373 1318 4.17182 5.92026 0.152148
374 1319 4.17275 5.92026 0.152032
375 1320 4.1741 5.92026 0.152143
376 1321 4.17438 5.92026 0.152047
377 1327 4.17328 5.92026 0.152063
378 1331 4.17217 5.92026 0.152116
379 1334 4.17047 5.92026 0.152177
380 1338 4.17031 5.92026 0.152064
381 1342 4.16971 5.92026 0.152037
382 1345 4.17049 5.92026 0.152058
383 1346 4.17047 5.92026 0.152137
384 1348 4.1717 5.92026 0.152155
385 1351 4.17305 5.92026 0.152163
386 1356 4.1693 5.92026 0.152476
387 1357 4.16968 5.92026 0.152475
388 1361 4.17208 5.92026 0.152456
389 1368 4.17096 5.92026 0.152318
390 1369 4.17309 5.92026 0.152446
391 1371 4.17298 5.92026 0.152352
392 1373 4.17494 5.92026 0.152211
393 1376 4.17554 5.92026 0.152177
394 1377 4.17518 5.92026 0.152201
395 1378 4.17651 5.92026 0.152336
396 1378 4.17778 5.92026 0.152356
397 1380 4.17653 5.92026 0.152263
398 1384 4.17393 5.92026 0.152263
399 1384 4.17509 5.92026 0.15227
400 1388 4.17489 5.92026 0.152241
401 1391 4.17406 5.92026 0.152315
402 1392 4.17527 5.92026 0.152391
403 1396 4.17544 5.92026 0.15226
404 1398 4.17566 5.92026 0.152167
405 1400 4.17644 5.92026 0.152086
406 1402 4.17693 5.92026 0.152061
407 1404 4.17733 5.92026 0.151962
408 1406 4.17725 5.92026 0.151839
409 1413 4.17671 5.92026 0.151896
410 1415 4.17791 5.92026 0.151836
411 1416 4.17995 5.92026 0.151787
412 1420 4.17858 5.92026 0.151557
413 1421 4.17978 5.92026 0.15163
414 1424 4.18163 5.92026 0.151561
415 1425 4.18259 5.92026 0.151464
416 1429 4.18342 5.92026 0.151509
417 1431 4.18512 5.92026 0.151607
418 1434 4.18633 5.92026 0.151636
419 1435 4.18707 5.92026 0.151598
420 1437 4.18769 5.92026 0.151581
421 1439 4.18878 5.92026 0.151656
422 1441 4.18937 5.92026 0.151669
423 1442 4.18934 5.92026 0.151747
424 1444 4.19094 5.92026 0.151743
425 1446 4.19242 5.92026 0.151745
426 1447 4.19526 5.92026 0.151809
427 1450 4.19584 5.92026 0.151812
428 1450 4.1966 5.92026 0.151764
429 1452 4.19897 5.92026 0.151871
430 1453 4.19991 5.92026 0.151858
431 1456 4.20178 5.92026 0.15179
432 1458 4.20271 5.92026 0.151739
433 1458 4.20406 5.92026 0.151694
434 1458 4.20614 5.92026 0.151753
435 1461 4.20608 5.92026 0.151813
436 1461 4.20641 5.92026 0.151789
437 1462 4.20709 5.92026 0.151657
438 1464 4.20699 5.92026 0.151598
439 1465 4.20911 5.92026 0.151644
440 1466 4.21036 5.92026 0.151698
441 1470 4.21062 5.92026 0.151733
442 1474 4.21036 5.92026 0.151761
443 1476 4.21142 5.92026 0.151725
444 1480 4.21273 6.02756 0.151788
445 1483 4.21124 6.02756 0.151792
446 1484 4.21141 6.02756 0.151772
447 1486 4.21074 6.02756 0.151814
448 1486 4.21213 6.02756 0.151776
449 1486 4.21358 6.02756 0.151769
450 1487 4.21356 6.02756 0.151666
451 1487 4.2143 6.02756 0.151714
452 1488 4.2159 6.02756 0.151537
453 1488 4.21754 6.02756 0.151536
454 1491 4.21739 6.02756 0.151512
455 1492 4.21795 6.02756 0.151506
456 1493 4.21828 6.02756 0.151508
457 1495 4.21889 6.02756 0.151699
458 1496 4.21934 6.02756 0.151731
459 1500 4.21725 6.02756 0.151738
460 1501 4.21866 6.02756 0.151678
461 1502 4.21955 6.02756 0.151604
462 1505 4.21988 6.02756 0.151544
463 1507 4.22087 6.02756 0.15165
464 1508 4.22135 6.02756 0.151671
465 1513 4.22181 6.02756 0.15152
466 1515 4.22303 6.02756 0.151507
467 1517 4.22549 6.02756 0.151506
468 1520 4.22506 6.02756 0.151601
469 1521 4.22588 6.02756 0.151694
470 1525 4.22465 6.02756 0.151665
471 1525 4.22531 6.02756 0.151657
472 1529 4.22613 6.02756 0.151666
473 1532 4.22539 6.02756 0.151616
474 1535 4.22638 6.02756 0.151584
475 1538 4.22793 6.02756 0.151576
476 1544 4.22806 6.02756 0.151725
477 1546 4.22822 6.02756 0.151705
478 1550 4.22662 6.02756 0.151668
479 1555 4.22757 6.02756 0.151711
480 1558 4.22724 6.02756 0.151775
481 1561 4.22681 6.02756 0.151737
482 1563 4.22787 6.02756 0.151655
483 1565 4.22851 6.02756 0.151666
484 1568 4.22781 6.02756 0.151733
485 1571 4.22697 6.02756 0.151781
486 1574 4.22678 6.02756 0.151628
487 1576 4.22561 6.02756 0.151669
488 1581 4.22282 6.02756 0.151635
489 1583 4.22364 6.02756 0.151657
490 1589 4.21831 6.02756 0.151685
491 1592 4.21912 6.02756 0.151636
492 1592 4.21934 6.02756 0.151556
493 1594 4.21931 6.02756 0.151563
494 1595 4.21944 6.02756 0.151607
495 1598 4.21998 6.02756 0.151547
496 1600 4.22068 6.02756 0.151476
497 1601 4.22107 6.02756 0.151523
498 1604 4.22232 6.02756 0.151477
499 1605 4.22265 6.02756 0.151495
500 1609 4.2228 6.02756 0.15148
501 1609 4.22377 6.02756 0.151437
502 1612 4.22367 6.02756 0.151484
503 1613 4.22518 6.02756 0.151439
504 1613 4.22594 6.02756 0.151504
505 1614 4.22591 6.02756 0.15149
506 1615 4.22617 6.02756 0.151546
507 1616 4.22729 6.02756 0.151406
508 1619 4.22749 6.02756 0.151416
509 1622 4.22814 6.02756 0.151389
510 1622 4.22846 6.02756 0.151404
511 1625 4.22864 6.02756 0.15141
512 1627 4.22793 6.02756 0.151508
513 1628 4.22847 6.02756 0.151531
514 1628 4.2289 6.02756 0.15157
515 1632 4.22847 6.02756 0.15156
516 1634 4.22902 6.02756 0.151523
517 1637 4.2285 6.02756 0.151466
518 1640 4.22857 6.02756 0.151553
519 1642 4.22922 6.02756 0.151577
520 1645 4.22928 6.02756 0.151518
521 1647 4.22983 6.02756 0.151521
522 1647 4.23054 6.02756 0.151498
523 1649 4.23111 6.02756 0.151778
524 1650 4.23231 6.02756 0.151743
525 1652 4.23235 6.02756 0.151709
526 1652 4.23367 6.02756 0.151778
527 1653 4.2343 6.02756 0.151792
528 1657 4.2346 6.02756 0.151721
529 1662 4.23348 6.02756 0.15167
530 1663 4.23426 6.02756 0.151703
531 1664 4.23506 6.02756 0.15167
532 1667 4.23457 6.02756 0.151717
533 1668 4.23413 6.02756 0.151625
534 1669 4.2353 6.02756 0.151554
535 1670 4.23581 6.02756 0.151509
536 1672 4.23728 6.02756 0.151466
537 1673 4.23719 6.02756 0.151419
538 1677 4.23619 6.02756 0.151437
539 1678 4.23665 6.02756 0.151513
540 1679 4.23768 6.02756 0.151437
541 1680 4.2385 6.02756 0.151415
542 1681 4.23955 6.02756 0.151396
543 1683 4.23919 6.02756 0.151433
544 1684 4.24012 6.02756 0.151374
545 1687 4.24015 6.02756 0.151381
546 1688 4.24115 6.02756 0.151332
547 1693 4.24053 6.02756 0.151311
548 1696 4.24048 6.02756 0.151245
549 1697 4.24138 6.02756 0.151327
550 1700 4.24023 6.02756 0.151329
551 1701 4.24158 6.02756 0.151226
552 1703 4.24308 6.02756 0.151227
553 1705 4.24311 6.02756 0.151217
554 1711 4.24235 6.02756 0.151228
555 1714 4.24139 6.02756 0.15116
556 1714 4.24151 6.02756 0.151108
557 1714 4.24185 6.02756 0.151147
558 1717 4.24231 6.02756 0.151045
559 1719 4.24307 6.02756 0.151085
560 1722 4.24251 6.02756 0.151035
561 1725 4.24395 6.02756 0.151064
562 1726 4.24374 6.02756 0.151094
563 1730 4.24086 6.02756 0.151138
564 1733 4.23976 6.02756 0.151108
565 1733 4.24047 6.02756 0.151034
566 1734 4.24094 6.02756 0.15103
567 1735 4.24119 6.02756 0.151093
568 1736 4.24116 6.02756 0.151054
569 1738 4.24146 6.02756 0.151077
570 1739 4.24105 6.02756 0.151076
571 1743 4.24111 6.02756 0.151064
572 1744 4.24028 6.02756 0.151054
573 1746 4.23982 6.02756 0.151005
574 1747 4.24069 6.02756 0.151032
575 1748 4.24053 6.02756 0.151019
576 1751 4.24061 6.02756 0.150989
577 1751 4.24156 6.02756 0.150953
578 1752 4.24251 6.02756 0.151023
579 1756 4.2417 6.02756 0.151053
580 1758 4.24175 6.02756 0.151016
581 1760 4.24182 6.02756 0.151004
582 1763 4.24092 6.02756 0.151049
583 1763 4.24259 6.02756 0.150972
584 1765 4.24124 6.02756 0.150884
585 1768 4.24101 6.02756 0.150739
586 1770 4.24086 6.02756 0.150757
587 1771 4.24135 6.02756 0.150854
588 1773 4.24108 6.02756 0.150671
589 1774 4.24091 6.02756 0.150624
590 1775 4.24115 6.02756 0.150657
591 1776 4.24179 6.02756 0.150641
592 1779 4.24098 6.02756 0.15055
593 1779 4.24165 6.02756 0.150548
594 1784 4.24036 6.02756 0.150605
595 1784 4.24057 6.02756 0.150629
596 1784 4.24126 6.02756 0.150677
597 1785 4.24146 6.02756 0.150666
598 1787 4.24108 6.02756 0.15063
599 1790 4.24018 6.02756 0.150615
600 1792 4.23975 6.02756 0.150741
601 1794 4.24005 6.02756 0.150743
602 1794 4.24013 6.02756 0.150754
603 1794 4.2408 6.02756 0.150766
604 1794 4.24115 6.02756 0.150762
605 1797 4.24144 6.02756 0.150841
606 1800 4.24035 6.02756 0.150818
607 1801 4.24008 6.02756 0.150873
608 1805 4.23939 6.02756 0.150982
609 1806 4.23976 6.02756 0.150966
610 1810 4.23946 6.02756 0.151004
611 1812 4.23984 6.02756 0.150975
612 1813 4.24023 6.02756 0.150977
613 1815 4.23875 6.02756 0.150913
614 1816 4.23998 6.02756 0.150922
615 1816 4.24268 6.02756 0.150901
616 1819 4.24188 6.02756 0.150913
617 1820 4.24257 6.02756 0.150923
618 1823 4.24275 6.02756 0.150897
619 1824 4.24338 6.02756 0.150954
620 1825 4.24358 6.02756 0.150911
621 1830 4.24166 6.02756 0.150957
622 1831 4.24173 6.02756 0.15088
623 1832 4.24185 6.02756 0.150845
624 1834 4.24196 6.02756 0.150834
625 1835 4.24223 6.02756 0.150777
626 1836 4.24255 6.02756 0.150793
627 1839 4.24191 6.02756 0.150781
628 1843 4.23955 6.02756 0.150721
629 1845 4.23918 6.02756 0.15079
630 1846 4.23889 6.02756 0.150834
631 1848 4.2391 6.02756 0.150857
632 1848 4.23964 6.02756 0.150823
633 1849 4.24022 6.02756 0.150868
634 1849 4.24297 6.02756 0.150905
635 1852 4.24247 6.02756 0.150816
636 1854 4.24269 6.02756 0.150876
637 1858 4.24179 6.02756 0.150846
638 1860 4.24323 6.02756 0.15093
639 1862 4.24369 6.02756 0.150931
640 1862 4.24472 6.02756 0.150913
641 1863 4.24656 6.02756 0.150888
642 1866 4.24626 6.02756 0.150772
643 1869 4.24733 6.02756 0.150703
644 1872 4.24698 6.02756 0.150646
645 1875 4.24591 6.02756 0.150651
646 1877 4.24691 6.02756 0.150542
647 1878 4.24842 6.02756 0.15052
648 1882 4.2476 6.02756 0.150542
649 1883 4.24731 6.02756 0.150546
650 1886 4.24597 6.02756 0.150565
651 1887 4.24592 6.02756 0.150439
652 1887 4.24657 6.02756 0.150436
653 1889 4.24701 6.02756 0.150475
654 1890 4.2467 6.02756 0.150493
655 1892 4.24662 6.02756 0.150456
656 1894 4.2466 6.02756 0.150401
657 1898 4.24636 6.02756 0.150435
658 1902 4.24659 6.02756 0.150429
659 1903 4.24779 6.02756 0.150334
660 1903 4.24837 6.02756 0.150209
661 1905 4.24817 6.02756 0.150288
662 1908 4.24774 6.02756 0.150272
663 1909 4.24784 6.02756 0.150265
664 1910 4.2491 6.02756 0.150231
665 1912 4.24998 6.02756 0.150231
666 1913 4.25021 6.02756 0.150196
667 1917 4.25007 6.02756 0.150196
668 1919 4.25081 6.02756 0.150245
669 1922 4.25082 6.02756 0.15029
670 1924 4.25041 6.02756 0.150318
671 1924 4.25107 6.02756 0.150331
672 1927 4.25084 6.02756 0.150298
673 1930 4.25042 6.02756 0.150368
674 1931 4.25114 6.02756 0.150372
675 1934 4.25051 6.02756 0.150361
676 1936 4.25099 6.02756 0.15037
677 1937 4.2523 6.02756 0.15041
678 1939 4.25208 6.02756 0.150382
679 1940 4.25257 6.02756 0.150352
680 1942 4.25284 6.02756 0.150303
681 1944 4.25333 6.02756 0.150247
682 1946 4.25245 6.02756 0.150284
683 1947 4.25259 6.02756 0.150325
684 1950 4.25109 6.02756 0.150306
685 1954 4.25111 6.02756 0.150416
686 1954 4.25187 6.02756 0.15041
687 1957 4.25176 6.02756 0.150436
688 1958 4.25283 6.02756 0.150338
689 1959 4.25297 6.02756 0.150376
690 1960 4.25412 6.02756 0.150461
691 1960 4.25423 6.02756 0.150464
692 1961 4.25392 6.02756 0.15039
693 1961 4.25437 6.02756 0.150396
694 1962 4.25396 6.02756 0.150418
695 1964 4.25418 6.02756 0.1504
696 1964 4.25531 6.02756 0.150443
697 1966 4.25514 6.02756 0.150484
698 1968 4.25487 6.02756 0.150428
699 1968 4.25566 6.02756 0.150394
700 1970 4.25622 6.02756 0.150319
701 1973 4.25651 6.02756 0.150267
702 1974 4.2568 6.02756 0.150336
703 1975 4.25739 6.02756 0.150378
704 1977 4.25693 6.02756 0.150368
705 1980 4.25651 6.02756 0.150365
706 1981 4.25566 6.02756 0.150389
707 1981 4.25583 6.02756 0.150442
708 1982 4.25726 6.02756 0.150466
709 1983 4.25755 6.02756 0.150512
710 1986 4.25666 6.02756 0.150541
711 1986 4.25716 6.02756 0.150577
712 1989 4.25705 6.02756 0.150561
713 1992 4.25684 6.02756 0.150533
714 1992 4.25785 6.02756 0.150557
715 1995 4.25738 6.02756 0.150609
716 1996 4.25665 6.02756 0.150652
717 1997 4.25758 6.02756 0.150689
718 1999 4.2569 6.02756 0.150652
719 2001 4.25698 6.02756 0.150669
720 2004 4.25691 6.02756 0.150656
721 2006 4.25766 6.02756 0.150615
722 2007 4.25757 6.02756 0.150568
723 2009 4.2575 6.02756 0.15055
724 2010 4.25707 6.02756 0.150528
725 2010 4.25811 6.02756 0.150448
726 2011 4.25988 6.02756 0.150419
727 2013 4.25974 6.02756 0.15043
728 2015 4.2608 6.02756 0.15039
729 2015 4.2614 6.02756 0.150385
730 2016 4.262 6.02756 0.150288
731 2017 4.26215 6.02756 0.150221
732 2018 4.2623 6.28262 0.150265
733 2019 4.26299 6.28262 0.1502
734 2021 4.26235 6.28262 0.150242
735 2023 4.26225 6.28262 0.150193
736 2023 4.26313 6.28262 0.150159
737 2023 4.26393 6.28262 0.150229
738 2025 4.2639 6.28262 0.150281
739 2025 4.26486 6.28262 0.150235
740 2026 4.26464 6.28262 0.150208
741 2027 4.26444 6.28262 0.150214
742 2028 4.26416 6.28262 0.150214
743 2028 4.26651 6.28262 0.150132
744 2031 4.26672 6.28262 0.150136
745 2033 4.26742 6.28262 0.150117
746 2035 4.26652 6.28262 0.150154
747 2035 4.26763 6.28262 0.150197
748 2037 4.26701 6.28262 0.15025
749 2042 4.26671 6.28262 0.1503
750 2043 4.26681 6.28262 0.150249
751 2046 4.26584 6.28262 0.150148
752 2047 4.26539 6.28262 0.150114
753 2048 4.26548 6.28262 0.150013
754 2049 4.26552 6.28262 0.149971
755 2049 4.26644 6.28262 0.150016
756 2049 4.26675 6.28262 0.15001
757 2053 4.26687 6.28262 0.149928
758 2054 4.26685 6.28262 0.149921
759 2056 4.26647 6.28262 0.149908
760 2057 4.26657 6.28262 0.149906
761 2059 4.2666 6.28262 0.149883
762 2059 4.26722 6.28262 0.149889
763 2059 4.26809 6.28262 0.149947
764 2059 4.26867 6.28262 0.149988
765 2061 4.26881 6.28262 0.149956
766 2062 4.26898 6.28262 0.14997
767 2064 4.26779 6.28262 0.150001
768 2064 4.26857 6.28262 0.149976
769 2064 4.26861 6.28262 0.149951
770 2066 4.26795 6.28262 0.14987
771 2067 4.26774 6.28262 0.149907
772 2067 4.26887 6.28262 0.149953
773 2068 4.26931 6.28262 0.149907
774 2068 4.26981 6.28262 0.149935
775 2069 4.27066 6.28262 0.149889
776 2074 4.2692 6.28262 0.149803
777 2074 4.26977 6.28262 0.149757
778 2077 4.27001 6.28262 0.149766
779 2077 4.27023 6.28262 0.149748
780 2077 4.2705 6.28262 0.149767
781 2078 4.27084 6.28262 0.149805
782 2080 4.26989 6.28262 0.149748
783 2081 4.27024 6.28262 0.149735
784 2081 4.27042 6.28262 0.149737
785 2083 4.27002 6.28262 0.149747
786 2084 4.27065 6.28262 0.149767
787 2086 4.27022 6.28262 0.149785
788 2087 4.27021 6.28262 0.149801
789 2088 4.27084 6.28262 0.149762
790 2089 4.27084 6.28262 0.149776
791 2090 4.27142 6.28262 0.149786
792 2091 4.27137 6.28262 0.149838
793 2093 4.27078 6.28262 0.149832
794 2093 4.27142 6.28262 0.149813
795 2093 4.27195 6.28262 0.149736
796 2093 4.27296 6.28262 0.149705
797 2097 4.27213 6.28262 0.149648
798 2100 4.27174 6.28262 0.149598
799 2101 4.2723 6.28262 0.149521
800 2101 4.27405 6.28262 0.149498
801 2102 4.27447 6.28262 0.14951
802 2103 4.27638 6.28262 0.1495
803 2104 4.27673 6.28262 0.1495
804 2104 4.27707 6.28262 0.149423
805 2104 4.27793 6.28262 0.149368
806 2106 4.27815 6.28262 0.149388
807 2107 4.27733 6.28262 0.149371
808 2107 4.27842 6.28262 0.149345
809 2107 4.28014 6.28262 0.149324
810 2109 4.27954 6.28262 0.149323
811 2111 4.27931 6.28262 0.149355
812 2113 4.27873 6.28262 0.14933
813 2114 4.27903 6.28262 0.149308
814 2115 4.27985 6.28262 0.149318
815 2116 4.27981 6.28262 0.149322
816 2116 4.28053 6.28262 0.149346
817 2116 4.2812 6.28262 0.149316
818 2118 4.28102 6.28262 0.149359
819 2118 4.28229 6.28262 0.149351
820 2119 4.28234 6.28262 0.149181
821 2121 4.28245 6.28262 0.149271
822 2122 4.2826 6.30782 0.149305
823 2123 4.28286 6.30782 0.149194
824 2124 4.2827 6.30782 0.149181
825 2130 4.28076 6.30782 0.149216
826 2130 4.28173 6.30782 0.149235
827 2131 4.28268 6.30782 0.149171
828 2132 4.2825 6.30782 0.149132
829 2132 4.28386 6.30782 0.149156
830 2133 4.2833 6.30782 0.149157
831 2136 4.28383 6.30782 0.149095
832 2141 4.28197 6.30782 0.149032
833 2143 4.28158 6.30782 0.148987
834 2145 4.28134 6.30782 0.149016
835 2146 4.28209 6.30782 0.148978
836 2146 4.28247 6.30782 0.148971
837 2146 4.28298 6.30782 0.148943
838 2146 4.2836 6.30782 0.148969
839 2148 4.28448 6.30782 0.148942
840 2148 4.28526 6.30782 0.148966
841 2150 4.28479 6.30782 0.149019
842 2152 4.28391 6.30782 0.149071
843 2153 4.28456 6.30782 0.149058
844 2153 4.28543 6.30782 0.149011
845 2155 4.28483 6.30782 0.149057
846 2157 4.28504 6.30782 0.149002
847 2159 4.28521 6.30782 0.149003
848 2161 4.28504 6.30782 0.148981
849 2162 4.28562 6.30782 0.148977
850 2164 4.2861 6.30782 0.149001
851 2165 4.28582 6.30782 0.148985
852 2167 4.28497 6.30782 0.149052
853 2169 4.2856 6.30782 0.148919
854 2170 4.28635 6.30782 0.148913
855 2171 4.28841 6.30782 0.148876
856 2171 4.28905 6.30782 0.148859
857 2171 4.28996 6.30782 0.148805
858 2173 4.291 6.30782 0.148793
859 2177 4.29059 6.30782 0.148849
860 2177 4.29099 6.30782 0.148822
861 2179 4.29178 6.30782 0.148791
862 2179 4.29321 6.30782 0.148852
863 2181 4.29387 6.30782 0.148948
864 2181 4.29447 6.30782 0.149006
865 2181 4.29485 6.30782 0.148994
866 2182 4.29538 6.30782 0.148975
867 2185 4.2946 6.30782 0.148927
868 2185 4.29482 6.30782 0.148889
869 2187 4.29488 6.30782 0.148854
870 2190 4.29397 6.30782 0.148849
871 2191 4.29394 6.30782 0.148888
872 2191 4.29416 6.30782 0.148862
873 2191 4.29448 6.30782 0.148824
874 2191 4.29475 6.30782 0.148841
875 2197 4.2938 6.30782 0.148767
876 2198 4.29414 6.30782 0.148805
877 2199 4.29402 6.30782 0.148781
878 2201 4.2942 6.30782 0.148735
879 2202 4.29465 6.30782 0.14877
880 2202 4.29541 6.30782 0.148798
881 2202 4.29609 6.30782 0.148805
882 2202 4.29639 6.30782 0.148766
883 2203 4.297 6.30782 0.148755
884 2205 4.297 6.30782 0.148795
885 2205 4.2975 6.30782 0.14884
886 2207 4.29725 6.30782 0.148834
887 2209 4.29742 6.30782 0.148814
888 2210 4.29749 6.30782 0.148797
889 2215 4.29726 6.30782 0.148822
890 2215 4.2979 6.30782 0.14882
891 2217 4.29766 6.30782 0.148827
892 2218 4.29765 6.30782 0.14883
893 2219 4.29759 6.30782 0.148859
894 2219 4.29814 6.30782 0.148774
895 2220 4.2985 6.30782 0.14879
896 2221 4.29831 6.30782 0.148758
897 2222 4.29847 6.30782 0.148693
898 2222 4.29893 6.30782 0.148632
899 2222 4.2998 6.30782 0.148621
900 2223 4.29956 6.30782 0.148635
901 2227 4.29967 6.30782 0.148638
902 2228 4.2998 6.30782 0.148613
903 2229 4.30064 6.30782 0.148583
904 2232 4.3 6.30782 0.148576
905 2232 4.30023 6.30782 0.148602
906 2235 4.29918 6.30782 0.14858
907 2235 4.29975 6.30782 0.148549
908 2236 4.29953 6.30782 0.148556
909 2238 4.29888 6.30782 0.148555
910 2240 4.29901 6.30782 0.148621
911 2244 4.29762 6.30782 0.148607
912 2244 4.29899 6.30782 0.148621
913 2245 4.30011 6.30782 0.148611
914 2249 4.29911 6.30782 0.148505
915 2250 4.29959 6.30782 0.148499
916 2250 4.30065 6.30782 0.14856
917 2251 4.30128 6.30782 0.148593
918 2251 4.30222 6.30782 0.148601
919 2252 4.3021 6.30782 0.148584
920 2252 4.30313 6.30782 0.148529
921 2253 4.30282 6.30782 0.148542
922 2253 4.303 6.30782 0.148546
923 2254 4.30337 6.30782 0.148517
924 2254 4.30389 6.30782 0.148481
925 2256 4.30357 6.30782 0.148424
926 2259 4.30253 6.30782 0.148441
927 2260 4.3022 6.30782 0.148402
928 2263 4.30149 6.30782 0.148379
929 2263 4.30229 6.30782 0.148361
930 2265 4.30232 6.30782 0.148351
931 2266 4.30269 6.30782 0.148311
932 2266 4.30386 6.30782 0.148328
933 2267 4.30447 6.30782 0.148339
934 2267 4.30504 6.30782 0.148324
935 2270 4.30404 6.30782 0.148284
936 2271 4.3039 6.30782 0.148258
937 2273 4.30416 6.30782 0.148226
938 2274 4.30476 6.30782 0.148234
939 2276 4.30465 6.30782 0.148229
940 2279 4.30441 6.30782 0.14824
941 2280 4.30517 6.30782 0.148185
942 2280 4.30529 6.30782 0.148206
943 2282 4.30501 6.30782 0.148187
944 2283 4.30537 6.30782 0.148137
945 2284 4.30526 6.30782 0.148067
946 2286 4.30525 6.30782 0.148057
947 2288 4.3046 6.30782 0.148089
948 2288 4.3055 6.30782 0.148112
949 2289 4.30493 6.30782 0.148097
950 2289 4.30534 6.30782 0.148018
951 2291 4.30488 6.30782 0.148059
952 2291 4.30563 6.30782 0.148051
953 2292 4.3062 6.30782 0.148117
954 2292 4.30642 6.30782 0.148102
955 2293 4.30683 6.30782 0.148129
956 2294 4.30728 6.30782 0.148143
957 2296 4.30763 6.30782 0.148184
958 2298 4.30725 6.30782 0.148113
959 2299 4.3074 6.30782 0.148107
960 2300 4.30738 6.30782 0.148134
961 2301 4.30705 6.30782 0.148143
962 2304 4.30791 6.30782 0.148103
963 2305 4.30826 6.30782 0.148121
964 2305 4.30838 6.30782 0.148095
965 2306 4.30875 6.30782 0.148109
966 2307 4.30868 6.30782 0.148089
967 2308 4.309 6.30782 0.148067
968 2308 4.30924 6.30782 0.148071
969 2308 4.31081 6.30782 0.148063
970 2310 4.3103 6.30782 0.148128
971 2312 4.3102 6.30782 0.148091
972 2313 4.31042 6.30782 0.148068
973 2313 4.31068 6.30782 0.148116
974 2313 4.31133 6.30782 0.148134
975 2314 4.31134 6.30782 0.148135
976 2315 4.31116 6.30782 0.148116
977 2316 4.31087 6.30782 0.148088
978 2317 4.31086 6.30782 0.148089
979 2318 4.31114 6.30782 0.148092
980 2322 4.30899 6.30782 0.148101
981 2324 4.30914 6.30782 0.148113
982 2324 4.3095 6.30782 0.148131
983 2327 4.30929 6.30782 0.148173
984 2328 4.30934 6.30782 0.148162
985 2328 4.30962 6.30782 0.148173
986 2328 4.3101 6.30782 0.148137
987 2332 4.30891 6.30782 0.148214
988 2333 4.30876 6.30782 0.148201
989 2333 4.30898 6.30782 0.14819
990 2334 4.3092 6.30782 0.148231
991 2334 4.31028 6.30782 0.148201
992 2335 4.31053 6.30782 0.14817
993 2336 4.31049 6.30782 0.148138
994 2338 4.31072 6.30782 0.148135
995 2341 4.31022 6.30782 0.14807
996 2341 4.31133 6.30782 0.147981
997 2343 4.31175 6.30782 0.148064
998 2345 4.31185 6.30782 0.148058
999 2345 4.3122 6.30782 0.148051
1000 2345 4.31274 6.30782 0.148061
1001 2347 4.31237 6.30782 0.147982
1002 2348 4.31233 6.30782 0.148004
1003 2349 4.31247 6.30782 0.147978
1004 2351 4.3126 6.30782 0.148056
1005 2352 4.31275 6.30782 0.148064
1006 2353 4.31249 6.30782 0.148124
1007 2355 4.3115 6.30782 0.148142
1008 2356 4.31183 6.30782 0.148146
1009 2356 4.31256 6.30782 0.148096
1010 2357 4.31264 6.30782 0.14815
1011 2357 4.31298 6.30782 0.148113
1012 2359 4.3127 6.30782 0.148101
1013 2360 4.31275 6.30782 0.148132
1014 2360 4.31295 6.30782 0.148149
1015 2362 4.31245 6.30782 0.148105
1016 2362 4.31308 6.30782 0.148083
1017 2363 4.31335 6.30782 0.148108
1018 2366 4.3139 6.30782 0.148153
1019 2366 4.31427 6.30782 0.148173
1020 2367 4.31477 6.30782 0.14832
1021 2367 4.31519 6.30782 0.148294
1022 2369 4.31457 6.30782 0.148245
1023 2369 4.31459 6.30782 0.148235
1024 2374 4.3138 6.30782 0.148238
1025 2375 4.31376 6.30782 0.148188
1026 2377 4.31271 6.30782 0.148161
1027 2378 4.31238 6.30782 0.148165
1028 2379 4.31219 6.30782 0.148167
1029 2381 4.31265 6.30782 0.148042
1030 2382 4.31273 6.30782 0.148068
1031 2383 4.31219 6.30782 0.148062
1032 2386 4.31266 6.30782 0.148071
1033 2386 4.31302 6.30782 0.148077
1034 2386 4.31334 6.30782 0.148058
1035 2387 4.31424 6.30782 0.14804
1036 2390 4.3136 6.30782 0.148131
1037 2390 4.31397 6.30782 0.148116
1038 2390 4.314 6.30782 0.148148
1039 2391 4.31369 6.30782 0.148174
1040 2393 4.31376 6.30782 0.148206
1041 2397 4.31364 6.30782 0.14818
1042 2398 4.3135 6.30782 0.148211
1043 2399 4.31387 6.30782 0.148204
1044 2399 4.31481 6.30782 0.148209
1045 2401 4.3146 6.30782 0.148188
1046 2401 4.31522 6.30782 0.148165
1047 2401 4.31569 6.30782 0.14811
1048 2401 4.31641 6.30782 0.14813
1049 2401 4.31732 6.30782 0.148128
1050 2401 4.31814 6.30782 0.148057
1051 2406 4.31667 6.30782 0.148078
1052 2408 4.31662 6.30782 0.148018
1053 2408 4.31681 6.30782 0.148018
1054 2409 4.31715 6.30782 0.14807
1055 2410 4.31706 6.30782 0.148045
1056 2411 4.31809 6.30782 0.147983
1057 2412 4.31786 6.30782 0.148002
1058 2413 4.31755 6.30782 0.147997
1059 2415 4.31762 6.30782 0.147887
1060 2415 4.31832 6.30782 0.147853
1061 2415 4.31852 6.30782 0.14787
1062 2418 4.31833 6.30782 0.147912
1063 2418 4.31911 6.30782 0.147933
1064 2419 4.31932 6.30782 0.147963
1065 2419 4.31939 6.30782 0.147976
1066 2420 4.31924 6.30782 0.147969
1067 2420 4.32006 6.30782 0.147925
1068 2422 4.31973 6.30782 0.147904
1069 2423 4.32076 6.30782 0.147948
1070 2423 4.32088 6.30782 0.147923
1071 2423 4.32111 6.30782 0.147891
1072 2426 4.32113 6.30782 0.147869
1073 2426 4.32138 6.30782 0.147852
1074 2427 4.32117 6.30782 0.147844
1075 2428 4.32126 6.30782 0.147873
1076 2430 4.32111 6.30782 0.147846
1077 2432 4.32208 6.30782 0.147754
1078 2434 4.32296 6.30782 0.147703
1079 2436 4.32228 6.30782 0.147736
1080 2437 4.32242 6.30782 0.147747
1081 2439 4.32246 6.30782 0.147724
1082 2440 4.32235 6.30782 0.147701
1083 2441 4.32243 6.30782 0.147772
1084 2441 4.32247 6.30782 0.147754
1085 2443 4.32177 6.30782 0.147773
1086 2443 4.32219 6.30782 0.147754
1087 2444 4.32166 6.30782 0.147786
1088 2446 4.32202 6.30782 0.147821
1089 2447 4.32233 6.30782 0.147814
1090 2448 4.32228 6.30782 0.147785
1091 2448 4.32272 6.30782 0.147815
1092 2448 4.3233 6.30782 0.147802
1093 2450 4.32305 6.30782 0.147803
1094 2450 4.32328 6.30782 0.147753
1095 2451 4.32318 6.30782 0.14778
1096 2452 4.32335 6.30782 0.147737
1097 2452 4.32385 6.30782 0.147759
1098 2452 4.32474 6.30782 0.147761
1099 2454 4.32435 6.30782 0.147801
1100 2454 4.32483 6.30782 0.147724
1101 2454 4.3251 6.30782 0.147734
1102 2456 4.32407 6.30782 0.147712
1103 2457 4.32365 6.30782 0.147734
1104 2458 4.32427 6.30782 0.147713
1105 2458 4.32466 6.30782 0.147724
1106 2459 4.32499 6.30782 0.147781
1107 2460 4.32507 6.30782 0.147732
1108 2461 4.32511 6.30782 0.147747
1109 2462 4.3255 6.30782 0.147815
1110 2463 4.32578 6.30782 0.147779
1111 2464 4.32562 6.30782 0.147821
1112 2464 4.32577 6.30782 0.147834
1113 2466 4.32517 6.30782 0.14784
1114 2466 4.32525 6.30782 0.147805
1115 2468 4.32474 6.30782 0.147861
1116 2469 4.32476 6.30782 0.147842
1117 2469 4.32509 6.30782 0.147855
1118 2472 4.32468 6.30782 0.14786
1119 2473 4.32526 6.30782 0.147879
1120 2473 4.32554 6.30782 0.147912
1121 2473 4.32599 6.30782 0.147887
1122 2475 4.3265 6.30782 0.147883
1123 2476 4.32627 6.30782 0.147897
1124 2476 4.32716 6.30782 0.147856
1125 2476 4.32764 6.30782 0.147835
1126 2478 4.32792 6.30782 0.147807
1127 2478 4.32913 6.30782 0.147845
1128 2478 4.32938 6.30782 0.147837
1129 2482 4.32773 6.30782 0.147838
1130 2482 4.32795 6.30782 0.147824
1131 2484 4.32727 6.30782 0.147824
1132 2486 4.32645 6.30782 0.147866
1133 2489 4.3258 6.30782 0.14788
1134 2490 4.32559 6.30782 0.147872
1135 2491 4.32584 6.30782 0.147878
1136 2492 4.32559 6.30782 0.14786
1137 2494 4.32608 6.30782 0.147836
1138 2495 4.32596 6.30782 0.147876
1139 2497 4.32622 6.30782 0.147802
1140 2497 4.32649 6.30782 0.147788
1141 2497 4.32687 6.30782 0.147801
1142 2497 4.32695 6.30782 0.147795
1143 2499 4.32741 6.30782 0.147857
1144 2499 4.32764 6.30782 0.147857
1145 2499 4.32797 6.30782 0.147904
1146 2500 4.3275 6.30782 0.147904
1147 2500 4.32784 6.30782 0.147865
1148 2501 4.32828 6.30782 0.147857
1149 2502 4.32875 6.30782 0.147854
1150 2502 4.32902 6.30782 0.147851
1151 2503 4.32896 6.30782 0.147938
1152 2503 4.3291 6.30782 0.147874
1153 2507 4.32763 6.30782 0.147845
1154 2508 4.32741 6.30782 0.147804
1155 2508 4.32784 6.30782 0.147776
1156 2509 4.32823 6.30782 0.147792
1157 2510 4.32877 6.30782 0.147804
1158 2511 4.32899 6.30782 0.147773
1159 2512 4.3286 6.30782 0.147753
1160 2514 4.32779 6.30782 0.147724
1161 2514 4.3281 6.30782 0.147749
1162 2514 4.32836 6.30782 0.147719
1163 2514 4.32868 6.30782 0.147708
1164 2514 4.32964 6.30782 0.147702
1165 2515 4.32952 6.30782 0.147706
1166 2515 4.33021 6.30782 0.14762
1167 2515 4.33154 6.30782 0.147607
1168 2517 4.33129 6.30782 0.147585
1169 2517 4.33176 6.30782 0.147549
1170 2518 4.33174 6.30782 0.147549
1171 2520 4.33103 6.30782 0.147576
1172 2522 4.33071 6.30782 0.147543
1173 2526 4.32966 6.30782 0.147515
1174 2526 4.32983 6.30782 0.147493
1175 2527 4.32975 6.30782 0.147508
1176 2527 4.32995 6.30782 0.147511
1177 2528 4.33001 6.30782 0.147517
1178 2528 4.33008 6.30782 0.14752
1179 2528 4.33076 6.30782 0.147447
1180 2531 4.32973 6.30782 0.14741
1181 2532 4.32977 6.30782 0.147417
1182 2533 4.32926 6.30782 0.14741
1183 2535 4.32877 6.30782 0.147457
1184 2535 4.32881 6.30782 0.147476
1185 2535 4.32919 6.30782 0.147481
1186 2537 4.32897 6.30782 0.147465
1187 2538 4.32871 6.30782 0.147498
1188 2539 4.32842 6.30782 0.147479
1189 2540 4.32879 6.30782 0.147506
1190 2540 4.32903 6.30782 0.147473
1191 2540 4.32909 6.30782 0.147398
1192 2540 4.32949 6.30782 0.147374
1193 2542 4.32954 6.30782 0.14738
1194 2543 4.33045 6.30782 0.147413
1195 2546 4.33009 6.30782 0.147406
1196 2550 4.32953 6.30782 0.147387
1197 2550 4.33014 6.30782 0.147379
1198 2551 4.33031 6.30782 0.147385
1199 2551 4.33031 6.30782 0.147385
1200 2552 4.33034 6.30782 0.147396
1201 2553 4.33049 6.30782 0.147392
1202 2553 4.33134 6.30782 0.147384
1203 2555 4.33086 6.30782 0.147451
1204 2555 4.33111 6.30782 0.147424
1205 2556 4.3316 6.30782 0.147434
1206 2557 4.33172 6.30782 0.147455
1207 2557 4.33217 6.30782 0.147465
1208 2559 4.33197 6.30782 0.147432
1209 2559 4.33229 6.30782 0.147342
1210 2561 4.33218 6.30782 0.147356
1211 2562 4.33191 6.30782 0.147397
1212 2562 4.33244 6.30782 0.147389
1213 2563 4.33265 6.30782 0.147364
1214 2564 4.3329 6.30782 0.147346
1215 2564 4.33321 6.30782 0.147366
1216 2565 4.33328 6.30782 0.147398
1217 2565 4.33374 6.30782 0.14742
1218 2566 4.33332 6.30782 0.147435
1219 2568 4.33245 6.30782 0.147458
1220 2568 4.33264 6.30782 0.147478
1221 2570 4.3321 6.30782 0.147464
1222 2571 4.33242 6.30782 0.147437
1223 2571 4.33283 6.30782 0.147359
1224 2571 4.33335 6.30782 0.147407
1225 2571 4.33371 6.30782 0.147407
1226 2573 4.333 6.30782 0.147428
1227 2574 4.33288 6.30782 0.147398
1228 2575 4.33253 6.30782 0.147418
1229 2576 4.33232 6.30782 0.147437
1230 2578 4.33233 6.30782 0.147472
1231 2579 4.33219 6.30782 0.147504
1232 2579 4.33255 6.30782 0.147523
1233 2579 4.33354 6.30782 0.14749
1234 2579 4.33393 6.30782 0.147551
1235 2581 4.33326 6.30782 0.147565
1236 2583 4.33301 6.30782 0.147517
1237 2583 4.33327 6.30782 0.147463
1238 2583 4.33377 6.30782 0.147518
1239 2583 4.33403 6.30782 0.147514
1240 2584 4.33435 6.30782 0.147577
1241 2587 4.33467 6.30782 0.147559
1242 2587 4.33491 6.30782 0.147525
1243 2587 4.33547 6.30782 0.147498
1244 2587 4.33617 6.30782 0.147492
1245 2589 4.33625 6.30782 0.147447
1246 2589 4.33625 6.30782 0.147466
1247 2590 4.33628 6.30782 0.147496
1248 2591 4.33609 6.30782 0.147489
1249 2591 4.33611 6.30782 0.147504
1250 2592 4.33606 6.30782 0.14745
1251 2593 4.33645 6.30782 0.147442
1252 2593 4.33714 6.30782 0.147478
1253 2594 4.33688 6.30782 0.147525
1254 2595 4.3374 6.30782 0.147473
1255 2596 4.33737 6.30782 0.147427
1256 2599 4.33692 6.30782 0.147429
1257 2601 4.33612 6.30782 0.147407
1258 2603 4.33603 6.30782 0.147358
1259 2604 4.33662 6.30782 0.147344
1260 2605 4.33675 6.30782 0.147301
1261 2605 4.33692 6.30782 0.147288
1262 2607 4.33596 6.30782 0.147281
1263 2609 4.33489 6.30782 0.14728
1264 2610 4.33479 6.30782 0.147262
1265 2610 4.33526 6.30782 0.147258
1266 2614 4.33431 6.30782 0.147295
1267 2614 4.33446 6.30782 0.147326
1268 2615 4.33454 6.30782 0.147273
1269 2618 4.33393 6.30782 0.147385
1270 2618 4.33438 6.30782 0.147436
1271 2618 4.33521 6.30782 0.14747
1272 2619 4.33525 6.30782 0.147454
1273 2620 4.33538 6.30782 0.147487
1274 2621 4.33568 6.30782 0.147428
1275 2622 4.33555 6.30782 0.147448
1276 2623 4.33596 6.30782 0.147477
1277 2624 4.3361 6.30782 0.147438
1278 2624 4.33659 6.30782 0.147508
1279 2626 4.33646 6.30782 0.147467
1280 2628 4.3366 6.30782 0.147461
1281 2630 4.33572 6.30782 0.147441
1282 2630 4.33581 6.30782 0.147455
1283 2630 4.33619 6.30782 0.147461
1284 2630 4.33674 6.30782 0.147481
1285 2633 4.33633 6.30782 0.147521
1286 2634 4.33587 6.30782 0.147519
1287 2634 4.33634 6.30782 0.147578
1288 2634 4.33652 6.30782 0.147562
1289 2636 4.33619 6.30782 0.147592
1290 2638 4.33629 6.30782 0.147569
1291 2638 4.3365 6.30782 0.14757
1292 2640 4.33628 6.30782 0.147571
1293 2640 4.33689 6.30782 0.147594
1294 2641 4.33808 6.30782 0.147644
1295 2641 4.33838 6.30782 0.147676
1296 2642 4.33837 6.30782 0.14764
1297 2643 4.3387 6.30782 0.147699
1298 2644 4.33851 6.30782 0.147704
1299 2646 4.33814 6.30782 0.147712
1300 2647 4.33766 6.30782 0.147695
1301 2649 4.33712 6.30782 0.147707
1302 2650 4.33675 6.30782 0.147713
1303 2650 4.33714 6.30782 0.147732
1304 2651 4.33748 6.30782 0.147734
1305 2651 4.33818 6.30782 0.147759
1306 2652 4.3385 6.30782 0.14779
1307 2653 4.33833 6.30782 0.147802
1308 2653 4.33875 6.30782 0.147827
1309 2654 4.33851 6.30782 0.147848
1310 2656 4.33844 6.30782 0.147818
1311 2657 4.33866 6.30782 0.147822
1312 2659 4.33864 6.30782 0.147777
1313 2660 4.33824 6.30782 0.147803
1314 2662 4.33783 6.30782 0.147802
1315 2663 4.33754 6.30782 0.147856
1316 2666 4.33705 6.30782 0.147848
1317 2666 4.33729 6.30782 0.147806
1318 2669 4.337 6.30782 0.147784
1319 2669 4.33764 6.30782 0.1478
1320 2673 4.33677 6.30782 0.147797
1321 2674 4.33659 6.30782 0.147731
1322 2674 4.33687 6.30782 0.147739
1323 2675 4.33711 6.30782 0.14778
1324 2676 4.33678 6.30782 0.147765
1325 2678 4.33602 6.30782 0.147761
1326 2679 4.33576 6.30782 0.147762
1327 2680 4.33643 6.30782 0.147751
1328 2681 4.3365 6.30782 0.147731
1329 2681 4.3375 6.30782 0.147679
1330 2682 4.33722 6.30782 0.147647
1331 2683 4.33661 6.30782 0.147654
1332 2685 4.33638 6.30782 0.147654
1333 2686 4.33662 6.30782 0.147628
1334 2687 4.33672 6.30782 0.147568
1335 2689 4.33652 6.30782 0.147561
1336 2692 4.33529 6.30782 0.147554
1337 2692 4.33632 6.30782 0.147484
1338 2692 4.33657 6.30782 0.147516
1339 2697 4.33629 6.30782 0.147568
1340 2697 4.33654 6.30782 0.147557
1341 2697 4.33684 6.30782 0.147583
1342 2698 4.33694 6.30782 0.147596
1343 2698 4.33737 6.30782 0.147586
1344 2698 4.33762 6.30782 0.147603
1345 2699 4.3376 6.30782 0.147589
1346 2699 4.33769 6.30782 0.147598
1347 2699 4.33805 6.30782 0.147608
1348 2701 4.33839 6.30782 0.147576
1349 2702 4.33848 6.30782 0.147578
1350 2703 4.33855 6.30782 0.147552
1351 2703 4.33866 6.30782 0.147581
1352 2706 4.33789 6.30782 0.147508
1353 2706 4.33808 6.30782 0.147512
1354 2706 4.33849 6.30782 0.147488
1355 2708 4.33824 6.30782 0.147472
1356 2709 4.33843 6.30782 0.147498
1357 2709 4.33865 6.30782 0.147459
1358 2709 4.33901 6.30782 0.147407
1359 2709 4.33936 6.30782 0.147427
1360 2709 4.34007 6.30782 0.147443
1361 2709 4.34115 6.30782 0.147493
1362 2710 4.34201 6.30782 0.147535
1363 2711 4.3426 6.30782 0.147495
1364 2712 4.34239 6.30782 0.147487
1365 2713 4.34294 6.30782 0.147492
1366 2714 4.34244 6.30782 0.147455
1367 2714 4.34285 6.30782 0.147484
1368 2716 4.34218 6.30782 0.147471
1369 2716 4.34222 6.30782 0.14742
1370 2718 4.34131 6.30782 0.147425
1371 2720 4.34106 6.30782 0.147399
1372 2721 4.34139 6.30782 0.147456
1373 2721 4.34154 6.30782 0.147466
1374 2721 4.34174 6.30782 0.147461
1375 2724 4.34165 6.30782 0.147453
1376 2726 4.34194 6.30782 0.147479
1377 2728 4.34192 6.30782 0.147574
1378 2728 4.34244 6.30782 0.147505
1379 2729 4.34233 6.30782 0.147515
1380 2729 4.34263 6.30782 0.147509
1381 2730 4.34247 6.30782 0.14756
1382 2731 4.34259 6.30782 0.147586
1383 2731 4.34311 6.30782 0.147551
1384 2731 4.34326 6.30782 0.147533
1385 2731 4.34365 6.30782 0.147587
1386 2731 4.34385 6.30782 0.147604
1387 2732 4.34371 6.30782 0.147639
1388 2734 4.34325 6.30782 0.147641
1389 2735 4.34344 6.30782 0.147572
1390 2735 4.34393 6.30782 0.147586
1391 2735 4.34422 6.30782 0.147541
1392 2738 4.34351 6.30782 0.147544
1393 2739 4.34324 6.30782 0.147553
1394 2741 4.34257 6.30782 0.147548
1395 2741 4.34315 6.30782 0.147523
1396 2742 4.34381 6.30782 0.147459
1397 2743 4.34354 6.30782 0.147476
1398 2743 4.34375 6.30782 0.147484
1399 2743 4.34396 6.30782 0.147488
1400 2745 4.34411 6.30782 0.1475
1401 2747 4.34386 6.30782 0.147542
1402 2747 4.34389 6.30782 0.14753
1403 2747 4.34518 6.30782 0.147572
1404 2747 4.34538 6.30782 0.147545
1405 2750 4.34518 6.30782 0.14753
1406 2751 4.34542 6.30782 0.147495
1407 2751 4.3455 6.30782 0.147474
1408 2751 4.34578 6.30782 0.147537
1409 2751 4.34595 6.30782 0.14755
1410 2751 4.34644 6.30782 0.147612
1411 2753 4.34601 6.30782 0.147498
1412 2753 4.3463 6.30782 0.147493
1413 2753 4.3463 6.30782 0.147493
1414 2755 4.34667 6.30782 0.147527
1415 2755 4.34709 6.30782 0.147556
1416 2755 4.34776 6.30782 0.147543
1417 2755 4.34828 6.30782 0.147575
1418 2756 4.34845 6.30782 0.147567
1419 2757 4.34871 6.30782 0.147508
1420 2757 4.34895 6.30782 0.1475
1421 2757 4.34932 6.30782 0.147501
1422 2759 4.34948 6.30782 0.147484
1423 2759 4.34974 6.30782 0.147464
1424 2761 4.34905 6.30782 0.147468
1425 2761 4.34914 6.30782 0.147447
1426 2762 4.34907 6.30782 0.147432
1427 2762 4.34939 6.30782 0.147438
1428 2764 4.34864 6.30782 0.147464
1429 2766 4.34827 6.30782 0.147417
1430 2766 4.34869 6.30782 0.147381
1431 2767 4.34856 6.30782 0.147356
1432 2767 4.34886 6.30782 0.147353
1433 2767 4.34903 6.30782 0.147357
1434 2767 4.34911 6.30782 0.147348
1435 2767 4.34962 6.30782 0.147321
1436 2768 4.34916 6.30782 0.147276
1437 2770 4.34834 6.30782 0.147328
1438 2771 4.3482 6.30782 0.147363
1439 2771 4.3483 6.30782 0.147354
1440 2771 4.34861 6.30782 0.14737
1441 2771 4.34888 6.30782 0.147382
1442 2772 4.34923 6.30782 0.147353
1443 2772 4.34928 6.30782 0.147364
1444 2773 4.34928 6.30782 0.147317
1445 2775 4.34964 6.30782 0.147245
1446 2777 4.34897 6.30782 0.147198
1447 2778 4.3491 6.30782 0.147194
1448 2778 4.3499 6.30782 0.147213
1449 2778 4.35045 6.30782 0.147172
1450 2778 4.35096 6.30782 0.147161
1451 2781 4.35024 6.30782 0.147107
1452 2781 4.35048 6.30782 0.147087
1453 2782 4.3499 6.30782 0.147065
1454 2785 4.34908 6.30782 0.147081
1455 2787 4.34899 6.30782 0.147051
1456 2789 4.34841 6.30782 0.14703
1457 2789 4.34878 6.30782 0.147024
1458 2790 4.3488 6.30782 0.147064
1459 2790 4.34933 6.30782 0.147077
1460 2790 4.34962 6.30782 0.147076
1461 2790 4.35016 6.30782 0.14707
1462 2790 4.3502 6.30782 0.147022
1463 2791 4.35006 6.30782 0.147029
1464 2792 4.3501 6.30782 0.147062
1465 2792 4.35023 6.30782 0.147061
1466 2792 4.35053 6.30782 0.147073
1467 2792 4.35116 6.30782 0.147108
1468 2793 4.35089 6.30782 0.147129
1469 2793 4.351 6.30782 0.147134
1470 2795 4.35051 6.30782 0.147118
1471 2795 4.35086 6.30782 0.14711
1472 2796 4.35118 6.30782 0.147149
1473 2796 4.35118 6.30782 0.147141
1474 2797 4.35125 6.30782 0.147161
1475 2798 4.35103 6.30782 0.147159
1476 2798 4.35138 6.30782 0.147145
1477 2800 4.35106 6.30782 0.147144
1478 2802 4.35045 6.30782 0.147168
1479 2802 4.35053 6.30782 0.147162
1480 2803 4.35052 6.30782 0.147141
1481 2803 4.3508 6.30782 0.147143
1482 2803 4.35139 6.30782 0.147173
1483 2803 4.35158 6.30782 0.147195
1484 2803 4.35179 6.30782 0.147215
1485 2803 4.35198 6.30782 0.147148
1486 2805 4.35111 6.30782 0.147165
1487 2806 4.35106 6.30782 0.147192
1488 2806 4.35121 6.30782 0.147164
1489 2806 4.35138 6.30782 0.147126
1490 2806 4.35198 6.30782 0.147086
1491 2806 4.35224 6.30782 0.147105
1492 2806 4.35256 6.30782 0.147103
1493 2806 4.3529 6.30782 0.147107
1494 2807 4.35283 6.30782 0.14708
1495 2808 4.35309 6.30782 0.14709
1496 2810 4.353 6.30782 0.147059
1497 2811 4.35258 6.30782 0.147045
1498 2814 4.35273 6.30782 0.147034
1499 2815 4.35242 6.30782 0.147037
1500 2815 4.35302 6.30782 0.147009
1501 2816 4.35296 6.30782 0.146993
1502 2817 4.35295 6.30782 0.146961
1503 2817 4.35304 6.30782 0.146977
1504 2818 4.35299 6.30782 0.146993
1505 2819 4.35322 6.30782 0.147001
1506 2819 4.35337 6.30782 0.146974
1507 2819 4.35343 6.30782 0.146972
1508 2821 4.35296 6.30782 0.146969
1509 2822 4.35326 6.30782 0.146984
1510 2824 4.35304 6.30782 0.146971
1511 2825 4.35268 6.30782 0.147002
1512 2825 4.35276 6.30782 0.147011
1513 2826 4.35312 6.30782 0.146973
1514 2828 4.35283 6.30782 0.146959
1515 2828 4.35299 6.30782 0.146977
1516 2829 4.35264 6.30782 0.14699
1517 2829 4.35324 6.30782 0.146996
1518 2830 4.35339 6.30782 0.147002
1519 2831 4.35342 6.30782 0.147014
1520 2831 4.3534 6.30782 0.146981
1521 2831 4.35436 6.30782 0.146946
1522 2831 4.35452 6.30782 0.146949
1523 2832 4.35397 6.30782 0.146934
1524 2832 4.35415 6.30782 0.14692
1525 2833 4.35395 6.30782 0.146927
1526 2833 4.35401 6.30782 0.146903
1527 2834 4.35425 6.30782 0.146891
1528 2835 4.35441 6.30782 0.146901
1529 2837 4.35364 6.30782 0.146902
1530 2837 4.35373 6.30782 0.146897
1531 2837 4.35392 6.30782 0.14693
1532 2837 4.35403 6.30782 0.146961
1533 2839 4.35303 6.30782 0.14696
1534 2839 4.35318 6.30782 0.146948
1535 2840 4.35303 6.30782 0.146917
1536 2841 4.35383 6.30782 0.146921
1537 2841 4.35393 6.30782 0.146904
1538 2841 4.3542 6.30782 0.146913
1539 2842 4.3545 6.30782 0.146917
1540 2845 4.35352 6.30782 0.146891
1541 2846 4.35327 6.30782 0.14688
1542 2846 4.35366 6.30782 0.146877
1543 2848 4.35361 6.30782 0.146866
1544 2851 4.35267 6.30782 0.146824
1545 2851 4.35282 6.30782 0.146834
1546 2852 4.35283 6.30782 0.146863
1547 2852 4.35295 6.30782 0.146854
1548 2853 4.35249 6.30782 0.146841
1549 2853 4.35256 6.30782 0.14683
1550 2854 4.35268 6.30782 0.14683
1551 2854 4.35285 6.30782 0.146843
1552 2856 4.35284 6.30782 0.146851
1553 2858 4.35129 6.30782 0.146847
1554 2858 4.3514 6.30782 0.146825
1555 2858 4.35168 6.30782 0.146844
1556 2859 4.35177 6.30782 0.146804
1557 2861 4.35142 6.30782 0.146761
1558 2862 4.35175 6.30782 0.146726
1559 2864 4.3512 6.30782 0.146688
1560 2864 4.35159 6.30782 0.146682
1561 2864 4.35171 6.30782 0.146714
1562 2865 4.35159 6.30782 0.146692
1563 2866 4.35167 6.30782 0.146732
1564 2867 4.35185 6.30782 0.146728
1565 2869 4.35118 6.30782 0.146796
1566 2870 4.35114 6.30782 0.146884
1567 2870 4.35135 6.30782 0.146897
1568 2870 4.3519 6.30782 0.146908
1569 2871 4.35172 6.30782 0.146879
1570 2872 4.35164 6.30782 0.146905
1571 2873 4.35273 6.30782 0.146902
1572 2873 4.35334 6.30782 0.146856
1573 2875 4.35298 6.30782 0.146821
1574 2876 4.35281 6.30782 0.146788
1575 2876 4.35343 6.30782 0.146832
1576 2876 4.3536 6.30782 0.14684
1577 2877 4.35391 6.30782 0.146832
1578 2877 4.35439 6.30782 0.146841
1579 2877 4.35468 6.30782 0.146819
1580 2878 4.35481 6.30782 0.146813
1581 2879 4.35535 6.30782 0.146788
1582 2880 4.35493 6.30782 0.146751
1583 2880 4.35549 6.30782 0.146715
1584 2881 4.35496 6.30782 0.146709
1585 2885 4.35496 6.30782 0.146694
1586 2885 4.35498 6.30782 0.146712
1587 2886 4.35483 6.30782 0.146668
1588 2887 4.35484 6.30782 0.146697
1589 2889 4.35496 6.30782 0.146784
1590 2890 4.35515 6.30782 0.146779
1591 2891 4.35472 6.30782 0.146779
1592 2893 4.35442 6.30782 0.146757
1593 2893 4.35484 6.30782 0.146735
1594 2893 4.35484 6.30782 0.146733
1595 2893 4.35498 6.30782 0.146695
1596 2893 4.35513 6.30782 0.146728
1597 2893 4.35523 6.30782 0.146714
1598 2893 4.35532 6.30782 0.146703
1599 2893 4.35604 6.30782 0.146722
1600 2894 4.35592 6.30782 0.14673
1601 2894 4.35653 6.30782 0.146712
1602 2896 4.35604 6.30782 0.146702
1603 2898 4.35637 6.30782 0.146686
1604 2898 4.3565 6.30782 0.146687
1605 2900 4.35566 6.30782 0.146644
1606 2902 4.35584 6.30782 0.146669
1607 2902 4.35598 6.30782 0.146671
1608 2904 4.35586 6.30782 0.14668
1609 2905 4.35654 6.30782 0.146636
1610 2906 4.35703 6.30782 0.146649
1611 2907 4.357 6.30782 0.146607
1612 2908 4.35667 6.30782 0.146607
1613 2908 4.35696 6.30782 0.146616
1614 2908 4.35723 6.30782 0.146672
1615 2910 4.35685 6.30782 0.146634
1616 2910 4.35711 6.30782 0.146633
1617 2911 4.35756 6.30782 0.146631
1618 2911 4.35771 6.30782 0.146641
1619 2911 4.35796 6.30782 0.146641
1620 2913 4.35769 6.30782 0.146712
1621 2914 4.35711 6.30782 0.146713
1622 2915 4.35695 6.30782 0.146728
1623 2916 4.35791 6.30782 0.146718
1624 2917 4.35774 6.30782 0.146705
1625 2917 4.358 6.30782 0.146642
1626 2918 4.35811 6.30782 0.146635
1627 2918 4.35853 6.30782 0.146612
1628 2921 4.35797 6.30782 0.14662
1629 2922 4.35846 6.30782 0.146677
1630 2922 4.35852 6.30782 0.14669
1631 2922 4.35884 6.30782 0.14668
1632 2924 4.358 6.30782 0.146609
1633 2925 4.35791 6.30782 0.146597
1634 2926 4.35822 6.30782 0.146576
1635 2926 4.3584 6.30782 0.146583
1636 2926 4.3588 6.30782 0.146581
1637 2927 4.35846 6.30782 0.146555
1638 2927 4.35893 6.30782 0.146507
1639 2928 4.3587 6.30782 0.1465
1640 2928 4.35885 6.30782 0.146504
1641 2929 4.35871 6.30782 0.146536
1642 2930 4.35882 6.30782 0.146548
1643 2931 4.35881 6.30782 0.146449
1644 2931 4.35889 6.30782 0.146447
1645 2931 4.35904 6.30782 0.146441
1646 2931 4.35939 6.30782 0.14647
1647 2931 4.36002 6.30782 0.146455
1648 2931 4.36031 6.30782 0.146487
1649 2931 4.36058 6.30782 0.1465
1650 2931 4.36067 6.30782 0.14649
1651 2932 4.36056 6.30782 0.146508
1652 2933 4.36099 6.30782 0.146491
1653 2933 4.36137 6.30782 0.146539
1654 2934 4.3612 6.30782 0.146528
1655 2936 4.36075 6.30782 0.146487
1656 2937 4.36051 6.30782 0.146477
1657 2938 4.36024 6.30782 0.146463
1658 2938 4.36058 6.30782 0.146467
1659 2938 4.36087 6.30782 0.146451
1660 2938 4.36086 6.30782 0.146443
1661 2941 4.36064 6.30782 0.146424
1662 2942 4.36106 6.30782 0.146398
1663 2942 4.36184 6.30782 0.14639
1664 2943 4.36161 6.30782 0.146351
1665 2945 4.36132 6.30782 0.146363
1666 2945 4.36174 6.30782 0.146342
1667 2945 4.36184 6.30782 0.146357
1668 2946 4.3627 6.30782 0.146356
1669 2947 4.36198 6.30782 0.146364
1670 2950 4.36109 6.30782 0.146384
1671 2951 4.36096 6.30782 0.146395
1672 2951 4.36115 6.30782 0.146445
1673 2951 4.36118 6.30782 0.146442
1674 2952 4.36089 6.30782 0.146503
1675 2952 4.36121 6.30782 0.146491
1676 2953 4.3615 6.30782 0.146491
1677 2955 4.36081 6.30782 0.146495
1678 2955 4.36097 6.30782 0.146486
1679 2955 4.36138 6.30782 0.146451
1680 2957 4.36102 6.30782 0.146457
1681 2958 4.36107 6.30782 0.146455
1682 2959 4.3606 6.30782 0.146453
1683 2959 4.36128 6.30782 0.146472
1684 2959 4.36158 6.30782 0.146469
1685 2959 4.36158 6.30782 0.146462
1686 2959 4.36161 6.30782 0.146463
1687 2959 4.36175 6.30782 0.146438
1688 2959 4.36187 6.30782 0.146423
1689 2960 4.36165 6.30782 0.146412
1690 2961 4.36224 6.30782 0.146405
1691 2963 4.36273 6.30782 0.14642
1692 2964 4.36281 6.30782 0.146407
1693 2964 4.36284 6.30782 0.146413
1694 2964 4.36289 6.30782 0.146401
1695 2964 4.36315 6.30782 0.146412
1696 2966 4.36234 6.30782 0.146427
1697 2968 4.36195 6.30782 0.14644
1698 2969 4.36175 6.30782 0.146465
1699 2970 4.36155 6.30782 0.146442
1700 2970 4.36177 6.30782 0.146451
1701 2970 4.36191 6.30782 0.146439
1702 2971 4.36179 6.30782 0.146445
1703 2972 4.36214 6.30782 0.146416
1704 2973 4.36241 6.30782 0.146448
1705 2975 4.3622 6.30782 0.14642
1706 2975 4.36221 6.30782 0.146366
1707 2977 4.36212 6.30782 0.146375
1708 2978 4.36219 6.30782 0.146378
1709 2978 4.36264 6.30782 0.146394
1710 2978 4.36272 6.30782 0.146382
1711 2981 4.36183 6.30782 0.146361
1712 2982 4.36179 6.30782 0.146372
1713 2982 4.36181 6.30782 0.146379
1714 2982 4.36184 6.30782 0.146369
1715 2982 4.36192 6.30782 0.146345
1716 2982 4.36204 6.30782 0.146353
1717 2982 4.36204 6.30782 0.146353
1718 2983 4.36207 6.30782 0.146382
1719 2985 4.36167 6.30782 0.146351
1720 2985 4.36202 6.30782 0.146356
1721 2985 4.3621 6.30782 0.146385
1722 2985 4.36256 6.30782 0.146382
1723 2985 4.36308 6.30782 0.146362
1724 2988 4.36234 6.30782 0.146376
1725 2990 4.36123 6.30782 0.146366
1726 2990 4.36151 6.30782 0.146367
1727 2991 4.36186 6.30782 0.146389
1728 2992 4.36192 6.30782 0.146353
1729 2993 4.36195 6.30782 0.146337
1730 2993 4.36201 6.30782 0.146305
1731 2993 4.36214 6.30782 0.146343
1732 2993 4.36255 6.30782 0.14632
1733 2995 4.36228 6.30782 0.146333
1734 2996 4.36197 6.30782 0.146345
1735 2996 4.36224 6.30782 0.14638
1736 2998 4.36202 6.30782 0.146414
1737 3000 4.36141 6.30782 0.146388
1738 3000 4.36172 6.30782 0.146438
1739 3000 4.36215 6.30782 0.146467
1740 3001 4.36211 6.30782 0.146473
1741 3002 4.36203 6.30782 0.146458
1742 3002 4.36258 6.30782 0.146496
1743 3003 4.36286 6.30782 0.146502
1744 3003 4.36301 6.30782 0.146492
1745 3004 4.3632 6.30782 0.146442
1746 3006 4.36287 6.30782 0.146456
1747 3006 4.36295 6.30782 0.146448
1748 3006 4.36313 6.30782 0.146458
1749 3006 4.36316 6.30782 0.146445
1750 3008 4.3628 6.30782 0.146441
1751 3008 4.36304 6.30782 0.14642
1752 3008 4.36307 6.30782 0.146424
1753 3008 4.36315 6.30782 0.146381
1754 3008 4.36347 6.30782 0.146337
1755 3009 4.36366 6.30782 0.146316
1756 3010 4.36365 6.30782 0.146319
1757 3012 4.36289 6.30782 0.146301
1758 3013 4.36284 6.30782 0.146286
1759 3013 4.36299 6.30782 0.146304
1760 3013 4.36335 6.30782 0.146284
1761 3014 4.36323 6.30782 0.146295
1762 3015 4.36342 6.30782 0.146311
1763 3016 4.36362 6.30782 0.146305
1764 3016 4.36416 6.30782 0.14627
1765 3016 4.36434 6.30782 0.146284
1766 3016 4.36483 6.30782 0.146303
1767 3017 4.36465 6.30782 0.146254
1768 3018 4.36474 6.30782 0.146251
1769 3018 4.36475 6.30782 0.146249
1770 3018 4.36512 6.30782 0.146234
1771 3018 4.36543 6.30782 0.146273
1772 3021 4.36431 6.30782 0.146292
1773 3022 4.36418 6.30782 0.14627
1774 3022 4.36446 6.30782 0.146248
1775 3022 4.36503 6.30782 0.146248
1776 3023 4.365 6.30782 0.146253
1777 3023 4.36515 6.30782 0.146259
1778 3023 4.36572 6.30782 0.146247
1779 3023 4.36604 6.30782 0.146274
1780 3025 4.36564 6.30782 0.146298
1781 3025 4.36584 6.30782 0.14632
1782 3025 4.36617 6.30782 0.146298
1783 3027 4.36567 6.30782 0.14628
1784 3027 4.36575 6.30782 0.146262
1785 3027 4.36615 6.30782 0.146279
1786 3027 4.36626 6.30782 0.1463
1787 3028 4.36615 6.30782 0.146279
1788 3030 4.36533 6.30782 0.146272
1789 3030 4.36569 6.30782 0.14622
1790 3030 4.36575 6.30782 0.146203
1791 3030 4.36589 6.30782 0.1462
1792 3031 4.36576 6.30782 0.146174
1793 3034 4.36529 6.30782 0.146125
1794 3035 4.36562 6.30782 0.146091
1795 3035 4.36579 6.30782 0.146114
1796 3035 4.36607 6.30782 0.146099
1797 3035 4.36619 6.30782 0.146123
1798 3035 4.36622 6.30782 0.146127
1799 3035 4.36677 6.30782 0.14613
1800 3035 4.36704 6.30782 0.146144
1801 3035 4.36717 6.30782 0.146154
1802 3036 4.36711 6.30782 0.146146
1803 3037 4.36714 6.30782 0.146145
1804 3037 4.36757 6.30782 0.146145
1805 3037 4.36783 6.30782 0.146162
1806 3037 4.36814 6.30782 0.146177
1807 3037 4.36837 6.30782 0.146147
1808 3037 4.3687 6.30782 0.146168
1809 3039 4.36807 6.30782 0.146144
1810 3040 4.36809 6.30782 0.146143
1811 3040 4.36834 6.30782 0.146123
1812 3041 4.36817 6.30782 0.146122
1813 3042 4.3678 6.30782 0.146118
1814 3042 4.3678 6.30782 0.146118
1815 3043 4.36808 6.30782 0.146111
1816 3043 4.36832 6.30782 0.146085
1817 3045 4.36795 6.30782 0.14609
1818 3045 4.36808 6.30782 0.146107
1819 3046 4.36812 6.30782 0.146108
1820 3046 4.36855 6.30782 0.146085
1821 3046 4.36867 6.30782 0.146084
1822 3047 4.36874 6.30782 0.146093
1823 3047 4.36874 6.30782 0.146093
1824 3047 4.36876 6.30782 0.146092
1825 3048 4.36889 6.30782 0.146082
1826 3048 4.36901 6.30782 0.146035
1827 3049 4.36864 6.30782 0.146025
1828 3051 4.36776 6.30782 0.146005
1829 3051 4.36812 6.30782 0.146047
1830 3053 4.36822 6.30782 0.146014
1831 3053 4.36849 6.30782 0.146002
1832 3055 4.36804 6.30782 0.146
1833 3056 4.3679 6.30782 0.146009
1834 3056 4.36794 6.30782 0.14601
1835 3057 4.36791 6.30782 0.145998
1836 3057 4.36802 6.30782 0.146003
1837 3058 4.36824 6.30782 0.145981
1838 3059 4.36781 6.30782 0.145964
1839 3059 4.36807 6.30782 0.145931
1840 3059 4.36825 6.30782 0.145952
1841 3059 4.36836 6.30782 0.145962
1842 3059 4.36854 6.30782 0.14596
1843 3059 4.36908 6.30782 0.145973
1844 3060 4.36868 6.30782 0.145986
1845 3061 4.36875 6.30782 0.145964
1846 3061 4.36891 6.30782 0.145985
1847 3062 4.36846 6.30782 0.145992
1848 3062 4.36885 6.30782 0.145972
1849 3062 4.36929 6.30782 0.146061
1850 3062 4.36937 6.30782 0.14607
1851 3062 4.36992 6.30782 0.146076
1852 3065 4.36926 6.30782 0.146099
1853 3068 4.36914 6.30782 0.146113
1854 3068 4.36924 6.30782 0.146127
1855 3068 4.36947 6.30782 0.146111
1856 3068 4.3698 6.30782 0.146091
1857 3068 4.36996 6.30782 0.146094
1858 3068 4.37052 6.30782 0.146082
1859 3068 4.37101 6.30782 0.14611
1860 3068 4.37116 6.30782 0.14609
1861 3068 4.3714 6.30782 0.146103
1862 3068 4.37168 6.30782 0.146103
1863 3068 4.37168 6.30782 0.146103
1864 3069 4.37128 6.30782 0.146079
1865 3069 4.37133 6.30782 0.146095
1866 3071 4.37141 6.30782 0.1461
1867 3071 4.37155 6.30782 0.146124
1868 3072 4.37194 6.30782 0.146156
1869 3073 4.37216 6.30782 0.146143
1870 3074 4.37264 6.30782 0.146153
1871 3075 4.37218 6.30782 0.146142
1872 3075 4.37235 6.30782 0.146144
1873 3075 4.37266 6.30782 0.14612
1874 3075 4.3729 6.30782 0.146108
1875 3075 4.37336 6.30782 0.146064
1876 3077 4.37385 6.30782 0.146033
1877 3078 4.3735 6.30782 0.146061
1878 3079 4.37333 6.30782 0.146068
1879 3081 4.37367 6.30782 0.146052
1880 3082 4.37373 6.30782 0.146019
1881 3083 4.37355 6.30782 0.146006
1882 3084 4.3733 6.30782 0.146002
1883 3084 4.37357 6.30782 0.146019
1884 3084 4.3737 6.30782 0.146011
1885 3085 4.37369 6.30782 0.145974
1886 3086 4.37353 6.30782 0.145986
1887 3088 4.37335 6.30782 0.14595
1888 3089 4.37302 6.30782 0.145943
1889 3091 4.37311 6.30782 0.145936
1890 3091 4.37357 6.30782 0.145926
1891 3091 4.37378 6.30782 0.145924
1892 3092 4.37382 6.30782 0.145883
1893 3093 4.37278 6.30782 0.145905
1894 3094 4.3728 6.30782 0.145862
1895 3094 4.37297 6.30782 0.145865
1896 3095 4.37279 6.30782 0.145872
1897 3097 4.37205 6.30782 0.145871
1898 3097 4.37239 6.30782 0.145905
1899 3098 4.37251 6.30782 0.145884
1900 3100 4.37237 6.30782 0.1459
1901 3100 4.37301 6.30782 0.145962
1902 3100 4.37319 6.30782 0.145955
1903 3100 4.3734 6.30782 0.145944
1904 3100 4.37374 6.30782 0.145955
1905 3100 4.37388 6.30782 0.145959
1906 3100 4.37412 6.30782 0.145922
1907 3101 4.37382 6.30782 0.145972
1908 3102 4.37451 6.30782 0.145979
1909 3102 4.37468 6.30782 0.145941
1910 3102 4.37491 6.30782 0.145958
1911 3102 4.37495 6.30782 0.145971
1912 3103 4.37478 6.30782 0.145951
1913 3104 4.37481 6.30782 0.145952
1914 3107 4.37408 6.30782 0.14598
1915 3107 4.37431 6.30782 0.145947
1916 3107 4.3744 6.30782 0.145937
1917 3107 4.37472 6.30782 0.145938
1918 3109 4.37469 6.30782 0.14591
1919 3109 4.37527 6.30782 0.145916
1920 3109 4.37544 6.30782 0.145906
1921 3109 4.37569 6.30782 0.145938
1922 3109 4.37574 6.30782 0.145896
1923 3109 4.37596 6.30782 0.14588
1924 3109 4.37601 6.30782 0.145871
1925 3109 4.37622 6.30782 0.145859
1926 3110 4.37665 6.30782 0.145804
1927 3110 4.37673 6.30782 0.145826
1928 3110 4.37721 6.30782 0.145804
1929 3110 4.37777 6.30782 0.145766
1930 3110 4.37791 6.30782 0.145754
1931 3110 4.3781 6.30782 0.14573
1932 3110 4.3781 6.30782 0.14573
1933 3111 4.37826 6.30782 0.145688
1934 3112 4.37811 6.30782 0.145669
1935 3112 4.37896 6.30782 0.145722
1936 3112 4.37907 6.30782 0.14574
1937 3113 4.37929 6.30782 0.145702
1938 3114 4.37949 6.30782 0.145717
1939 3115 4.37905 6.30782 0.145702
1940 3115 4.37929 6.30782 0.1457
1941 3116 4.37905 6.30782 0.145729
1942 3116 4.37934 6.30782 0.145747
1943 3116 4.37949 6.30782 0.145732
1944 3116 4.37957 6.30782 0.14572
1945 3117 4.37946 6.30782 0.145685
1946 3118 4.37948 6.30782 0.145681
1947 3118 4.37953 6.30782 0.145672
1948 3118 4.3797 6.30782 0.145658
1949 3119 4.37933 6.30782 0.145689
1950 3121 4.37881 6.30782 0.145664
1951 3121 4.3794 6.30782 0.145687
1952 3122 4.37954 6.30782 0.145694
1953 3122 4.37985 6.30782 0.145688
1954 3123 4.37976 6.30782 0.145668
1955 3123 4.37984 6.30782 0.145662
1956 3124 4.37957 6.30782 0.145634
1957 3124 4.37983 6.30782 0.145614
1958 3124 4.38008 6.30782 0.145607
1959 3124 4.38017 6.30782 0.145607
1960 3125 4.37986 6.30782 0.145598
1961 3126 4.37964 6.30782 0.145575
1962 3126 4.3797 6.30782 0.145614
1963 3127 4.3797 6.30782 0.145615
1964 3127 4.38002 6.30782 0.145629
1965 3128 4.37985 6.30782 0.145629
1966 3128 4.38009 6.30782 0.145656
1967 3128 4.38089 6.30782 0.14567
1968 3128 4.38121 6.30782 0.145662
1969 3128 4.38137 6.30782 0.145659
1970 3128 4.38151 6.30782 0.145682
1971 3128 4.38203 6.30782 0.145737
1972 3128 4.38206 6.30782 0.145725
1973 3129 4.38217 6.30782 0.14574
1974 3129 4.38228 6.30782 0.145723
1975 3129 4.38236 6.30782 0.14569
1976 3129 4.3824 6.30782 0.145675
1977 3131 4.38193 6.30782 0.145617
1978 3131 4.38218 6.30782 0.145593
1979 3131 4.38275 6.30782 0.145632
1980 3131 4.38335 6.30782 0.145646
1981 3132 4.38347 6.30782 0.145639
1982 3132 4.38351 6.30782 0.145631
1983 3133 4.38355 6.30782 0.145621
1984 3133 4.38374 6.30782 0.145627
1985 3133 4.38429 6.30782 0.145614
1986 3133 4.38443 6.30782 0.145587
1987 3133 4.38461 6.30782 0.145594
1988 3134 4.3845 6.30782 0.145618
1989 3134 4.38461 6.30782 0.145599
1990 3136 4.38428 6.30782 0.145568
1991 3137 4.38432 6.30782 0.145591
1992 3137 4.38502 6.30782 0.14561
1993 3137 4.38508 6.30782 0.145589
1994 3137 4.38563 6.30782 0.145567
1995 3137 4.38563 6.30782 0.145541
1996 3137 4.38582 6.30782 0.145556
1997 3138 4.38547 6.30782 0.145549
1998 3140 4.38485 6.30782 0.145535
1999 3141 4.38466 6.30782 0.145548
2000 3142 4.38456 6.30782 0.145534
2001 3143 4.3843 6.30782 0.145537
2002 3143 4.38475 6.30782 0.145545
2003 3143 4.3849 6.30782 0.145572
2004 3145 4.38461 6.30782 0.145574
2005 3145 4.3849 6.30782 0.14557
2006 3145 4.38502 6.30782 0.145576
2007 3145 4.38532 6.30782 0.145558
2008 3145 4.38555 6.30782 0.145568
2009 3147 4.38593 6.30782 0.145558
2010 3148 4.38573 6.30782 0.145507
2011 3148 4.38589 6.30782 0.14548
2012 3148 4.38621 6.30782 0.145488
2013 3150 4.38559 6.30782 0.145495
2014 3151 4.38532 6.30782 0.145488
2015 3152 4.38525 6.30782 0.145523
2016 3153 4.38498 6.30782 0.145497
2017 3154 4.38503 6.30782 0.145487
2018 3156 4.38513 6.30782 0.145444
2019 3156 4.38595 6.30782 0.145436
2020 3156 4.38657 6.30782 0.145455
2021 3158 4.38617 6.30782 0.145449
2022 3158 4.3862 6.30782 0.145435
2023 3159 4.38589 6.30782 0.14542
2024 3161 4.38534 6.30782 0.145401
2025 3162 4.3853 6.30782 0.145417
2026 3164 4.38505 6.30782 0.145389
2027 3166 4.38393 6.30782 0.145386
2028 3166 4.38409 6.30782 0.145389
2029 3166 4.38412 6.30782 0.145366
2030 3167 4.38404 6.30782 0.145354
2031 3168 4.38393 6.30782 0.14533
2032 3169 4.38382 6.30782 0.145347
2033 3169 4.38395 6.30782 0.14538
2034 3169 4.38424 6.30782 0.145395
2035 3169 4.38446 6.30782 0.145407
2036 3172 4.38425 6.30782 0.145407
2037 3172 4.38443 6.30782 0.145429
2038 3175 4.3834 6.30782 0.145406
2039 3175 4.38362 6.30782 0.145435
2040 3175 4.38369 6.30782 0.145437
2041 3175 4.38398 6.30782 0.145424
2042 3176 4.38386 6.30782 0.145419
2043 3176 4.384 6.30782 0.145414
2044 3176 4.384 6.30782 0.145414
2045 3176 4.38423 6.30782 0.145427
2046 3178 4.38369 6.30782 0.145406
2047 3178 4.38369 6.30782 0.145406
2048 3179 4.38432 6.30782 0.145404
2049 3179 4.38459 6.30782 0.145427
2050 3179 4.38517 6.30782 0.145416
2051 3179 4.38537 6.30782 0.145427
2052 3179 4.38541 6.30782 0.145411
2053 3179 4.38559 6.30782 0.145389
2054 3179 4.38575 6.30782 0.145386
2055 3180 4.38554 6.30782 0.145371
2056 3180 4.38573 6.30782 0.145347
2057 3181 4.38548 6.30782 0.145339
2058 3181 4.38566 6.30782 0.145342
2059 3181 4.38583 6.30782 0.14535
2060 3181 4.38608 6.30782 0.145306
2061 3183 4.38577 6.30782 0.145313
2062 3183 4.38615 6.30782 0.14532
2063 3183 4.38649 6.30782 0.145301
2064 3183 4.38664 6.30782 0.145276
2065 3183 4.38665 6.30782 0.145283
2066 3183 4.38676 6.30782 0.145305
2067 3184 4.38659 6.30782 0.145307
2068 3186 4.38596 6.30782 0.145328
2069 3187 4.38641 6.30782 0.145339
2070 3187 4.38673 6.30782 0.145313
2071 3188 4.38637 6.30782 0.145311
2072 3188 4.38649 6.30782 0.145296
2073 3188 4.38724 6.30782 0.145308
2074 3189 4.38687 6.30782 0.145305
2075 3189 4.3869 6.30782 0.145317
2076 3189 4.38699 6.30782 0.145313
2077 3190 4.38669 6.30782 0.14529
2078 3191 4.38651 6.30782 0.145285
2079 3192 4.38642 6.30782 0.145295
2080 3194 4.38603 6.30782 0.145287
2081 3194 4.38643 6.30782 0.145314
2082 3195 4.38623 6.30782 0.145336
2083 3196 4.3859 6.30782 0.145358
2084 3197 4.38578 6.30782 0.145336
2085 3197 4.38578 6.30782 0.145336
2086 3197 4.38598 6.30782 0.145361
2087 3200 4.38525 6.30782 0.145354
2088 3200 4.38526 6.30782 0.145349
2089 3200 4.38555 6.30782 0.145373
2090 3200 4.38578 6.30782 0.145375
2091 3201 4.38551 6.30782 0.14539
2092 3202 4.38536 6.30782 0.145379
2093 3203 4.38569 6.30782 0.145357
2094 3203 4.38576 6.30782 0.145323
2095 3206 4.38496 6.30782 0.145341
2096 3206 4.38495 6.30782 0.145332
2097 3206 4.38513 6.30782 0.14534
2098 3206 4.38542 6.30782 0.145331
2099 3207 4.38548 6.30782 0.145321
2100 3209 4.3855 6.30782 0.145323
2101 3209 4.3858 6.30782 0.145353
2102 3209 4.38605 6.30782 0.145359
2103 3209 4.38632 6.30782 0.145347
2104 3209 4.38653 6.30782 0.145357
2105 3209 4.38659 6.30782 0.145364
2106 3210 4.38642 6.30782 0.145349
2107 3210 4.38719 6.30782 0.145294
2108 3211 4.38709 6.30782 0.145285
2109 3212 4.38749 6.30782 0.145309
2110 3214 4.38706 6.30782 0.145339
2111 3214 4.38716 6.30782 0.145344
2112 3214 4.38718 6.30782 0.145336
2113 3214 4.38736 6.30782 0.145277
2114 3214 4.3874 6.30782 0.145292
2115 3214 4.38749 6.30782 0.145296
2116 3214 4.38767 6.30782 0.145311
2117 3215 4.38782 6.30782 0.145299
2118 3215 4.38793 6.30782 0.145286
2119 3215 4.38801 6.30782 0.145301
2120 3215 4.3882 6.30782 0.145305
2121 3216 4.38826 6.30782 0.145268
2122 3217 4.3882 6.30782 0.145259
2123 3219 4.38848 6.30782 0.145241
2124 3221 4.38825 6.30782 0.14525
2125 3221 4.3891 6.30782 0.145247
2126 3221 4.38927 6.30782 0.145243
2127 3221 4.38941 6.30782 0.145239
2128 3222 4.38934 6.30782 0.145248
2129 3222 4.38946 6.30782 0.145236
2130 3224 4.38902 6.30782 0.145206
2131 3224 4.38949 6.30782 0.14525
2132 3225 4.38951 6.30782 0.145243
2133 3225 4.38951 6.30782 0.145243
2134 3227 4.38906 6.30782 0.145224
2135 3227 4.38922 6.30782 0.145235
2136 3227 4.38946 6.30782 0.145253
2137 3227 4.38946 6.30782 0.145253
2138 3229 4.3892 6.30782 0.145238
2139 3229 4.38974 6.30782 0.145246
2140 3229 4.39011 6.34936 0.145259
2141 3229 4.39039 6.34936 0.145234
2142 3230 4.39071 6.34936 0.145249
2143 3231 4.39067 6.34936 0.145249
2144 3231 4.39123 6.34936 0.145239
2145 3231 4.39143 6.34936 0.145215
2146 3232 4.39112 6.34936 0.145221
2147 3232 4.3914 6.34936 0.145232
2148 3232 4.39157 6.34936 0.145235
2149 3232 4.39173 6.34936 0.145229
2150 3233 4.39174 6.34936 0.145268
2151 3233 4.39219 6.34936 0.145243
2152 3233 4.39232 6.34936 0.145259
2153 3234 4.39206 6.34936 0.145266
2154 3235 4.3917 6.34936 0.145249
2155 3235 4.39172 6.34936 0.14522
2156 3235 4.39185 6.34936 0.145207
2157 3236 4.39188 6.34936 0.145177
2158 3236 4.39224 6.34936 0.145172
2159 3236 4.39242 6.34936 0.145196
2160 3236 4.3926 6.34936 0.145174
2161 3236 4.39282 6.34936 0.145169
2162 3236 4.39297 6.34936 0.145165
2163 3237 4.39276 6.34936 0.145177
2164 3237 4.39328 6.34936 0.14516
2165 3237 4.39331 6.34936 0.145162
2166 3237 4.39341 6.34936 0.145128
2167 3237 4.39343 6.34936 0.145134
2168 3237 4.39363 6.34936 0.145124
2169 3237 4.39376 6.34936 0.145105
2170 3238 4.39375 6.34936 0.145072
2171 3238 4.39406 6.34936 0.145059
2172 3238 4.39435 6.34936 0.14504
2173 3239 4.39423 6.34936 0.145023
2174 3239 4.39438 6.34936 0.145039
2175 3239 4.39446 6.34936 0.14503
2176 3240 4.39458 6.34936 0.145015
2177 3240 4.3946 6.34936 0.145017
2178 3242 4.39523 6.34936 0.145022
2179 3242 4.39537 6.34936 0.14502
2180 3242 4.39544 6.34936 0.145039
2181 3242 4.39568 6.34936 0.145078
2182 3242 4.39583 6.34936 0.145081
2183 3243 4.39577 6.34936 0.145094
2184 3243 4.39579 6.34936 0.145094
2185 3244 4.39539 6.34936 0.145104
2186 3244 4.39584 6.34936 0.145073
2187 3244 4.39595 6.34936 0.145086
2188 3244 4.39627 6.34936 0.145074
2189 3246 4.39558 6.34936 0.145065
2190 3246 4.39575 6.34936 0.145071
2191 3246 4.39581 6.34936 0.145073
2192 3246 4.39597 6.34936 0.145065
2193 3247 4.39603 6.34936 0.145067
2194 3247 4.39625 6.34936 0.145044
2195 3247 4.39638 6.34936 0.145074
2196 3249 4.39639 6.34936 0.145082
2197 3249 4.39651 6.34936 0.145097
2198 3249 4.39688 6.34936 0.145108
2199 3250 4.39732 6.34936 0.145144
2200 3251 4.39681 6.34936 0.145117
2201 3252 4.39625 6.34936 0.145119
2202 3253 4.39614 6.34936 0.145124
2203 3254 4.39611 6.34936 0.145111
2204 3254 4.39628 6.34936 0.145148
2205 3254 4.39651 6.34936 0.145159
2206 3255 4.39638 6.34936 0.14518
2207 3255 4.39648 6.34936 0.145176
2208 3255 4.397 6.34936 0.145202
2209 3255 4.39736 6.34936 0.145193
2210 3255 4.398 6.34936 0.145187
2211 3258 4.39739 6.34936 0.145201
2212 3258 4.39786 6.34936 0.145237
2213 3258 4.39827 6.34936 0.145219
2214 3258 4.39858 6.34936 0.145213
2215 3258 4.39871 6.34936 0.145182
2216 3258 4.39876 6.34936 0.145214
2217 3259 4.39859 6.34936 0.14519
2218 3260 4.39851 6.34936 0.14522
2219 3261 4.39865 6.34936 0.145159
2220 3261 4.39881 6.34936 0.145138
2221 3261 4.3989 6.34936 0.145134
2222 3261 4.39911 6.34936 0.145127
2223 3262 4.399 6.34936 0.145164
2224 3262 4.39951 6.34936 0.145186
2225 3262 4.39966 6.34936 0.145186
2226 3262 4.40004 6.34936 0.145219
2227 3262 4.40048 6.34936 0.145219
2228 3262 4.40061 6.34936 0.145215
2229 3262 4.40066 6.34936 0.145225
2230 3262 4.40083 6.34936 0.14521
2231 3263 4.4017 6.34936 0.145157
2232 3264 4.40132 6.34936 0.145166
2233 3265 4.40108 6.34936 0.145216
2234 3265 4.40133 6.34936 0.145269
2235 3267 4.40083 6.34936 0.145271
2236 3267 4.40094 6.34936 0.145283
2237 3267 4.40116 6.34936 0.145302
2238 3267 4.40124 6.34936 0.145289
2239 3268 4.40107 6.34936 0.145302
2240 3268 4.40127 6.34936 0.145316
2241 3268 4.40157 6.34936 0.14531
2242 3270 4.40108 6.34936 0.145331
2243 3270 4.40131 6.34936 0.145307
2244 3271 4.40092 6.34936 0.145311
2245 3271 4.40105 6.34936 0.145256
2246 3271 4.40107 6.34936 0.145254
2247 3271 4.4015 6.34936 0.145237
2248 3272 4.40129 6.34936 0.145203
2249 3273 4.40134 6.34936 0.145192
2250 3275 4.40119 6.34936 0.145165
2251 3275 4.40139 6.34936 0.145155
2252 3275 4.40167 6.34936 0.145115
2253 3276 4.40142 6.34936 0.145092
2254 3277 4.40137 6.34936 0.145095
2255 3279 4.40087 6.34936 0.145075
2256 3280 4.40089 6.34936 0.145082
2257 3280 4.40092 6.34936 0.145089
2258 3281 4.40058 6.34936 0.145106
2259 3282 4.40057 6.34936 0.145107
2260 3282 4.40106 6.34936 0.145092
2261 3282 4.4013 6.34936 0.145089
2262 3283 4.40112 6.34936 0.145076
2263 3283 4.40135 6.34936 0.145117
2264 3283 4.40141 6.34936 0.145109
2265 3284 4.40139 6.34936 0.145099
2266 3284 4.40143 6.34936 0.145095
2267 3284 4.40172 6.34936 0.145066
2268 3284 4.40193 6.34936 0.145057
2269 3284 4.40206 6.34936 0.145063
2270 3284 4.4023 6.34936 0.145061
2271 3285 4.40232 6.34936 0.145074
2272 3286 4.40279 6.34936 0.145082
2273 3287 4.40235 6.34936 0.145086
2274 3287 4.40254 6.34936 0.145105
2275 3288 4.40227 6.34936 0.145098
2276 3288 4.40235 6.34936 0.1451
2277 3288 4.40251 6.34936 0.145099
2278 3288 4.40277 6.34936 0.145092
2279 3288 4.40283 6.34936 0.145104
2280 3289 4.4026 6.34936 0.145086
2281 3289 4.40261 6.34936 0.145081
2282 3289 4.40304 6.34936 0.145085
2283 3290 4.40267 6.34936 0.145082
2284 3291 4.40258 6.34936 0.145088
2285 3291 4.40274 6.34936 0.145069
2286 3291 4.40298 6.34936 0.145084
2287 3293 4.40263 6.34936 0.145074
2288 3293 4.40264 6.34936 0.145076
2289 3293 4.40271 6.34936 0.145064
2290 3293 4.40293 6.34936 0.145023
2291 3294 4.4029 6.34936 0.145034
2292 3295 4.40278 6.34936 0.145022
2293 3299 4.40231 6.34936 0.144995
2294 3300 4.4017 6.34936 0.145012
2295 3300 4.40171 6.34936 0.145014
2296 3300 4.40211 6.34936 0.144988
2297 3300 4.40218 6.34936 0.145001
2298 3300 4.40227 6.34936 0.145021
2299 3300 4.40262 6.34936 0.145075
2300 3300 4.40261 6.34936 0.145065
2301 3300 4.4028 6.34936 0.14505
2302 3301 4.40275 6.34936 0.145059
2303 3303 4.40223 6.34936 0.145043
2304 3306 4.40152 6.34936 0.145043
2305 3307 4.40143 6.34936 0.14507
2306 3307 4.40165 6.34936 0.145071
2307 3308 4.40141 6.34936 0.145062
2308 3308 4.40182 6.34936 0.145089
2309 3309 4.40162 6.34936 0.145054
2310 3310 4.40108 6.34936 0.145048
2311 3312 4.4003 6.34936 0.145041
2312 3313 4.40032 6.34936 0.145083
2313 3315 4.40039 6.34936 0.145065
2314 3315 4.40051 6.34936 0.145099
2315 3316 4.40048 6.34936 0.145091
2316 3318 4.40053 6.34936 0.145078
2317 3318 4.40071 6.34936 0.1451
2318 3318 4.40087 6.34936 0.145129
2319 3319 4.40043 6.34936 0.145112
2320 3319 4.40047 6.34936 0.145088
2321 3320 4.40053 6.34936 0.145118
2322 3320 4.40091 6.34936 0.145107
2323 3321 4.40083 6.34936 0.145149
2324 3321 4.40116 6.34936 0.145187
2325 3321 4.40122 6.34936 0.145144
2326 3322 4.40173 6.34936 0.145126
2327 3323 4.40139 6.34936 0.145166
2328 3323 4.40153 6.34936 0.145166
2329 3323 4.40207 6.34936 0.145189
2330 3323 4.40217 6.34936 0.145212
2331 3323 4.40225 6.34936 0.145201
2332 3324 4.40229 6.34936 0.145193
2333 3325 4.40268 6.34936 0.145217
2334 3325 4.4028 6.34936 0.14522
2335 3326 4.40296 6.34936 0.145234
2336 3327 4.40328 6.34936 0.145209
2337 3327 4.40342 6.34936 0.145194
2338 3327 4.40363 6.34936 0.145204
2339 3327 4.40364 6.34936 0.145194
2340 3328 4.40328 6.34936 0.145189
2341 3328 4.40331 6.34936 0.145202
2342 3328 4.40337 6.34936 0.145204
2343 3329 4.40311 6.34936 0.145202
2344 3329 4.40332 6.34936 0.145218
2345 3329 4.4036 6.34936 0.145232
2346 3330 4.40372 6.34936 0.145222
2347 3330 4.40381 6.34936 0.145231
2348 3330 4.40391 6.34936 0.145245
2349 3332 4.40339 6.34936 0.145222
2350 3333 4.40326 6.34936 0.145254
2351 3335 4.40365 6.34936 0.145309
2352 3335 4.40374 6.34936 0.145297
2353 3336 4.40367 6.34936 0.145244
2354 3337 4.40331 6.34936 0.145227
2355 3338 4.40375 6.34936 0.145187
2356 3338 4.40404 6.34936 0.145176
2357 3338 4.40413 6.34936 0.145164
2358 3340 4.40379 6.34936 0.145195
2359 3340 4.40386 6.34936 0.145209
2360 3340 4.40421 6.34936 0.145245
2361 3340 4.40443 6.34936 0.145253
2362 3341 4.40414 6.34936 0.14524
2363 3341 4.40428 6.34936 0.145233
2364 3341 4.40432 6.34936 0.145235
2365 3341 4.40435 6.34936 0.145226
2366 3341 4.40449 6.34936 0.145246
2367 3341 4.40463 6.34936 0.14525
2368 3342 4.40436 6.34936 0.145255
2369 3342 4.40453 6.34936 0.145264
2370 3345 4.40318 6.34936 0.145225
2371 3347 4.4029 6.34936 0.14524
2372 3347 4.40298 6.34936 0.145255
2373 3347 4.40336 6.34936 0.145245
2374 3349 4.4031 6.34936 0.145207
2375 3349 4.40332 6.34936 0.145184
2376 3349 4.40362 6.34936 0.145213
2377 3349 4.40416 6.34936 0.145216
2378 3350 4.40386 6.34936 0.145204
2379 3351 4.40382 6.34936 0.145206
2380 3351 4.40386 6.34936 0.145219
2381 3352 4.4038 6.34936 0.145184
2382 3352 4.40406 6.34936 0.145185
2383 3352 4.4042 6.34936 0.145172
2384 3352 4.4046 6.34936 0.145184
2385 3352 4.40462 6.34936 0.145182
2386 3353 4.40459 6.34936 0.145144
2387 3353 4.40468 6.34936 0.145129
2388 3353 4.40504 6.34936 0.145127
2389 3353 4.40517 6.34936 0.145108
2390 3353 4.40551 6.34936 0.145082
2391 3353 4.40564 6.34936 0.145068
2392 3353 4.4057 6.34936 0.145079
2393 3354 4.40568 6.34936 0.145093
2394 3356 4.40567 6.34936 0.145076
2395 3357 4.40574 6.34936 0.145045
2396 3359 4.40521 6.34936 0.145036
2397 3360 4.40541 6.34936 0.145013
2398 3360 4.40543 6.34936 0.145007
2399 3361 4.40508 6.34936 0.145032
2400 3362 4.4047 6.34936 0.145024
2401 3362 4.40493 6.34936 0.145014
2402 3363 4.40537 6.34936 0.145027
2403 3364 4.40513 6.34936 0.145022
2404 3365 4.40542 6.34936 0.145018
2405 3365 4.40554 6.34936 0.144997
2406 3366 4.40512 6.34936 0.145004
2407 3366 4.4052 6.34936 0.14503
2408 3367 4.40511 6.34936 0.145033
2409 3368 4.40495 6.34936 0.145028
2410 3368 4.4051 6.34936 0.145036
2411 3368 4.40547 6.34936 0.145031
2412 3368 4.40554 6.34936 0.145021
2413 3369 4.40552 6.34936 0.145005
2414 3369 4.40605 6.34936 0.14497
2415 3370 4.40581 6.34936 0.144949
2416 3370 4.4059 6.34936 0.144937
2417 3370 4.4059 6.34936 0.144923
2418 3370 4.40597 6.34936 0.144934
2419 3370 4.40602 6.34936 0.144926
2420 3371 4.40562 6.34936 0.144909
2421 3371 4.4057 6.34936 0.144906
2422 3371 4.40588 6.34936 0.144899
2423 3372 4.40577 6.34936 0.144865
2424 3372 4.40583 6.34936 0.144871
2425 3372 4.40597 6.34936 0.144871
2426 3372 4.40633 6.34936 0.144865
2427 3372 4.40643 6.34936 0.144876
2428 3373 4.40685 6.34936 0.144894
2429 3373 4.40707 6.34936 0.144881
2430 3374 4.4067 6.34936 0.144867
2431 3374 4.40713 6.34936 0.144817
2432 3374 4.40719 6.34936 0.144809
2433 3374 4.40775 6.34936 0.144812
2434 3375 4.40743 6.34936 0.144794
2435 3375 4.40751 6.34936 0.14478
2436 3376 4.40764 6.34936 0.144819
2437 3376 4.40794 6.34936 0.144799
2438 3376 4.40808 6.34936 0.144784
2439 3378 4.40723 6.34936 0.144811
2440 3379 4.40706 6.34936 0.144799
2441 3380 4.40681 6.34936 0.144808
2442 3380 4.4069 6.34936 0.144816
2443 3381 4.40673 6.34936 0.144819
2444 3381 4.4074 6.34936 0.144827
2445 3381 4.4075 6.34936 0.144819
2446 3381 4.40774 6.34936 0.144846
2447 3381 4.40792 6.34936 0.144839
2448 3381 4.40792 6.34936 0.144839
2449 3381 4.40798 6.34936 0.144849
2450 3382 4.40786 6.34936 0.144784
2451 3383 4.40765 6.34936 0.144762
2452 3383 4.40772 6.34936 0.144753
2453 3384 4.40748 6.34936 0.144735
2454 3384 4.4081 6.34936 0.144735
2455 3385 4.40785 6.34936 0.144725
2456 3388 4.40747 6.34936 0.144703
2457 3388 4.40804 6.34936 0.144674
2458 3389 4.40787 6.34936 0.144655
2459 3391 4.40734 6.34936 0.144652
2460 3393 4.40674 6.34936 0.144655
2461 3393 4.40698 6.34936 0.144642
2462 3393 4.40752 6.34936 0.144599
2463 3393 4.40767 6.34936 0.144591
2464 3394 4.40794 6.34936 0.14463
2465 3395 4.40762 6.34936 0.144635
2466 3395 4.4078 6.34936 0.144647
2467 3395 4.40801 6.34936 0.144645
2468 3395 4.40819 6.34936 0.144633
2469 3396 4.40799 6.34936 0.144631
2470 3397 4.4079 6.34936 0.144617
2471 3397 4.4081 6.34936 0.144604
2472 3397 4.4082 6.34936 0.144567
2473 3397 4.40829 6.34936 0.144565
2474 3398 4.40819 6.34936 0.144573
2475 3398 4.40839 6.34936 0.144549
2476 3399 4.40822 6.34936 0.144543
2477 3400 4.40852 6.34936 0.144474
2478 3401 4.4082 6.34936 0.144482
2479 3401 4.40834 6.34936 0.144504
2480 3401 4.40844 6.34936 0.144511
2481 3403 4.40817 6.34936 0.144472
2482 3403 4.40835 6.34936 0.144465
2483 3404 4.40835 6.34936 0.14449
2484 3404 4.40841 6.34936 0.144499
2485 3404 4.40923 6.34936 0.144488
