1007    0.2 0.6 0 0.2 0.4  0.761214 0.025 0.675 0.375 0.025 0.775 0.825 0.475 0.3 0.9 0.4 0.925 0.25 0.925 0.9 0.275 0.35 0.175 0.225 0.175 0.525 0.025 0.175 0.4 
1009    0.2 0.6 0 0.2 0.8  0.00911048 0.025 0.825 0.375 0.025 0.775 0.025 0.35 0 0.775 0.7 0.575 0.825 0.875 0.9 0.275 0.35 0.175 0.525 0.175 0.525 0.025 0.15 0.9 
1016    0.2 0.6 0 0.6 0.2  0.906991 0.025 0.675 0.375 0.05 0.775 0.475 0.475 0 0.9 0.7 0.55 0.25 0.925 0.9 0.275 0.35 0.175 0.225 0.175 0.525 0.025 0.6 0.15 
1017    0.2 0.6 0 0.6 0.4  1.01445 0.025 0.675 0.375 0.025 0.775 0.825 0.475 0.3 0.9 0.7 0.925 0.25 0.925 0.9 0.275 0.35 0.175 0.225 0.175 0.525 0.025 0.6 0.4 
1019    0.2 0.6 0 0.6 0.8  0.76039 0.025 0.825 0.375 0.025 0.775 0.025 0.35 0 0.775 0.7 0.575 0.25 0.925 0.9 0.275 0.35 0.175 0.225 0.175 0.525 0.025 0.6 0.9 
1024    0.2 0.6 0 0.8 0.8  1.08253 0.025 0.825 0.375 0.025 0.775 0.025 0.35 0 0.775 0.7 0.575 0.825 0.875 0.9 0.275 0.35 0.175 0.525 0.175 0.525 0.025 0.7 0.9 
1044    0.2 0.6 0.2 0.6 0.8  -0.0289273 0.025 0.675 0.375 0.025 0.775 0.475 0.475 0 0.125 0.7 0.225 0.75 0.925 0.9 0.275 0.35 0.175 0.575 0.275 0.5 0.275 0.6 0.75 
1069    0.2 0.6 0.4 0.6 0.8  -0.0253289 0.025 0.675 0.375 0.025 0.775 0.475 0.475 0 0.125 0.7 0.225 0.75 0.925 0.9 0.275 0.35 0.175 0.575 0.275 0.5 0.45 0.6 0.75 
1092    0.2 0.6 0.6 0.6 0.4  -0.540104 0.025 0.175 0.375 0.025 0.775 0.475 0.475 0 0.9 0.7 0.925 0.25 0.925 0.9 0.275 0.35 0.175 0.225 0.175 0.5 0.575 0.6 0.425 
1094    0.2 0.6 0.6 0.6 0.8  -0.00835991 0.025 0.675 0.375 0.025 0.775 0.475 0.475 0 0.125 0.7 0.225 0.25 0.925 0.9 0.275 0.35 0.175 0.575 0.15 0.5 0.675 0.6 0.75 
1107    0.2 0.6 0.8 0.2 0.4  -1.10688 0.025 0.175 0.375 0.025 0.775 0.475 0.475 0 0.9 0.7 0.925 0.025 0.375 0.9 0.275 0.35 0.175 0.225 0.175 0.5 0.975 0.2 0.425 
1117    0.2 0.6 0.8 0.6 0.4  -0.340665 0.025 0.175 0.375 0.025 0.775 0.475 0.475 0 0.9 0.7 0.925 0.025 0.375 0.9 0.275 0.35 0.175 0.225 0.175 0.5 0.975 0.6 0.425 
1119    0.2 0.6 0.8 0.6 0.8  0.999743 0.025 0.675 0.375 0.025 0.775 0.275 0.475 0 0.125 0.7 0.225 0.25 0.925 0.9 0.275 0.35 0.05 0.575 0.15 0.5 0.825 0.6 0.75 
1141    0.2 0.8 0 0.6 0.2  -0.0359106 0.025 0.675 0.375 0.025 0.775 0.475 0.475 0 0.925 0.7 0.475 0.65 0.375 0.9 0.3 0.35 0.175 0.225 0.175 0.825 0.025 0.6 0.15 
1169    0.2 0.8 0.2 0.6 0.8  -0.026843 0.025 0.675 0.375 0.05 0.775 0.475 0.475 0 0.125 0.7 0.225 0.75 0.925 0.9 0.275 0.35 0.175 0.575 0.275 0.75 0.275 0.6 0.75 
1507    0.4 0.4 0 0.2 0.4  -1.56029 0.025 0.675 0.375 0.025 0.775 0.475 0.475 0 0.9 0.7 0.925 0.25 0.925 0.9 0.35 0.35 0.175 0.225 0.45 0.375 0.025 0.225 0.425 
1516    0.4 0.4 0 0.6 0.2  0.221594 0.05 0.15 0.375 0.025 0.775 0.025 0.575 0 0.775 0.7 0.575 0.25 0.925 0.9 0.275 0.35 0.175 0.225 0.325 0.475 0.025 0.6 0.125 
1517    0.4 0.4 0 0.6 0.4  0.11344 0.025 0.675 0.375 0.025 0.775 0.475 0.475 0 0.9 0.7 0.925 0.25 0.925 0.9 0.35 0.35 0.175 0.225 0.45 0.375 0.025 0.6 0.425 
1519    0.4 0.4 0 0.6 0.8  0.0980161 0.05 0.15 0.375 0.025 0.775 0.025 0.575 0 0.775 0.7 0.575 0.25 0.925 0.9 0.275 0.35 0.175 0.225 0.325 0.475 0.025 0.6 0.9 
1634    0.4 0.6 0 0.2 0.8  -0.00852089 0.025 0.825 0.375 0.025 0.775 0.8 0.35 0 0.775 0.7 0.575 0.825 0.875 0.9 0.275 0.35 0.175 0.525 0.425 0.525 0.025 0.15 0.9 
1640    0.4 0.6 0 0.6 0  -0.190261 0.025 0.675 0.375 0.025 0.775 0.475 0.475 0 0.9 0.7 0.925 0.25 0.925 0.9 0.275 0.35 0.175 0.225 0.45 0.525 0.025 0.6 0.075 
1641    0.4 0.6 0 0.6 0.2  1.69848 0.05 0.6 0.375 0.025 0.925 0.025 0 0 0.775 0.7 0.575 0.25 0.925 0.55 0.275 0.35 0.175 0.25 0.325 0.525 0.025 0.6 0.125 
1642    0.4 0.6 0 0.6 0.4  0.642615 0.025 0.675 0.375 0.025 0.775 0.475 0.475 0 0.9 0.7 0.925 0.25 0.925 0.9 0.275 0.35 0.175 0.225 0.45 0.5 0.025 0.6 0.425 
1644    0.4 0.6 0 0.6 0.8  -0.200788 0.05 0.6 0.375 0.025 0.925 0.025 0.35 0 0.775 0.7 0.575 0.25 0.925 0.9 0.275 0.35 0.175 0.25 0.325 0.525 0.025 0.6 0.9 
1669    0.4 0.6 0.2 0.6 0.8  -0.0108192 0.05 0.6 0.375 0.025 0.925 0.025 0.35 0 0.775 0.7 0.575 0.25 0.925 0.9 0.275 0.35 0.175 0.425 0.325 0.525 0.25 0.6 0.9 
1679    0.4 0.6 0.4 0 0.8  1.11476 0.05 0.6 0.375 0.65 0.925 0.025 0.35 0 0.775 0.7 0.575 0.85 0.925 0.9 0.275 0.35 0.825 0.4 0.325 0.525 0.375 0.025 0.9 
1690    0.4 0.6 0.4 0.6 0  1.17446 0.025 0.675 0.625 0.025 0.775 0.475 0.475 0 0.475 0.7 0.925 0.25 0.925 0.9 0.275 0.75 0.175 0.225 0.45 0.525 0.475 0.6 0.075 
1692    0.4 0.6 0.4 0.6 0.4  -0.031591 0.025 0.675 0.375 0.025 0.775 0.475 0.475 0 0.9 0.7 0.925 0.25 0.925 0.9 0.275 0.85 0.175 0.225 0.45 0.5 0.475 0.6 0.425 
1694    0.4 0.6 0.4 0.6 0.8  0.181708 0.05 0.6 0.375 0.025 0.925 0.025 0.35 0 0.775 0.7 0.1 0.85 0.925 0.9 0.275 0.35 0.175 0.9 0.325 0.525 0.375 0.675 0.9 
1717    0.4 0.6 0.6 0.6 0.4  -0.00768034 0.025 0.6 0.375 0.025 0.775 0.475 0.475 0.05 0.9 0.7 0.325 0.25 0.925 0.9 0.275 0.35 0.175 0.825 0.45 0.5 0.575 0.6 0.425 
1722    0.4 0.6 0.6 0.8 0.4  -0.614704 0.025 0.6 0.375 0.025 0.775 0.475 0.475 0.6 0.9 0.625 0.925 0.25 0.925 0.9 0.275 0.35 0.175 0.225 0.45 0.5 0.575 0.85 0.425 
1740    0.4 0.6 0.8 0.6 0  -0.944011 0.025 0.675 0.375 0.025 0.775 0.475 0.45 0 0.925 0.7 0.925 0.25 0.925 0.9 0.275 0.35 0.175 0.225 0.45 0.525 0.825 0.6 0.075 
1742    0.4 0.6 0.8 0.6 0.4  -1.36994 0.025 0.6 0.05 0.025 0.775 0.475 0.475 0.05 0.9 0.7 0.925 0.175 0.925 0.9 0.275 0.35 0.175 0.225 0.45 0.5 0.925 0.6 0.425 
1819    0.4 0.8 0.4 0.6 0.8  -0.0264432 0.05 0.6 0.375 0.025 0.925 0.025 0.35 0 0.775 0.7 0.575 0.85 0.925 0.9 0.275 0.35 0.175 0.9 0.325 0.7 0.375 0.675 0.9 
2342    0.6 0.6 0.6 0.6 0.4  -1.42518 0.025 0.6 0.375 0.225 0.775 0.475 0.475 0 0.9 0.7 0.925 0.25 0.925 0.9 0.275 0.35 0.175 0.225 0.525 0.5 0.575 0.6 0.425 
2367    0.6 0.6 0.8 0.6 0.4  -1.14027 0.025 0.6 0.375 0.225 0.775 0.475 0.475 0 0.9 0.65 0.925 0.25 0.925 0.9 0.275 0.35 0.175 0.225 0.525 0.5 0.95 0.6 0.425 
2767    0.8 0.4 0 0.6 0.4  -0.278653 0.025 0.675 0.375 0.025 0.775 0.475 0.475 0 0.9 0.7 0.925 0.25 0.925 0.9 0.35 0.35 0.175 0.225 0.775 0.375 0.025 0.6 0.425 
3044    0.8 0.8 0.2 0.6 0.8  -0.0301548 0.025 0.675 0.375 0.05 0.775 0.475 0.475 0.15 0.125 0.7 0.225 0.75 0.925 0.9 0.275 0.35 0.175 0.575 0.975 0.75 0.275 0.6 0.75 
