65    0 0 0.4 0.6 0  -0.0229152 0.05 0.05 0.525 0.025 0.925 0.025 0.8 0 0.775 0.5 0.875 0.85 0.925 0.9 0.775 1 0.175 0.9 0.025 0.025 0.325 0.675 0.075 
153    0 0.2 0.2 0 0.6  -0.00465963 0.025 0.825 0.375 0.025 0.775 0.35 0.3 0 0.775 0.7 0.575 0.825 0.825 0.6 0.6 0.45 0.175 0.7 0.025 0.1 0.125 0 0.65 
154    0 0.2 0.2 0 0.8  0.00138898 0.025 0.825 0.375 0.025 0.775 0.8 0.35 0 0.125 0.7 0.575 0.825 0.875 0.625 0.6 0.975 0.975 0.7 0 0.1 0.225 0.025 0.75 
159    0 0.2 0.2 0.2 0.8  0.0224249 0.025 0.825 0.375 0.025 0.775 0.8 0.35 0 0.125 0.7 0.9 0.825 0.875 0.625 0.6 0.975 0.975 0.7 0.025 0.1 0.25 0.225 0.75 
179    0 0.2 0.4 0 0.8  -0.000505635 0.025 0.825 0.375 0.025 0.775 0.8 0.35 0 0.125 0.7 0.575 0.825 0.875 0.625 0.6 0.975 0.975 0.7 0 0.1 0.4 0.025 0.75 
183    0 0.2 0.4 0.2 0.6  0.00195192 0.025 0.825 0.375 0.025 0.775 0.8 0.3 0 0.125 0.7 0.9 0.825 0.875 0.625 0.6 0.975 0.975 0.7 0.025 0.1 0.425 0.225 0.675 
184    0 0.2 0.4 0.2 0.8  0.0230474 0.025 0.825 0.375 0.025 0.775 0.8 0.3 0 0.125 0.7 0.9 0.825 0.875 0.625 0.6 0.975 0.975 0.7 0.025 0.1 0.4 0.225 0.75 
189    0 0.2 0.4 0.4 0.8  0.00917555 0.025 0.825 0.175 0.025 0.775 0.8 0.35 0 0.775 0.7 0.575 0.55 0.875 0.6 0.6 0.45 0.175 0.7 0.025 0.275 0.475 0.475 0.7 
199    0 0.2 0.4 0.8 0.8  -0.0218234 0.025 0.825 0.375 0.025 0.775 0.8 0.35 0 0.125 0.275 0.575 0.825 0.875 0.625 0.6 0.975 0.975 0.7 0 0.1 0.4 0.7 0.75 
214    0 0.2 0.6 0.4 0.8  0.0105786 0.025 0.825 0.025 0.025 0.775 0.8 0.525 0 0.95 0.7 0.9 0.825 0.875 0.6 0.6 0.975 0.175 0.7 0.025 0.275 0.6 0.375 0.75 
229    0 0.2 0.8 0 0.8  -0.21691 0.025 0.675 0.375 0.025 0.125 0.275 0.475 0 0.125 0.7 0.225 0.25 0.925 0.85 0.275 0.35 0.05 0.575 0 0.225 0.75 0.05 0.75 
233    0 0.2 0.8 0.2 0.6  -0.00679933 0.025 0.825 0.375 0.025 0.775 0.4 0.35 0 0.775 0.7 0.575 0.825 0.875 0.6 0.6 0.45 0.175 0.7 0.075 0.25 0.8 0.275 0.525 
234    0 0.2 0.8 0.2 0.8  0.0013436 0.025 0.825 0.375 0.025 0.775 0.4 0.35 0 0.775 0.7 0.575 0.825 0.875 0.6 0.6 0.45 0.175 0.7 0.075 0.25 0.8 0.2 0.9 
278    0 0.4 0.2 0 0.6  -0.0125538 0.025 0.825 0.375 0.025 0.775 0.35 1 0 0.775 0.7 0.575 0.825 0.825 0.6 0.6 0.45 0.175 0.7 0.025 0.35 0.125 0 0.65 
314    0 0.4 0.4 0.4 0.8  0.00437906 0.025 0.825 0.175 0.025 0.775 0.8 0.35 0 0.775 0.7 0.575 0.55 0.875 0.6 0.6 0.45 0.175 0.7 0.025 0.35 0.475 0.475 0.7 
319    0 0.4 0.4 0.6 0.8  -0.0246502 0.025 0.675 0.375 0.275 0.775 0.225 0.475 0 0.125 0.7 0.225 0.75 0.925 0.9 0.275 0.35 0.175 0.575 0.075 0.475 0.475 0.6 0.75 
369    0 0.4 0.8 0.6 0.8  0.00384496 0.025 0.675 0.375 0.025 0.775 0.475 0.475 1 0.125 0.425 0.225 0.75 0.925 0.9 0.275 0.35 0.175 0.575 0.025 0.475 0.975 0.6 0.75 
379    0 0.6 0 0 0.8  -0.023023 0.025 0.825 0.225 0.025 0.775 0.025 0.35 0 0.775 0.7 0.575 0.825 0.875 0.9 0.275 0.45 0.175 0.525 0 0.5 0.025 0.075 0.9 
384    0 0.6 0 0.2 0.8  -0.0262166 0.025 0.825 0.225 0.025 0.775 0.025 0.35 0 0.775 0.7 0.575 0.825 0.875 0.9 0.275 0.45 0.175 0.525 0 0.5 0.025 0.225 0.9 
387    0 0.6 0 0.4 0.4  -0.0290672 0.05 0.675 0.375 0.025 0.925 0.025 0.35 0 0.775 0.7 0.1 0.85 0.925 0.65 0.275 0.65 0.175 0.9 0 0.525 0.075 0.45 0.325 
409    0 0.6 0.2 0.2 0.8  0.0208632 0.025 0.675 0.375 0.025 0.775 0.625 0.75 0 0.775 0.7 0.575 0.825 0.75 0.9 0.275 0.35 0.175 0.625 0.025 0.525 0.125 0.15 1 
413    0 0.6 0.2 0.4 0.6  -0.0263485 0.025 0.6 0.375 0.025 0.775 0.475 0.8 0.05 0.575 0.65 0.325 0.25 0.925 0.9 0.275 0.35 0.175 0.825 0.075 0.5 0.2 0.475 0.55 
414    0 0.6 0.2 0.4 0.8  -0.0238629 0.025 0.825 0.375 0.025 0.775 0.625 0.75 0 0.775 0.7 0.575 0.825 0.875 0.9 0.275 0.35 0.175 0.625 0.025 0.525 0.125 0.45 0.9 
436    0 0.6 0.4 0.4 0.2  0.000573581 0.05 0.875 0.375 0.025 0.925 0.025 0.35 0 0.775 0.7 0.1 0.85 0.925 0.65 0.275 0.65 0.175 0.9 0 0.525 0.35 0.325 0.25 
437    0 0.6 0.4 0.4 0.4  -0.000951196 0.05 0.675 0.4 0.025 0.925 0.025 0.6 0 0.775 0.7 0.1 0.85 0.925 0.65 0.275 0.65 0.175 0.9 0 0.525 0.325 0.325 0.325 
439    0 0.6 0.4 0.4 0.8  -0.0226132 0.025 0.675 0.375 0.025 0.775 0.475 0.475 0.125 0.9 0.7 0.225 0.75 0.925 0.9 0.275 0.35 0.025 0.575 0.025 0.65 0.3 0.325 0.75 
441    0 0.6 0.4 0.6 0.2  -0.00514741 0.05 0.525 0.375 0.025 0.925 0.025 0.35 0 0.775 0.7 0.1 0.85 0.925 0.9 0.275 0.35 0.175 0.9 0.05 0.525 0.375 0.675 0.275 
442    0 0.6 0.4 0.6 0.4  -0.663485 0.025 0.175 0.375 0.025 0.775 0.475 0.525 0 0.9 0.7 0.925 0.275 0.925 0.9 0.275 0.625 0.25 0.225 0.075 0.5 0.35 0.6 0.425 
444    0 0.6 0.4 0.6 0.8  -0.0515175 0.025 0.675 0.375 0.525 0.775 0.475 0.475 0 0.125 0.7 0.225 0.25 0.925 0.9 0.275 0.35 0.175 0.575 0.025 0.5 0.375 0.55 0.75 
461    0 0.6 0.6 0.4 0.2  0.00825951 0.05 0.6 0.375 0.025 0.925 0.025 0.35 0 0.775 0.7 0.1 0.85 0.925 0.65 0.275 0.65 0.175 0.9 0 0.525 0.675 0.325 0.25 
462    0 0.6 0.6 0.4 0.4  0.00259213 0.05 0.675 0.375 0.025 0.925 0.025 0.35 0 0.775 0.7 0.1 0.85 0.925 0.65 0.275 0.65 0.175 0.9 0 0.525 0.675 0.45 0.325 
464    0 0.6 0.6 0.4 0.8  0.0115427 0.025 0.675 0.375 0.025 0.775 0.475 0.475 0.125 0.9 0.7 0.225 0.75 0.925 0.9 0.275 0.35 0.025 0.575 0.025 0.65 0.575 0.325 0.75 
469    0 0.6 0.6 0.6 0.8  1.35538 0.025 0.675 0.375 0.025 0.775 0.475 0.475 0 0.125 0.7 0.225 0.25 0.925 0.9 0.275 0.35 0.75 0.575 0.025 0.5 0.675 0.55 0.75 
471    0 0.6 0.6 0.8 0.2  -0.00614445 0.05 0.6 0.375 0.025 0.925 0.025 0.35 0 0.775 0.7 0.1 0.85 0.925 0.65 0.275 0.65 0.175 0.9 0 0.525 0.675 0.7 0.25 
479    0 0.6 0.8 0 0.8  -0.00734853 0.025 0.675 0.375 0.025 0.125 0.275 0.475 0 0.125 0.7 0.225 0.25 0.925 0.85 0.275 0.35 0.05 0.575 0 0.5 0.75 0.05 0.75 
487    0 0.6 0.8 0.4 0.4  -0.0101251 0.05 0.6 0.375 0.025 0.925 0.025 0.35 0 0.775 0.7 0.1 0.65 0.925 0.9 0.275 0.65 0.175 0.9 0.05 0.525 0.7 0.425 0.35 
489    0 0.6 0.8 0.4 0.8  -0.00135885 0.025 0.675 0.375 0.225 0.775 0.275 0.475 0 0.125 0.4 0.225 0.25 0.925 0.85 0.275 0.35 0.05 0.575 0.05 0.55 0.825 0.475 0.75 
528    0 0.8 0.2 0 0.6  -0.00835767 0.025 0.825 0.475 0.025 0.775 0.8 0.3 0 0.775 0.7 0.575 0.5 0.875 0.6 0.6 0.4 0.175 0.7 0.025 0.975 0.25 0 0.65 
534    0 0.8 0.2 0.2 0.8  0.00907553 0.025 0.675 0.375 0.025 0.775 0.475 0.475 0.125 0.9 0.7 0.3 0.75 0.925 0.9 0.275 0.35 0.025 0.575 0.05 0.75 0.2 0.225 0.75 
560    0 0.8 0.4 0.4 0  -0.0114712 0.05 0.675 0.4 0.025 0.925 0.025 0.6 0 0.775 0.7 0.1 0.3 0.925 0.65 0.275 0.65 0.175 0.9 0 0.925 0.325 0.325 0.05 
562    0 0.8 0.4 0.4 0.4  -0.00813976 0.05 0.675 0.4 0.025 0.925 0.025 0.6 0 0.775 0.7 0.1 0.3 0.925 0.65 0.275 0.65 0.175 0.9 0 0.925 0.325 0.325 0.325 
564    0 0.8 0.4 0.4 0.8  -0.0314275 0.025 0.825 0.175 0.025 0.775 0.8 0.35 0 0.775 0.7 0.575 0.55 0.875 0.6 0.6 0.45 0.175 0.7 0.025 0.925 0.475 0.475 0.7 
565    0 0.8 0.4 0.6 0  -0.0233973 0.05 0.05 0.525 0.025 0.925 0.025 0.8 0 0.775 0.5 0.875 0.85 0.925 0.9 0.775 1 0.175 0.9 0.025 0.9 0.325 0.675 0.075 
594    0 0.8 0.6 0.6 0.8  -0.0230116 0.15 0.55 0.375 0.025 0.775 0.275 0.475 0 0.125 0.7 0.225 0.25 0.925 0.85 0.275 0.35 0.05 0.525 0.025 1 0.55 0.5 0.75 
614    0 0.8 0.8 0.4 0.8  -0.0226844 0.025 0.675 0.375 0.025 0.775 0.275 0.475 0 0.125 0.7 0.225 0.25 0.925 0.85 0.275 0.35 0.05 0.575 0 1 0.825 0.425 0.75 
632    0.2 0 0 0.2 0.4  -1.07195 0.025 0.675 0.375 0.025 0.775 0.825 0.475 0.3 0.9 0.4 0.925 0.25 0.925 0.9 0.275 0.35 0.175 0.5 0.175 0.075 0.025 0.175 0.4 
653    0.2 0 0.2 0 0.6  -0.0270295 0.025 0.825 0.375 0.025 0.775 0.8 0.3 0 0.775 0.7 0.575 0.825 0.875 0.6 0.6 0.45 0.175 0.7 0.25 0.075 0.125 0 0.65 
778    0.2 0.2 0.2 0 0.6  -0.0281129 0.025 0.825 0.375 0.025 0.775 0.8 0.3 0 0.775 0.7 0.575 0.825 0.875 0.6 0.6 0.45 0.175 0.7 0.25 0.1 0.125 0 0.65 
783    0.2 0.2 0.2 0.2 0.6  -0.00193352 0.025 0.825 0.375 0.025 0.775 0.8 0.3 0 0.775 0.7 0.575 0.825 0.875 0.6 0.6 0.45 0.175 0.7 0.25 0.1 0.125 0.15 0.65 
784    0.2 0.2 0.2 0.2 0.8  0.0246567 0.025 0.825 0.375 0.025 0.775 0.8 0.35 0 0.125 0.7 0.9 0.825 0.875 0.625 0.6 0.975 0.975 0.7 0.275 0.1 0.25 0.225 0.75 
789    0.2 0.2 0.2 0.4 0.8  -0.000840863 0.025 0.825 0.025 0.025 0.775 0.8 0.55 0 0.95 0.7 0.9 0.825 0.875 0.6 0.6 0.975 0.175 0.7 0.25 0.275 0.175 0.375 0.75 
804    0.2 0.2 0.4 0 0.8  -0.0203159 0.025 0.825 0.375 0.025 0.775 0.8 0.35 0 0.125 0.7 0.575 0.825 0.875 0.625 0.325 0.975 0.975 0.7 0.225 0.15 0.4 0.025 0.75 
809    0.2 0.2 0.4 0.2 0.8  0.0240019 0.025 0.825 0.375 0.025 0.775 0.8 0.35 0 0.125 0.7 0.9 0.825 0.875 0.625 0.6 0.975 0.975 0.7 0.275 0.1 0.4 0.225 0.75 
814    0.2 0.2 0.4 0.4 0.8  0.00445814 0.025 0.825 0.175 0.025 0.775 0.8 0.35 0 0.775 0.7 0.575 0.55 0.875 0.6 0.6 0.45 0.175 0.7 0.275 0.275 0.475 0.475 0.7 
824    0.2 0.2 0.4 0.8 0.8  -0.0220809 0.025 0.825 0.375 0.075 0.775 0.8 0.35 0 0.125 0.7 0.575 0.825 0.875 0.625 0.6 0.975 0.625 0.7 0.1 0.1 0.4 0.7 0.75 
833    0.2 0.2 0.6 0.2 0.6  0.32442 0.025 0.825 0.375 0.025 0.575 0.8 0.3 0 0.775 0.15 0.575 0.825 0.875 0.6 0.6 0.45 0.175 0.7 0.25 0.1 0.6 0.15 0.65 
834    0.2 0.2 0.6 0.2 0.8  -0.027349 0.025 0.825 0.325 0.025 0.775 0.8 0.35 0 0.775 0.7 0.625 0.6 0.875 0.6 0.6 0.45 0.175 0.7 0.15 0.1 0.5 0.275 0.925 
858    0.2 0.2 0.8 0.2 0.6  0.242278 0.025 0.825 0.375 0.025 0.575 0.8 0.3 0 0.775 0.15 0.575 0.825 0.875 0.6 0.6 0.45 0.175 0.7 0.25 0.1 0.875 0.15 0.65 
859    0.2 0.2 0.8 0.2 0.8  0.00134499 0.025 0.825 0.4 0.025 0.775 0.8 0.35 0 0.775 0.7 0.6 0.825 0.875 0.6 0.6 0.45 0.175 0.7 0.15 0.1 0.75 0.275 0.9 
863    0.2 0.2 0.8 0.4 0.6  0.353515 0.025 0.825 0.025 0.025 0.775 0.8 0.875 0.2 0.05 0.7 0.9 0.825 0.875 0.6 0.6 0.05 0.175 0.7 0.225 0.275 0.925 0.375 0.65 
864    0.2 0.2 0.8 0.4 0.8  -0.00245466 0.025 0.825 0.175 0.025 0.775 0.8 0.35 0 0.775 0.7 0.575 0.55 0.875 0.6 0.6 0.45 0.175 0.7 0.275 0.275 0.725 0.475 0.7 
903    0.2 0.4 0.2 0 0.6  0.217364 0.025 0.825 0.85 0.025 0.775 0.8 0.025 0 0.775 0.7 0.575 0.875 0.875 0.6 0.6 0.45 0.175 0.7 0.25 0.375 0.125 0 0.65 
909    0.2 0.4 0.2 0.2 0.8  -0.0251992 0.025 0.675 0.375 0.025 0.775 0.475 0.475 0.625 0.275 0.7 0.225 0.75 0.925 0.9 0.275 0.35 0.025 0.575 0.275 0.475 0.25 0.225 0.75 
916    0.2 0.4 0.2 0.6 0.2  0.000212111 0.05 0.925 0.375 0.025 0.925 0.025 0.35 0 0.775 0.7 0.1 0.85 0.925 0.9 0.275 0.35 0.175 0.9 0.2 0.475 0.175 0.675 0.225 
928    0.2 0.4 0.4 0 0.6  -0.0261061 0.025 0.275 0.85 0.025 0.775 0.8 0.025 0 0.775 0.7 0.575 0.875 0.875 0.6 0.6 0.45 0.175 0.7 0.25 0.375 0.475 0 0.65 
929    0.2 0.4 0.4 0 0.8  -0.012415 0.025 0.825 0.35 0.025 0.575 0.8 0.35 0 0.95 0.7 0.575 0.825 0.875 0.6 0.6 0.975 0.175 0.7 0.275 0.3 0.475 0.075 0.75 
934    0.2 0.4 0.4 0.2 0.8  -0.00661968 0.025 0.675 0.375 0.025 0.775 0.475 0.475 0 0.275 0.7 0.225 0.75 0.925 0.9 0.275 0.35 0.025 0.575 0.275 0.475 0.45 0.225 0.75 
944    0.2 0.4 0.4 0.6 0.8  0.310314 0.025 0.675 0.375 0.025 0.775 0.475 0.475 0 0.125 0.7 0.225 0.75 0.925 0.9 0.275 0.35 0.175 0.575 0.275 0.475 0.45 0.6 0.7 
959    0.2 0.4 0.6 0.2 0.8  -0.0180831 0.025 0.675 0.375 0.025 0.775 0.475 0.475 0.625 0.275 0.7 0.225 0.75 0.925 0.9 0.275 0.35 0.025 0.575 0.275 0.475 0.575 0.225 0.75 
983    0.2 0.4 0.8 0.2 0.6  -0.0227968 0.025 0.825 0.375 0.025 0.775 0.8 0.3 0.125 0.775 0.7 0.575 0.825 0.875 0.6 0.6 0.175 0.175 0.7 0.125 0.3 0.725 0.15 0.65 
984    0.2 0.4 0.8 0.2 0.8  -0.00269217 0.025 0.675 0.375 0.025 0.775 0.475 0.475 0.625 0.275 0.7 0.225 0.75 0.925 0.9 0.275 0.35 0.025 0.575 0.275 0.475 0.95 0.225 0.75 
989    0.2 0.4 0.8 0.4 0.8  -0.00496975 0.025 0.825 0.375 0.125 0.775 0.4 0.45 0 0.775 0.7 0.575 0.825 0.875 0.6 0.6 0.45 0.175 0.7 0.15 0.3 0.8 0.45 0.9 
1007    0.2 0.6 0 0.2 0.4  0.761214 0.025 0.675 0.375 0.025 0.775 0.825 0.475 0.3 0.9 0.4 0.925 0.25 0.925 0.9 0.275 0.35 0.175 0.225 0.175 0.525 0.025 0.175 0.4 
1009    0.2 0.6 0 0.2 0.8  0.0135912 0.025 0.825 0.375 0.025 0.775 0.025 0.35 0 0.775 0.7 0.575 0.825 0.875 0.9 0.275 0.35 0.175 0.525 0.175 0.525 0.025 0.175 0.9 
1016    0.2 0.6 0 0.6 0.2  0.906991 0.025 0.675 0.375 0.05 0.775 0.475 0.475 0 0.9 0.7 0.55 0.25 0.925 0.9 0.275 0.35 0.175 0.225 0.175 0.525 0.025 0.6 0.15 
1017    0.2 0.6 0 0.6 0.4  1.01445 0.025 0.675 0.375 0.025 0.775 0.825 0.475 0.3 0.9 0.7 0.925 0.25 0.925 0.9 0.275 0.35 0.175 0.225 0.175 0.525 0.025 0.6 0.4 
1019    0.2 0.6 0 0.6 0.8  0.76039 0.025 0.825 0.375 0.025 0.775 0.025 0.35 0 0.775 0.7 0.575 0.25 0.925 0.9 0.275 0.35 0.175 0.225 0.175 0.525 0.025 0.6 0.9 
1024    0.2 0.6 0 0.8 0.8  1.08253 0.025 0.825 0.375 0.025 0.775 0.025 0.35 0 0.775 0.7 0.575 0.825 0.875 0.9 0.275 0.35 0.175 0.525 0.175 0.525 0.025 0.7 0.9 
1029    0.2 0.6 0.2 0 0.8  -0.0248946 0.025 0.675 0.375 0.025 0.8 0.125 0.475 0 0.125 0.7 0.225 0.75 0.925 0.9 0.275 0.35 0.175 0.575 0.275 0.5 0.275 0.05 0.75 
1032    0.2 0.6 0.2 0.2 0.4  0.00364069 0.025 0.6 0.375 0.025 0.775 0.1 0.8 0.05 0.9 0.7 0.325 0.25 0.925 0.9 0.275 0.35 0.175 0.825 0.15 0.5 0.2 0.275 0.475 
1034    0.2 0.6 0.2 0.2 0.8  0.00866922 0.025 0.675 0.375 0.025 0.775 0.475 0.475 0.125 0.9 0.7 0.3 0.75 0.925 0.9 0.275 0.35 0.025 0.575 0.275 0.675 0.2 0.225 0.75 
1037    0.2 0.6 0.2 0.4 0.4  -0.0259802 0.025 0.6 0.375 0.025 0.775 0.475 0.8 0.05 0.9 0.65 0.325 0.25 0.925 0.9 0.275 0.35 0.175 0.825 0.25 0.5 0.2 0.375 0.425 
1039    0.2 0.6 0.2 0.4 0.8  1.54949 0.025 0.675 0.375 0.025 0.125 0.275 0.475 0 0.125 0.5 0.225 0.25 0.875 0.85 0.275 0.35 0.05 0.575 0.275 0.5 0.175 0.45 0.75 
1041    0.2 0.6 0.2 0.6 0.2  -0.00769045 0.05 0.6 0.375 0.025 0.925 0.025 0.35 0 0.775 0.7 0.1 0.85 0.925 0.9 0.275 0.35 0.175 0.9 0.2 0.525 0.175 0.675 0.225 
1042    0.2 0.6 0.2 0.6 0.4  -0.0254254 0.025 0.6 0.375 0.025 0.775 0.475 0.8 0.05 0.9 0.65 0.325 0.25 0.925 0.9 0.275 0.35 0.175 0.825 0.25 0.5 0.2 0.5 0.425 
1044    0.2 0.6 0.2 0.6 0.8  1.22963 0.025 0.675 0.375 0.025 0.15 0.125 0.475 0 0.125 0.7 0.225 0.75 0.925 0.9 0.275 0.35 0.175 0.575 0.275 0.5 0.275 0.6 0.75 
1047    0.2 0.6 0.2 0.8 0.4  0.229582 0.025 0.6 0.375 0.025 0.775 0.475 0.8 0.05 0.9 0.65 0.325 0.25 0.925 0.9 0.275 0.35 0.175 0.825 0.25 0.5 0.2 0.7 0.425 
1059    0.2 0.6 0.4 0.2 0.8  -0.0221445 0.025 0.675 0.375 0.4 0.775 0.475 0.475 0 0.275 0.7 0.225 0.75 0.925 0.9 0.275 0.35 0.025 0.575 0.275 0.525 0.45 0.225 0.75 
1062    0.2 0.6 0.4 0.4 0.4  -0.00762941 0.05 0.6 0.375 0.025 0.925 0.025 0.35 0 0.775 0.15 0.1 0.45 0.925 0.9 0.275 0.65 0.175 0.9 0.275 0.5 0.3 0.425 0.35 
1066    0.2 0.6 0.4 0.6 0.2  -0.0251878 0.05 0.525 0.375 0.025 0.925 0.025 0.35 0 0.775 0.7 0.1 0.85 0.925 0.9 0.275 0.35 0.175 0.9 0.225 0.525 0.375 0.675 0.275 
1069    0.2 0.6 0.4 0.6 0.8  0.233065 0.05 0.525 0.375 0.025 0.925 0.025 0.35 0 0.775 0.7 0.1 0.85 0.925 0.9 0.275 0.35 0.175 0.9 0.225 0.525 0.375 0.675 0.9 
1074    0.2 0.6 0.4 0.8 0.8  -0.0269349 0.05 0.175 0.375 0.025 0.925 0.025 0.35 0 0.775 0.7 0.1 0.85 0.925 0.9 0.275 0.35 0.175 0.9 0.225 0.525 0.375 0.75 0.9 
1082    0.2 0.6 0.6 0.2 0.4  -0.426664 0.05 0.175 0.375 0.025 0.775 0.475 0.475 0.275 0.9 0.7 0.925 0.025 0.375 0.9 0.275 0.35 0.175 0.225 0.175 0.5 0.6 0.2 0.425 
1086    0.2 0.6 0.6 0.4 0.2  0.001608 0.05 0.6 0.375 0.025 0.925 0.025 0.35 0 0.775 0.7 0.975 0.85 0.925 0.65 0.275 0.65 0.175 0.9 0.125 0.525 0.675 0.325 0.25 
1087    0.2 0.6 0.6 0.4 0.4  -0.00952728 0.05 0.6 0.375 0.025 0.925 0.025 0.35 0 0.775 0.7 0.1 0.65 0.925 0.9 0.275 0.65 0.175 0.9 0.175 0.525 0.675 0.425 0.35 
1092    0.2 0.6 0.6 0.6 0.4  -0.0189772 0.25 0.6 0.375 0.025 0.775 0.475 0.475 0.05 0.9 0.7 0.325 0.25 0.925 0.9 0.275 0.35 0.175 0.825 0.1 0.5 0.575 0.55 0.425 
1094    0.2 0.6 0.6 0.6 0.8  -0.0192813 0.025 0.675 0.375 0.025 0.825 0.475 0.475 0 0.125 0.7 0.225 0.75 0.925 0.9 0.275 0.35 0.175 0.575 0.275 0.5 0.65 0.6 0.75 
1104    0.2 0.6 0.8 0 0.8  -0.00442009 0.025 0.675 0.375 0.025 0.125 0.275 0.475 0 0.125 0.7 0.225 0.25 0.925 0.85 0.275 0.35 0.05 0.575 0.275 0.5 0.75 0.05 0.75 
1106    0.2 0.6 0.8 0.2 0.2  -0.00870862 0.05 0.6 0.375 0.875 0.925 0.025 0.35 0.7 0.775 0.7 0.1 0.425 0.925 0.9 0.275 0.65 0.175 0.9 0.1 0.525 0.975 0.15 0.25 
1107    0.2 0.6 0.8 0.2 0.4  -1.10688 0.025 0.175 0.375 0.025 0.775 0.475 0.475 0 0.9 0.7 0.925 0.025 0.375 0.9 0.275 0.35 0.175 0.225 0.175 0.5 0.975 0.2 0.425 
1109    0.2 0.6 0.8 0.2 0.8  -0.00143896 0.025 0.675 0.375 0.025 0.775 0.475 0.475 0.125 0.9 0.7 0.3 0.75 0.925 0.9 0.275 0.35 0.025 0.575 0.275 0.65 0.7 0.225 0.75 
1112    0.2 0.6 0.8 0.4 0.4  -0.0121269 0.025 0.6 0.375 0.025 0.775 0.35 0.8 0.05 0.9 0.65 0.325 0.25 0.925 0.9 0.275 0.05 0.175 0.8 0.175 0.5 0.775 0.375 0.475 
1114    0.2 0.6 0.8 0.4 0.8  0.00301345 0.05 0.6 0.375 0.025 0.925 0.025 0.35 0.4 0.775 0.7 0.15 0.25 0.925 0.725 0.275 0.275 0.175 0.425 0.25 0.5 0.85 0.325 0.75 
1116    0.2 0.6 0.8 0.6 0.2  -0.0142743 0.05 0.6 0.375 0.875 0.925 0.025 0.35 0.7 0.775 0.7 0.1 0.425 0.925 0.9 0.275 0.65 0.175 0.9 0.1 0.525 0.975 0.675 0.25 
1117    0.2 0.6 0.8 0.6 0.4  0.798634 0.025 0.55 0.375 0.025 0.775 0.475 0.475 0 0.9 0.7 0.925 0.025 0.375 0.9 0.275 0.35 0.175 0.225 0.175 0.5 0.975 0.6 0.425 
1119    0.2 0.6 0.8 0.6 0.8  1.19691 0.025 0.675 0.375 0.025 0.775 0.275 0.475 0 0.125 0.7 0.225 0.25 0.925 0.9 0.275 0.35 0.05 0.55 0.15 0.5 0.825 0.6 0.7 
1122    0.2 0.6 0.8 0.8 0.4  -2.43626 0.025 0.175 0.375 0.025 0.775 0.475 0.475 0 0.9 0.7 0.925 0.025 0.375 0.9 0.275 0.35 0.175 0.225 0.175 0.5 0.975 0.925 0.425 
1124    0.2 0.6 0.8 0.8 0.8  0.000779936 0.05 0.6 0.375 0.025 0.925 0.025 0.35 0.4 0.775 0.7 0.15 0.25 0.925 0.725 0.275 0.275 0.175 0.425 0.25 0.5 0.85 0.7 0.75 
1128    0.2 0.8 0 0 0.6  -0.0316367 0.025 0.825 0.375 0.025 0.775 0.8 0.3 0 0.775 0.7 0.575 0.825 0.875 0.6 0.6 0.45 0.175 0.7 0.1 0.975 0 0 0.65 
1129    0.2 0.8 0 0 0.8  -0.0155127 0.025 0.825 0.375 0.025 0.775 0.8 0.3 0 0.775 0.7 0.575 0.825 0.875 0.6 0.6 0.45 0.175 0.7 0.1 0.975 0 0 0.725 
1139    0.2 0.8 0 0.4 0.8  -0.0275097 0.025 0.15 0.375 0.025 0.775 0.8 0.3 0 0.775 0.7 0.575 0.825 0.875 0.6 0.6 0.45 0.175 0.7 0.1 0.975 0 0.325 0.725 
1141    0.2 0.8 0 0.6 0.2  -0.0359106 0.025 0.675 0.375 0.025 0.775 0.475 0.475 0 0.925 0.7 0.475 0.65 0.375 0.9 0.3 0.35 0.175 0.225 0.175 0.825 0.025 0.6 0.15 
1153    0.2 0.8 0.2 0 0.6  -0.0319968 0.025 0.825 0.375 0.025 0.775 0.8 0.3 0 0.775 0.7 0.575 0.825 0.875 0.6 0.6 0.45 0.175 0.7 0.25 0.975 0.125 0 0.65 
1156    0.2 0.8 0.2 0.2 0.2  -0.0183463 0.05 0.6 0.375 0.025 0.925 0.025 0.35 0 0.775 0.7 0.1 0.75 0.925 0.9 0.275 0.35 0.175 0.9 0.1 0.775 0.175 0.2 0.225 
1158    0.2 0.8 0.2 0.2 0.6  -0.0293819 0.025 0.825 0.375 0.025 0.775 0.8 0.3 0 0.775 0.7 0.575 0.825 0.875 0.6 0.1 0.45 0.175 0.7 0.25 0.75 0.125 0.275 0.675 
1159    0.2 0.8 0.2 0.2 0.8  0.00801579 0.025 0.675 0.375 0.025 0.775 0.475 0.475 0.125 0.9 0.7 0.3 0.75 0.925 0.9 0.275 0.35 0.025 0.575 0.275 0.75 0.2 0.225 0.75 
1161    0.2 0.8 0.2 0.4 0.2  -0.00948491 0.05 0.6 0.375 0.025 0.925 0.025 0.35 0 0.775 0.7 0.1 0.75 0.925 0.9 0.275 0.35 0.175 0.9 0.275 0.775 0.175 0.4 0.225 
1169    0.2 0.8 0.2 0.6 0.8  -0.026843 0.025 0.675 0.375 0.05 0.775 0.475 0.475 0 0.125 0.7 0.225 0.75 0.925 0.9 0.275 0.35 0.175 0.575 0.275 0.75 0.275 0.6 0.75 
1184    0.2 0.8 0.4 0.2 0.8  0.0106445 0.025 0.675 0.375 0.025 0.775 0.475 0.475 0.125 0.9 0.7 0.225 0.75 0.925 0.9 0.275 0.35 0.025 0.575 0.275 0.75 0.45 0.225 0.75 
1187    0.2 0.8 0.4 0.4 0.4  -0.00685125 0.05 0.675 0.4 0.025 0.925 0.025 0.6 0 0.775 0.7 0.1 0.3 0.925 0.65 0.275 0.65 0.175 0.9 0.25 0.925 0.325 0.325 0.325 
1189    0.2 0.8 0.4 0.4 0.8  -0.0169656 0.025 0.675 0.375 0.025 0.775 0.275 0.475 0 0.125 0.4 0.225 0.75 0.925 0.85 0.275 0.35 0.05 0.575 0.2 1 0.475 0.475 0.75 
1190    0.2 0.8 0.4 0.6 0  -0.026472 0.05 0.6 0.325 0.025 0.925 0.025 0.35 0 0.775 0.7 0.575 0.075 0.925 0.9 0.275 0.35 0.175 0.9 0.175 0.7 0.375 0.675 0.025 
1218    0.2 0.8 0.6 0.6 0.6  -0.000270218 0.025 0.675 0.375 0.025 0.775 0.275 0.475 0 0.125 0.7 0.225 0.25 0.925 0.85 0.275 0.35 0.05 0.575 0.15 1 0.55 0.5 0.675 
1219    0.2 0.8 0.6 0.6 0.8  -0.000270218 0.025 0.675 0.375 0.025 0.775 0.275 0.475 0 0.125 0.7 0.225 0.25 0.925 0.85 0.275 0.35 0.05 0.575 0.15 1 0.55 0.5 0.75 
1228    0.2 0.8 0.8 0 0.6  -0.00573993 0.025 0.675 0.375 0.025 0.775 0.275 0.475 0 0.125 0.7 0.225 0.25 0.925 0.85 0.275 0.35 0.05 0.575 0.15 1 0.825 0.05 0.6 
1229    0.2 0.8 0.8 0 0.8  -0.0313099 0.025 0.825 0.375 0.025 0.775 0.8 0.3 0 0.775 0.725 0.575 0.825 0.875 0.6 0.6 0.45 0.175 0.7 0.1 0.975 0.975 0 0.725 
1234    0.2 0.8 0.8 0.2 0.8  -0.00532506 0.025 0.675 0.375 0.025 0.775 0.275 0.475 0 0.125 0.7 0.225 0.25 0.925 0.85 0.275 0.35 0.05 0.575 0.225 1 0.825 0.275 0.75 
1238    0.2 0.8 0.8 0.4 0.6  0.293785 0.025 0.825 0.025 0.025 0.775 0.8 0.975 0.2 0.05 0.7 0.65 0.825 0.875 0.6 0.6 0.05 0.175 0.7 0.225 0.975 0.925 0.375 0.65 
1239    0.2 0.8 0.8 0.4 0.8  -0.0241834 0.025 0.675 0.375 0.025 0.775 0.275 0.475 0 0.125 0.4 0.225 0.75 0.925 0.85 0.275 0.35 0.05 0.575 0.2 1 0.825 0.475 0.75 
1334    0.4 0 0.6 0.2 0.8  -0.0244557 0.025 0.825 0.325 0.025 0.775 0.8 0.35 0 0.775 0.7 0.625 0.6 0.875 0.6 0.6 0.45 0.175 0.7 0.425 0.05 0.5 0.275 0.925 
1383    0.4 0.2 0 0.2 0.6  0.265089 0.025 0.825 0.375 0.025 0.775 0.8 0.3 0.125 0.85 0.7 0.575 0.825 0.875 0.6 0.6 0.45 0.175 0.7 0.425 0.1 0.025 0.15 0.65 
1404    0.4 0.2 0.2 0 0.8  0.0179673 0.05 0.6 0.25 0.025 0.925 0.025 0.35 0 0.775 0.7 0.575 0.075 0.925 0.9 0.325 0.35 0.175 0.5 0.325 0.275 0.25 0.025 0.825 
1408    0.4 0.2 0.2 0.2 0.6  0.303466 0.025 0.825 0.375 0.025 0.775 0.8 0.425 0.125 0.775 0.75 0.575 0.825 0.875 0.6 0.6 0.45 0.175 0.7 0.425 0.1 0.125 0.15 0.65 
1409    0.4 0.2 0.2 0.2 0.8  -0.0272512 0.025 0.825 0.375 0.025 0.775 0.8 0.35 0.15 0.775 0.7 0.575 0.825 0.875 0.6 0.6 0.45 0.175 0.7 0.3 0.1 0.125 0.275 0.9 
1413    0.4 0.2 0.2 0.4 0.6  -0.0269818 0.025 0.825 0.375 0.025 0.775 0.8 0.3 0.125 0.775 0.7 0.575 0.825 0.875 0.6 0.6 0.45 0.175 0.7 0.425 0.1 0.125 0.375 0.65 
1429    0.4 0.2 0.4 0 0.8  0.328689 0.625 0.825 0.375 0.025 0.125 0.8 0.775 0 0.125 0.7 0.575 0.825 0.875 0.625 0.6 0.975 0.975 0.7 0.425 0.1 0.4 0.025 0.75 
1434    0.4 0.2 0.4 0.2 0.8  0.00334277 0.025 0.825 0.1 0.025 0.775 0.8 0.35 0 0.775 0.7 0.575 0.05 0.875 0.6 0.6 0.45 0.175 0.7 0.45 0.275 0.475 0.225 0.7 
1439    0.4 0.2 0.4 0.4 0.8  0.00275468 0.025 0.825 0.175 0.025 0.775 0.8 0.35 0 0.425 0.7 0.575 0.55 0.875 0.6 0.6 0.45 0.175 0.7 0.475 0.275 0.475 0.475 0.7 
1440    0.4 0.2 0.4 0.6 0  -0.0154115 0.05 0.6 0.375 0.025 0.925 0.025 0.35 0 0.775 0.7 0.575 0.85 0.925 0.9 0.475 0.35 0.175 0.9 0.325 0.175 0.325 0.675 0.075 
1441    0.4 0.2 0.4 0.6 0.2  -0.856701 0.05 0.6 0.375 0.025 0.925 0.025 0.35 0 0.775 0.7 0.575 0.85 0.925 0.9 0.275 0.35 0.175 0.9 0.325 0.175 0.325 0.675 0.125 
1449    0.4 0.2 0.4 0.8 0.8  -0.0236355 0.025 0.825 0.375 0.075 0.775 0.8 0.35 0 0.125 0.7 0.575 0.825 0.875 0.625 0.6 0.975 0.975 0.7 0.35 0.1 0.4 0.7 0.75 
1459    0.4 0.2 0.6 0.2 0.8  -0.0256748 0.025 0.825 0.325 0.025 0.775 0.8 0.35 0 0.775 0.7 0.625 0.6 0.875 0.6 0.6 0.45 0.175 0.7 0.425 0.1 0.5 0.275 0.925 
1464    0.4 0.2 0.6 0.4 0.8  0.00684843 0.025 0.825 0.325 0.025 0.775 0.8 0.35 0 0.775 0.7 0.625 0.825 0.875 0.6 0.6 0.45 0.175 0.7 0.425 0.1 0.5 0.35 0.9 
1483    0.4 0.2 0.8 0.2 0.6  0.00103598 0.025 0.825 0.375 0.275 0.775 0.4 0.35 0 0.775 0.7 0.575 0.825 0.875 0.6 0.6 0.45 0.175 0.7 0.425 0.25 0.8 0.2 0.625 
1484    0.4 0.2 0.8 0.2 0.8  0.00116606 0.025 0.825 0.375 0.025 0.775 0.4 0.35 0 0.775 0.7 0.575 0.825 0.875 0.6 0.6 0.45 0.175 0.7 0.425 0.25 0.8 0.2 0.9 
1488    0.4 0.2 0.8 0.4 0.6  -0.0227365 0.025 0.825 0.025 0.025 0.775 0.8 0.875 0.2 0.05 0.7 0.9 0.825 0.875 0.6 0.6 0.975 0.175 0.7 0.45 0.275 0.925 0.375 0.65 
1489    0.4 0.2 0.8 0.4 0.8  -0.00142495 0.025 0.825 0.375 0.025 0.775 0.8 0.35 0 0.775 0.7 0.625 0.825 0.875 0.6 0.6 0.45 0.175 0.7 0.3 0.1 0.75 0.35 0.9 
1501    0.4 0.4 0 0 0.2  1.20586 0.05 0.8 0.375 0.025 0.775 0.025 0.8 0 0.775 0.7 0.575 0.25 0.925 0.9 0.275 0.35 0.175 0.225 0.325 0.475 0.025 0.075 0.125 
1507    0.4 0.4 0 0.2 0.4  -0.346614 0.025 0.675 0.375 0.025 0.075 0.475 0.475 0 0.9 0.7 0.925 0.25 0.925 0.9 0.35 0.35 0.175 0.225 0.45 0.375 0.025 0.225 0.425 
1516    0.4 0.4 0 0.6 0.2  1.27953 0.025 0.6 0.375 0.025 0.925 0.025 0 0 0.775 0.7 0.575 0.25 0.925 0.55 0.15 0.35 0.175 0.25 0.325 0.4 0.025 0.6 0.125 
1517    0.4 0.4 0 0.6 0.4  0.806847 0.025 0.675 0.375 0.025 0.775 0.475 0.475 0 0.9 0.7 0.925 0.25 0.925 0.75 0.35 0.45 0.175 0.225 0.45 0.375 0.025 0.6 0.425 
1519    0.4 0.4 0 0.6 0.8  0.0980161 0.05 0.15 0.375 0.025 0.775 0.025 0.575 0 0.775 0.7 0.575 0.25 0.925 0.9 0.275 0.35 0.175 0.225 0.325 0.475 0.025 0.6 0.9 
1528    0.4 0.4 0.2 0 0.6  -0.0344698 0.025 0.825 0.85 0.025 0.825 0.8 0.025 0 0.775 0.7 0.575 0.875 0.875 0.6 0.6 0.45 0.175 0.7 0.375 0.375 0.125 0 0.65 
1529    0.4 0.4 0.2 0 0.8  -0.00632175 0.05 0.6 0.375 0.025 0.925 0.025 0.35 0 0.775 0.7 0.575 0.075 0.925 0.9 0.325 0.35 0.175 0.5 0.325 0.475 0.25 0.025 0.825 
1532    0.4 0.4 0.2 0.2 0.4  -0.000444166 0.025 0.6 0.375 0.025 0.775 0.475 0.8 0.05 0.9 0.7 0.325 0.475 0.925 0.9 0.275 0.35 0.175 0.825 0.45 0.45 0.2 0.275 0.425 
1534    0.4 0.4 0.2 0.2 0.8  -0.0195915 0.025 0.675 0.375 0.025 0.775 0.475 0.475 0.625 0.275 0.7 0.225 0.75 0.925 0.9 0.275 0.35 0.025 0.575 0.4 0.475 0.25 0.225 0.75 
1544    0.4 0.4 0.2 0.6 0.8  -0.0246837 0.025 0.25 0.375 0.025 0.775 0.475 0.475 0.1 0.125 0.7 0.225 0.75 0.925 0.9 0.275 0.35 0.175 0.575 0.475 0.475 0.2 0.6 0.75 
1557    0.4 0.4 0.4 0.2 0.4  0.0184931 0.025 0.6 0.375 0.45 0.775 0.475 0.8 0.05 0.9 0.7 0.325 0.475 0.925 0.9 0.275 0.35 0.175 0.825 0.45 0.45 0.45 0.275 0.425 
1559    0.4 0.4 0.4 0.2 0.8  -0.00516661 0.025 0.675 0.35 0.025 0.775 0.475 0.475 0 0.275 0.7 0.225 0.75 0.925 0.9 0.275 0.35 0.025 0.575 0.375 0.475 0.45 0.225 0.75 
1569    0.4 0.4 0.4 0.6 0.8  0.948924 0.025 0.875 0.375 0.025 0.775 0.475 0.475 0 0.825 0.7 0.225 0.75 0.925 0.9 0.275 0.35 0.225 0.575 0.375 0.475 0.45 0.6 0.975 
1570    0.4 0.4 0.4 0.8 0  -0.0182525 0.35 0.225 0.375 0 0.925 0.025 0.35 0 0.775 0.7 0.1 0 0.95 0.9 0.275 0.65 0.175 0.9 0.325 0.475 0.375 0.75 0.025 
1571    0.4 0.4 0.4 0.8 0.2  -0.0226646 0.35 0.225 0.375 0 0.925 0.025 0.35 0 0.775 0.7 0.1 0 0.95 0.9 0.275 0.65 0.175 0.9 0.325 0.475 0.375 0.75 0.25 
1595    0.4 0.4 0.6 0.8 0  -0.0198613 0.35 0.225 0.375 0 0.925 0.025 0.35 0 0.775 0.7 0.1 0 0.95 0.9 0.275 0.65 0.175 0.9 0.325 0.475 0.55 0.75 0.025 
1608    0.4 0.4 0.8 0.2 0.6  -0.0110009 0.025 0.825 0.375 0.025 0.775 0.8 0.3 0.125 0.775 0.7 0.575 0.825 0.875 0.6 0.6 0.45 0.175 0.7 0.425 0.3 0.725 0.15 0.65 
1609    0.4 0.4 0.8 0.2 0.8  -0.00135639 0.025 0.825 0.375 0.025 0.775 0.4 0.35 0 0.775 0.7 0.575 0.825 0.875 0.6 0.6 0.45 0.175 0.7 0.475 0.3 0.8 0.2 0.9 
1614    0.4 0.4 0.8 0.4 0.8  -0.00446008 0.025 0.825 0.375 0.025 0.775 0.4 0.45 0 0.775 0.7 0.575 0.825 0.875 0.6 0.6 0.45 0.175 0.7 0.475 0.3 0.8 0.45 0.9 
1619    0.4 0.4 0.8 0.6 0.8  -0.0114067 0.025 0.675 0.375 0.025 0.775 0.475 0.475 0.925 0.125 0.7 0.225 0.75 0.925 0.9 0.275 0.35 0.175 0.575 0.475 0.475 0.95 0.6 0.75 
1628    0.4 0.6 0 0 0.6  -0.0206628 0.025 0.825 0.375 0.025 0.775 0.8 0.125 0 0.775 0.7 0.575 0.825 0.875 0.6 0.6 0.45 0.175 0.7 0.45 0.675 0 0 0.65 
1629    0.4 0.6 0 0 0.8  -0.0243073 0.025 0.825 0.375 0.025 0.775 0.8 0.125 0 0.775 0.7 0.575 0.825 0.875 0.6 0.6 0.45 0.175 0.7 0.45 0.675 0 0 0.875 
1632    0.4 0.6 0 0.2 0.4  -0.0288627 0.025 0.675 0.375 0.025 0.775 0.475 0.475 0 0.9 0.7 0.925 0.25 0.925 0.9 0.275 0.35 0.175 0.8 0.45 0.5 0.025 0.2 0.425 
1634    0.4 0.6 0 0.2 0.8  -0.00852089 0.025 0.825 0.375 0.025 0.775 0.8 0.35 0 0.775 0.7 0.575 0.825 0.875 0.9 0.275 0.35 0.175 0.525 0.425 0.525 0.025 0.15 0.9 
1640    0.4 0.6 0 0.6 0  0.888977 0.025 0.75 0.625 0.025 0.775 0.475 0.475 0 0.475 0.7 0.925 0.25 0.925 0.9 0.275 0.75 0.325 0.225 0.45 0.525 0.075 0.6 0.075 
1641    0.4 0.6 0 0.6 0.2  1.69848 0.05 0.6 0.375 0.025 0.925 0.025 0 0 0.775 0.7 0.575 0.25 0.925 0.55 0.275 0.35 0.175 0.25 0.325 0.525 0.025 0.6 0.125 
1642    0.4 0.6 0 0.6 0.4  0.642615 0.025 0.675 0.375 0.025 0.775 0.475 0.475 0 0.9 0.7 0.925 0.25 0.925 0.9 0.275 0.35 0.175 0.225 0.45 0.5 0.025 0.6 0.425 
1644    0.4 0.6 0 0.6 0.8  0.275813 0.05 0.6 0.375 0.025 0.925 0.025 0.35 0 0.1 0.7 0.575 0.25 0.925 0.925 0.275 0.35 0.175 0.25 0.325 0.525 0.025 0.6 0.9 
1654    0.4 0.6 0.2 0 0.8  -0.0225991 0.05 0.6 0.375 0.025 0.925 0.025 0.35 0 0.775 0.7 0.575 0.075 0.925 0.9 0.325 0.35 0.175 0.5 0.325 0.55 0.25 0.025 0.825 
1657    0.4 0.6 0.2 0.2 0.4  -0.00227185 0.025 0.6 0.375 0.025 0.775 0.475 0.8 0.05 0.9 0.7 0.325 0.25 0.925 0.9 0.275 0.35 0.175 0.825 0.45 0.5 0.2 0.275 0.475 
1659    0.4 0.6 0.2 0.2 0.8  -0.0157562 0.025 0.675 0.375 0.025 0.775 0.475 0.475 0 0.125 0.7 0.225 0.25 0.925 0.9 0.275 0.35 0.175 0.575 0.3 0.5 0.275 0.275 0.75 
1662    0.4 0.6 0.2 0.4 0.4  -0.0183507 0.025 0.6 0.375 0.025 0.775 0.475 0.8 0.05 0.9 0.65 0.325 0.25 0.925 0.9 0.275 0.35 0.175 0.825 0.45 0.5 0.2 0.375 0.425 
1664    0.4 0.6 0.2 0.4 0.8  -0.027996 0.025 0.825 0.375 0.025 0.775 0.625 0.75 0 0.775 0.7 0.575 0.825 0.875 0.9 0.275 0.6 0.175 0.625 0.425 0.525 0.125 0.45 0.9 
1665    0.4 0.6 0.2 0.6 0  0.904171 0.025 0.675 0.625 0.025 0.775 0.475 0.475 1 0.475 0.7 0.925 0.25 0.925 0.9 0.275 0.75 0.175 0.225 0.45 0.525 0.2 0.6 0.075 
1666    0.4 0.6 0.2 0.6 0.2  0.252723 0.875 0.6 0.375 0.025 0.925 0.725 0.95 0 0.775 0.7 0.1 0.85 0.925 0.9 0.275 0.35 0.175 0.9 0.325 0.525 0.175 0.675 0.225 
1667    0.4 0.6 0.2 0.6 0.4  -0.0202897 0.025 0.6 0.375 0.025 0.775 0.475 0.8 0.05 0.9 0.525 0.325 0.25 0.925 0.875 0.275 0.35 0.175 0.825 0.45 0.5 0.2 0.5 0.425 
1669    0.4 0.6 0.2 0.6 0.8  -0.0132411 0.025 0.675 0.375 0.025 0.775 0.475 0.475 0 0.125 0.7 0.225 0.25 0.925 0.9 0.275 0.35 0.175 0.575 0.3 0.5 0.275 0.55 0.75 
1674    0.4 0.6 0.2 0.8 0.8  0.291913 0.025 0.825 0.375 0.075 0.775 0.8 0.35 0 0.775 0.7 0.575 0.825 0.5 0.9 0.275 0.35 0.175 0.525 0.425 0.525 0.125 0.725 1 
1679    0.4 0.6 0.4 0 0.8  1.11476 0.05 0.6 0.375 0.65 0.925 0.025 0.35 0 0.775 0.7 0.575 0.85 0.925 0.9 0.275 0.35 0.825 0.4 0.325 0.525 0.375 0.025 0.9 
1681    0.4 0.6 0.4 0.2 0.2  -0.0100287 0.05 0.6 0.375 0.025 0.925 0.025 0.35 0 0.775 0.7 0.1 0.85 0.925 0.9 0.275 0.65 0.175 0.9 0.325 0.525 0.375 0.275 0.25 
1687    0.4 0.6 0.4 0.4 0.4  -0.0241365 0.05 0.6 0.375 0.825 0.925 0.025 0.35 0 0.775 0.7 0.1 0.65 0.925 0.9 0.275 0.65 0.175 0.9 0.325 0.525 0.425 0.425 0.35 
1689    0.4 0.6 0.4 0.4 0.8  -0.00748435 0.025 0.825 0.175 0.025 0.775 0.8 0.35 0 0.425 0.7 0.575 0.55 0.875 0.6 0.6 0.45 0.175 0.7 0.475 0.675 0.475 0.475 0.7 
1690    0.4 0.6 0.4 0.6 0  1.17446 0.025 0.675 0.625 0.025 0.775 0.475 0.475 0 0.475 0.7 0.925 0.25 0.925 0.9 0.275 0.75 0.175 0.225 0.45 0.525 0.475 0.6 0.075 
1691    0.4 0.6 0.4 0.6 0.2  -0.00918702 0.05 0.6 0.375 0.025 0.925 0.025 0.35 0 0.775 0.7 0.1 0.85 0.925 0.9 0.275 0.65 0.175 0.9 0.325 0.525 0.45 0.675 0.25 
1692    0.4 0.6 0.4 0.6 0.4  0.657814 0.025 0.675 0.375 0.025 0.05 0.475 0.475 0.675 0.9 0.7 0.925 0.25 0.925 0.9 0.275 0.85 0.175 0.225 0.45 0.5 0.475 0.6 0.425 
1694    0.4 0.6 0.4 0.6 0.8  0.181708 0.05 0.6 0.375 0.025 0.925 0.025 0.35 0 0.775 0.7 0.1 0.85 0.925 0.9 0.275 0.35 0.175 0.9 0.325 0.525 0.375 0.675 0.9 
1696    0.4 0.6 0.4 0.8 0.2  0.00333414 0.05 0.6 0.375 0 0.925 0.025 0.35 0 0.775 0.7 0.1 0 0.925 0.9 0.275 0.65 0.175 0.9 0.325 0.525 0.375 0.75 0.25 
1701    0.4 0.6 0.6 0 0.2  0.00332491 0.05 0.6 0.375 0.025 0.925 0.025 0.35 0 0.775 0.7 0.1 0.85 0.925 0.65 0.275 0.65 0.175 0.9 0.325 0.525 0.675 0.075 0.25 
1702    0.4 0.6 0.6 0 0.4  1.73388 0.05 0.6 0.375 0.025 0.925 0.025 0.35 0 0.775 0.7 0.1 0.65 0.925 0.95 0.275 0.65 0.175 0.9 0.325 0.525 0.675 0.025 0.35 
1705    0.4 0.6 0.6 0.2 0  0.00244194 0.05 0.375 0.375 0.025 0.925 0.025 0.35 0 0.775 0.7 0.1 0.85 0.925 0.65 0.275 0.65 0.175 0.9 0.325 0.525 0.675 0.2 0 
1706    0.4 0.6 0.6 0.2 0.2  0.00231635 0.05 0.6 0.375 0.025 0.925 0.025 0.35 0 0.775 0.7 0.1 0.85 0.925 0.65 0.275 0.65 0.175 0.9 0.325 0.525 0.675 0.2 0.25 
1707    0.4 0.6 0.6 0.2 0.4  0.000279127 0.05 0.025 0.375 0.025 0.925 0.025 0.35 0 0.775 0.7 0.2 0.65 0.925 0.9 0.275 0.65 0.175 0.9 0.475 0.525 0.675 0.25 0.35 
1710    0.4 0.6 0.6 0.4 0  0.000913893 0.05 0.6 0.375 0.025 0.925 0.025 0.35 0.75 0.775 0.7 0.1 0.85 0.925 0.65 0.275 0.65 0.175 0.9 0.325 0.525 0.675 0.325 0.075 
1711    0.4 0.6 0.6 0.4 0.2  0.00163396 0.05 0.6 0.375 0.025 0.925 0.025 0.35 0 0.775 0.7 0.1 0.85 0.925 0.65 0.275 0.65 0.175 0.9 0.325 0.525 0.675 0.325 0.25 
1712    0.4 0.6 0.6 0.4 0.4  0.598804 0.05 0.6 0.375 0.025 0.925 0.025 0.35 0 0.775 0.7 0.1 0.65 0.925 0.95 0.275 0.65 0.175 0.9 0.325 0.525 0.675 0.425 0.35 
1716    0.4 0.6 0.6 0.6 0.2  0.00411218 0.1 0.6 0.375 0.5 0.925 0.025 0.35 0 0.775 0.7 0.1 0.85 0.925 0.65 0.275 0.65 0.175 0.9 0.325 0.525 0.675 0.55 0.25 
1717    0.4 0.6 0.6 0.6 0.4  -0.0224613 0.025 0.6 0.375 0.025 0.775 0.475 0.475 0.05 0.9 0.7 0.325 0.25 0.925 0.9 0.275 0.35 0.175 0.825 0.45 0.5 0.575 0.575 0.425 
1719    0.4 0.6 0.6 0.6 0.8  -0.0194859 0.025 0.675 0.375 0.025 0.775 0.475 0.475 0 0.125 0.7 0.225 0.25 0.925 0.9 0.275 0.35 0.175 0.575 0.3 0.5 0.675 0.55 0.75 
1721    0.4 0.6 0.6 0.8 0.2  -0.00562831 0.05 0.6 0.375 0.025 0.925 0.025 0.35 0 0.775 0.7 0.1 0.85 0.925 0.9 0.275 0.65 0.175 0.9 0.325 0.525 0.675 0.725 0.25 
1722    0.4 0.6 0.6 0.8 0.4  -0.614704 0.025 0.6 0.375 0.025 0.775 0.475 0.475 0.6 0.9 0.625 0.925 0.25 0.925 0.9 0.275 0.35 0.175 0.225 0.45 0.5 0.575 0.85 0.425 
1724    0.4 0.6 0.6 0.8 0.8  1.51309 0.025 0.675 0.375 0.025 0.775 0.7 0.475 0 0.125 0.7 0.225 1 0.925 0.9 0.2 0.35 0.175 0.575 0.3 0.5 0.675 0.85 0.825 
1729    0.4 0.6 0.8 0 0.8  0.000632445 0.025 0.675 0.375 0.025 0.125 0.275 0.475 0 0.125 0.7 0.225 0.25 0.925 0.85 0.275 0.35 0.05 0.575 0.35 0.5 0.75 0.05 0.75 
1731    0.4 0.6 0.8 0.2 0.2  -0.0228984 0.05 0.6 0.375 0.025 0.925 0.025 0.35 0 0.675 0.7 0.1 0.85 0.925 0.65 0.275 0.65 0.175 0.9 0.325 0.525 1 0.2 0.225 
1732    0.4 0.6 0.8 0.2 0.4  0.0516908 0.025 0.675 0.375 0.025 0.775 0.475 0.45 0 0.9 0.7 0.925 0.25 0.925 0.9 0.275 0.35 0.175 0.225 0.45 0.5 0.95 0.2 0.425 
1736    0.4 0.6 0.8 0.4 0.2  0.0025958 0.05 0.6 0.375 0.025 0.925 0.025 0.35 0 0.775 0.7 0.1 0.85 0.925 0.65 0.275 0.65 0.175 0.9 0.325 0.525 0.8 0.325 0.25 
1737    0.4 0.6 0.8 0.4 0.4  -0.0248575 0.025 0.6 0.375 0.025 0.775 0.35 0.8 0.05 0.9 0.55 0.325 0.25 0.925 0.9 0.275 0.05 0.175 0.8 0.3 0.5 0.775 0.375 0.475 
1738    0.4 0.6 0.8 0.4 0.6  -0.0231345 0.025 0.6 0.375 0.025 0.775 0.35 0.8 0.05 0.2 0.55 0.325 0.25 0.925 0.9 0.275 0.05 0.175 0.8 0.3 0.5 0.775 0.375 0.65 
1739    0.4 0.6 0.8 0.4 0.8  0.00178869 0.025 0.825 0.375 0.025 0.775 0.625 0.75 0 0.775 0.7 0.575 0.825 0.875 0.9 0.275 0.6 0.175 0.625 0.425 0.525 0.85 0.45 0.9 
1740    0.4 0.6 0.8 0.6 0  -0.944011 0.025 0.675 0.375 0.025 0.775 0.475 0.45 0 0.925 0.7 0.925 0.25 0.925 0.9 0.275 0.35 0.175 0.225 0.45 0.525 0.825 0.6 0.075 
1742    0.4 0.6 0.8 0.6 0.4  0.192017 0.025 0.6 0.375 0.025 0.775 0.475 0.8 0.05 0.9 0.65 0.325 0.075 0.925 0.9 0.275 0.05 0.175 0.8 0.45 0.5 0.775 0.55 0.425 
1744    0.4 0.6 0.8 0.6 0.8  -0.00830038 0.025 0.675 0.375 0.025 0.775 0.475 0.475 0 0.125 0.7 0.225 0.25 0.925 0.9 0.275 0.35 0.175 0.575 0.3 0.5 0.825 0.55 0.75 
1746    0.4 0.6 0.8 0.8 0.2  0.00592615 0.05 0.6 0.375 0 0.925 0.025 0.35 0 0.775 0.7 0.1 0 0.925 0.9 0.275 0.65 0.175 0.9 0.325 0.525 0.725 0.75 0.25 
1747    0.4 0.6 0.8 0.8 0.4  -1.12133 0.025 0.6 0.05 0.025 0.775 0.475 0.475 0.65 0.9 0.925 0.925 0.175 0.925 0.9 0.275 0.35 0.175 0.225 0.45 0.5 0.925 0.7 0.425 
1753    0.4 0.8 0 0 0.6  -0.0337339 0.025 0.825 0.375 0.025 0.775 0.8 0.3 0 0.775 0.7 0.575 0.825 0.875 0.6 0.6 0.45 0.175 0.7 0.45 0.975 0 0 0.65 
1778    0.4 0.8 0.2 0 0.6  -0.0273098 0.025 0.825 0.375 0.025 0.775 0.8 0.3 0 0.775 0.7 0.575 0.825 0.875 0.6 0.225 0.45 0.175 0.7 0.45 0.975 0.175 0 0.65 
1784    0.4 0.8 0.2 0.2 0.8  -0.00658519 0.025 0.675 0.375 0.025 0.775 0.475 0.475 0.15 0.25 0.7 0.3 0.75 0.925 0.9 0.275 0.35 0.025 0.575 0.45 0.75 0.2 0.225 0.75 
1786    0.4 0.8 0.2 0.4 0.2  0.0185595 0.05 0.6 0.375 0.025 0.925 0.025 0.35 0 0.775 0.7 0.1 0.75 0.925 0.9 0.275 0.35 0.175 0.9 0.325 0.775 0.175 0.4 0.225 
1789    0.4 0.8 0.2 0.4 0.8  -0.00777403 0.025 0.675 0.375 0.025 0.775 0.275 0.475 0 0.125 0.7 0.225 0.25 0.925 0.85 0.275 0.35 0.05 0.575 0.3 1 0.2 0.425 0.75 
1791    0.4 0.8 0.2 0.6 0.2  -0.0246618 0.05 0.6 0.375 0.025 0.925 0.025 0.35 0 0.775 0.7 0.1 0.75 0.925 0.9 0.275 0.35 0.175 0.9 0.325 0.775 0.175 0.675 0.225 
1793    0.4 0.8 0.2 0.6 0.6  0.286663 0.05 0.6 0.375 0.025 0.725 0.275 0.35 0 0.775 0.7 0.075 0.75 0.925 0.9 0.275 0.35 0.175 0.9 0.325 0.775 0.175 0.675 0.6 
1794    0.4 0.8 0.2 0.6 0.8  -0.0444587 0.05 0.6 0.375 0.025 0.925 0.025 0.35 0 0.775 0.7 0.1 0.75 0.925 0.9 0.275 0.35 0.175 0.9 0.325 0.775 0.175 0.675 0.925 
1799    0.4 0.8 0.2 0.8 0.8  -1.19896 0.025 0.8 0.375 0.075 0.775 0.8 0.35 0 0.775 0.4 0.575 0.825 0.5 0.975 0.275 0.35 0.175 0.525 0.425 0.725 0.125 0.725 0.9 
1809    0.4 0.8 0.4 0.2 0.8  0.0155122 0.025 0.675 0.375 0.025 0.775 0.475 0.475 0.125 0.9 0.7 0.225 0.75 0.925 0.9 0.275 0.35 0.025 0.575 0.325 0.75 0.45 0.225 0.75 
1814    0.4 0.8 0.4 0.4 0.8  -0.0146696 0.025 0.675 0.375 0.025 0.775 0.275 0.475 0 0.125 0.7 0.225 0.25 0.925 0.85 0.275 0.35 0.05 0.575 0.3 1 0.425 0.425 0.75 
1815    0.4 0.8 0.4 0.6 0  -0.0280546 0.05 0.6 0.325 0.025 0.925 0.025 0.35 0 0.775 0.7 0.575 0.075 0.925 0.9 0.275 0.35 0.175 0.9 0.3 0.7 0.375 0.675 0.025 
1816    0.4 0.8 0.4 0.6 0.2  0.0175304 0.05 0.6 0.375 0.025 0.925 0.025 0.35 0 0.775 0.7 0.575 0.85 0.925 0.9 0.275 0.35 0.175 0.9 0.325 0.7 0.325 0.675 0.125 
1819    0.4 0.8 0.4 0.6 0.8  -0.0140249 0.25 0.675 0.375 0.025 0.775 0.475 0.475 0.125 0.9 0.7 0.225 0.775 0.925 0.9 0.275 0.35 0.025 0.575 0.325 0.75 0.45 0.675 0.75 
1829    0.4 0.8 0.6 0 0.8  -0.0156396 0.025 0.675 0.375 0.025 0.775 0.275 0.475 0 0.125 0.7 0.225 0.25 0.925 0.85 0.275 0.35 0.05 0.575 0.3 1 0.525 0.075 0.75 
1834    0.4 0.8 0.6 0.2 0.8  -0.0110973 0.025 0.675 0.375 0.025 0.775 0.275 0.475 0 0.125 0.7 0.225 0.25 0.925 0.85 0.275 0.35 0.05 0.575 0.3 1 0.525 0.25 0.75 
1836    0.4 0.8 0.6 0.4 0.2  -0.00157793 0.05 0.6 0.375 0.025 0.925 0.025 0.35 0 0.775 0.7 0.1 0.85 0.925 0.65 0.275 0.65 0.175 0.9 0.325 0.825 0.675 0.325 0.25 
1840    0.4 0.8 0.6 0.6 0  0.0189805 0.05 0.6 0.375 0.025 0.925 0.025 0.35 0 0.775 0.7 0.575 0.85 0.925 0.9 0.275 0.9 0.175 0.9 0.325 0.7 0.625 0.675 0.025 
1841    0.4 0.8 0.6 0.6 0.2  0.0180222 0.05 0.6 0.375 0.025 0.925 0.025 0.35 0 0.775 0.7 0.575 0.85 0.925 0.9 0.275 0.125 0.175 0.9 0.325 0.7 0.625 0.675 0.2 
1844    0.4 0.8 0.6 0.6 0.8  0.00219086 0.025 0.675 0.375 0.025 0.775 0.275 0.475 0 0.125 0.7 0.225 0.25 0.925 0.85 0.275 0.35 0.05 0.525 0.325 1 0.55 0.5 0.75 
1854    0.4 0.8 0.8 0 0.8  -0.0228623 0.025 0.675 0.375 0.025 0.775 0.275 0.475 0 0.125 0.7 0.225 0.25 0.925 0.85 0.275 0.35 0.05 0.575 0.35 1 0.825 0.05 0.75 
1859    0.4 0.8 0.8 0.2 0.8  -0.0053244 0.025 0.675 0.375 0.025 0.775 0.275 0.475 0 0.125 0.7 0.225 0.25 0.925 0.85 0.275 0.35 0.05 0.575 0.3 1 0.825 0.275 0.75 
1864    0.4 0.8 0.8 0.4 0.8  -0.0231148 0.025 0.675 0.375 0.025 0.775 0.275 0.475 0 0.125 0.7 0.225 0.25 0.925 0.85 0.275 0.35 0.05 0.575 0.3 1 0.825 0.425 0.75 
1914    0.6 0 0.2 0.4 0.8  0.379724 0.025 0.825 0.1 0.025 0.775 0.8 0.35 0.175 0.825 0.7 0.825 0.825 0.75 0.6 0.6 0.45 0.175 0.7 0.525 0.05 0.15 0.35 0.7 
1939    0.6 0 0.4 0.4 0.8  0.0135514 0.025 0.825 0.1 0.025 0.775 0.8 0.35 0.175 0.775 0.7 0.825 0.825 0.875 0.6 0.6 0.45 0.175 0.7 0.525 0.05 0.475 0.35 0.7 
1989    0.6 0 0.8 0.4 0.8  0.0134631 0.025 0.825 0.1 0.025 0.775 0.8 0.35 0.175 0.075 0.7 0.825 0.825 0.875 0.6 0.6 0.45 0.175 0.7 0.525 0.05 0.7 0.35 0.7 
1993    0.6 0 0.8 0.6 0.6  0.0168016 0.025 0.6 0.375 0.225 0.775 0.475 0.975 0 0.9 0.65 0.925 0.25 0.925 0.9 1 0.35 0.175 0.325 0.575 0.075 0.95 0.6 0.5 
2003    0.6 0.2 0 0 0.6  -0.0197019 0.025 0.825 0.375 0.025 0.775 0.8 0.3 0 0.775 0.7 0.575 0.825 0.875 0.6 0.65 0.45 0.175 0.7 0.5 0.1 0 0 0.65 
2004    0.6 0.2 0 0 0.8  -0.0271271 0.025 0.825 0.375 0.025 0.775 0.8 0.3 0 0.775 0.7 0.575 0.825 0.875 0.6 0.65 0.45 0.175 1 0.5 0.1 0.025 0 0.75 
2008    0.6 0.2 0 0.2 0.6  -0.0603109 0.025 0.825 0.375 0.025 0.775 0.8 0.3 0 0.775 0.7 0.575 0.825 0.875 0.6 0.65 0.45 0.175 0.7 0.5 0.1 0 0.175 0.65 
2028    0.6 0.2 0.2 0 0.6  -0.0272465 0.025 0.825 0.375 0.025 0.775 0.8 0.3 0 0.775 0.7 0.575 0.825 0.875 0.6 0.65 0.45 0.175 0.7 0.5 0.1 0.125 0 0.65 
2029    0.6 0.2 0.2 0 0.8  -0.0246589 0.025 0.825 0.375 0.025 0.775 0.8 0.3 0 0.775 0.7 0.575 0.825 0.875 0.6 0.65 0.45 0.175 1 0.5 0.1 0.125 0 0.75 
2033    0.6 0.2 0.2 0.2 0.6  0.240263 0.025 0.825 0.625 0.025 0.775 0.8 0.3 0 0.775 0.7 0.575 0.825 0.875 0.6 0.6 0.45 0.175 0.7 0.525 0.1 0.125 0.15 0.65 
2034    0.6 0.2 0.2 0.2 0.8  -0.00179013 0.025 0.825 0.375 0.025 0.775 0.7 0.35 0.85 0.95 0.7 0.575 0.825 0.875 0.6 0.6 0.675 0.175 0.7 0.5 0.1 0.15 0.175 0.75 
2043    0.6 0.2 0.2 0.6 0.6  -0.019172 0.025 0.825 0.375 0.025 0.775 0.8 0.3 0 0 0.7 0.625 0.825 0.875 0.6 0.65 0.45 0.75 0.7 0.5 0.1 0.125 0.675 0.65 
2054    0.6 0.2 0.4 0 0.8  -0.0251712 0.025 0.825 0.35 0.025 0.575 0.8 0.35 0 0.95 0.7 0.575 0.825 0.875 0.6 0.6 0.975 0.175 0.7 0.6 0.1 0.475 0.075 0.75 
2059    0.6 0.2 0.4 0.2 0.8  0.018522 0.025 0.825 0.375 0.025 0.775 0.8 0.3 0 0.125 0.7 0.9 0.825 0.875 0.625 0.6 0.975 0.975 0.7 0.525 0.1 0.4 0.225 0.75 
2063    0.6 0.2 0.4 0.4 0.6  -0.0268598 0.025 0.825 0.375 0.025 0.925 0.8 0.35 0 0.95 0.7 0.575 0.825 0.875 0.875 0.6 0.975 0.175 0.7 0.525 0.275 0.4 0.3 0.65 
2064    0.6 0.2 0.4 0.4 0.8  -0.0247857 0.025 0.825 0.375 0.025 0.925 0.8 0.35 0 0.95 0.7 0.575 0.825 0.875 0.6 0.6 0.975 0.175 0.7 0.525 0.275 0.4 0.3 0.75 
2069    0.6 0.2 0.4 0.6 0.8  -0.0242899 0.025 0.825 0.375 0.075 0.775 0.8 0.35 0 0.125 0.7 0.575 0.825 0.875 0.625 0.6 0.975 0.975 1 0.5 0.1 0.4 0.6 0.75 
2074    0.6 0.2 0.4 0.8 0.8  -0.0242899 0.025 0.825 0.375 0.075 0.775 0.8 0.35 0 0.125 0.7 0.575 0.825 0.875 0.625 0.6 0.975 0.975 0.7 0.5 0.1 0.4 0.7 0.75 
2104    0.6 0.2 0.8 0 0.8  0.000933072 0.025 0.825 0.375 0.025 0.775 0.8 0.35 0 0.775 0.7 0.575 0.825 0.875 0.6 0.65 0.45 0.175 1 0.5 0.1 0.925 0 0.75 
2109    0.6 0.2 0.8 0.2 0.8  0.00168283 0.025 0.825 0.1 0.525 0.775 0.8 0.35 0 0.775 0.15 0.575 0.825 0.875 0.6 0.6 0.45 0.175 0.7 0.5 0.1 0.75 0.2 0.8 
2114    0.6 0.2 0.8 0.4 0.8  -0.00320418 0.025 0.825 0.1 0.525 0.775 0.8 0.35 0 0.775 0.2 0.575 0.825 0.875 0.6 0.6 0.45 0.175 0.7 0.5 0.1 0.75 0.35 0.8 
2132    0.6 0.4 0 0.2 0.4  -0.29156 0.175 0.675 0.375 0.025 0.775 0.475 0.05 0 0.9 0.625 0.925 0 0.925 0.9 0.35 0.35 0.175 0.225 0.6 0.375 0.025 0.225 0.425 
2142    0.6 0.4 0 0.6 0.4  -0.358963 0.025 0.675 0.375 0.025 0.775 0.475 0.475 0 0.9 0.7 0.925 0.25 0.925 0.9 0.925 0.35 0.175 0.225 0.525 0.375 0.025 0.6 0.425 
2154    0.6 0.4 0.2 0 0.8  -0.0226036 0.025 0.825 0.375 0.025 0.775 0.8 0.3 0 0.775 0.7 0.575 0.825 0.875 0.6 0.65 0.45 0.175 1 0.5 0.325 0.125 0 0.75 
2158    0.6 0.4 0.2 0.2 0.6  -0.00177073 0.025 0.675 0.375 0.025 0.775 0.475 0.325 0 0.275 0.7 0.225 0.325 0.925 0.9 0.275 0.35 0.025 0.575 0.525 0.475 0.2 0.225 0.675 
2159    0.6 0.4 0.2 0.2 0.8  -0.0254459 0.025 0.825 0.375 0.025 0.775 0.625 0.275 0 0.15 0.7 0.525 0.825 0.875 0.9 0.275 0.35 0.175 0.625 0.575 0.475 0.125 0.175 0.8 
2166    0.6 0.4 0.2 0.6 0.2  -0.0251767 0.05 0.6 0.375 0.025 0.825 0.225 0.875 0 0.775 0.325 0.1 0.85 0.925 0.9 0.275 0.35 0.125 0.9 0.675 0.45 0.275 0.675 0.225 
2169    0.6 0.4 0.2 0.6 0.8  -0.0240492 0.025 0.675 0.375 0.025 0.775 0.475 0.475 0.925 0.125 0.7 0.225 0.75 0.925 0.9 0.275 0.35 0.175 0.575 0.6 0.475 0.25 0.6 0.75 
2179    0.6 0.4 0.4 0 0.8  -0.0237333 0.025 0.825 0.35 0.025 0.575 0.8 0.35 0 0.95 0.7 0.575 0.825 0.875 0.6 0.6 0.975 0.175 0.7 0.525 0.3 0.475 0.075 0.75 
2183    0.6 0.4 0.4 0.2 0.6  -0.00296491 0.025 0.675 0.375 0.025 0.775 0.475 0.05 0 0.275 0.7 0.225 0.325 0.925 0.9 0.275 0.35 0.025 0.575 0.525 0.475 0.45 0.225 0.675 
2189    0.6 0.4 0.4 0.4 0.8  -0.00584666 0.025 0.825 0.1 0.025 0.775 0.8 0.35 0 0.775 0.2 0.575 0.825 0.875 0.6 0.6 0.45 0.175 0.7 0.5 0.45 0.475 0.475 0.8 
2192    0.6 0.4 0.4 0.6 0.4  -2.44139 0.025 0.675 0.375 0.025 0.775 0.475 0.425 0 0.9 0.7 0.925 0.25 0.925 0.9 0.1 0.35 0.175 0.225 0.525 0.375 0.35 0.6 0.425 
2194    0.6 0.4 0.4 0.6 0.8  -0.00193479 0.025 0.675 0.375 0.025 0.775 0.225 0.475 0 0.125 0.7 0.225 0.75 0.925 0.9 0.275 0.35 0.175 0.575 0.55 0.475 0.45 0.6 0.75 
2198    0.6 0.4 0.4 0.8 0.6  -0.0229278 0.025 0.675 0.375 0.025 0.775 0.475 0.05 0.7 0.275 0.7 0.225 0.325 0.925 0.9 0.275 0.35 0.025 0.575 0.525 0.475 0.45 0.7 0.675 
2219    0.6 0.4 0.6 0.6 0.8  -0.0252022 0.025 0.675 0.375 0.025 0.775 0.475 0.475 1 0.125 0.2 0.225 0.75 0.925 0.9 0.275 0.35 0.175 0.575 0.6 0.475 0.6 0.6 0.75 
2234    0.6 0.4 0.8 0.2 0.8  -0.00346167 0.025 0.825 0.375 0.025 0.775 0.4 0.35 0 0.775 0.7 0.575 0.825 0.875 0.6 0.6 0.45 0.175 0.7 0.525 0.3 0.8 0.2 0.9 
2244    0.6 0.4 0.8 0.6 0.8  -0.00838763 0.025 0.675 0.375 0.025 0.775 0.475 0.475 1 0.125 0.7 0.225 0.75 0.925 0.9 0.275 0.35 0.175 0.575 0.6 0.475 0.975 0.6 0.75 
2259    0.6 0.6 0 0.2 0.8  0.0140251 0.025 0.825 0.375 0.025 0.775 0.025 0.35 0 0.775 0.7 0.575 0.825 0.875 0.9 0.275 0.35 0.175 0.525 0.575 0.525 0.025 0.175 0.9 
2262    0.6 0.6 0 0.4 0.4  -0.0245229 0.05 0.675 0.375 0.025 0.925 0.025 0.35 0 0.775 0.7 0.1 0.85 0.925 0.65 0.275 0.65 0.175 0.9 0.55 0.525 0 0.325 0.325 
2279    0.6 0.6 0.2 0 0.8  -0.0226145 0.025 0.825 0.375 0.025 0.775 0.8 0.35 0 0.775 0.7 0.575 0.825 0.875 0.9 0.275 0.35 0.175 0.525 0.525 0.525 0.125 0.05 0.975 
2282    0.6 0.6 0.2 0.2 0.4  -0.00242883 0.025 0.6 0.375 0.025 0.775 0.475 0.225 0.05 0.9 0.7 0.325 0.25 0.925 0.9 0.275 0.35 0.175 0.825 0.5 0.5 0.2 0.275 0.475 
2283    0.6 0.6 0.2 0.2 0.6  -0.00220704 0.025 0.6 0.375 0.025 0.775 0.475 0.8 0.05 0.9 0.7 0.325 0.25 0.925 0.9 0.275 0.35 0.175 0.825 0.625 0.5 0.2 0.275 0.525 
2284    0.6 0.6 0.2 0.2 0.8  -0.00220704 0.025 0.6 0.375 0.025 0.775 0.425 0.8 0.05 0.9 0.7 0.325 0.25 0.925 0.9 0.275 0.35 0.175 0.825 0.625 0.5 0.2 0.275 0.7 
2287    0.6 0.6 0.2 0.4 0.4  -0.000107878 0.025 0.6 0.375 0.025 0.775 0.475 0.8 0.05 0.575 0.65 0.325 0.25 0.925 0.9 0.275 0.35 0.175 0.825 0.675 0.5 0.2 0.475 0.45 
2288    0.6 0.6 0.2 0.4 0.6  -0.000107878 0.025 0.6 0.375 0.025 0.775 0.475 0.8 0.05 0.575 0.65 0.325 0.25 0.925 0.9 0.275 0.35 0.175 0.825 0.675 0.5 0.2 0.475 0.55 
2289    0.6 0.6 0.2 0.4 0.8  -0.01007 0.025 0.825 0.375 0.025 0.775 0.625 0.275 0 0.15 0.7 0.575 0.825 0.875 0.9 0.275 0.35 0.175 0.625 0.575 0.525 0.125 0.45 0.75 
2291    0.6 0.6 0.2 0.6 0.2  0.331558 0.05 0.6 0.375 0.325 0.925 0.025 0.35 0 0.775 0.7 0.1 0.85 0.925 0.9 0.275 0.35 0.175 0.9 0.6 0.525 0.175 0.675 0.225 
2293    0.6 0.6 0.2 0.6 0.6  -0.00122197 0.025 0.6 0.375 0.025 0.775 0.475 0.8 0.05 0.9 0.7 0.2 0.25 0.9 0.9 0.275 0.35 0.175 0.825 0.65 0.5 0.2 0.5 0.65 
2294    0.6 0.6 0.2 0.6 0.8  -0.00877978 0.025 0.675 0.375 0.025 0.775 0.15 0.475 0.925 0.125 0.7 0.225 0.75 0.925 0.9 0.275 0.35 0.175 0.575 0.6 0.575 0.25 0.6 0.75 
2309    0.6 0.6 0.4 0.2 0.8  -0.00266512 0.025 0.675 0.375 0.025 0.775 0.475 0.475 0.125 0.9 0.7 0.225 0.75 0.925 0.9 0.275 0.35 0.025 0.575 0.6 0.65 0.45 0.225 0.75 
2314    0.6 0.6 0.4 0.4 0.8  -0.00886342 0.025 0.675 0.375 0.025 0.775 0.475 0.475 0.125 0.9 0.7 0.225 0.75 0.925 0.9 0.275 0.35 0.025 0.575 0.525 0.65 0.45 0.325 0.75 
2319    0.6 0.6 0.4 0.6 0.8  0.0135664 0.05 0.6 0.375 0.025 0.925 0.025 0.75 0.775 0.775 0.7 0.625 0.25 0.925 0.9 0.275 0.35 0.175 0.425 0.65 0.525 0.375 0.6 0.9 
2324    0.6 0.6 0.4 0.8 0.8  -0.0231903 0.05 0.6 0.375 0.025 0.925 0.025 0.75 0.775 0.225 0.7 0.625 0.25 0.925 0.9 0.275 0.325 0.175 0.425 0.65 0.525 0.375 0.7 0.825 
2329    0.6 0.6 0.6 0 0.8  0.994917 0.025 0.825 0.375 0.025 0.775 0.8 0.35 0 0.1 0.7 0.575 0.825 0.875 0.9 0.275 0.3 0.175 0.525 0.675 0.525 0.6 0.05 0.9 
2332    0.6 0.6 0.6 0.2 0.4  0.00216575 0.05 0.675 0.375 0.025 0.925 0.025 0.35 0 0.775 0.7 0.1 0.85 0.925 0.65 0.275 0.65 0.175 0.9 0.55 0.525 0.675 0.225 0.325 
2337    0.6 0.6 0.6 0.4 0.4  0.00504038 0.05 0.675 0.375 0.025 0.925 0.025 0.35 0 0.775 0.7 0.1 0.85 0.925 0.65 0.275 0.65 0.175 0.9 0.55 0.525 0.675 0.325 0.325 
2342    0.6 0.6 0.6 0.6 0.4  0.479379 0.025 0.6 0.375 0.225 0.775 0.475 0.475 0 0.9 0.7 0.775 0.25 0.925 0.9 0.275 0.9 0.175 0.225 0.525 0.5 0.575 0.6 0.425 
2357    0.6 0.6 0.8 0.2 0.4  -0.0127866 0.025 0.6 0.375 0.025 0.775 0.35 0.8 0.05 0.9 0.65 0.325 0.25 0.925 0.9 0.275 0.05 0.175 0.8 0.55 0.5 0.775 0.175 0.475 
2359    0.6 0.6 0.8 0.2 0.8  -0.0127866 0.025 0.6 0.375 0.025 0.775 0.35 0.8 0.05 0.9 0.65 0.325 0.25 0.925 0.9 0.275 0.05 0.175 0.8 0.55 0.5 0.775 0.175 0.7 
2362    0.6 0.6 0.8 0.4 0.4  -0.00483768 0.025 0.6 0.375 0.025 0.775 0.35 0.8 0.05 0.9 0.65 0.325 0.25 0.925 0.9 0.275 0.05 0.175 0.8 0.55 0.5 0.775 0.375 0.475 
2363    0.6 0.6 0.8 0.4 0.6  -0.00483768 0.025 0.6 0.375 0.025 0.775 0.35 0.8 0.05 0.9 0.65 0.325 0.25 0.925 0.9 0.275 0.05 0.175 0.8 0.55 0.5 0.775 0.375 0.55 
2364    0.6 0.6 0.8 0.4 0.8  -0.00160139 0.025 0.825 0.375 0.025 0.775 0.475 0.75 0 0.775 0.7 0.575 0.825 0.875 0.9 0.275 0.6 0.175 0.625 0.525 0.525 0.85 0.45 0.9 
2367    0.6 0.6 0.8 0.6 0.4  -0.704745 0.025 0.6 0.375 0.225 0.775 0.475 0.475 0 0.9 0.7 0.775 0.25 0.925 0.9 0.275 0.9 0.175 0.225 0.525 0.5 0.725 0.6 0.425 
2369    0.6 0.6 0.8 0.6 0.8  -0.00231136 0.05 0.6 0.375 0.025 0.925 0.025 0.75 0.775 0.775 0.7 0.575 0.25 0.925 0.9 0.275 0.35 0.175 0.425 0.55 0.525 0.85 0.6 0.9 
2372    0.6 0.6 0.8 0.8 0.4  -1.07185 0.025 0.6 0.375 0.225 0.775 0.475 0.15 0 0.9 0.7 0.775 0.25 0.925 0.9 0.275 0.9 0.175 0.225 0.525 0.5 0.725 0.85 0.425 
2403    0.6 0.8 0.2 0 0.6  -0.0299646 0.025 0.825 0.375 0.025 0.775 0.8 0.3 0.225 0.775 0.7 0.575 0.825 0.875 0.6 0.6 0.4 0.175 0.7 0.5 0.975 0.125 0 0.65 
2404    0.6 0.8 0.2 0 0.8  0.000454619 0.025 0.825 0.375 0.025 0.775 0.8 0.35 0 0.775 0.7 0.575 0.825 0.875 0.9 0.275 0.35 0.175 0.525 0.525 0.875 0.125 0.05 0.975 
2409    0.6 0.8 0.2 0.2 0.8  -0.0180815 0.025 0.675 0.375 0.025 0.775 0.475 0.475 0.125 0.9 0.7 0.3 0.75 0.925 0.9 0.275 0.35 0.025 0.575 0.6 0.75 0.2 0.225 0.75 
2429    0.6 0.8 0.4 0 0.8  -0.0296079 0.025 0.825 0.35 0.025 0.575 0.8 0.35 0.325 0.95 0.7 0.575 0.825 0.875 0.6 0.6 0.975 0.15 0.7 0.6 0.925 0.475 0.075 0.75 
2439    0.6 0.8 0.4 0.4 0.8  -0.00894597 0.025 0.675 0.375 0.9 0.775 0.6 0.475 0 0.125 0.7 0.225 0.6 0.925 0.85 0.275 0.525 0.05 0.575 0.525 1 0.35 0.425 0.75 
2492    0.6 0.8 0.8 0.6 0.4  0.439075 0.025 0.6 0.025 0.225 0.775 0.475 0.5 0 0.9 0.425 0.6 0.25 0.925 0.9 0.275 0.35 0.175 0.225 0.525 0.7 0.95 0.6 0.425 
2659    0.8 0.2 0.2 0.2 0.8  -0.0040025 0.025 0.825 0.375 0.025 0.775 0.8 0.3 0 0.95 0.7 0.575 0.825 0.875 0.6 0.6 0.975 0.175 0.7 1 0.1 0.15 0.175 0.75 
2664    0.8 0.2 0.2 0.4 0.8  -0.00280565 0.025 0.825 0.025 0.025 0.775 0.8 0.525 0 0.95 0.7 0.9 0.825 0.875 0.6 0.6 0.975 0.175 0.7 1 0.275 0.175 0.375 0.75 
2679    0.8 0.2 0.4 0 0.8  -0.0227538 0.025 0.825 0.375 0.025 0.775 0.8 0.35 0 0.175 0.7 0.575 0.825 0.875 0.6 0.6 0.975 0.225 0.7 1 0.275 0.3 0.075 0.75 
2684    0.8 0.2 0.4 0.2 0.8  -0.0138881 0.025 0.825 0.375 0.025 0.775 0.8 0.35 0 0.95 0.7 0.575 0.825 0.875 0.6 0.6 0.975 0.175 0.7 1 0.275 0.3 0.175 0.75 
2689    0.8 0.2 0.4 0.4 0.8  0.00032448 0.025 0.825 0.025 0.025 0.775 0.8 0.525 0 0.95 0.7 0.9 0.825 0.875 0.6 0.6 0.975 0.175 0.7 1 0.275 0.45 0.375 0.75 
2690    0.8 0.2 0.4 0.6 0  0.0133633 0.05 0.6 0.375 0.025 0.925 0.025 0.35 0 0.775 0.7 0.575 0.85 0.925 0.9 0.475 0.35 0.175 0.85 0.95 0.175 0.325 0.675 0.075 
2699    0.8 0.2 0.4 0.8 0.8  -0.0249479 0.025 0.825 0.375 0.075 0.775 0.8 0.35 0 0.125 0.7 0.575 0.825 0.875 0.625 0.6 0.975 0.975 0.7 0.925 0.1 0.4 0.7 0.75 
2709    0.8 0.2 0.6 0.2 0.8  -0.0249805 0.025 0.175 0.375 0.025 0.775 0.8 0.35 0 0.95 0.7 0.575 0.825 0.875 0.6 0.6 0.975 0.175 0.7 1 0.275 0.525 0.25 0.75 
2714    0.8 0.2 0.6 0.4 0.8  0.0107844 0.025 0.825 0.025 0.025 0.775 0.8 0.525 0 0.95 0.7 0.9 0.825 0.875 0.6 0.6 0.975 0.175 0.7 1 0.275 0.6 0.375 0.75 
2716    0.8 0.2 0.6 0.6 0.2  -0.951704 0.05 0.6 0.375 0.025 0.925 0.8 0.35 0 0.775 0.7 0.1 0.85 0.925 0.9 0.275 0.65 0.175 0.9 0.975 0.2 0.675 0.675 0.25 
2734    0.8 0.2 0.8 0.2 0.8  0.00399442 0.025 0.825 0.375 0.025 0.775 0.8 0.35 0 0.95 0.7 0.575 0.825 0.875 0.6 0.6 0.975 0.175 0.7 1 0.275 0.925 0.175 0.75 
2738    0.8 0.2 0.8 0.4 0.6  -0.01262 0.025 0.825 0.025 0.025 0.775 0.8 0.875 0 0.05 0.7 0.9 0.825 0.875 0.6 0.6 0.975 0.175 0.7 1 0.275 0.925 0.375 0.65 
2739    0.8 0.2 0.8 0.4 0.8  0.0234658 0.025 0.825 0.025 0.025 0.775 0.8 0.525 0 0.95 0.7 0.9 0.825 0.875 0.6 0.6 0.975 0.175 0.7 1 0.275 0.95 0.4 0.75 
2767    0.8 0.4 0 0.6 0.4  0.470337 0.025 0.675 0.375 0.025 0.775 0.475 1 0 0.9 0.7 0.925 0.275 0.925 0.9 0.35 0.35 0.175 0.225 0.775 0.375 0.025 0.6 0.425 
2769    0.8 0.4 0 0.6 0.8  -0.40255 0.05 0.15 0.375 0.025 0.775 0.025 0.575 0 0.775 0.7 0.225 0.25 0.925 0.9 0.275 0.35 0.175 0.225 0.95 0.475 0.025 0.6 0.9 
2779    0.8 0.4 0.2 0 0.8  -0.0243626 0.025 0.825 0.375 0.025 0.775 0.8 0.35 0.1 0.775 0.7 0.575 0.825 0.875 0.9 0.275 0.35 0.175 0.525 0.725 0.475 0.125 0.075 0.9 
2786    0.8 0.4 0.2 0.4 0.2  -0.0234878 0.05 0.6 0.375 0.025 0.925 0.225 0.875 0 0.775 0.125 0.1 0.85 0.925 0.85 0.275 0.35 0.175 0.9 0.925 0.45 0.275 0.475 0.225 
2791    0.8 0.4 0.2 0.6 0.2  -0.0257925 0.05 0.6 0.375 0.025 0.925 0.225 0.875 0 0.775 0.325 0.1 0.85 0.925 0.9 0.275 0.35 0.175 0.9 0.925 0.45 0.275 0.675 0.225 
2794    0.8 0.4 0.2 0.6 0.8  -0.02392 0.025 0.675 0.375 0.025 0.775 0.475 0.475 0.925 0.125 0.7 0.225 0.05 0.975 0.9 0.275 0.35 0.175 0.575 0.725 0.475 0.25 0.6 0.75 
2804    0.8 0.4 0.4 0 0.8  -0.00218397 0.025 0.825 0.35 0.025 0.575 0.8 0.35 0 0.95 0.7 0.575 0.825 0.875 0.6 0.6 0.975 0.175 0.7 1 0.375 0.475 0.075 0.75 
2808    0.8 0.4 0.4 0.2 0.6  -0.0225862 0.025 0.675 0.375 0.025 0.775 0.425 0.05 0 0.275 0.2 0.025 0.325 0.925 0.9 0.275 0.35 0.025 0.575 0.825 0.475 0.45 0.225 0.675 
2809    0.8 0.4 0.4 0.2 0.8  -0.0260553 0.025 0.675 0.375 0.025 0.775 0.475 0.05 0 0.275 0.7 0.225 0.325 0.925 0.9 0.275 0.35 0.025 0.575 0.825 0.475 0.45 0.225 0.75 
2813    0.8 0.4 0.4 0.4 0.6  -0.0233704 0.025 0.675 0.375 0.025 0.775 0.425 0.05 0 0.275 0.2 0.025 0.325 0.925 0.9 0.275 0.35 0.025 0.575 0.825 0.475 0.45 0.3 0.675 
2819    0.8 0.4 0.4 0.6 0.8  -0.00137532 0.025 0.675 0.375 0.025 0.775 0.225 0.475 0 0.125 0.7 0.225 0.75 0.925 0.9 0.275 0.35 0.175 0.575 0.7 0.475 0.45 0.6 0.75 
2836    0.8 0.4 0.6 0.4 0.2  -0.0027267 0.05 0.6 0.375 0.025 0.025 0.225 0.875 0 0.775 0.125 0.1 0.85 0.925 0.85 0.275 0.35 0.175 0.9 0.925 0.45 0.625 0.475 0.225 
2844    0.8 0.4 0.6 0.6 0.8  -0.0226134 0.025 0.675 0.375 0.025 0.775 0.475 0.475 0.925 0.125 0.7 0.225 0.05 0.975 0.9 0.275 0.35 0.175 0.575 0.725 0.475 0.65 0.6 0.75 
2869    0.8 0.4 0.8 0.6 0.8  -0.00432412 0.025 0.675 0.275 0.025 0.775 0.475 0.475 0.925 0.125 0.7 0.225 0.75 0.925 0.9 0.275 0.35 0.175 0.725 0.95 0.475 0.75 0.6 0.75 
2884    0.8 0.6 0 0.2 0.8  -0.0250655 0.025 0.925 0.225 0.025 0.775 0.025 0.35 0 0.775 0.7 0.575 0.825 0.875 0.9 0.275 0.45 0.175 0.525 0.975 0.5 0.025 0.225 0.9 
2886    0.8 0.6 0 0.4 0.2  -0.0299053 0.05 0.6 0.375 0 0.925 0.05 0.35 0 0.775 0.7 0.1 0 0.875 0.9 0.275 0.65 0.175 0.9 0.775 0.525 0.075 0.35 0.2 
2887    0.8 0.6 0 0.4 0.4  -0.0254401 0.05 0.6 0.375 0 0.925 0.05 0.35 0 0.775 0.7 0.1 0 0.875 0.9 0.275 0.65 0.175 0.9 0.775 0.525 0.075 0.375 0.375 
2889    0.8 0.6 0 0.4 0.8  -0.0218812 0.025 0.825 0.375 0.025 0.775 0.025 0.35 0 0.775 0.7 0.575 0.825 0.875 0.9 0.275 0.35 0.175 0.525 0.775 0.525 0.025 0.35 0.9 
2892    0.8 0.6 0 0.6 0.4  -0.0241991 0.05 0.6 0.375 0 0.925 0.05 0.35 0 0.775 0.7 0.1 0 0.875 0.9 0.275 0.65 0.175 0.9 0.775 0.525 0.075 0.525 0.375 
2894    0.8 0.6 0 0.6 0.8  0.102065 0.025 0.75 0.375 0.025 0.775 0.025 0.35 0 0.775 0.7 0.575 0.25 0.925 0.9 0.275 0.35 0.175 0.225 0.975 0.525 0.025 0.6 0.9 
2896    0.8 0.6 0 0.8 0.2  -0.000436593 0.05 0.6 0.375 0 0.925 0.025 0.35 0 0.775 0.7 0.1 0 0.925 0.9 0.275 0.65 0.175 0.9 0.775 0.525 0.075 0.75 0.25 
2897    0.8 0.6 0 0.8 0.4  -0.00147353 0.05 0.6 0.375 0 0.925 0.05 0.35 0 0.775 0.7 0.1 0 0.875 0.9 0.275 0.65 0.175 0.9 0.775 0.525 0.075 0.75 0.375 
2904    0.8 0.6 0.2 0 0.8  -0.0171066 0.025 0.825 0.375 0.025 0.775 0.8 0.35 0.1 0.775 0.7 0.575 0.825 0.875 0.9 0.275 0.35 0.175 0.525 0.725 0.525 0.125 0.075 1 
2907    0.8 0.6 0.2 0.2 0.4  -0.0249596 0.025 0.6 0.375 0.025 0.775 0.475 0.8 0.05 0.9 0.7 0.325 0.25 0.9 0.9 0.275 0.35 0.175 0.825 0.925 0.5 0.2 0.275 0.425 
2908    0.8 0.6 0.2 0.2 0.6  -0.00340734 0.025 0.6 0.375 0.025 0.775 0.475 0.8 0.05 0.9 0.7 0.325 0.25 0.925 0.9 0.275 0.35 0.175 0.825 0.975 0.5 0.2 0.275 0.525 
2909    0.8 0.6 0.2 0.2 0.8  0.00691319 0.025 0.675 0.375 0.025 0.775 0.475 0.475 0.125 0.9 0.7 0.1 0.75 0.925 0.9 0.275 0.35 0.025 0.575 0.775 0.65 0.2 0.225 0.75 
2913    0.8 0.6 0.2 0.4 0.6  -0.0248524 0.025 0.6 0.375 0.025 0.775 0.475 0.8 0.05 0.575 0.65 0.325 0.25 0.925 0.9 0.275 0.35 0.175 0.825 0.825 0.5 0.2 0.475 0.55 
2914    0.8 0.6 0.2 0.4 0.8  -0.00720121 0.025 0.675 0.375 0.025 0.775 0.475 0.475 0.125 0.575 0.725 0.225 0.75 0.775 0.9 0.275 0.35 0.025 0.575 0.725 0.5 0.125 0.3 0.75 
2916    0.8 0.6 0.2 0.6 0.2  -0.0242569 0.05 0.6 0.375 0.025 0.925 0.225 0.35 0 0.775 0.325 0.425 0.45 0.925 0.9 0.275 0.35 0.175 0.9 0.925 0.525 0.275 0.55 0.225 
2918    0.8 0.6 0.2 0.6 0.6  -0.0242569 0.05 0.6 0.375 0.025 0.925 0.225 0.35 0 0.775 0.325 0.425 0.45 0.925 0.9 0.275 0.35 0.175 0.9 0.925 0.525 0.275 0.55 0.5 
2919    0.8 0.6 0.2 0.6 0.8  0.0159241 0.025 0.675 0.375 0.025 0.775 0.475 0.475 0 0.125 0.7 0.225 0.25 0.925 0.9 0.275 0.35 0.175 0.575 0.75 0.5 0.275 0.55 0.75 
2930    0.8 0.6 0.4 0.2 0  -0.00838324 0.05 0.6 0.375 0.025 0.925 0.025 0.35 0 0.775 0.7 0.1 0.65 0.8 0.9 0.275 0.65 0.175 0.9 0.75 0.525 0.425 0.15 0 
2931    0.8 0.6 0.4 0.2 0.2  -0.00446494 0.05 0.6 0.375 0 0.925 0.025 0.35 0 0.775 0.7 0.1 0 0.925 0.9 0.275 0.65 0.175 0.9 0.775 0.525 0.375 0.15 0.25 
2933    0.8 0.6 0.4 0.2 0.6  -0.0235662 0.025 0.675 0.375 0.05 0.775 0.425 0.05 0 0.275 0.2 0.025 0.325 0.925 0.9 0.275 0.35 0.025 0.575 0.825 0.5 0.45 0.225 0.675 
2934    0.8 0.6 0.4 0.2 0.8  -0.00318492 0.025 0.675 0.375 0.025 0.775 0.475 0.475 0.125 0.9 0.7 0.225 0.75 0.925 0.9 0.275 0.35 0.025 0.575 0.725 0.65 0.45 0.225 0.75 
2935    0.8 0.6 0.4 0.4 0  -0.00201688 0.05 0.6 0.375 0.025 0.925 0.025 0.35 0 0.775 0.7 0.1 0.65 0.925 0.9 0.275 0.65 0.175 0.9 0.75 0.525 0.425 0.425 0 
2937    0.8 0.6 0.4 0.4 0.4  -0.00201688 0.05 0.6 0.375 0.025 0.925 0.025 0.35 0 0.775 0.7 0.1 0.65 0.925 0.9 0.275 0.65 0.175 0.9 0.75 0.525 0.425 0.425 0.35 
2939    0.8 0.6 0.4 0.4 0.8  -0.0318607 0.075 0.825 0.175 0.025 0.775 0.575 0.35 0 0.775 0.7 0.575 0.325 0.875 0.6 0.6 0.45 0.175 0.7 0.95 0.675 0.475 0.475 0.7 
2941    0.8 0.6 0.4 0.6 0.2  0.0157306 0.05 0.6 0.375 0.025 0.925 0.025 0.35 0 0.775 0.7 0.1 0.85 0.925 0.9 0.275 0.65 0.175 0.9 0.975 0.525 0.35 0.675 0.25 
2943    0.8 0.6 0.4 0.6 0.6  -0.0194725 0.05 0.6 0.375 0.025 0.925 0.225 0.35 0 0.775 0.325 0.225 0.45 0.925 0.9 0.275 0.35 0.175 0.9 0.925 0.525 0.425 0.55 0.5 
2944    0.8 0.6 0.4 0.6 0.8  0.258149 0.05 0.525 0.375 0.025 0.925 0.025 0.35 0 0.775 0.7 0.1 0.85 0.925 0.9 0.275 0.35 0.175 0.9 0.75 0.525 0.375 0.675 0.9 
2946    0.8 0.6 0.4 0.8 0.2  -5.66282e-06 0.05 0.6 0.375 0 0.925 0.025 0.35 0 0.775 0.7 0.1 0 0.925 0.9 0.275 0.65 0.175 0.9 0.775 0.525 0.35 0.75 0.25 
2952    0.8 0.6 0.6 0 0.4  -0.009436 0.05 0.6 0.375 0.025 0.925 0.025 0.35 0 0.775 0.7 0.1 0.65 0.925 0.9 0.275 0.65 0.175 0.9 0.875 0.525 0.675 0.025 0.35 
2956    0.8 0.6 0.6 0.2 0.2  -0.00476338 0.05 0.6 0.375 0 0.925 0.025 0.925 0 0.775 0.7 0.1 0 0.925 0.9 0.275 0.65 0.175 0.9 0.775 0.525 0.5 0.225 0.25 
2957    0.8 0.6 0.6 0.2 0.4  -0.0061895 0.05 0.6 0.375 0.025 0.925 0.025 0.35 0 0.775 0.7 0.1 0.65 0.925 0.9 0.275 0.65 0.175 0.9 0.75 0.525 0.675 0.25 0.35 
2959    0.8 0.6 0.6 0.2 0.8  -0.00582006 0.025 0.675 0.375 0.025 0.775 0.475 0.475 0.125 0.9 0.7 0.1 0.75 0.925 0.9 0.275 0.35 0.025 0.575 0.775 0.65 0.625 0.225 0.75 
2962    0.8 0.6 0.6 0.4 0.4  0.00389646 0.05 0.675 0.375 0.025 0.975 0.025 0.35 0 0.775 0.45 0.1 0.85 0.925 0.65 0.275 0.65 0.175 0.9 0.925 0.525 0.675 0.45 0.325 
2966    0.8 0.6 0.6 0.6 0.2  -0.00620771 0.05 0.6 0.375 0.025 0.925 0.025 0.35 0 0.775 0.7 0.1 0.85 0.925 0.9 0.275 0.65 0.175 0.9 0.975 0.525 0.675 0.675 0.25 
2969    0.8 0.6 0.6 0.6 0.8  -0.0257793 0.025 0.675 0.375 0.025 0.775 0.475 0.475 0 0.125 0.7 0.225 0.025 0.925 0.9 0.275 0.35 0.025 0.575 0.925 0.5 0.675 0.55 0.75 
2971    0.8 0.6 0.6 0.8 0.2  0.000408709 0.05 0.6 0.375 0 0.925 0.025 0.925 0 0.775 0.7 0.1 0 0.925 0.9 0.275 0.65 0.175 0.9 0.775 0.525 0.5 0.75 0.25 
2979    0.8 0.6 0.8 0 0.8  -0.00731067 0.025 0.675 0.375 0.025 0.125 0.275 0.475 0 0.125 0.7 0.225 0.25 0.925 0.85 0.275 0.35 0.05 0.575 0.825 0.5 0.75 0.05 0.75 
2980    0.8 0.6 0.8 0.2 0  -0.0104662 0.05 0.6 0.375 0.025 0.925 0.025 0.35 0 0.775 0.7 0.1 0.65 0.8 0.9 0.275 0.65 0.175 0.9 0.75 0.525 0.775 0.15 0 
2982    0.8 0.6 0.8 0.2 0.4  -0.0199761 0.025 0.6 0.375 0.025 0.775 0.35 0.8 0.05 0.9 0.65 0.325 0.25 0.925 0.3 0.275 0.05 0.175 0.8 0.95 0.5 0.775 0.175 0.475 
2987    0.8 0.6 0.8 0.4 0.4  0.0168894 0.025 0.6 0.375 0.025 0.775 0.35 0.8 0.05 0.9 0.55 0.325 0.25 0.925 0.9 0.275 0.375 0.175 0.8 0.775 0.5 0.775 0.375 0.475 
2989    0.8 0.6 0.8 0.4 0.8  0.00355918 0.05 0.6 0.375 0.025 0.925 0.025 0.35 0.4 0.775 0.7 0.15 0.25 0.925 0.725 0.275 0.35 0.175 0.425 0.975 0.525 0.85 0.35 0.9 
2994    0.8 0.6 0.8 0.6 0.8  -0.0253909 0.025 0.675 0.375 0.025 0.775 0.65 0.475 0 0.125 0.7 0.225 0.75 0.925 0.9 0.275 0.35 0.175 0.575 0.725 0.5 1 0.6 0.75 
2999    0.8 0.6 0.8 0.8 0.8  -0.00107235 0.05 0.6 0.375 0.025 0.925 0.025 0.35 0.4 0.775 0.7 0.15 0.25 0.925 0.725 0.275 0.35 0.175 0.425 0.975 0.525 0.85 0.7 0.9 
3029    0.8 0.8 0.2 0 0.8  -0.012925 0.025 0.675 0.375 0.025 0.375 0.275 0.475 0 0.125 0.7 0.225 0.25 0.925 0.85 0.25 0.35 0.05 0.575 0.975 1 0.225 0.05 0.75 
3033    0.8 0.8 0.2 0.2 0.6  -0.0165355 0.025 0.6 0.375 0.025 0.775 0.475 0.8 0.05 0.9 0.7 0.325 0.25 0.925 0.9 0.275 0.35 0.175 0.825 0.975 0.75 0.2 0.275 0.525 
3034    0.8 0.8 0.2 0.2 0.8  0.00176911 0.025 0.675 0.975 0.025 0.775 0.475 0.475 0.125 0.575 0.725 0.225 0.75 0.775 0.9 0.275 0.35 0.025 0.575 0.725 1 0.125 0.175 0.75 
3035    0.8 0.8 0.2 0.4 0  -0.00722086 0.05 0.6 0.375 0.025 0.925 0.025 0.35 0 0.775 0.7 0.1 0.75 0.925 0.9 0.275 0.35 0.175 0.9 0.925 0.775 0.175 0.4 0.05 
3036    0.8 0.8 0.2 0.4 0.2  -0.00722086 0.05 0.6 0.375 0.025 0.925 0.025 0.35 0 0.775 0.7 0.1 0.75 0.925 0.9 0.275 0.35 0.175 0.9 0.925 0.775 0.175 0.4 0.225 
3039    0.8 0.8 0.2 0.4 0.8  0.0034821 0.025 0.675 0.975 0.025 0.775 0.475 0.475 0.125 0.575 0.725 0.225 0.75 0.775 0.9 0.275 0.35 0.025 0.575 0.725 1 0.125 0.3 0.75 
3041    0.8 0.8 0.2 0.6 0.2  -0.0125594 0.05 0.6 0.375 0.025 0.925 0.025 0.35 0 0.775 0.7 0.1 0.75 0.925 0.9 0.275 0.35 0.175 0.9 0.8 0.775 0.175 0.675 0.225 
3044    0.8 0.8 0.2 0.6 0.8  -0.0301548 0.025 0.675 0.375 0.05 0.775 0.475 0.475 0.15 0.125 0.7 0.225 0.75 0.925 0.9 0.275 0.35 0.175 0.575 0.975 0.75 0.275 0.6 0.75 
3046    0.8 0.8 0.2 0.8 0.2  -0.012181 0.05 0.6 0.375 0.025 0.925 0.025 0.35 0 0.775 0.7 0.1 0.75 0.925 0.9 0.275 0.35 0.175 0.9 0.8 0.775 0.175 0.725 0.225 
3048    0.8 0.8 0.2 0.8 0.6  -0.0117775 0.05 0.6 0.375 0.025 0.925 0.65 0.35 0 0.775 0.7 0 0.75 0.925 0.9 0.275 0.35 0.175 0.9 0.8 0.775 0.175 0.725 0.675 
3054    0.8 0.8 0.4 0 0.8  -0.00192529 0.025 0.675 0.375 0.025 0.375 0.275 0.475 0 0.125 0.7 0.225 0.25 0.925 0.85 0.25 0.35 0.05 0.575 0.975 1 0.325 0.05 0.75 
3059    0.8 0.8 0.4 0.2 0.8  -0.00838111 0.025 0.675 0.375 0.025 0.775 0.475 0.475 0.125 0.9 0.7 0.225 0.75 0.925 0.9 0.275 0.35 0.025 0.575 0.725 0.75 0.45 0.225 0.75 
3064    0.8 0.8 0.4 0.4 0.8  -0.0318607 0.075 0.825 0.175 0.025 0.775 0.575 0.35 0 0.775 0.7 0.575 0.325 0.875 0.6 0.6 0.45 0.175 0.7 0.95 0.7 0.475 0.475 0.7 
3066    0.8 0.8 0.4 0.6 0.2  0.00909719 0.05 0.6 0.375 0.025 0.925 0.025 0.35 0 0.775 0.7 0.575 0.85 0.925 0.9 0.275 0.35 0.175 0.9 0.775 0.7 0.325 0.675 0.125 
3069    0.8 0.8 0.4 0.6 0.8  -0.028395 0.025 0.675 0.375 0.05 0.775 0.475 0.225 0.15 0.125 0.7 0.225 0.75 0.925 0.9 0.2 0.35 0.175 0.575 0.975 0.75 0.475 0.6 0.75 
3090    0.8 0.8 0.6 0.6 0  0.0148308 0.05 0.6 0.375 0.025 0.925 0.025 0.35 0 0.775 0.7 0.575 0.85 0.925 0.9 0.275 0.9 0.175 0.9 0.825 0.7 0.625 0.675 0.025 
3091    0.8 0.8 0.6 0.6 0.2  0.0401097 0.05 0.6 0.375 0.025 0.925 0.025 0.7 0 0.75 0.7 0.575 0.85 0.925 0.9 0.275 0.9 0.175 0.9 0.825 0.7 0.625 0.675 0.25 
3094    0.8 0.8 0.6 0.6 0.8  -0.0210369 0.025 0.675 0.375 0.025 0.775 0.275 0.475 0 0.125 0.7 0.225 0.25 0.925 0.85 0.275 0.35 0.05 0.525 0.85 1 0.55 0.5 0.75 
3099    0.8 0.8 0.6 0.8 0.8  -0.0209011 0.05 0.55 0.375 0.025 0.925 0.025 0.35 0.4 0.775 0.7 0.15 0.25 0.925 0.725 0.275 0.275 0.175 0.425 0.975 0.95 0.525 0.7 0.9 
3104    0.8 0.8 0.8 0 0.8  -0.00454393 0.025 0.675 0.375 0.025 0.375 0.275 0.475 0 0.125 0.7 0.225 0.25 0.925 0.85 0.25 0.35 0.05 0.575 0.975 1 0.8 0.05 0.75 
3108    0.8 0.8 0.8 0.2 0.6  -0.0284173 0.025 0.825 0.025 0.025 0.775 0.8 0.875 0 0.05 0.7 0.8 0.825 0.875 0.6 0.6 0.975 0.175 0.7 1 0.925 0.775 0.15 0.65 
3112    0.8 0.8 0.8 0.4 0.4  -0.0152993 0.025 0.6 0.375 0.025 0.775 0.35 0.8 0.05 0.9 0.65 0.325 0.25 0.925 0.9 0.275 0.05 0.175 0.8 0.8 1 0.775 0.375 0.475 
3113    0.8 0.8 0.8 0.4 0.6  0.399576 0.025 0.825 0.025 0.025 0.775 0.8 0.875 0 0.05 0.7 0.8 0.825 0.875 0.6 0.6 0.975 0.175 0.7 1 0.925 0.925 0.375 0.65 
3124    0.8 0.8 0.8 0.8 0.8  -0.0239887 0.05 0.6 0.375 0.025 0.925 0.025 0.35 0.4 0.775 0.7 0.15 0.25 0.925 0.725 0.275 0.275 0.175 0.425 0.975 0.95 0.85 0.7 0.9 
