0 1 0.169733 0.169733 0.15411
1 3 -0.878778 0.169733 0.152413
2 6 0.431355 1.01445 0.160231
3 9 0.28238 1.01445 0.157168
4 11 -0.100095 1.01445 0.157506
5 12 0.0365286 1.01445 0.158041
6 15 0.0857439 1.17446 0.155695
7 20 -0.106154 1.17446 0.153549
8 24 -0.0656866 1.17446 0.154547
9 27 0.120524 1.17446 0.156613
10 34 0.0206991 1.69848 0.156037
11 38 0.0217675 1.69848 0.154584
12 44 -0.0701225 1.69848 0.155862
13 48 -0.0615251 1.69848 0.15787
14 52 -0.0365287 1.69848 0.157679
15 60 -0.0394385 1.69848 0.158669
16 65 -0.0359752 1.69848 0.156329
17 70 -0.0112403 1.69848 0.157307
18 79 -0.00308948 1.69848 0.154936
19 85 -0.00195662 1.69848 0.154792
20 96 -0.0299081 1.69848 0.155094
21 100 -0.0186072 1.69848 0.154351
22 110 -0.0115243 1.69848 0.154023
23 121 -0.0183381 1.69848 0.152972
24 127 -0.012849 1.69848 0.153076
25 134 0.0080637 1.69848 0.15057
26 143 0.00925139 1.69848 0.150406
27 152 0.0228218 1.69848 0.149688
28 162 0.00492232 1.69848 0.148854
29 174 0.00550151 1.69848 0.148848
30 184 0.00758684 1.69848 0.147631
31 192 0.0165107 1.69848 0.146616
32 205 0.0185964 1.69848 0.146034
33 212 0.0329505 1.69848 0.146473
34 220 0.0312975 1.69848 0.145367
35 234 0.0289872 1.69848 0.144864
36 244 0.0275444 1.69848 0.144077
37 255 0.0316168 1.69848 0.142994
38 266 0.0370693 1.69848 0.140998
39 274 0.0357322 1.69848 0.140427
40 283 0.0340978 1.69848 0.139936
41 288 0.0353574 1.69848 0.139182
42 298 0.0381089 1.69848 0.13791
43 307 0.0333269 1.69848 0.13695
44 315 0.0324039 1.69848 0.136705
45 330 0.0330187 1.69848 0.137012
46 340 0.0345665 1.69848 0.136907
47 350 0.0382107 1.73388 0.136266
48 362 0.0377738 1.73388 0.136053
49 368 0.0421547 1.73388 0.135582
50 372 0.0421467 1.73388 0.135219
51 383 0.0407209 1.73388 0.134977
52 392 0.042347 1.73388 0.135147
53 402 0.034957 1.73388 0.134808
54 408 0.0342909 1.73388 0.134839
55 416 0.0332371 1.73388 0.134689
56 423 0.0365669 1.73388 0.134556
57 437 0.0366637 1.73388 0.134236
58 442 0.0387241 1.73388 0.134175
59 449 0.0368283 1.73388 0.133845
60 461 0.0358661 1.73388 0.133739
61 470 0.0354501 1.73388 0.133449
62 475 0.0368997 1.73388 0.133167
63 479 0.0370101 1.73388 0.133081
64 486 0.0363501 1.73388 0.132674
65 498 0.0354122 1.73388 0.13246
66 509 0.0355032 1.73388 0.132382
67 519 0.0359874 1.73388 0.131164
68 526 0.0356683 1.73388 0.130748
69 535 0.0347364 1.73388 0.130499
70 549 0.0360518 1.73388 0.130551
71 557 0.0390366 1.73388 0.130302
72 567 0.0384879 1.73388 0.130319
73 575 0.0377158 1.73388 0.130073
74 584 0.0314612 1.73388 0.129907
75 593 0.0286582 1.73388 0.129863
76 601 0.0292946 1.73388 0.129854
77 606 0.0270592 1.73388 0.129302
78 615 0.0253679 1.73388 0.129007
79 626 0.0260931 1.73388 0.12862
80 633 0.0278757 1.73388 0.128501
81 641 0.028243 1.73388 0.12847
82 647 0.0279416 1.73388 0.127936
83 654 0.0291615 1.73388 0.127973
84 665 0.0287107 1.73388 0.127826
85 675 0.0296612 1.73388 0.127843
86 684 0.0293515 1.73388 0.127739
87 693 0.0297944 1.73388 0.127398
88 699 0.0298321 1.73388 0.127283
89 708 0.0305074 1.73388 0.127359
90 717 0.0303127 1.73388 0.127043
91 729 0.0299422 1.73388 0.12712
92 733 0.0303434 1.73388 0.126347
93 741 0.0283704 1.73388 0.126265
94 751 0.0293158 1.73388 0.126047
95 758 0.0323769 1.73388 0.125847
96 761 0.0333109 1.73388 0.125647
97 768 0.0329814 1.73388 0.125252
98 776 0.0325781 1.73388 0.125243
99 788 0.0319185 1.73388 0.125089
100 792 0.0316488 1.73388 0.124787
101 795 0.0317853 1.73388 0.124389
102 800 0.0314919 1.73388 0.124116
103 808 0.0350572 1.73388 0.124246
104 817 0.0371892 1.73388 0.123989
105 826 0.0373525 1.73388 0.123665
106 830 0.0388951 1.73388 0.123533
107 837 0.0388375 1.73388 0.123476
108 847 0.0391405 1.73388 0.123511
109 854 0.0390067 1.73388 0.123241
110 862 0.0385317 1.73388 0.12318
111 871 0.0380388 1.73388 0.123207
112 875 0.0380681 1.73388 0.122953
113 880 0.038281 1.73388 0.122722
114 884 0.0379833 1.73388 0.122387
115 888 0.0389623 1.73388 0.122197
116 897 0.0387345 1.73388 0.121999
117 908 0.0381177 1.73388 0.121946
118 918 0.038237 1.73388 0.12192
119 924 0.0382378 1.73388 0.12192
120 928 0.0379367 1.73388 0.121823
121 932 0.0379542 1.73388 0.121336
122 939 0.0389859 1.73388 0.121139
123 943 0.0387189 1.73388 0.121108
124 948 0.0384784 1.73388 0.120993
125 953 0.0392134 1.73388 0.120867
126 956 0.0389595 1.73388 0.120657
127 965 0.0380219 1.73388 0.120525
128 969 0.0383861 1.73388 0.120308
129 975 0.038072 1.73388 0.120219
130 983 0.0376724 1.73388 0.120053
131 989 0.0385421 1.73388 0.119919
132 993 0.0377948 1.73388 0.119804
133 1000 0.0376876 1.73388 0.119626
134 1006 0.0369759 1.73388 0.119201
135 1010 0.0355417 1.73388 0.119072
136 1019 0.0358031 1.73388 0.119123
137 1029 0.0362051 1.73388 0.119222
138 1034 0.0371966 1.73388 0.119153
139 1041 0.0370584 1.73388 0.118907
140 1047 0.0368993 1.73388 0.118762
141 1053 0.0366384 1.73388 0.118659
142 1060 0.0375117 1.73388 0.118476
143 1065 0.0386398 1.73388 0.11828
144 1071 0.0383662 1.73388 0.118152
145 1075 0.0385994 1.73388 0.118181
146 1084 0.0404339 1.73388 0.118207
147 1089 0.0404263 1.73388 0.118082
148 1094 0.0405328 1.73388 0.118175
149 1098 0.0403692 1.73388 0.117925
150 1107 0.0401583 1.73388 0.117826
151 1112 0.0404058 1.73388 0.117595
152 1116 0.0406003 1.73388 0.117416
153 1121 0.0403487 1.73388 0.117362
154 1127 0.040659 1.73388 0.117182
155 1136 0.0401982 1.73388 0.117152
156 1147 0.039875 1.73388 0.117292
157 1153 0.0400984 1.73388 0.117229
158 1161 0.040758 1.73388 0.117193
159 1166 0.04218 1.73388 0.11705
160 1171 0.0426135 1.73388 0.116976
161 1178 0.0428094 1.73388 0.116891
162 1185 0.0425042 1.73388 0.116736
163 1186 0.0436612 1.83561 0.116614
164 1193 0.0433918 1.83561 0.116572
165 1197 0.0418669 1.83561 0.116546
166 1203 0.0418159 1.83561 0.116415
167 1206 0.0418005 1.83561 0.116102
168 1215 0.0415815 1.83561 0.116095
169 1223 0.041384 1.83561 0.11617
170 1232 0.0414173 1.83561 0.116227
171 1233 0.0414769 1.83561 0.116157
172 1239 0.0411873 1.83561 0.116043
173 1244 0.0409919 1.83561 0.116021
174 1251 0.0421432 1.83561 0.115761
175 1258 0.0430325 1.83561 0.115799
176 1261 0.0431209 1.83561 0.115697
177 1270 0.0430766 1.83561 0.115566
178 1274 0.0429015 1.83561 0.115535
179 1284 0.0427854 1.83561 0.115465
180 1293 0.0424208 1.83561 0.115322
181 1303 0.0422735 1.83561 0.115151
182 1315 0.0418772 1.83561 0.115215
183 1321 0.0407634 1.83561 0.115061
184 1327 0.0406076 1.83561 0.115121
185 1330 0.040681 1.83561 0.115046
186 1334 0.0407313 1.83561 0.115163
187 1339 0.040539 1.83561 0.115024
188 1341 0.0415171 1.83561 0.114966
189 1348 0.04088 1.83561 0.115043
190 1350 0.0398754 1.83561 0.115072
191 1353 0.040744 1.83561 0.115033
192 1354 0.0409331 1.83561 0.11495
193 1361 0.0411156 1.83561 0.114876
194 1369 0.0409525 1.83561 0.114893
195 1375 0.0427926 1.83561 0.114893
196 1380 0.0432379 1.83561 0.114619
197 1384 0.0439806 1.83561 0.114538
198 1391 0.0436944 1.83561 0.114405
199 1394 0.0441061 1.83561 0.114338
200 1398 0.0439774 1.83561 0.114294
201 1405 0.0443412 1.83561 0.114213
202 1409 0.0455669 1.83561 0.114116
203 1414 0.045381 1.83561 0.114144
204 1416 0.0452952 1.83561 0.114057
205 1419 0.0455343 1.83561 0.11397
206 1422 0.0454183 1.83561 0.113836
207 1426 0.0466364 1.83561 0.11372
208 1430 0.0469149 1.83561 0.113672
209 1433 0.0471684 1.83561 0.113536
210 1437 0.0474283 1.83561 0.113543
211 1443 0.0469224 1.83561 0.113548
212 1449 0.0461168 1.83561 0.113505
213 1455 0.0458272 1.83561 0.113445
214 1459 0.0458832 1.83561 0.113347
215 1467 0.0453235 1.83561 0.113362
216 1472 0.0452791 1.83561 0.113309
217 1476 0.0453471 1.83561 0.113261
218 1483 0.0452993 1.83561 0.113223
219 1487 0.0462881 1.83561 0.113159
220 1493 0.0456977 1.83561 0.113025
221 1496 0.0455787 1.83561 0.112834
222 1499 0.0456017 1.83561 0.112835
223 1502 0.0457814 1.83561 0.112841
224 1507 0.0455975 1.83561 0.112712
225 1515 0.0445342 1.83561 0.112506
226 1517 0.0445119 1.83561 0.112442
227 1521 0.0448031 1.83561 0.112352
228 1525 0.0450152 1.83561 0.112263
229 1529 0.0449284 1.83561 0.112189
230 1531 0.0450441 1.83561 0.111973
231 1540 0.044729 1.83561 0.112192
232 1544 0.0446124 1.83561 0.112034
233 1548 0.0455814 1.83561 0.111994
234 1551 0.0456348 1.83561 0.111911
235 1557 0.0455 1.83561 0.111899
236 1560 0.0461305 1.83561 0.111763
237 1564 0.0462592 1.83561 0.111672
238 1572 0.0455996 1.83561 0.111841
239 1577 0.04552 1.83561 0.111903
240 1580 0.0457293 1.83561 0.1118
241 1586 0.0465101 1.83561 0.111554
242 1594 0.0457378 1.83561 0.111701
243 1599 0.0457433 1.83561 0.111559
244 1604 0.04501 1.83561 0.111507
245 1608 0.0451447 1.83561 0.11148
246 1611 0.0450487 1.83561 0.111352
247 1618 0.0448429 1.83561 0.111284
248 1624 0.0446755 1.83561 0.111386
249 1629 0.0447555 1.83561 0.111315
250 1632 0.0447809 1.83561 0.111302
251 1638 0.0445645 1.83561 0.111197
252 1643 0.0446982 1.83561 0.111028
253 1651 0.0446655 1.83561 0.11104
254 1652 0.0446088 1.83561 0.11091
255 1657 0.0443893 1.83561 0.110831
256 1661 0.0449117 1.83561 0.110779
257 1664 0.0448216 1.83561 0.110702
258 1670 0.0451369 1.83561 0.110715
259 1675 0.0454715 1.83561 0.110644
260 1677 0.0456911 1.83561 0.110551
261 1682 0.0457077 1.83561 0.110443
262 1689 0.0437737 1.83561 0.11043
263 1694 0.0448335 1.83561 0.110408
264 1698 0.0455717 1.83561 0.110374
265 1701 0.0455975 1.83561 0.110246
266 1708 0.0444234 1.83561 0.110315
267 1714 0.0436511 1.83561 0.110219
268 1714 0.0436657 1.83561 0.110086
269 1716 0.0437546 1.83561 0.109955
270 1717 0.0437309 1.83561 0.109822
271 1721 0.0438972 1.83561 0.109792
272 1726 0.044233 1.83561 0.109742
273 1728 0.0449887 1.83561 0.10958
274 1733 0.0451075 1.83561 0.109469
275 1738 0.0450764 1.83561 0.10937
276 1743 0.0449176 1.83561 0.109364
277 1746 0.0449372 1.83561 0.109308
278 1754 0.0447164 1.83561 0.109322
279 1757 0.0448571 1.83561 0.10916
280 1761 0.0448562 1.83561 0.109071
281 1768 0.0483656 1.83561 0.109202
282 1773 0.0483641 1.83561 0.109046
283 1779 0.0477822 1.83561 0.109039
284 1784 0.0476838 1.83561 0.109012
285 1787 0.0482115 1.83561 0.108959
286 1792 0.0478168 1.83561 0.109001
287 1795 0.0478987 1.83561 0.108899
288 1799 0.0480507 1.83561 0.108893
289 1811 0.0475239 1.83561 0.108833
290 1816 0.0489052 1.83561 0.108816
291 1818 0.0490401 1.83561 0.108738
292 1818 0.049749 1.83561 0.108576
293 1824 0.0496422 1.83561 0.108549
294 1827 0.0500028 1.83561 0.108443
295 1831 0.0506573 1.83561 0.108421
296 1833 0.0509178 1.83561 0.108372
297 1839 0.0515821 1.83561 0.108355
298 1840 0.0515139 1.83561 0.10823
299 1845 0.0513899 1.83561 0.108189
300 1850 0.0504975 1.83561 0.108185
301 1856 0.0501832 1.83561 0.108191
302 1862 0.0499896 1.83561 0.108162
303 1865 0.0506925 1.83561 0.108107
304 1870 0.0509761 1.83561 0.108142
305 1873 0.0505038 1.83561 0.108039
306 1876 0.0509944 1.83561 0.108077
307 1876 0.0512929 1.83561 0.108032
308 1883 0.0504964 1.83561 0.108032
309 1886 0.0510894 1.83561 0.107799
310 1890 0.0509807 1.83561 0.107756
311 1895 0.0510804 1.83561 0.107632
312 1897 0.0514359 1.83561 0.107506
313 1903 0.0512362 1.83561 0.107453
314 1906 0.0513645 1.83561 0.10748
315 1908 0.0512734 1.83561 0.107278
316 1910 0.0511844 1.83561 0.107288
317 1918 0.0509656 1.83561 0.107312
318 1921 0.0522804 1.83561 0.107212
319 1924 0.0522503 1.83561 0.107269
320 1928 0.0515731 1.83561 0.107303
321 1933 0.0516258 1.83561 0.107312
322 1937 0.0515844 1.83561 0.107304
323 1941 0.0515757 1.83561 0.107329
324 1946 0.0520876 1.83561 0.107226
325 1950 0.0526873 1.83561 0.10718
326 1952 0.0532103 1.83561 0.107107
327 1954 0.0531856 1.83561 0.107024
328 1958 0.0532298 1.83561 0.106823
329 1962 0.0538428 1.83561 0.106864
330 1966 0.0537685 1.83561 0.106886
331 1969 0.053908 1.83561 0.106892
332 1972 0.0538921 1.83561 0.106758
333 1976 0.0537414 1.83561 0.106727
334 1978 0.0541412 1.83561 0.106735
335 1981 0.054063 1.83561 0.106702
336 1984 0.0546741 1.83561 0.106646
337 1989 0.0546537 1.83561 0.106616
338 1993 0.0548007 1.83561 0.106653
339 1995 0.0547417 1.83561 0.106569
340 2001 0.0545187 1.83561 0.106527
341 2008 0.0549092 1.83561 0.106458
342 2009 0.0551938 1.83561 0.106296
343 2015 0.0551175 1.83561 0.106382
344 2017 0.0550288 1.83561 0.10634
345 2018 0.0561944 1.83561 0.106329
346 2019 0.0561766 1.83561 0.1063
347 2022 0.0567645 1.83561 0.106234
348 2023 0.057391 1.83561 0.106184
349 2029 0.0578404 1.83561 0.106163
350 2030 0.0576915 1.83561 0.106126
351 2031 0.0576509 1.83561 0.106026
352 2033 0.0582874 1.83561 0.105978
353 2040 0.0585852 1.83561 0.106022
354 2042 0.0590239 1.83561 0.105926
355 2047 0.0588797 1.83561 0.105874
356 2051 0.0588674 1.83561 0.105907
357 2054 0.0596708 1.83561 0.105972
358 2056 0.0585455 1.83561 0.105916
359 2058 0.058469 1.83561 0.105901
360 2061 0.0583673 1.83561 0.105824
361 2065 0.0583694 1.83561 0.105828
362 2066 0.058415 1.83561 0.105787
363 2068 0.0583326 1.83561 0.105706
364 2071 0.0583561 1.83561 0.105635
365 2073 0.0587615 1.83561 0.105571
366 2076 0.0586637 1.83561 0.105505
367 2081 0.0589562 1.83561 0.105501
368 2084 0.0589119 1.83561 0.105457
369 2090 0.0586871 1.83561 0.105286
370 2094 0.0587627 1.83561 0.105299
371 2097 0.0587509 1.83561 0.10515
372 2100 0.058894 1.83561 0.105042
373 2106 0.0587848 1.83561 0.105024
374 2109 0.0583748 1.83561 0.105023
375 2109 0.0590701 1.83561 0.105058
376 2115 0.0588972 1.83561 0.105058
377 2116 0.0591489 1.83561 0.105042
378 2118 0.059111 1.83561 0.104991
379 2119 0.0595798 1.83561 0.10492
380 2122 0.0602516 1.83561 0.104839
381 2124 0.0605652 1.83561 0.104802
382 2127 0.0602587 1.83561 0.104706
383 2131 0.0606379 1.83561 0.104629
384 2133 0.0607115 1.83561 0.104553
385 2135 0.0619662 1.83561 0.104485
386 2140 0.0624846 1.83561 0.104496
387 2147 0.0628085 1.83561 0.10453
388 2150 0.0627047 1.83561 0.10449
389 2152 0.0629106 1.83561 0.104426
390 2157 0.0627791 1.83561 0.104422
391 2159 0.0627525 1.83561 0.104372
392 2165 0.0625328 1.83561 0.104365
393 2167 0.0624857 1.83561 0.104335
394 2174 0.0633083 1.83561 0.104234
395 2179 0.0634334 1.83561 0.104285
396 2179 0.0641599 1.83561 0.104245
397 2182 0.0641638 1.83561 0.104248
398 2186 0.0647619 1.83561 0.10425
399 2189 0.0656798 1.83561 0.104199
400 2191 0.0656796 1.83561 0.104101
401 2193 0.0663409 1.83561 0.1041
402 2195 0.0662623 1.83561 0.103968
403 2199 0.0664672 1.83561 0.103945
404 2205 0.0665524 1.83561 0.103918
405 2209 0.0665606 1.83561 0.103919
406 2210 0.0666821 1.83561 0.103777
407 2213 0.0665425 1.83561 0.103763
408 2215 0.0664055 1.83561 0.103691
409 2218 0.0664404 1.83561 0.10356
410 2221 0.0663386 1.83561 0.103601
411 2222 0.0667031 1.83561 0.103542
412 2223 0.0668219 1.83561 0.103468
413 2226 0.0667941 1.83561 0.10343
414 2228 0.0668183 1.83561 0.103387
415 2230 0.0677988 1.83561 0.103352
416 2230 0.0677957 1.83561 0.103267
417 2233 0.0677164 1.83561 0.103242
418 2233 0.0680775 1.83561 0.103183
419 2235 0.0686299 1.83561 0.103186
420 2236 0.0686237 1.83561 0.103136
