229    0 0 0.2 0.8 0 0.8  0.192367 0.525 0.35 1 0.3 0.9 0.2 0.675 0.675 0 0 0.25 0.35 0.475 0.35 0.125 0.5 0.075 0.425 0 0.1 0.95 0.75 0 
604    0 0 0.8 0.8 0 0.8  0.115565 0.525 0.35 1 0.3 0.9 0.2 0.675 0.675 0 0 0.25 0.35 0.525 0.35 0.125 0.5 0.075 0.425 0 0.1 0.95 0.75 0 
749    0 0.2 0 0.8 0.8 0.8  0.102425 0.525 0.35 1 0.3 0.9 0.2 0.675 0.675 0 0 0.25 0.35 0.475 0 0.125 0.5 0.325 0.425 0 0.1 0.95 0.75 0.45 
854    0 0.2 0.2 0.8 0 0.8  0.215922 0.525 0.35 1 0.3 0.9 0.2 0.675 0.675 0 0 0.25 0.075 0.15 0.425 0.125 0.35 0.075 0.425 0 0.05 0.95 0.725 0 
2061    0 0.6 0.2 0.4 0.4 0.2  0.783465 0.525 0.35 1 0.3 0.9 0.4 0.675 0.675 0 0 0.25 0.35 0.475 0 0.125 0.5 0.325 0.425 0 0.1 0.95 0.75 0.725 
2080    0 0.6 0.2 0.6 0.2 0  0.957752 0.525 0.425 1 0.3 0.35 0.2 0.675 0.675 0 0.75 0.95 0.075 0.15 0.425 0.125 0.35 0.075 0.425 0 0.05 0.95 0.725 0 
2081    0 0.6 0.2 0.6 0.2 0.2  0.776016 0.525 0.35 1 0.3 0.9 0.2 0.675 0.675 0 0 0.5 0.075 0.15 0.35 0.125 0.5 0.075 0.425 0 0.05 0.425 0.725 0 
4582    0.2 0.4 0.2 0.6 0.2 0.4  1.89573 0.85 0.825 0.425 0.425 0.475 0.2 0.675 0.85 0.675 0.2 0.35 0.375 0.8 0.4 0.875 0.5 0.625 0.3 0.35 0.125 0.525 0.725 0.3 
4766    0.2 0.4 0.6 0 0.6 0.2  0.354528 0.15 0.5 0.6 0.775 0.9 1 0.025 0.85 0.675 0.625 0.775 0 0.175 0.825 0.725 0.75 0.15 0.275 0.35 0.125 0.225 0.35 0.825 
5211    0.2 0.6 0.2 0.6 0.4 0.2  -0.625738 0.525 0.35 1 0.3 0.075 0.2 0.675 0.675 0 0 0.45 0.35 0.475 0.35 0.125 0.5 0.075 0.425 0.175 0.1 0.725 0.75 0 
5387    0.2 0.6 0.6 0 0.4 0.4  0.268981 0.675 0.5 0.875 0.775 0.65 1 0.875 0.85 0.475 0.2 0.175 0 0.925 1 0.875 0.5 0.225 0.275 0.35 0.125 0.275 0.2 0.825 
6144    0.2 0.8 0.8 0 0.6 0.8  0.242674 0.7 0.25 0.525 0.775 0.9 1 0.775 0.85 0.75 0.35 0.35 0 0.6 0.825 0.725 0.225 0.8 0.275 0.425 0.125 0.225 0.2 0.825 
6892    0.4 0.2 0 0 0.6 0.4  0.436695 0.15 0.5 0.25 0.675 0.9 1 0.875 0.85 0.75 0.2 0.35 0 0.425 0.825 0.725 0.925 0.8 0.275 0.35 0.125 0.225 0.2 0.825 
6956    0.4 0.2 0 0.6 0.2 0.2  0.257359 0.175 0.35 0.925 0.425 0.9 0.2 0.875 0.075 0.675 0.2 0.35 0.375 0.425 0.9 0.725 0.5 0.625 0.275 0.2 0.375 0.225 0.725 0.825 
7015    0.4 0.2 0.2 0 0.6 0  -0.934577 0.15 0.95 0.85 0.075 0.9 1 0.875 0.85 0.475 0.2 0.35 0 0.95 0.825 0.55 0.275 0 0.275 0.35 0.525 0.35 0.625 0.825 
7016    0.4 0.2 0.2 0 0.6 0.2  0.73204 0.675 0 0.7 0.775 0.65 1 0.225 0.85 0.4 0.2 0.35 0 0.9 1 0.7 0.5 0.225 0.275 0.35 0.225 0.95 0.2 0.825 
7036    0.4 0.2 0.2 0.2 0.4 0.2  0.676867 0.7 0.25 0.525 0.775 0.9 1 0.775 0.85 0.75 0.2 0.35 0 0.15 0.825 0.725 0.225 0.8 0.275 0.5 0.125 0.225 0.2 0.825 
7037    0.4 0.2 0.2 0.2 0.4 0.4  0.755359 0.15 0.875 0.725 0.725 0.9 1 0.875 0.725 0.8 0.2 0.675 0 0.925 0.95 1 0.475 0.225 0.275 0.35 0.55 0 0.225 0.825 
7038    0.4 0.2 0.2 0.2 0.4 0.6  -0.666074 0.8 0.95 0.9 0.775 0.9 1 0.875 0.85 0.475 0.2 0.35 0 0.125 0.825 0.55 0.275 0.625 0.275 0.35 0.125 0.35 0.625 0.825 
7040    0.4 0.2 0.2 0.2 0.6 0  0.672738 0.15 0.5 0.7 0.125 0.9 1 0.875 0.65 0.675 0.2 0.35 0 0.275 0.775 0.95 0.15 0.55 0.15 0.55 0.125 0.225 0.2 0.25 
7041    0.4 0.2 0.2 0.2 0.6 0.2  0.615311 0.825 0.5 0.55 0.5 0.9 1 0.85 0.925 0.675 0.975 0.075 0 0.875 0.6 0.325 0.475 0.225 0.275 0.775 0.95 0.225 0.225 0.45 
7056    0.4 0.2 0.2 0.4 0.2 0.2  -1.98538 0.15 0.25 1 0.425 0.9 0.2 0.875 0.85 0.675 0.3 0.35 0.375 0.425 0.075 0.725 0.5 0.625 0.275 0.35 0.125 0.225 0.725 0.825 
7061    0.4 0.2 0.2 0.4 0.4 0.2  0.997714 0.325 0.55 0.425 0.425 0.975 0.1 0.575 0.85 0.275 0.275 0.05 0.175 1 0.825 0.725 0.5 0.25 0.9 0.725 0.275 0.625 0.725 0.45 
7076    0.4 0.2 0.2 0.6 0 0.2  0.868708 0.15 0.25 1 0.425 0.9 1 0.875 0.85 0.05 0.2 0.35 0.375 0.925 0.825 0.725 0.5 0.625 0.275 1 0.125 0.325 0 0.825 
7080    0.4 0.2 0.2 0.6 0.2 0  -0.00268724 0.15 0.5 0.7 0.775 0.5 1 0.875 0.85 0.675 0.2 0.775 0.275 0.925 0.825 0.725 0.825 0.075 0.275 0.35 0.125 0.225 0.2 0.825 
7081    0.4 0.2 0.2 0.6 0.2 0.2  -0.518519 0.15 0.675 1 0.425 0.9 0.2 0.875 0.85 0.675 0.825 0.55 0.5 0.275 0.275 0.725 0.8 0.65 0.275 0.25 0.725 0.225 0.725 0.525 
7082    0.4 0.2 0.2 0.6 0.2 0.4  -0.779952 0.4 0.775 0.875 0.425 0.05 0.6 0.875 0.85 0.275 0.275 0.7 0.375 0.05 0.8 0.725 0.5 0.25 0.3 0.725 0.125 0.225 0.15 0.3 
7086    0.4 0.2 0.2 0.6 0.4 0.2  -0.898857 0.125 0.35 1 0.425 0.9 0.2 0.675 0.675 0.675 0 0.875 0.7 0.425 0.35 0.125 0.5 0.075 0.275 0 0.05 0.45 0.725 0.825 
7106    0.4 0.2 0.2 0.8 0.2 0.2  -1.02913 0.15 0.3 1 0.425 0.9 0.2 0.675 0.85 0.675 0.575 0.875 0.7 0.425 0.35 0.725 0.275 0.625 0.275 0.1 0.825 0.225 0.725 0.825 
7146    0.4 0.2 0.4 0 0.8 0.2  0.48776 0.15 0.5 0.9 0.775 0.9 1 0.875 0.85 0.475 0.2 0.35 0 0.95 0.825 0.55 0.275 0.225 0.275 0.975 0.125 0.35 0.2 0.825 
7165    0.4 0.2 0.4 0.2 0.6 0  0.438275 0.15 0.5 0.9 0.775 0.9 1 0.875 0.85 0.475 0.2 0.35 0 0.95 0.825 0.55 0.275 0.225 0.275 0.35 0.125 0.35 0.2 0.825 
7166    0.4 0.2 0.4 0.2 0.6 0.2  0.997051 0.925 0.5 0.7 0.325 0.8 1 0.875 0.85 0.675 0.575 0.85 0 0.925 0.825 0.725 0.5 0.25 0.275 0.55 0.125 0.225 0.2 0.825 
7191    0.4 0.2 0.4 0.4 0.6 0.2  0.327947 0.575 0.5 0.7 0.775 0.7 1 0.875 0.725 0.675 0.775 0.025 0 0.9 0.825 0.325 0.675 0.075 0.3 0 0.3 0.225 0.3 0.825 
7205    0.4 0.2 0.4 0.6 0.2 0  -0.923411 0.625 0.275 1 0.875 0.375 0.2 0.875 0.45 0.675 0.2 0.35 0.375 0.425 0.825 0.725 0.675 0.95 0.275 0.65 0.325 0.45 0.725 0.825 
7206    0.4 0.2 0.4 0.6 0.2 0.2  0.785337 0.6 0.35 1 0.425 0.35 0.95 0.275 0.675 0.5 0.875 0.275 0.7 0.425 0.35 0.625 0.5 0.075 0.275 0 0.05 0.875 0.725 0.825 
7581    0.4 0.4 0 0.6 0.2 0.2  0.62742 0.85 0.825 0.425 0.425 0.9 0.2 0.675 0.85 0.675 0.2 0.35 0.375 0.8 0.4 0.875 0.5 0.625 0.275 0.35 0.125 0.225 0.725 0.3 
7582    0.4 0.4 0 0.6 0.2 0.4  0.791513 0.15 1 1 0.425 0.9 0.2 0.875 0.85 0.675 0.3 0.15 0.1 0.4 0.075 0.55 0.5 0.625 0.275 0.35 0.125 0.225 0.725 0.825 
7586    0.4 0.4 0 0.6 0.4 0.2  1.83424 0.85 0.825 0.425 0.425 0.9 0.2 0.875 0.475 0.675 0.2 0.35 0.375 0.8 0.4 0.875 0.5 0.625 0.275 0.35 0.6 0.225 0.725 0.3 
7637    0.4 0.4 0.2 0 0.4 0.4  0.709737 0.3 0.5 0.9 0.775 0.9 1 0.4 0.85 0.475 0.625 0 0 0.775 0.825 0.55 0.275 0.15 0.275 0.35 0.125 0.9 0.2 0.825 
7646    0.4 0.4 0.2 0 0.8 0.2  0.74216 0.825 0.5 0.55 0.5 0.9 1 0.85 0.925 0.675 0.975 0.075 0 0.875 0.15 0.325 0.475 0.225 0.275 0.35 0.125 0.225 0.225 0.45 
7661    0.4 0.4 0.2 0.2 0.4 0.2  0.0877759 0.15 0.5 0.7 0.775 0.9 1 0.875 0.85 0.675 0.2 0.35 0 0.925 0.825 0.725 0.75 0.225 0.275 0.35 0.125 0.8 0.2 0.75 
7666    0.4 0.4 0.2 0.2 0.6 0.2  0.5774 0.875 0.5 0.7 0.775 1 1 0.8 0.175 0.8 0.2 0.35 0 0.625 0.825 0.725 0.2 0.225 0.275 0.35 0.925 0.225 0.2 0.825 
7676    0.4 0.4 0.2 0.4 0 0.2  0.880288 0.15 0.25 1 0.425 0.9 1 0.875 0.85 0.675 0.2 0.35 0.375 0.925 0.825 0.725 0.5 0.625 0.275 0.35 0.125 0.225 0.725 0.825 
7681    0.4 0.4 0.2 0.4 0.2 0.2  -0.254341 0.15 0.35 0.85 0.425 0.825 0.2 0.475 0.85 0.675 0.325 0.775 0.375 0.4 0.75 0.725 0.5 0.625 0.275 0.35 0.125 0.225 0.725 0.825 
7682    0.4 0.4 0.2 0.4 0.2 0.4  1.04343 0.475 0.275 1 0.425 0.9 0.2 0.875 0.975 0.675 0.2 0.35 0.375 0.425 0.825 0.025 0.5 0.275 0.275 0.35 0.125 0.225 0.725 0.75 
7686    0.4 0.4 0.2 0.4 0.4 0.2  -0.0221393 0.15 0.5 0.9 0.325 0.9 1 0.875 0.85 0.475 0.2 0.35 0 0.95 0.825 0.55 0.275 0.225 0.275 0.975 0.125 0.35 0.2 0.825 
7687    0.4 0.4 0.2 0.4 0.4 0.4  -0.866912 0.85 0.825 0.175 0.7 0.475 0.05 0.675 0.85 0.675 0.2 0.35 0.2 0.8 0.4 0.875 0.5 0.625 0.3 0.35 0.125 0.525 0.725 0.3 
7691    0.4 0.4 0.2 0.4 0.6 0.2  -0.606715 0.225 0.925 0.225 0.35 0.05 1 0.525 0.925 0.975 0.2 0.775 0 0.925 0.15 0.825 0.725 0.025 0.275 0.925 0.125 0.225 0.325 0.825 
7705    0.4 0.4 0.2 0.6 0.2 0  -0.356978 0.15 0.25 1 0.425 0.9 1 0.875 0.85 0.675 0.05 0.35 0.15 0.925 0.825 0.725 0.65 0.625 0.275 0.35 0.125 0.225 0.725 0.825 
7706    0.4 0.4 0.2 0.6 0.2 0.2  1.39031 0.625 0.35 0.95 1 0.5 0.05 0.875 0.4 0.525 0.2 0.725 0.575 0.4 0.825 0.725 0.5 0.85 0.625 0.35 0.4 0.2 0.6 0.825 
7710    0.4 0.4 0.2 0.6 0.4 0  -0.000794252 0.15 0.55 1 0.425 0.8 0.2 0.375 0.075 0.5 0.2 0.35 0.375 0.425 0.825 0.725 0.125 0.85 0.275 0.225 0.325 0.225 0.725 0.825 
7711    0.4 0.4 0.2 0.6 0.4 0.2  -0.448456 0.15 0.95 0.95 1 0.9 0.05 0.375 0.4 0.675 0.2 0.725 0.575 0.4 0.825 0.725 0.5 0.05 0.275 0.35 0.5 0.7 0.725 0.825 
7730    0.4 0.4 0.2 0.8 0.2 0  -0.990298 0.15 0.35 1 0.425 0.9 0.2 0.875 0.85 0.675 0.2 0.35 0.375 0.275 0.175 0.725 0.8 0.625 0.275 0.35 0.725 0.225 0.725 0.825 
7761    0.4 0.4 0.4 0 0.4 0.2  0.255814 0.425 0.5 0.6 0.775 0.9 1 0.95 0.85 0.675 0.2 0.475 0 0.175 0.75 0.725 0.75 0.15 0.275 0.35 0.125 0.4 0.2 0.125 
7762    0.4 0.4 0.4 0 0.4 0.4  -0.0231903 0.15 0.5 0.7 0.775 0.9 1 0.875 0.85 1 0.2 0.35 0 0.925 0.825 0.725 0.2 0.225 0.275 0.35 0.125 0.225 0.2 0.825 
7766    0.4 0.4 0.4 0 0.6 0.2  0.488715 0.225 0.5 0.7 0.775 0.9 1 0.875 0.85 0.15 0.2 0.35 0 0.425 0.825 0.725 0.225 0.8 0.275 0.35 0.125 0.225 0.45 0.825 
7782    0.4 0.4 0.4 0.2 0.2 0.4  0.288194 0.15 0.5 0.7 0.775 0.9 1 0.875 0.85 0.75 0.2 0.35 0 0.3 0.825 0.725 0.175 0.8 0.275 0.35 0.125 0.175 0.2 0.825 
7786    0.4 0.4 0.4 0.2 0.4 0.2  0.444389 0.15 0.5 0.7 0.775 0.9 1 0.875 0.85 0.675 0.2 0.775 0 0.925 0.825 0.725 0.75 0.225 0.275 0.35 0.125 0.225 0.2 0.825 
7787    0.4 0.4 0.4 0.2 0.4 0.4  0.727549 0.9 0.825 0.7 0.775 0.9 1 0.875 0.85 0.675 0.2 0.35 0 0.925 0.975 0.725 0.5 0.75 0.275 0.55 0.125 0.225 0.575 0.825 
7791    0.4 0.4 0.4 0.2 0.6 0.2  0.800003 0.425 0.5 0.6 0.775 0.9 1 0.95 0.85 0.675 0.2 0.475 0 0.175 0.75 0.125 0.75 0.15 0.275 0.35 0.125 0.4 0.2 0.125 
7827    0.4 0.4 0.4 0.6 0 0.4  0.557096 0.95 0.35 1 0.425 0.9 0.2 0.675 0.675 0.675 0 0.875 0.075 0.425 0.35 0.125 0.5 0.075 0.425 0 0.05 0.95 0.725 0 
7830    0.4 0.4 0.4 0.6 0.2 0  -0.166439 0.625 0.275 1 0.875 0.3 0.925 0.875 0.5 0.675 0.2 0.35 0.375 0.425 0.1 0.725 0.675 0.95 0.275 0.65 0.325 0.45 0.025 0.825 
7831    0.4 0.4 0.4 0.6 0.2 0.2  -1.36826 0.15 0.35 1 0.425 0.9 0.2 0.875 0.375 0.675 0.2 0.35 0.375 0.425 0.825 0.725 0.8 0.625 0.275 0.35 0.125 0.15 0.725 0.825 
7836    0.4 0.4 0.4 0.6 0.4 0.2  -0.416413 0.975 0.35 1 0.425 0.9 0.2 0.875 0.85 0.675 0.2 0.55 0.65 0.425 0.825 0.725 0.6 0.625 0.275 0.35 0.125 0.225 0.725 0.825 
7882    0.4 0.4 0.6 0 0.2 0.4  0.424159 0.3 0.5 0.9 0.625 0.9 1 0.9 0.85 0.375 0.2 0 0 0.9 0.825 0.675 0.275 0.15 0.275 0.9 0.125 0.9 0.2 0.825 
7886    0.4 0.4 0.6 0 0.4 0.2  0.239942 0.15 0.5 0.7 0.775 0.9 1 0.8 0.85 1 0.2 0.35 0 0.925 0.825 0.725 0.2 0.225 0.275 0.35 0.125 0.225 0.2 0.825 
7891    0.4 0.4 0.6 0 0.6 0.2  0.320933 0.15 0.5 0.7 0.775 0.9 1 0.875 0 0.675 0.2 0.35 0 0.925 0.825 0.725 0.15 0.925 0.275 0.55 0.875 0.225 0.2 0.825 
8012    0.4 0.4 0.8 0 0.4 0.4  0.277628 0.925 0.5 0.7 0.775 0.8 1 0.875 0.925 0.775 0.575 0.85 0 0.925 0.825 0.1 0.5 0.25 0.275 0.55 0.125 0.225 0.2 0.825 
8396    0.4 0.6 0.4 0 0.8 0.2  0.535757 0.15 0.5 0.7 0.125 0.9 1 0.025 0.65 0.675 0.2 0.05 0 0.175 0.85 0.95 0.15 0.225 0.15 0.55 0.125 0.225 0.2 0.25 
9416    0.6 0 0 0.2 0.6 0.2  0.29106 0.15 0.5 0.9 0.775 0.9 1 0.875 0.85 0.475 0.575 0.35 0 0.95 0.825 0.5 0.1 0.225 0.275 0.35 0.125 0.975 0.2 0.825 
9542    0.6 0 0.2 0.2 0.6 0.4  0.96956 0.15 0.5 0.7 0.775 0.9 1 0.875 0.85 0.675 0.2 0.35 0 0.925 0.825 0.375 0.5 0.225 0.275 0.35 0.125 0.95 0.2 0.825 
10016    0.6 0.2 0 0 0.6 0.2  0.0200127 0.875 0.5 0.7 0.775 1 1 0.8 0.85 1 0.2 0.35 0 0.625 0.825 0.725 0.2 0.225 0.275 0.35 0.125 0.225 0.2 0.825 
10017    0.6 0.2 0 0 0.6 0.4  -0.166719 0.15 0.5 0.7 0.125 0.9 1 0.875 0.65 0.675 0.2 0.35 0 0.925 0.825 0.95 0.45 0.225 0.15 0.55 0.125 0.225 0.2 0.275 
10057    0.6 0.2 0 0.4 0.2 0.4  -0.25393 0.15 0.275 0.875 0.425 0.9 0.2 0.875 0.85 0.675 0.3 1 0.875 1 0.825 0.725 0.5 0.875 0.275 0.35 0.125 0.225 0.725 0.1 
10061    0.6 0.2 0 0.4 0.4 0.2  -2.03508 0.275 0.275 1 0.425 0.9 0.2 0.65 0.975 0.675 0.275 0.225 0.375 0.875 0.325 0.725 0.5 0.2 0.95 0.95 0.125 0.75 0.725 0.1 
10062    0.6 0.2 0 0.4 0.4 0.4  -1.77166 0.15 0.275 1 0.425 0.9 0.2 0.875 0.85 0.675 0.2 0.35 0.375 0.425 0.825 0.725 0.5 0.625 0.275 0.35 0.125 0.225 0.725 0.825 
10081    0.6 0.2 0 0.6 0.2 0.2  -1.7422 0.15 0.3 0.95 0.425 0.9 0.2 0.875 0.85 0.275 0.2 0.35 0.375 0.45 0.55 0.175 0.8 0.625 0.55 0.35 0.75 0.225 0.375 0.825 
10082    0.6 0.2 0 0.6 0.2 0.4  -1.101 0.15 0.275 0.875 0.425 0.9 0.2 0.875 0.85 0.675 0.275 0.225 0.375 1 0.825 0.725 0.5 0.2 0.275 0.35 0.125 0.225 0.725 0.1 
10086    0.6 0.2 0 0.6 0.4 0.2  -0.425023 0.775 0.825 0.425 0.425 0.9 0.2 0.325 0.475 0.675 0.625 0.35 0.375 0.8 0.7 0.875 0.5 0.525 0.275 0.35 0.175 0.225 0.425 0.3 
10136    0.6 0.2 0.2 0 0.4 0.2  0.319583 0.225 0.5 0.225 0.35 0.9 1 0.875 0.925 0.125 0.2 0.775 0 0.925 0.15 0.725 0.725 0.025 0.275 0.35 0.125 0.225 0.225 0.825 
10137    0.6 0.2 0.2 0 0.4 0.4  0.603681 0.3 0.5 0.9 0.775 0.9 1 0.9 0.85 0.475 0.2 0 0 0.2 0.575 0.225 0.275 0.15 0.275 0.35 0.125 0.2 0.2 0.15 
10141    0.6 0.2 0.2 0 0.6 0.2  0.761316 0.225 0.95 0.7 0.775 0.9 1 0.875 0.85 0.15 0.2 0.35 0 0.425 0.825 0.825 0.225 0.8 0.275 0.35 0.125 0.225 0.45 0.825 
10142    0.6 0.2 0.2 0 0.6 0.4  0.818249 0.15 0.5 0.525 0.3 0.9 1 0.875 0.85 0.375 0.2 0.35 0 0.5 0.825 0.875 0.5 0.225 0.275 0.5 0.125 0.225 0.175 0.825 
10161    0.6 0.2 0.2 0.2 0.4 0.2  0.763623 0.675 0.5 0.7 0.775 0.65 1 0.875 0.85 0.475 0.2 0.35 0 0.925 1 0.375 0.5 0.225 0.275 0.35 0.125 0.95 0.2 0.825 
10162    0.6 0.2 0.2 0.2 0.4 0.4  1.08578 0.15 0.8 0.725 0.725 0.9 1 0.875 0.725 0.55 0.2 0.075 0 0.925 0.95 1 0.475 0.225 0.275 0.35 0.125 0 0.225 0.825 
10166    0.6 0.2 0.2 0.2 0.6 0.2  0.954654 0.15 0.5 0.7 0.775 0.9 1 0.875 0.65 0.675 0.2 0.35 0 0.925 0.825 0.95 0.15 0.225 0.15 0.55 0.125 0.225 0.2 0.25 
10167    0.6 0.2 0.2 0.2 0.6 0.4  0.908785 0.15 0.5 0.525 0.775 0.9 1 0.875 0.85 0.375 0.2 0.35 0 0.5 0.825 0.875 0.5 0.225 0.275 0.15 0.125 0.225 0 0.825 
10176    0.6 0.2 0.2 0.4 0 0.2  0.823491 0.15 0.5 1 0.425 0.9 1 0.875 0.85 0.675 0.2 0.35 0.3 0.925 0.825 0.725 0.5 0.225 0.275 0.35 0.125 0.225 0.525 0.825 
10177    0.6 0.2 0.2 0.4 0 0.4  -1.14741 0.525 0.35 1 0.3 0.9 0.2 0.675 0.675 0.675 0 0.025 0.075 0.425 0.35 0.125 0.5 0.075 0.425 0 0.05 0.95 0.725 0 
10181    0.6 0.2 0.2 0.4 0.2 0.2  0.58095 0.15 0.35 1 0.425 0.9 0.2 0.875 0.375 0.675 0.2 0.35 0.375 0.425 0.825 0.725 0.5 0.625 0.275 0.35 0.125 0.225 0.725 0.825 
10182    0.6 0.2 0.2 0.4 0.2 0.4  0.868484 0.15 0.475 1 0.425 0.9 0.2 0.875 0.15 0.675 0.2 0.35 0.375 0.425 0.825 0.725 0.5 0.625 0.275 0.275 0.125 0.225 0.725 0.825 
10185    0.6 0.2 0.2 0.4 0.4 0  -1.26612 0.15 0.25 1 0.425 0.9 0.2 0.55 0.05 0.35 0.3 0.35 0.375 0.425 0.075 0.775 0.5 0.2 0.275 0.35 0.125 0.725 0.85 0.025 
10186    0.6 0.2 0.2 0.4 0.4 0.2  0.942912 0.15 0.35 0.95 1 0.9 0.05 0.875 0.4 0.675 0.2 0.725 0.575 0.4 0.825 0.725 0.5 0.125 0.275 0.35 0.4 0.7 0.725 0.825 
10187    0.6 0.2 0.2 0.4 0.4 0.4  -0.85474 0.375 0.275 0.875 0.425 0.975 0.2 0.875 0.85 0.275 0.275 0.225 0.375 1 0.825 0.725 0.5 0.875 0.275 0.35 0.125 0.225 0.725 0.1 
10191    0.6 0.2 0.2 0.4 0.6 0.2  -0.552083 0.15 0.25 1 0.425 0.9 0.2 0.55 0.05 0.35 0.3 0.35 0.375 0.425 0.075 0.775 0.5 0.2 0 0.35 0.9 0.725 0.8 0.025 
10202    0.6 0.2 0.2 0.6 0 0.4  -0.617838 0.525 0.35 1 0.425 0.9 0.2 0.675 0.675 0.675 0 0.875 0.075 0.425 0.35 0.125 0.5 0.075 0.425 0 0.05 0.95 0.725 0 
10205    0.6 0.2 0.2 0.6 0.2 0  -0.220644 0.15 0.25 1 0.425 0.7 0.2 0.55 0.325 0.35 0.3 0.35 0.375 0.425 0.075 0.5 0.5 0.2 0.275 0.35 0.825 0.775 0.725 0.025 
10206    0.6 0.2 0.2 0.6 0.2 0.2  1.03932 0.575 0.775 0.875 0.675 0.05 0.6 0.875 0.85 0.275 0.275 0.7 0.075 0.05 0.8 0.725 0.5 0.25 0.3 0.725 0.125 0.225 0.15 0.45 
10207    0.6 0.2 0.2 0.6 0.2 0.4  0.323598 0.15 0.3 1 0.475 0.9 0.2 0.675 0.85 0.675 0.575 0.9 0.7 0.425 0.4 0.875 0.275 0.625 0.275 0.1 0.825 0.225 0.725 0.825 
10210    0.6 0.2 0.2 0.6 0.4 0  -0.98681 0.15 0.35 1 1 0.75 0.35 0.875 0.85 0.975 0.075 0.55 0.05 0.575 0.825 0.725 0.625 0.125 0.275 0.35 0.4 0.6 0.725 0.175 
10211    0.6 0.2 0.2 0.6 0.4 0.2  -0.601413 0.15 0.275 1 0.6 0.9 0.2 0.875 0.85 0.025 0.7 0.225 0.375 0.875 0.825 0.725 0.5 0.2 0.95 0.15 0.125 0.75 0.725 0.1 
10262    0.6 0.2 0.4 0 0.4 0.4  0.474942 0.3 0.5 0.9 0.775 0.9 1 0.9 0.85 0.475 0.2 0 0 0.775 0.825 0.55 0.275 0.15 0.275 0.35 0.125 0.9 0.2 0.825 
10266    0.6 0.2 0.4 0 0.6 0.2  0.361781 0.15 0.5 0.7 0.125 0.9 1 0.875 0.65 0.675 0.2 0.35 0 0.925 0.825 0.95 0.15 0.225 0.15 0.55 0.125 0.225 0.2 0.25 
10291    0.6 0.2 0.4 0.2 0.6 0.2  0.100251 0.825 0.5 0.575 0.5 0.9 1 0.85 0.925 0.675 0.975 0.075 0 0.875 0.15 0.325 0.475 0.225 0.25 0.775 0.125 0.375 0.225 0.825 
10292    0.6 0.2 0.4 0.2 0.6 0.4  0.726446 0.925 0.5 0.7 0.775 0.8 1 0.875 0.85 0.675 0.2 0.85 0 0.925 0.825 0.725 0.5 0.225 0.275 0.55 0.125 0.225 0.2 0.825 
10301    0.6 0.2 0.4 0.4 0 0.2  -0.630004 0.15 0.25 1 0.425 0.9 0.2 0.55 0.05 0.35 0.3 0.35 0.375 0.425 0.075 0.725 0.5 0.625 0.275 0.35 0.125 0.725 0.725 0.025 
10305    0.6 0.2 0.4 0.4 0.2 0  -2.81755 0.825 0.35 0.925 0.425 0.9 0.2 0.875 0.375 0.675 0.2 0.35 0.45 0.425 0.825 0.725 0.125 0.625 0.275 0 0.175 0.15 0.725 0.825 
10306    0.6 0.2 0.4 0.4 0.2 0.2  -0.451181 0.15 0.25 1 0.425 0.9 0.2 0.55 0.325 0.35 0.3 0.35 0.375 0.425 0.075 0.725 0.5 0.2 0.275 0.35 0.125 0.775 0.725 0.025 
10308    0.6 0.2 0.4 0.4 0.2 0.6  0.593422 0.9 0.825 0.95 0.725 0.9 1 0.875 0.875 0.675 0.2 0.35 0 0.925 0.975 1 0.975 0.75 0.275 0.55 0.125 0.225 0.575 0.825 
10311    0.6 0.2 0.4 0.4 0.4 0.2  1.63799 0.625 0.6 1 0.425 0.975 0.2 0.725 0.85 0.275 0.05 0.575 0.375 1 0.775 0.7 0.475 0.25 0.9 0.8 0.275 0.225 0.1 0.325 
10326    0.6 0.2 0.4 0.6 0 0.2  1.35037 0.4 0.775 0.875 0.425 0.05 0.6 0.875 0.85 0.275 0.275 0.7 0.375 0.05 0.8 0.725 0.5 0.25 0.3 0.725 0.125 0.225 0.15 0.45 
10330    0.6 0.2 0.4 0.6 0.2 0  0.0596897 0.525 0.55 1 0.425 0.8 0.2 0.375 0.075 0.675 0.2 0.35 0.375 0.425 0.825 0.725 0.675 0.125 0.425 0.35 0.325 0.225 0.725 0.825 
10331    0.6 0.2 0.4 0.6 0.2 0.2  0.685652 0.4 0.775 0.875 0.425 0.05 0.6 0.875 0.85 0.275 0.775 0.7 0.375 0.05 0.8 0.725 0.5 0.375 0.2 0.725 0.125 0.225 0.15 0.45 
10332    0.6 0.2 0.4 0.6 0.2 0.4  0.294365 0.95 0.35 1 0.425 0.9 0.425 0.15 0.675 0.675 0 0.875 0.075 0.425 0.35 0.125 0.5 1 0.425 0 0.05 0.95 0.15 0 
10336    0.6 0.2 0.4 0.6 0.4 0.2  -0.175032 0.6 0.35 1 0.425 0.35 0.95 0.275 0.675 0.5 0.875 0.875 0.3 0.425 0.35 0.625 0.5 0.075 0.75 0 0.05 0.875 0.725 0.825 
10386    0.6 0.2 0.6 0 0.4 0.2  0.41445 0.425 0.5 0.6 0.775 0.9 1 0.95 0.85 0.675 0.2 0.475 0 0.175 0.75 0.725 0.75 0.15 0.275 0.5 0.125 0.4 0.2 0.125 
10387    0.6 0.2 0.6 0 0.4 0.4  0.375788 0.15 0.85 0.7 0.775 0.9 1 0.225 0.65 0.675 0.2 0.35 0 0.925 0.825 0.95 0.15 0.225 0.15 0.55 0.125 0.225 0.2 0.25 
10391    0.6 0.2 0.6 0 0.6 0.2  0.437242 0.825 0.5 0.55 0.075 0.9 1 0.875 0.925 0.675 0.2 0.075 0 0.925 0.15 0.725 0.475 0.225 0.275 0.75 0.125 0.225 0.225 0.825 
10506    0.6 0.2 0.8 0 0.2 0.2  0.262911 0.7 0.5 0.05 0.775 0.9 1 0.875 0.35 0.675 0.375 0.775 0 0.925 0.825 0.725 0.75 0.675 0.275 0.35 0.125 0.225 0.2 0.825 
10511    0.6 0.2 0.8 0 0.4 0.2  0.236211 0.925 0.5 0.7 0.775 0.8 1 0.875 0.85 0.675 0.575 0.85 0 0.925 0.825 0.725 0.5 0.25 0.275 0.55 0.125 0.225 0.2 0.825 
10681    0.6 0.4 0 0.4 0.2 0.2  0.423726 0.15 0.25 1 0.425 0.9 0.2 0.875 0.975 0.675 0.2 0.35 0.575 0.425 0.825 0.725 0.5 0.625 0.275 0.35 0.125 0.225 0.725 0.825 
10682    0.6 0.4 0 0.4 0.2 0.4  0.321656 0.15 0.275 1 0.425 0.9 0.2 0.875 0.975 0.675 0.2 0.35 0.375 0.425 0.825 0.725 0.5 0.625 0.275 0.35 0.125 0.225 0.725 0.825 
10686    0.6 0.4 0 0.4 0.4 0.2  0.423963 0.15 0.275 1 0.425 0.9 0.2 0.875 0.975 0.675 0.2 0.35 0.375 0.425 0.825 0.725 0.5 0.275 0.275 0.35 0.125 0.225 0.725 0.75 
10706    0.6 0.4 0 0.6 0.2 0.2  0.617285 0.15 0.25 1 0.425 0.9 0.2 0.875 0.85 0.675 0.2 0.35 0.375 0.425 0.825 0.725 0.5 0.625 0.275 0.35 0.125 0.225 0.725 0.825 
10707    0.6 0.4 0 0.6 0.2 0.4  -0.327718 0.15 0.35 1 0.425 0.9 0.2 0.875 0.85 0.675 0 0.875 0.7 0.425 0.35 0.725 0.5 0.625 0.275 0.35 0.05 0.225 0.725 0.825 
10766    0.6 0.4 0.2 0 0.6 0.2  0.895885 0.15 0.5 0.4 0.775 0.9 1 0.875 0.65 0.05 0.2 0.35 0 0.925 0.825 0.95 0.15 0.225 0.15 0.55 0.125 0.225 0.95 0.25 
10767    0.6 0.4 0.2 0 0.6 0.4  0.210475 0.15 0.5 0.5 0.775 0 1 0.475 0.85 0.475 0.2 0 0 0.375 0.825 0.55 0.35 0.225 0.275 0.35 0.125 0.35 0.2 0.825 
10786    0.6 0.4 0.2 0.2 0.4 0.2  0.675176 0.725 0.25 0 0.775 0.9 1 0.675 0.475 0.75 0.5 0.35 0 0.6 0.825 0.725 0.225 0.8 0.275 0.425 0.125 0.225 0.2 0.825 
10787    0.6 0.4 0.2 0.2 0.4 0.4  -0.372456 0.15 0.5 0.7 0.775 0.9 1 0.875 0.35 0.775 0.2 0.35 0 0.925 0.825 0.725 0.425 0.225 0.275 0.35 0.125 0.55 0 0.825 
10792    0.6 0.4 0.2 0.2 0.6 0.4  0.585991 0.15 0.8 0.725 0.725 0.9 1 0.875 0.725 0.15 0.2 0.075 0 0.925 0.95 1 0.475 0.225 0.275 0.625 0.125 0 0.55 0.825 
10805    0.6 0.4 0.2 0.4 0.2 0  1.36663 0.625 0.275 1 0.875 0.375 0.925 0.875 0.5 0.675 0.2 0.35 0.375 0.425 0.1 0.725 0.675 0.95 0.275 0.65 0.325 0.45 0.025 0.825 
10806    0.6 0.4 0.2 0.4 0.2 0.2  1.01735 0.15 0.35 1 0.425 0.375 0.2 0.875 0.85 0.675 0.2 0.725 0.875 0.425 0.625 0.725 0.5 0.65 0.275 0.725 0.125 0.275 0.9 0.825 
10807    0.6 0.4 0.2 0.4 0.2 0.4  0.272739 0.95 0.35 1 0.425 0.9 0.2 0.675 0.675 0.95 0 0.875 0.675 0.425 0.35 0.125 0.5 0.85 0.425 0 0.05 0.95 0.725 0.65 
10810    0.6 0.4 0.2 0.4 0.4 0  -0.283196 0.15 0.275 1 0.425 0.9 0.2 0.875 0.45 0.675 0.2 0.35 0.375 0.2 0.825 0.725 0.675 0.95 0.275 0.35 0.325 0.225 0.725 0.825 
10811    0.6 0.4 0.2 0.4 0.4 0.2  1.34681 0.625 0.6 1 0.425 0.975 0.2 0.725 0.85 0.275 0.05 0.575 0.475 1 0.775 0.7 0.475 0.25 0.9 0.8 0.275 0.225 0.1 0.325 
10812    0.6 0.4 0.2 0.4 0.4 0.4  0.150268 0.725 0.25 0 0.775 0.9 1 0.675 0.675 0.75 0.35 0.35 0 0.6 0.825 0.725 0.225 0.8 0.275 0.425 0.125 0.225 0.2 0.825 
10826    0.6 0.4 0.2 0.6 0 0.2  -2.65457 0.15 0.5 1 0.425 0.9 1 0.875 0.85 0.675 0.2 0.35 0.3 0.925 0.825 0.725 0.5 0.225 0.275 0.35 0.575 0.225 0.875 0.825 
10830    0.6 0.4 0.2 0.6 0.2 0  0.560933 0.15 0.45 0.875 0.425 0.9 1 0.825 0.85 0.675 0.275 0.225 0.375 1 0.825 0.725 0 0.875 0.275 0.35 0.375 0.1 0.725 0.725 
10831    0.6 0.4 0.2 0.6 0.2 0.2  0.404496 0.5 0.55 0.875 0.45 0.85 0.2 0.875 0.85 0.725 0.275 0.025 0.375 1 0.825 0.725 0.475 0.25 0.9 0.725 0.125 0.775 0.3 0.45 
10832    0.6 0.4 0.2 0.6 0.2 0.4  0.335964 0.625 0.35 0.95 1 0.575 0.05 0.875 0.4 0.525 0.2 0.725 0.575 0.525 0.375 0.725 0.95 0.85 0.625 0.35 1 0.125 0.725 0.825 
10835    0.6 0.4 0.2 0.6 0.4 0  0.337949 0.15 0.35 1 1 0.9 0.2 0.875 0.85 0.975 0.075 0.725 0.05 0.575 0.825 0.725 0.625 0.125 0.275 0.35 0.4 0.725 0.725 0.825 
10836    0.6 0.4 0.2 0.6 0.4 0.2  0.231689 0.625 0.35 0.95 1 0.575 0.05 0.875 0.4 0.525 0.2 0.725 0.575 0.525 0.375 0.725 0.5 0.85 0.625 0.35 0.4 0.2 0.725 0.825 
10857    0.6 0.4 0.2 0.8 0.2 0.4  0.214176 0.15 0.35 1 0.425 0.375 1 0.875 0.85 0.675 0.975 0.425 0.875 0.425 0.625 0.725 0.5 0.65 0.275 0.725 0.125 0.275 0.9 0.825 
10887    0.6 0.4 0.4 0 0.4 0.4  0.640195 0.15 0.8 0.7 0.775 0.9 1 0.875 0.525 0.675 0.2 0.075 0 0.925 0.15 0.975 0.475 0.225 0.275 0.35 0.125 0.225 0.225 0.825 
10911    0.6 0.4 0.4 0.2 0.4 0.2  0.44102 0.3 0.5 0.9 0.775 0.325 1 0.9 0.85 0.825 0.2 0 0 0.45 0.825 0.7 0.275 0.15 0.275 0.35 0.125 0.9 0.2 0.825 
10931    0.6 0.4 0.4 0.4 0.2 0.2  0.385876 0.975 0.35 1 0.425 0.9 0.2 0.875 0.85 0.675 0.2 0.35 0.65 0.425 0.825 0.725 0.6 0.625 0.275 0.35 0.125 0.225 0.725 0.825 
10935    0.6 0.4 0.4 0.4 0.4 0  -0.0722195 0.5 0.55 0.875 0.425 0.85 0.2 0.875 0.85 0.275 0.275 0.825 0.375 1 0.825 0.725 0.075 0.25 0.9 0.225 0.125 0.225 0.3 0.45 
10936    0.6 0.4 0.4 0.4 0.4 0.2  0.565771 0.95 0.35 1 0.425 0.9 0.2 0.675 0.675 0.95 0 0.875 0.675 0.425 0.35 0.125 0.45 0.85 0.425 0 0.05 0.95 0.725 0.65 
10955    0.6 0.4 0.4 0.6 0.2 0  0.204686 0.625 0.275 1 0.875 0.375 0.925 0.875 0.5 0.675 0.2 0.35 0.375 0.425 0.65 0.725 0.675 0.95 0.2 0.65 0.325 0.45 0.025 0.45 
10956    0.6 0.4 0.4 0.6 0.2 0.2  -0.478106 0.325 0.35 0.95 1 0.575 0.05 0.1 0.4 0.525 0.2 0.725 0.575 0.525 0.375 0.725 0.5 0.85 0.625 0.35 0.4 0.2 0.725 0.825 
10957    0.6 0.4 0.4 0.6 0.2 0.4  -0.410704 0.6 0.35 1 0.425 0.9 0.25 0.675 0.675 0.95 0.875 0.875 0.7 0.425 0.35 0.125 0.5 0.075 0.275 0 0.05 0.875 0.725 0.825 
10960    0.6 0.4 0.4 0.6 0.4 0  -0.500385 0.975 0.35 1 0.425 0.9 0.275 0.875 0.85 0.675 0.2 0.35 0.65 0.425 0.825 0.725 0.6 0.75 0.275 0.35 0.125 0.225 0.725 0.825 
11006    0.6 0.4 0.6 0 0.2 0.2  0.255768 0.3 0.5 0.9 0.775 0.25 1 0.9 0.85 0.825 0.2 0 0 0.45 0.825 0.55 0.275 0.425 0.275 0.35 0.125 0.9 0.2 0.825 
11007    0.6 0.4 0.6 0 0.2 0.4  0.387531 0.15 0.95 0.9 0.775 0.9 1 0.875 0.85 0.475 0.2 0.35 0 0.95 0.825 0.55 0.275 0 0.275 0.35 0.125 0.35 0.625 0.825 
11032    0.6 0.4 0.6 0.2 0.2 0.4  0.415487 0.15 0.5 0.4 0.775 0.9 1 0.875 0.65 0.525 0.2 0.35 0 0.925 0.825 0.95 0.15 0.225 0.15 0.55 0.125 0.225 0.95 0.25 
11131    0.6 0.4 0.8 0 0.2 0.2  0.232278 0.15 0.5 0.9 0.775 0.9 1 0.475 0.85 0.475 0.2 0 0 0.175 0.825 0.55 0.275 0.225 0.275 0.35 0.125 0.35 0.2 0.825 
11631    0.6 0.6 0.6 0 0.2 0.2  0.281402 0.425 0.15 0.6 0.775 0.65 1 0.95 0.85 0.675 0.2 0.475 0 0.675 0.75 0.725 0.75 0.15 0.275 0.35 0.125 0.4 0.2 0.125 
11632    0.6 0.6 0.6 0 0.2 0.4  0.278727 0.8 0.95 0.9 0.775 1 1 0.875 0.85 0.475 0.2 0.35 0 0.125 0.825 0.55 0.275 0.625 0.275 0.35 0.125 0.35 0.625 0.825 
11756    0.6 0.6 0.8 0 0.2 0.2  0.241838 0.15 0.5 0.9 0.775 0.9 1 0.875 0.85 0.475 0.2 0.35 0 0.95 0.825 0.55 0.275 0.225 0.275 0.35 0.45 0.35 0.2 0.275 
12509    0.8 0 0 0 0.2 0.8  0.14138 0.15 0.5 0.7 0.775 0.675 1 0.875 0.925 0.125 0.2 0.9 0 0.2 0.15 0.725 0.475 0.225 0.275 0.35 0.125 0.275 0.225 0.825 
12620    0.8 0 0 0.8 0.8 0  -0.0112846 0.3 0 0.875 0.425 0.475 0.55 0.6 0.875 0.275 0.275 0.225 0.525 1 0.375 0.7 0.5 0.15 0.9 0.8 0.65 0.35 0.375 0.45 
12621    0.8 0 0 0.8 0.8 0.2  0.0237218 0.3 1 0.875 0.425 0.975 0.775 0.725 0.475 0.275 0.275 0.225 0.525 1 0.775 0.7 0.5 0.25 0.9 0.8 0.125 0.225 0.375 0.575 
12624    0.8 0 0 0.8 0.8 0.8  -0.029819 0.625 0.9 0.975 0.025 0.875 0.45 0.875 0.6 0.525 0.025 0.725 0.575 0.525 0.75 0.775 0.5 0.85 0.625 0.35 0.4 0.2 0.725 0.825 
12629    0.8 0 0.2 0 0 0.8  0.134821 0.825 0.5 0.575 0.5 0.9 1 0.85 0.925 0.675 0.625 0.075 0 0.775 0.15 0.325 0.475 0.225 0.25 0.35 0.125 0.375 0.225 0.825 
12736    0.8 0 0.2 0.8 0.4 0.2  0.00120457 0.15 0.9 0.875 0.425 1 0.075 0.2 0.85 0.675 1 0.075 0.675 0.875 0.825 0.725 0.5 0.2 0.95 0.35 0.975 0.75 0.725 0.1 
12762    0.8 0 0.4 0 0.4 0.4  0.464524 0.15 0.85 0.175 0.775 0.9 1 0.225 0.65 0.675 0.2 0.35 0 0.925 0.825 0.95 0.15 0.225 0.15 0.9 0.125 0.225 0.2 0.25 
12857    0.8 0 0.4 0.8 0.2 0.4  0.0226112 0.15 0.9 0.875 0.425 1 0.075 0.875 0.85 0.275 0.475 0.075 0.5 0.875 0.775 0.725 0.5 0.2 0.95 0.35 0.975 0.725 0.725 0.1 
12862    0.8 0 0.4 0.8 0.4 0.4  0.0217695 0.15 0.9 0.875 0.425 1 0.075 0.875 0.85 0.425 0.475 0.075 0.5 0.875 0.825 0.725 0.5 0.2 0.95 0.35 0.975 0.725 0.725 0.1 
12879    0.8 0 0.6 0 0 0.8  0.0891876 0.15 0.5 0.7 0.05 0.9 1 0.875 0.85 0.675 0.35 0.35 0 0.925 0.825 0.375 0.5 0.225 0.275 0.5 0.125 0.95 0.775 0.825 
12881    0.8 0 0.6 0 0.2 0.2  0.252409 0.3 0.5 0.9 0.775 0.9 1 0.9 0.85 0.825 0.2 0 0 0.45 0.825 0.55 0.275 0.15 0.275 0.35 0.125 0.9 0.2 0.825 
12882    0.8 0 0.6 0 0.2 0.4  0.284793 0.15 0.5 0.7 0.05 0.9 1 0.875 0.85 0.675 0.35 0.35 0 0.925 0.825 0.375 0.5 0.225 0.275 0.35 0.125 0.95 0.2 0.825 
13000    0.8 0 0.8 0 0 0  0.158644 0.225 0.5 0.225 0.35 0.9 1 0.875 0.15 0.125 0.2 0.775 0 0.875 0.15 0.725 0.725 0.025 0.275 0.35 0.125 0.225 0.225 0.825 
13001    0.8 0 0.8 0 0 0.2  0.217907 0.425 0.5 0.6 0.775 0.9 1 0.025 0.85 0.675 0.2 0.775 0 0.175 0.75 0.725 0.75 0.15 0.275 0.35 0.125 0.4 0.2 0.825 
13004    0.8 0 0.8 0 0 0.8  0.150919 0.225 0.35 0.225 0.35 0.9 1 0.525 0.925 0.075 0.2 0.775 0 0.925 0.175 0.725 0.725 0.025 0.275 0.35 0.125 0.225 0.05 0.825 
13005    0.8 0 0.8 0 0.2 0  0.134569 0.825 0.5 0.575 0.5 0.9 1 0.85 0.925 0.675 0.975 0.075 0 0.875 0.15 0.325 0.475 0.225 0.25 0.35 0.125 0.375 0.225 0.825 
13006    0.8 0 0.8 0 0.2 0.2  0.195161 0.825 0.5 0.55 0.5 0.9 1 0.85 0.925 0.675 0.975 0.075 0 0.875 0.15 0.325 0.475 0.225 0.275 0.775 0.05 0.225 0.225 0.45 
13008    0.8 0 0.8 0 0.2 0.6  0.247215 0.725 0.5 0.05 0.775 0.9 1 0.875 0.85 0.475 0.2 0.35 0 0.95 0.825 0.125 0.275 0.225 0.275 0.35 0.125 0.35 0.2 0.825 
13009    0.8 0 0.8 0 0.2 0.8  0.194472 0.125 0.5 0.525 0.175 0.9 1 0.875 0.85 0.375 0.425 0.675 0 0.925 0.55 0.875 0.05 0.225 0.275 0.2 0.125 0.225 0.95 0.825 
13021    0.8 0 0.8 0 0.8 0.2  0.200549 0.15 0.975 0.175 0.05 0.9 1 0.875 0.85 0.675 0.35 0.025 0 0.925 0.525 0.2 0.5 0.225 0.275 0 0.125 0.95 0.2 0.825 
13167    0.8 0.2 0 0.2 0.6 0.4  -0.274384 0.075 0.05 0.7 0.775 0.65 1 0.875 0.85 0.475 0.2 0.35 0 0.925 1 0.375 0.5 0.225 0.275 0.35 0.125 0.95 0.2 0.825 
13245    0.8 0.2 0 0.8 0.8 0  0.297429 0.15 0.35 1 1 0.75 0.35 0.875 0.85 0.975 0.075 0.55 0.05 0.85 0.825 0.725 0.625 0.125 0.275 0.35 0.4 0.6 0.725 0.45 
13246    0.8 0.2 0 0.8 0.8 0.2  0.00434028 0.5 1 0.875 0.425 0.975 0.2 0.725 0.85 0.275 0.275 0.225 0.525 1 0.775 0.7 0.5 0.25 0.9 0.8 0.125 0.225 0.375 0.45 
13249    0.8 0.2 0 0.8 0.8 0.8  0.00259553 0.325 0.55 0.425 0.475 0.975 0.1 0.575 0.85 0.45 0.275 0.05 0.175 1 0.825 0.075 0.35 0.15 0.9 0.725 0.275 0.625 0.725 0.45 
13306    0.8 0.2 0.2 0.4 0.2 0.2  -2.03956 0.625 0.35 0.125 1 0.9 0.05 0.875 0.4 0.525 0.2 0.725 0.575 0.4 0.775 0.725 0.5 0.85 0.925 0.35 0.4 0.2 0.725 0.825 
13310    0.8 0.2 0.2 0.4 0.4 0  -1.53675 0.15 0.275 1 0.425 0.9 0.2 0.875 0.45 0.675 0.2 0.35 0.375 0.425 0.825 0.725 0.675 0.95 0.275 0.35 0.325 0.225 0.725 0.825 
13311    0.8 0.2 0.2 0.4 0.4 0.2  -1.79108 0.625 0.35 0.25 1 0.9 0.05 0.875 0.4 0.525 0.2 0.725 0.575 0.4 0.775 0.725 0.5 0.85 0.925 0.35 0.4 0.2 0.725 0.825 
13331    0.8 0.2 0.2 0.6 0.2 0.2  -0.84132 0.125 1 0.875 0.95 0.975 0.55 0.725 0.225 0.275 0.275 0.225 0.525 1 0.775 0.7 0.5 0.15 0.9 0.8 0.65 0.225 0.975 0.45 
13361    0.8 0.2 0.2 0.8 0.4 0.2  0.00540445 0.15 0.9 0.875 0.425 1 0.075 0.875 0.85 0.275 0.475 0.075 0.5 0.875 0.825 0.725 0.5 0.2 0.95 0.35 0.975 0.725 0.725 0.1 
13370    0.8 0.2 0.2 0.8 0.8 0  -0.0127396 0.825 0.175 0.875 0.425 0.95 0.45 0.575 0.05 0.275 0.275 0.025 0.575 1 0.225 0.5 0.5 0.25 0.975 0.725 0.775 0.3 0.3 0.45 
13387    0.8 0.2 0.4 0 0.4 0.4  0.493019 0.15 0.5 0.4 0.525 0.6 1 0.875 0.65 0.05 0.2 0.35 0 0.925 0.825 0.95 0.15 0.225 0.15 0.55 0.125 0.225 0.05 0.25 
13476    0.8 0.2 0.4 0.8 0 0.2  0.0231778 0.5 1 0.875 0.725 0.85 0.2 0.875 0.375 0.65 0.575 0.025 0.375 1 0.825 0.725 0.475 0.25 0.925 0.725 0.125 0.775 0.3 0.45 
13517    0.8 0.2 0.6 0 0.6 0.4  0.338164 0.725 0.5 0.05 0.4 0.9 1 0.875 0.55 0.6 0.6 0.35 0 0.95 0.825 0.725 0.275 0.4 0.275 0.35 0.15 0.35 0.2 0.825 
13606    0.8 0.2 0.6 0.8 0.2 0.2  0.198695 0.875 0.85 1 1 0.65 0.35 0.875 0.85 0.975 0.075 0.55 0.05 0.375 0.825 0.725 0.2 0.125 0.275 0.35 0.05 0.6 0.725 0.175 
13626    0.8 0.2 0.8 0 0 0.2  0.23257 0.15 0.5 0.525 0.775 0.9 1 0.875 0.85 0.375 0.2 0.35 0 0.925 0.825 0.875 0.5 0.225 0.275 0.075 0.125 0.225 0 0.825 
13630    0.8 0.2 0.8 0 0.2 0  0.21041 0.15 0.5 0.7 0.9 0.9 1 0.875 0.3 0.4 0.2 1 0 0.925 0.825 0.575 0.675 0.225 0.275 0.325 0.125 0.225 0.2 0.825 
13631    0.8 0.2 0.8 0 0.2 0.2  0.315809 0.825 0.5 0.55 0.075 0.9 1 0.375 0.675 0.075 0.2 0.075 0 0.925 0.15 0.725 0.475 0.225 0.275 0.35 0.125 0.225 0.05 0.825 
13633    0.8 0.2 0.8 0 0.2 0.6  0.276141 0.225 0.5 0.225 0.35 0.9 1 0.525 0.925 0.125 0.2 0.775 0 0.925 0.15 0.725 0.725 0.025 0.275 0.35 0.125 0.225 0.325 0.825 
13645    0.8 0.2 0.8 0 0.8 0  0.0800254 0.4 0.5 0.05 0.8 0.9 1 0.875 0.55 0.6 0.6 0 0 0.95 0.825 0.725 0.275 0.4 0.275 0.35 0.15 0.35 0.2 0.825 
13766    0.8 0.4 0 0 0.6 0.2  0.30598 0.15 0.5 0.7 0.775 0.9 1 0.875 0.85 0.775 0.2 0.35 0 0.925 0.825 0.725 0.5 0.225 0.275 0.35 0.125 0.225 0 0.825 
13771    0.8 0.4 0 0 0.8 0.2  0.285017 0.125 0.5 0.525 0.175 0.9 1 0.875 0.85 0.375 0.425 0.675 0 0.925 0.825 0.875 0.5 0.225 0.275 0.2 0.125 0.225 0.95 0.825 
13865    0.8 0.4 0 0.8 0.6 0  -0.0126577 0.5 0.55 0.875 0.45 0.85 0.4 0.875 0.85 0.725 0.275 0.025 0.375 1 0.825 0.725 0.475 0.25 0.9 0.15 0.125 0.775 0.3 0.45 
13866    0.8 0.4 0 0.8 0.6 0.2  0.290365 0.125 0.725 0.875 0.95 0.975 0.55 0.725 0.225 0.275 0.275 0 0.975 1 0.775 0.325 0.5 0.15 0.9 0.8 0.65 0.225 0.975 0.45 
13870    0.8 0.4 0 0.8 0.8 0  -0.00562596 0.5 0.55 0.675 0.425 0.6 0.25 0.875 0.35 0.175 0.275 0.025 0.375 1 0.5 0.65 0.5 0.175 0.9 0.725 0.325 0.275 0.3 0.45 
13871    0.8 0.4 0 0.8 0.8 0.2  0.0222013 0.5 0.55 0.875 0.425 0.975 0.15 0.725 0.85 0.275 0.275 0.225 0.525 1 0.5 0.7 0.5 0.25 0.9 0.8 0.275 0.225 0.375 0.325 
13961    0.8 0.4 0.2 0.6 0.4 0.2  0.291112 0.625 0.35 0.95 1 0.9 0.05 0.875 0.4 0.525 0.2 0.725 0.575 0.4 0.825 0.725 0.5 0.85 0.625 0.35 0.4 0.2 0.725 0.825 
13981    0.8 0.4 0.2 0.8 0.2 0.2  0.0251968 0.15 0.275 1 0.425 0.9 0.2 0.875 0.85 0.675 0.275 0.225 0.375 0.875 0.825 0.725 0.5 0.2 0.95 0.35 0.125 0.75 0.725 0.1 
13990    0.8 0.4 0.2 0.8 0.6 0  0.256353 0.875 0.35 1 1 0.65 0.35 0.875 0.85 0.975 0.075 0.55 0.05 0.375 0.825 0.725 0.625 0.125 0.275 0.35 0.05 0.6 0.725 0.45 
13991    0.8 0.4 0.2 0.8 0.6 0.2  0.297191 0.125 0.725 0.875 0.95 0.975 0.55 0.725 0.225 0.275 0.275 0 0.5 1 0.775 0.325 0.5 0.15 0.9 0.8 0.65 0.225 0.975 0.45 
13995    0.8 0.4 0.2 0.8 0.8 0  -0.0211411 0.975 0.55 0.875 0.425 0.975 0.2 0.2 0.325 0.275 0.65 0.875 0.525 1 1 0.7 0.75 0.25 0.9 0.8 0.375 0.825 0.375 0.45 
14101    0.8 0.4 0.4 0.8 0 0.2  0.0236826 0.5 1 0.875 0.725 0.85 0.2 0.875 0.375 0.5 0.575 0.025 0.375 1 0.825 0.725 0.475 0.25 0.925 0.725 0.125 0.775 0.3 0.45 
14251    0.8 0.4 0.8 0 0 0.2  0.18531 0.15 0.4 0.7 0.05 0.9 1 0.875 0.85 0.675 0.35 0.35 0 0.925 0.825 0.375 0.5 0.225 0.275 0.35 0.125 0.95 0.2 0.825 
14252    0.8 0.4 0.8 0 0 0.4  0.322338 0.15 0.5 0.25 0.675 0.9 1 0.875 0.85 0.75 0.2 0.175 0 0.625 0.825 0.725 0.925 0.8 0.275 0.35 0.125 0.225 0.2 0.825 
14256    0.8 0.4 0.8 0 0.2 0.2  0.177485 0.15 0.5 0.7 0.125 0.9 1 0.275 0.65 0.675 0.2 0.05 0 0.175 0.85 0.95 0.15 0.225 0.15 0.55 0.125 0.225 0.2 0.25 
14481    0.8 0.6 0 0.8 0.2 0.2  0.00408162 0.15 0.25 1 0.425 0.9 0.2 0.875 0.975 0.675 0.2 0.35 0.375 0.425 0.825 0.725 0.5 0.625 0.275 0.35 0.125 0.225 0.725 0.825 
14485    0.8 0.6 0 0.8 0.4 0  -0.0105658 0.5 0.55 1 0.45 0.85 0.4 0.875 0.85 0.725 0.275 0.025 0.375 1 0.825 0.725 0.475 0.25 0.9 0.15 0.125 0.775 0.3 0.45 
14490    0.8 0.6 0 0.8 0.6 0  0.257503 0.15 0.35 1 1 0.9 0.2 0.875 0.85 0.675 0.2 0.725 0.375 0.425 0.825 0.725 0.5 0.35 0.275 0.35 0.4 0.55 0.725 0.825 
14495    0.8 0.6 0 0.8 0.8 0  -0.0243993 0.975 0.55 0.875 0.425 0.975 0.2 0.2 0.325 0.275 0.65 0.875 0.525 1 1 0.7 0.75 0.25 0.9 0.175 0.375 0.825 0.375 0.45 
14496    0.8 0.6 0 0.8 0.8 0.2  0.00348964 0.5 0.55 0.875 0.425 0.975 0.2 0.725 0.85 0.275 0.275 0.225 0.525 1 0.775 0.7 0.5 0.25 0.9 0.8 0.125 0.225 0.375 0.45 
14499    0.8 0.6 0 0.8 0.8 0.8  -0.0398783 0.625 0.9 0.95 0.025 0.875 0.45 0.875 0.6 0.45 0.025 0.725 0.575 0.525 0.75 0.725 0.5 0.85 0.625 0.35 0.4 0.2 0.725 0.825 
14616    0.8 0.6 0.2 0.8 0.6 0.2  0.000728532 0.15 0.9 0.7 0.425 1 0.075 0.875 0.85 0.675 1 0.075 0.675 0.875 0.05 0.725 0.5 0.2 0.95 0.35 0.975 0.75 0.95 0.1 
14620    0.8 0.6 0.2 0.8 0.8 0  -0.0319704 0.825 0.55 0.875 0.425 0.95 0.45 0.575 0.05 0.275 0.275 0.025 0.575 1 0.225 0.5 0.5 0.25 0.975 0.725 0.775 0.3 0.3 0.45 
14621    0.8 0.6 0.2 0.8 0.8 0.2  -0.0266203 0.775 1 0.875 0.425 0.975 0.55 0.725 0.85 0.275 0.275 0.225 0.525 1 0.775 0.7 0.5 0.15 0.9 0.8 0.125 0.225 0.375 0.45 
14876    0.8 0.6 0.8 0 0 0.2  0.335795 0.9 0.5 0.7 0.775 0.9 1 0.875 0.85 0.675 0.2 0.35 0 0.925 0.825 0.725 0.5 0.75 0.275 0.55 0.125 0.225 0.925 0.825 
14881    0.8 0.6 0.8 0 0.2 0.2  0.235204 0.15 0.5 0.7 0.775 0.675 1 0.875 0.925 0.125 0.2 0.9 0 0.55 0.15 0.725 0.475 0.225 0.275 0.35 0.125 0.275 0.225 0.825 
14891    0.8 0.6 0.8 0 0.6 0.2  0.191893 0.225 0.5 0.225 0.35 0.9 1 0.875 0.15 0.125 0.2 0.775 0 0.875 0.15 0.725 0.725 0.025 0.275 0.35 0.2 0.225 0.225 0.825 
15100    0.8 0.8 0 0.8 0 0  0.245886 0.15 0.35 0.95 0.425 0.9 0.2 0.875 0.85 0.275 0.2 0.35 0.375 0.45 0.175 0.725 0.8 0.625 0.55 0.35 0.75 0.225 0.725 0.825 
15105    0.8 0.8 0 0.8 0.2 0  -0.00549137 0.275 0.275 1 0.425 0.9 0.2 0.875 0.875 0.675 0.275 0.225 0.375 0.875 0.325 0.725 0.5 0.2 0.95 0.95 0.125 0.75 0.725 0.1 
15110    0.8 0.8 0 0.8 0.4 0  -0.00545101 0.275 0.275 1 0.425 0.9 0.2 0.875 0.875 0.675 0.275 0.225 0.375 0.875 0.825 0.725 0.5 0.2 0.95 0.35 0.125 0.75 0.725 0.1 
15115    0.8 0.8 0 0.8 0.6 0  -0.00415286 0.325 0.225 0.425 0.25 0.975 0.1 0.575 0.85 0.275 0.275 0.05 0.175 1 0.825 0.725 0.725 0.25 0.9 0.725 0.275 0.625 0.725 0.45 
15120    0.8 0.8 0 0.8 0.8 0  -0.0244564 0.125 1 0.875 0.225 0.975 0.6 0.725 0.8 0.275 0.275 0.225 0.525 1 0.075 0.8 0.5 0.525 0.9 0.8 0.65 0.225 0.975 0.45 
15121    0.8 0.8 0 0.8 0.8 0.2  -0.00243493 0.5 0.55 0.675 0.425 0.6 0.2 0.875 0.35 0.175 0.275 0.025 0.375 1 0.825 0.725 0.5 0.25 0.9 0.725 0.325 0.225 0.3 0.45 
15122    0.8 0.8 0 0.8 0.8 0.4  -0.000134379 0.5 0.55 0.875 0.425 0.975 0.3 0.725 0.85 0.7 0.275 0.05 0.675 1 0.825 0.725 0.5 0.25 0.9 0.725 0.3 0.225 0.725 0.45 
15123    0.8 0.8 0 0.8 0.8 0.6  -0.00297211 0.5 0.55 0.8 0.425 0.975 0.2 0.875 0.85 0.925 0.275 0.225 0.35 1 0.8 0.725 0.5 0.25 0.775 0.725 0.35 0.225 0.4 0.45 
15124    0.8 0.8 0 0.8 0.8 0.8  0.0172789 0.5 0.55 0.8 0.425 0.975 0.2 0.475 0.85 0.925 0.275 0.225 0.825 1 0.8 0.725 0.5 0.25 0.775 0.725 0.35 0.225 0.4 0.45 
15225    0.8 0.8 0.2 0.8 0 0  0.265145 0.15 0.9 0.875 0.425 0.425 0.65 0.875 0.85 0.275 1 0.075 0.675 0.875 0.825 0.725 0.5 0.2 0.875 0.35 0.975 0.75 0.725 0.1 
15231    0.8 0.8 0.2 0.8 0.2 0.2  0.287827 0.125 0.375 0.875 0.425 0.95 0.6 0.225 0.05 0.275 0.275 0.025 0.825 1 0.225 0.475 0.4 0.25 0.9 0.725 0.825 0.925 0.575 0.025 
15235    0.8 0.8 0.2 0.8 0.4 0  -0.0270063 0.825 0.55 0.9 0.425 0.95 0.45 0.575 0.2 0.275 0.75 0.025 0.575 1 0.225 0.5 0.5 0.25 0.975 0.725 0.775 0.3 0.3 0.45 
15245    0.8 0.8 0.2 0.8 0.8 0  -0.0212964 0.15 0.275 1 0.425 0.9 0.075 0.875 0.85 0.675 1 0.075 0.675 0.875 0.825 0.725 0.5 0.2 0.95 0.35 0.975 0.75 0.725 0.1 
15246    0.8 0.8 0.2 0.8 0.8 0.2  -0.026434 0.825 0.55 0.875 0.425 0.95 0.675 0.575 0.525 0.6 0.5 1 0.375 1 0.575 0.5 0.45 0.25 0.975 0.725 0.7 0.3 0.3 0.45 
15247    0.8 0.8 0.2 0.8 0.8 0.4  -0.0244468 0.775 1 0.875 0.425 0.975 0.55 0.725 0.85 0.275 0.275 0.225 0.525 1 0.775 0.7 0.5 0.15 0.9 0.8 0.65 0.225 0.375 0.45 
15248    0.8 0.8 0.2 0.8 0.8 0.6  -0.000599445 0.5 0.575 0.5 0.425 0.975 0.2 0.725 0.85 0.275 0.275 0.225 0.525 1 0.775 0.7 0.5 0.25 0.9 0.8 0.125 0.225 0.05 0.45 
15249    0.8 0.8 0.2 0.8 0.8 0.8  -0.000713939 0.5 0.55 0.875 0.425 0.85 0.2 0.875 0.85 0.275 0.275 0.025 0.375 1 0.825 0.725 0.5 0.25 0.9 0.725 0.125 0.225 0.3 0.45 
15371    0.8 0.8 0.4 0.8 0.8 0.2  -0.022694 0.375 0.275 0.325 0.425 0.975 0.2 0.875 0.85 0.275 0.275 0.725 0.375 1 0.05 0.575 0.5 0.875 0.925 0.35 0.125 0.225 0.725 0.1 
15372    0.8 0.8 0.4 0.8 0.8 0.4  0.21305 0.125 0.375 0.875 0.425 0.95 0.2 0.225 0.05 0.275 0.275 0.025 0.825 1 0.225 0.5 0.775 0.25 0.9 0.725 0.825 0.3 0.575 0.025 
15373    0.8 0.8 0.4 0.8 0.8 0.6  -0.0280745 0.125 0.375 0.875 0.6 0.95 0.2 0.825 0.05 0.275 0.275 0.025 0.825 1 0.225 0.5 0.775 0.25 0.9 0.725 0.825 0.3 0.575 0.025 
15374    0.8 0.8 0.4 0.8 0.8 0.8  -9.66306e-05 0.5 0.425 0.875 0.425 0.975 0.2 0.875 0.85 0.275 0.275 0.225 0.375 1 0.55 0.725 0.5 0.25 0.9 0.725 0.125 0.225 0.15 0.45 
15498    0.8 0.8 0.6 0.8 0.8 0.6  -0.0228071 0.975 0.55 0.875 0.425 0.975 0.2 0.2 0.85 0.275 0.65 0.875 0.525 1 0.775 0.7 0.5 0.25 0.9 0.8 0.375 0.225 0.375 0.45 
15499    0.8 0.8 0.6 0.8 0.8 0.8  -0.019477 0.5 0.55 0.875 0.425 0.975 0.2 0.2 0.85 0.275 0.65 0.225 0.525 1 0.775 0.7 0.5 0.25 0.9 0.8 0.125 0.225 0.375 0.45 
15501    0.8 0.8 0.8 0 0 0.2  0.20131 0.925 0.5 0.675 0.35 0.9 1 0.525 0.925 0.6 0.2 0.775 0 0.925 0.15 0.725 0.725 0.025 0.275 0.35 0.125 0.225 0.325 0.825 
15505    0.8 0.8 0.8 0 0.2 0  0.193549 0.15 0.5 0.7 0.55 0.625 1 0.875 0.35 0.775 0.2 0.35 0 0.925 0.3 0.725 0.425 0.225 0.275 0.35 0.125 0.55 0.325 0.825 
15624    0.8 0.8 0.8 0.8 0.8 0.8  0.293239 0.1 0.55 0.675 0.425 0.6 0.2 0.45 0.35 0.175 0.325 0.025 0.625 1 0.825 0.725 0.525 0.075 0.9 0.725 0.325 0.225 0.3 0.05 
