0 9 -0.641991 0.617285 0.171452
1 11 -0.760518 0.617285 0.173771
2 12 -0.815701 0.617285 0.16219
3 17 -0.464433 1.01735 0.160633
4 22 -0.575233 1.01735 0.157534
5 25 -0.58698 1.01735 0.159614
6 27 -0.470404 1.01735 0.163127
7 28 -0.433708 1.01735 0.163224
8 31 -0.257282 1.83424 0.162655
9 33 -0.198386 1.83424 0.156568
10 36 -0.312758 1.83424 0.158352
11 39 -0.391506 1.83424 0.158484
12 40 -0.395241 1.83424 0.159719
13 41 -0.374951 1.83424 0.159312
14 45 -0.372052 1.83424 0.159873
15 52 -0.389961 1.83424 0.161197
16 56 -0.425158 1.83424 0.160752
17 58 -0.387599 1.83424 0.162489
18 62 -0.339091 1.83424 0.163187
19 64 -0.30087 1.83424 0.162013
20 69 -0.20213 1.83424 0.16016
21 70 -0.180103 1.83424 0.158691
22 74 -0.184418 1.83424 0.157509
23 77 -0.177746 1.83424 0.157473
24 79 -0.151183 1.83424 0.158024
25 80 -0.125818 1.89573 0.157953
26 87 -0.124818 1.89573 0.160244
27 94 -0.106576 1.89573 0.158398
28 95 -0.099726 1.89573 0.157294
29 99 -0.0953427 1.89573 0.156428
30 101 -0.0757862 1.89573 0.158027
31 104 -0.0502438 1.89573 0.156941
32 105 -0.0561928 1.89573 0.156056
33 108 -0.0337701 1.89573 0.156399
34 114 -0.0319978 1.89573 0.157428
35 114 -0.0298485 1.89573 0.156974
36 118 -0.0344632 1.89573 0.156529
37 122 -0.0280623 1.89573 0.156867
38 129 -0.0173649 1.89573 0.156575
39 129 -0.01748 1.89573 0.156287
40 136 -0.0199785 1.89573 0.156546
41 144 -0.0137767 1.89573 0.157831
42 153 -0.0053139 1.89573 0.157365
43 163 0.0239829 1.89573 0.159524
44 173 0.0280933 1.89573 0.16008
45 187 0.075156 1.89573 0.159778
46 200 0.0868323 1.89573 0.160645
47 208 0.0864106 1.89573 0.160679
48 221 0.0950267 1.89573 0.16206
49 236 0.118267 1.89573 0.16259
50 251 0.122317 1.89573 0.162787
51 269 0.126224 1.89573 0.164271
52 281 0.139899 1.89573 0.164758
53 295 0.153264 1.89573 0.165078
54 306 0.168118 1.89573 0.1652
55 320 0.172982 1.89573 0.164646
56 334 0.191433 1.89573 0.165092
57 343 0.202839 1.89573 0.164684
58 362 0.211806 1.89573 0.164456
59 376 0.208641 1.89573 0.164357
60 386 0.206 1.89573 0.164468
61 396 0.218718 1.89573 0.164245
62 414 0.227685 1.89573 0.16436
63 422 0.232142 1.89573 0.163941
64 427 0.236951 1.89573 0.163923
65 440 0.25646 1.89573 0.162855
66 453 0.252593 1.89573 0.16219
67 471 0.256461 1.89573 0.162096
68 483 0.262213 1.89573 0.162345
69 499 0.261801 1.89573 0.162801
70 506 0.267198 1.89573 0.16254
71 513 0.278376 1.89573 0.162302
72 523 0.281112 1.89573 0.162269
73 536 0.281848 1.89573 0.16239
74 542 0.285665 1.89573 0.162093
75 553 0.293726 1.89573 0.161648
76 567 0.289753 1.89573 0.161576
77 577 0.290355 1.89573 0.161713
78 590 0.293482 1.89573 0.161622
79 598 0.299878 1.89573 0.161959
80 610 0.298532 1.89573 0.161831
81 626 0.302054 1.89573 0.162016
82 634 0.304863 1.89573 0.162065
83 644 0.30894 1.89573 0.162311
84 661 0.309599 1.89573 0.162059
85 672 0.313385 1.89573 0.161902
86 683 0.309934 1.89573 0.161976
87 696 0.312836 1.89573 0.161815
88 705 0.311492 1.89573 0.162057
89 715 0.314834 1.89573 0.16234
90 731 0.318649 1.89573 0.162918
91 734 0.317045 1.89573 0.162863
92 739 0.321296 1.89573 0.162517
93 749 0.321325 1.89573 0.162767
94 759 0.323649 1.89573 0.162787
95 767 0.325257 1.89573 0.162693
96 776 0.327628 1.89573 0.162422
97 784 0.326716 1.89573 0.162428
98 795 0.33203 1.89573 0.162335
99 806 0.332142 1.89573 0.162245
100 810 0.3376 1.89573 0.162317
101 819 0.335526 1.89573 0.162414
102 829 0.335302 1.89573 0.162325
103 844 0.337936 1.89573 0.162238
104 853 0.339302 1.89573 0.161984
105 866 0.343446 1.89573 0.161974
106 874 0.345154 1.89573 0.161872
107 882 0.343029 1.89573 0.161923
108 890 0.343716 1.89573 0.161708
109 898 0.346985 1.89573 0.161936
110 904 0.349166 1.89573 0.162068
111 915 0.348987 1.89573 0.162274
112 924 0.347934 1.89573 0.162182
113 930 0.349743 1.89573 0.162315
114 939 0.350434 1.89573 0.162327
115 942 0.351367 1.89573 0.162281
116 949 0.351836 1.89573 0.162405
117 958 0.353598 1.89573 0.162488
118 962 0.357339 2.00022 0.162429
119 971 0.358016 2.00022 0.162261
120 978 0.355856 2.00022 0.162304
121 987 0.356177 2.00022 0.162127
122 993 0.358421 2.00022 0.162021
123 999 0.35885 2.00022 0.161963
124 1005 0.35735 2.00022 0.162085
125 1011 0.358781 2.00022 0.162214
126 1021 0.35921 2.00022 0.162069
127 1028 0.359578 2.00022 0.162072
128 1031 0.357969 2.00022 0.161988
129 1040 0.363167 2.00022 0.162025
130 1046 0.362194 2.00022 0.16193
131 1055 0.361997 2.00022 0.161823
132 1059 0.362128 2.00022 0.161981
133 1066 0.363928 2.00022 0.161716
134 1077 0.361378 2.00022 0.161743
135 1086 0.361382 2.00022 0.161717
136 1093 0.362816 2.00022 0.161611
137 1096 0.364793 2.00022 0.161537
138 1103 0.364801 2.00022 0.161413
139 1110 0.364752 2.00022 0.161471
140 1120 0.362625 2.00022 0.161499
141 1133 0.363329 2.00022 0.161565
142 1140 0.36288 2.00022 0.161615
143 1147 0.362375 2.00022 0.161346
144 1156 0.36183 2.00022 0.161335
145 1166 0.360282 2.00022 0.161389
146 1174 0.360417 2.00022 0.161482
147 1179 0.359632 2.00022 0.161524
148 1188 0.360236 2.00022 0.161487
149 1193 0.361228 2.00022 0.161332
150 1201 0.361333 2.00022 0.161296
151 1208 0.363572 2.00022 0.161709
152 1217 0.365438 2.00022 0.161659
153 1221 0.368731 2.00022 0.161752
154 1234 0.366815 2.00022 0.161843
155 1238 0.36696 2.00022 0.161934
156 1243 0.367325 2.00022 0.162063
157 1249 0.367155 2.00022 0.161879
158 1259 0.368144 2.00022 0.162038
159 1270 0.370139 2.00022 0.162011
160 1279 0.371006 2.00022 0.161934
161 1284 0.371424 2.00022 0.161849
162 1287 0.371398 2.00022 0.161802
163 1297 0.370626 2.00022 0.161956
164 1301 0.371155 2.00022 0.162027
165 1309 0.370071 2.00022 0.162188
166 1316 0.370534 2.00022 0.16241
167 1324 0.371608 2.00022 0.162517
168 1328 0.372755 2.00022 0.162743
169 1335 0.373676 2.00022 0.162841
170 1339 0.373898 2.00022 0.162813
171 1350 0.374824 2.00022 0.162748
172 1352 0.375534 2.00022 0.162723
173 1358 0.375375 2.00022 0.162694
174 1363 0.374465 2.00022 0.162503
175 1365 0.375416 2.00022 0.162482
176 1376 0.374414 2.00022 0.162581
177 1382 0.373665 2.00022 0.162541
178 1390 0.373611 2.00022 0.162606
179 1393 0.374123 2.00022 0.162573
180 1400 0.372671 2.00022 0.162567
181 1410 0.37291 2.00022 0.162528
182 1416 0.37291 2.00022 0.162536
183 1425 0.371642 2.00022 0.162404
184 1432 0.371665 2.00022 0.162617
185 1440 0.371786 2.00022 0.162642
186 1450 0.371918 2.00022 0.162461
187 1464 0.371535 2.00022 0.162363
188 1470 0.37111 2.00022 0.162396
189 1480 0.371078 2.00022 0.162379
190 1488 0.37175 2.00022 0.162522
191 1495 0.37136 2.00022 0.162503
192 1503 0.370975 2.00022 0.162292
193 1507 0.373054 2.00022 0.162338
194 1512 0.372684 2.00022 0.162223
195 1518 0.373106 2.00022 0.162171
196 1524 0.373742 2.00022 0.162157
197 1530 0.372198 2.00022 0.162006
198 1537 0.374263 2.00022 0.162096
199 1541 0.374309 2.00022 0.162186
200 1546 0.375037 2.00022 0.162325
201 1550 0.375538 2.00022 0.162258
202 1555 0.376817 2.00022 0.162247
203 1560 0.376252 2.00022 0.162174
204 1567 0.376619 2.00022 0.161977
205 1575 0.376812 2.00022 0.161925
206 1584 0.376367 2.00022 0.161788
207 1589 0.377529 2.00022 0.161684
208 1595 0.376755 2.00022 0.161674
209 1601 0.376524 2.00022 0.161721
210 1607 0.377274 2.00022 0.161746
211 1612 0.376968 2.00022 0.161674
212 1617 0.377403 2.00022 0.161697
213 1620 0.378174 2.00022 0.161686
214 1626 0.380297 2.00022 0.161719
215 1631 0.380834 2.00022 0.161594
216 1638 0.381481 2.00022 0.161604
217 1642 0.381226 2.00022 0.161548
218 1649 0.380968 2.00022 0.161619
219 1658 0.381413 2.00022 0.161603
220 1669 0.381752 2.00022 0.161738
221 1674 0.381674 2.00022 0.161773
222 1680 0.381455 2.00022 0.161712
223 1688 0.383428 2.00022 0.161752
224 1692 0.383137 2.00022 0.161669
225 1698 0.383256 2.00022 0.161695
226 1711 0.380974 2.00022 0.161811
227 1717 0.381955 2.00022 0.161839
228 1725 0.381792 2.00022 0.161959
229 1732 0.382589 2.00022 0.162027
230 1740 0.383348 2.00022 0.16197
231 1749 0.382291 2.00022 0.162033
232 1752 0.382688 2.00022 0.162065
233 1757 0.383265 2.00022 0.161995
234 1761 0.383844 2.00022 0.161895
235 1768 0.383884 2.00022 0.161825
236 1773 0.383126 2.00022 0.161784
237 1778 0.383323 2.00022 0.161734
238 1782 0.383336 2.00022 0.161794
239 1788 0.384644 2.00022 0.161856
240 1790 0.384794 2.00022 0.161928
241 1794 0.385386 2.00022 0.161919
242 1802 0.384993 2.00022 0.161853
243 1810 0.383874 2.00022 0.161812
244 1815 0.3834 2.00022 0.16179
245 1824 0.383123 2.00022 0.161833
246 1830 0.381388 2.00022 0.16177
247 1839 0.381684 2.00022 0.161797
248 1843 0.381095 2.00022 0.161747
249 1849 0.380972 2.00022 0.16176
250 1853 0.38111 2.00022 0.161676
251 1857 0.380884 2.00022 0.161562
252 1867 0.38127 2.00022 0.161655
253 1869 0.381623 2.00022 0.161653
254 1876 0.38109 2.00022 0.161747
255 1880 0.3822 2.00022 0.161819
256 1885 0.382487 2.00022 0.161831
257 1890 0.381945 2.00022 0.161732
258 1895 0.383884 2.00022 0.161825
259 1905 0.383963 2.00022 0.161878
260 1913 0.383577 2.00022 0.161907
261 1917 0.383844 2.00022 0.161872
262 1925 0.383695 2.00022 0.161724
263 1929 0.383473 2.00022 0.161656
264 1938 0.383871 2.00022 0.161538
265 1943 0.384024 2.00022 0.161519
266 1947 0.383686 2.00022 0.161536
267 1948 0.383687 2.00022 0.161489
268 1956 0.383188 2.00022 0.161523
269 1967 0.383183 2.00022 0.161429
270 1972 0.382816 2.00022 0.161422
271 1980 0.382989 2.00022 0.161375
272 1985 0.38317 2.00022 0.161256
273 1995 0.384293 2.00022 0.161238
274 2001 0.384041 2.00022 0.161255
275 2007 0.384129 2.00022 0.161318
276 2013 0.384023 2.00022 0.161408
277 2019 0.384847 2.00022 0.161362
278 2023 0.386135 2.00022 0.161432
279 2028 0.385299 2.00022 0.161378
280 2034 0.384659 2.00022 0.161336
281 2038 0.384399 2.00022 0.161361
282 2044 0.384179 2.00022 0.16134
283 2054 0.383761 2.00022 0.161555
284 2059 0.383352 2.00022 0.161462
285 2067 0.383007 2.00022 0.161566
286 2072 0.382645 2.00022 0.161554
287 2079 0.381899 2.00022 0.161521
288 2087 0.381648 2.00022 0.161459
289 2095 0.381448 2.00022 0.161576
290 2104 0.380505 2.00022 0.161624
291 2111 0.38102 2.00022 0.161698
292 2115 0.38168 2.00022 0.161715
293 2118 0.381977 2.00022 0.161671
294 2130 0.38163 2.00022 0.161741
295 2136 0.382065 2.00022 0.161637
296 2144 0.382171 2.00022 0.161638
297 2152 0.381814 2.00022 0.16169
298 2160 0.381263 2.00022 0.161641
299 2169 0.381192 2.00022 0.161593
300 2175 0.380574 2.00022 0.161655
301 2178 0.380548 2.00022 0.161604
302 2183 0.380433 2.00022 0.161637
303 2193 0.379896 2.00022 0.161592
304 2198 0.379322 2.00022 0.161588
305 2210 0.379299 2.00022 0.161749
306 2213 0.379072 2.00022 0.161615
307 2223 0.378572 2.00022 0.161695
308 2230 0.378884 2.00022 0.1618
309 2236 0.379767 2.00022 0.161888
310 2240 0.379311 2.00022 0.161927
311 2248 0.379458 2.00022 0.161892
312 2258 0.379632 2.00022 0.161855
313 2267 0.378641 2.00022 0.161738
314 2275 0.379002 2.00022 0.161737
315 2285 0.379389 2.00022 0.161735
316 2287 0.379407 2.00022 0.161689
317 2296 0.37853 2.00022 0.161625
318 2299 0.378557 2.00022 0.161659
319 2302 0.378634 2.00022 0.161598
320 2309 0.378148 2.00022 0.161577
321 2315 0.378072 2.00022 0.161457
322 2322 0.377485 2.00022 0.161348
323 2328 0.378122 2.00022 0.16148
324 2336 0.37702 2.00022 0.161417
325 2343 0.377401 2.00022 0.161335
326 2352 0.377519 2.00022 0.161414
327 2355 0.378129 2.00022 0.161415
328 2365 0.377805 2.00022 0.161401
329 2370 0.377519 2.00022 0.161363
330 2379 0.377249 2.00022 0.161336
331 2382 0.377041 2.00022 0.161373
332 2388 0.376875 2.00022 0.161434
333 2396 0.376412 2.00022 0.161382
334 2403 0.376145 2.00022 0.161329
335 2412 0.375598 2.00022 0.161407
336 2421 0.374689 2.00022 0.161383
337 2430 0.373721 2.00022 0.161358
338 2440 0.373774 2.00022 0.161413
339 2447 0.373551 2.00022 0.161396
340 2449 0.373181 2.00022 0.161375
341 2457 0.37319 2.00022 0.161322
342 2463 0.372793 2.00022 0.161257
343 2470 0.373596 2.00022 0.161298
344 2476 0.374172 2.00022 0.161294
345 2478 0.374045 2.00022 0.161303
346 2486 0.373639 2.00022 0.161226
347 2493 0.373102 2.00022 0.161165
348 2501 0.372516 2.00022 0.161179
349 2511 0.372687 2.00022 0.161006
350 2522 0.372615 2.00022 0.161058
351 2526 0.372276 2.00022 0.160972
352 2534 0.372026 2.00022 0.160925
353 2545 0.371324 2.00022 0.160982
354 2550 0.371195 2.00022 0.160921
355 2553 0.371498 2.00022 0.161038
356 2561 0.370835 2.00022 0.161021
357 2568 0.370694 2.00022 0.161074
358 2572 0.370416 2.00022 0.161107
359 2579 0.370197 2.00022 0.16112
360 2585 0.369968 2.00022 0.161128
361 2591 0.370161 2.00022 0.161202
362 2597 0.369502 2.00022 0.161167
363 2606 0.369298 2.00022 0.161157
364 2613 0.369458 2.00022 0.161138
365 2623 0.369322 2.00022 0.161196
366 2632 0.368479 2.00022 0.16124
367 2639 0.368417 2.00022 0.161316
368 2646 0.368669 2.00022 0.161306
369 2652 0.369238 2.00022 0.161276
370 2659 0.37022 2.00022 0.161334
371 2669 0.369762 2.00022 0.161321
372 2675 0.369431 2.00022 0.161338
373 2681 0.37027 2.00022 0.161399
374 2687 0.370251 2.00022 0.161322
375 2690 0.370155 2.00022 0.161213
376 2696 0.37075 2.00022 0.161267
377 2701 0.370059 2.00022 0.161208
378 2703 0.370079 2.00022 0.161141
379 2708 0.369711 2.00022 0.161207
380 2713 0.369794 2.00022 0.161213
381 2721 0.369535 2.00022 0.161189
382 2727 0.369487 2.00022 0.161224
383 2734 0.369083 2.00022 0.161289
384 2737 0.369291 2.00022 0.161349
385 2741 0.369557 2.00022 0.161346
386 2746 0.368938 2.00022 0.161298
387 2752 0.368545 2.00022 0.161313
388 2756 0.36872 2.00022 0.161341
389 2761 0.36896 2.00022 0.161306
390 2768 0.368588 2.00022 0.161265
391 2772 0.367867 2.00022 0.161253
392 2778 0.36802 2.00022 0.161246
393 2783 0.367832 2.00022 0.16126
394 2785 0.367592 2.00022 0.161193
395 2786 0.367846 2.00022 0.161133
396 2795 0.367733 2.00022 0.161164
397 2801 0.366852 2.00022 0.161079
398 2808 0.366941 2.00022 0.161009
399 2820 0.366294 2.00022 0.160994
400 2825 0.366257 2.00022 0.160962
401 2829 0.366726 2.00022 0.160825
402 2840 0.367184 2.00022 0.16079
403 2846 0.367022 2.00022 0.160699
404 2851 0.367191 2.00022 0.160747
405 2863 0.366516 2.00022 0.160702
406 2872 0.36671 2.00022 0.160686
407 2877 0.367004 2.00022 0.160674
408 2886 0.366681 2.00022 0.160729
409 2899 0.366695 2.00022 0.160662
410 2902 0.366191 2.00022 0.160542
411 2908 0.366142 2.00022 0.160526
412 2911 0.366287 2.00022 0.160568
413 2919 0.366301 2.00022 0.160562
414 2923 0.366228 2.00022 0.160561
415 2927 0.366808 2.00022 0.16064
416 2937 0.366793 2.00022 0.160642
417 2945 0.366565 2.00022 0.160579
418 2951 0.367025 2.00022 0.160466
419 2955 0.366846 2.00022 0.160383
420 2964 0.366459 2.00022 0.160303
421 2969 0.366732 2.00022 0.160333
422 2974 0.366488 2.00022 0.160337
423 2976 0.36668 2.00022 0.160248
424 2981 0.36672 2.00022 0.160266
425 2985 0.366769 2.00022 0.160213
426 2993 0.366329 2.00022 0.160212
427 2994 0.366543 2.00022 0.16014
428 2998 0.366858 2.00022 0.160209
429 3005 0.366455 2.00022 0.160282
430 3009 0.366161 2.00022 0.160283
431 3014 0.366371 2.00022 0.1603
432 3019 0.366468 2.00022 0.160203
433 3026 0.367147 2.00022 0.160207
434 3037 0.366719 2.00022 0.160114
435 3043 0.366327 2.00022 0.160093
436 3044 0.366338 2.00022 0.160025
437 3047 0.366502 2.00022 0.160003
438 3048 0.366696 2.00022 0.159983
439 3052 0.366695 2.00022 0.159929
440 3057 0.367091 2.00022 0.159853
441 3062 0.366797 2.00022 0.159877
442 3066 0.366623 2.00022 0.159854
443 3072 0.366272 2.00022 0.159916
444 3076 0.366393 2.00022 0.160009
445 3085 0.365811 2.00022 0.159967
446 3090 0.365878 2.00022 0.159953
447 3094 0.365893 2.00022 0.159955
448 3096 0.365924 2.00022 0.159936
449 3099 0.365416 2.00022 0.159944
450 3107 0.365329 2.00022 0.160044
451 3113 0.3655 2.00022 0.160024
452 3116 0.366075 2.00022 0.160024
453 3124 0.366332 2.00022 0.160051
454 3130 0.366096 2.00022 0.160105
455 3138 0.366313 2.00022 0.160074
456 3142 0.366804 2.00022 0.160026
457 3148 0.367138 2.00022 0.160104
458 3153 0.366935 2.00022 0.160111
459 3163 0.366445 2.00022 0.160068
460 3169 0.366403 2.00022 0.160095
461 3171 0.366649 2.00022 0.160033
462 3178 0.366082 2.00022 0.159994
463 3182 0.365908 2.00022 0.159995
464 3185 0.365838 2.00022 0.160009
465 3188 0.365835 2.00022 0.160031
466 3190 0.366266 2.00022 0.160079
467 3197 0.366627 2.00022 0.160107
468 3200 0.36651 2.00022 0.160083
469 3207 0.366794 2.00022 0.160096
470 3219 0.366978 2.00022 0.160012
471 3222 0.366825 2.00022 0.159999
472 3226 0.367416 2.00022 0.159924
473 3231 0.366961 2.00022 0.159893
474 3239 0.36728 2.00022 0.159886
475 3246 0.36681 2.00022 0.159935
476 3253 0.366935 2.00022 0.159832
477 3258 0.366894 2.00022 0.159788
478 3260 0.367014 2.00022 0.159742
479 3265 0.366907 2.00022 0.159721
480 3270 0.366823 2.00022 0.159761
481 3280 0.366884 2.00022 0.159792
482 3286 0.366551 2.00022 0.15975
483 3293 0.367097 2.00022 0.159635
484 3300 0.367576 2.00022 0.159632
485 3305 0.367662 2.00022 0.159653
486 3314 0.367423 2.00022 0.159637
487 3314 0.36771 2.00022 0.159644
488 3324 0.367624 2.00022 0.159608
489 3331 0.367918 2.00022 0.159655
490 3334 0.368425 2.00022 0.159707
491 3336 0.368377 2.00022 0.159672
492 3339 0.368423 2.00022 0.159672
493 3343 0.368826 2.00022 0.159674
494 3347 0.368905 2.00022 0.159645
495 3351 0.36961 2.00022 0.159646
496 3355 0.369576 2.00022 0.159604
497 3363 0.369385 2.00022 0.159626
498 3369 0.369567 2.00022 0.159638
499 3373 0.369788 2.00022 0.159684
500 3376 0.369947 2.00022 0.159637
501 3380 0.369962 2.00022 0.159614
502 3384 0.369944 2.00022 0.159526
503 3391 0.36971 2.00022 0.159521
504 3395 0.369622 2.00022 0.159521
505 3398 0.369683 2.00022 0.159549
506 3403 0.370027 2.00022 0.159599
507 3404 0.370071 2.00022 0.159558
508 3409 0.369897 2.00022 0.159454
509 3417 0.369405 2.00022 0.159483
510 3422 0.3694 2.00022 0.159413
511 3425 0.369379 2.00022 0.159387
512 3430 0.369964 2.00022 0.159452
513 3435 0.37024 2.00022 0.159441
514 3442 0.369976 2.00022 0.159452
515 3446 0.370913 2.00022 0.159463
516 3452 0.370799 2.00022 0.159404
517 3456 0.37077 2.00022 0.159414
518 3461 0.370716 2.00022 0.159445
519 3465 0.370734 2.00022 0.159452
520 3474 0.370991 2.00022 0.159431
521 3479 0.371246 2.00022 0.159482
522 3481 0.371199 2.00022 0.159498
523 3490 0.371195 2.00022 0.159533
524 3495 0.371195 2.00022 0.15956
525 3498 0.371251 2.00022 0.159511
526 3499 0.371268 2.00022 0.159508
527 3501 0.371241 2.00022 0.159436
528 3507 0.371063 2.00022 0.159443
529 3513 0.371045 2.00022 0.159482
530 3519 0.371241 2.00022 0.159527
531 3524 0.371374 2.00022 0.159453
532 3529 0.371088 2.00022 0.159407
533 3536 0.371283 2.00022 0.159431
534 3542 0.371011 2.00022 0.159441
535 3551 0.370962 2.00022 0.15949
536 3556 0.370752 2.00022 0.159466
537 3564 0.370265 2.00022 0.159512
538 3567 0.370264 2.00022 0.159462
539 3570 0.370147 2.00022 0.159458
540 3576 0.370149 2.00022 0.159516
541 3582 0.370345 2.00022 0.15938
542 3584 0.370591 2.00022 0.159324
543 3588 0.370794 2.00022 0.159265
544 3593 0.370596 2.00022 0.159236
545 3598 0.370056 2.00022 0.159187
546 3605 0.37004 2.00022 0.159181
547 3608 0.370468 2.00022 0.159169
548 3615 0.370227 2.00022 0.159207
549 3618 0.370057 2.00022 0.159197
550 3623 0.36955 2.00022 0.159193
551 3628 0.369736 2.00022 0.159297
552 3635 0.369636 2.00022 0.159258
553 3638 0.369579 2.00022 0.159279
554 3649 0.369094 2.00022 0.159348
555 3653 0.368815 2.00022 0.159407
556 3660 0.368544 2.00022 0.159424
557 3664 0.368532 2.00022 0.159345
558 3669 0.368469 2.00022 0.159336
559 3674 0.368146 2.00022 0.159299
560 3680 0.368092 2.00022 0.159373
561 3686 0.367877 2.00022 0.159384
562 3693 0.367634 2.00022 0.159396
563 3698 0.36685 2.00022 0.159421
564 3703 0.366938 2.00022 0.159402
565 3704 0.368057 2.00022 0.159426
566 3708 0.368042 2.00022 0.159342
567 3713 0.367702 2.00022 0.159327
568 3717 0.367771 2.00022 0.159331
569 3723 0.367555 2.00022 0.159324
570 3726 0.367698 2.00022 0.159216
571 3727 0.367775 2.00022 0.159172
572 3732 0.367732 2.00022 0.159197
573 3736 0.367647 2.00022 0.159287
574 3741 0.367675 2.00022 0.159324
575 3743 0.367694 2.00022 0.15938
576 3747 0.367743 2.00022 0.159416
577 3755 0.367999 2.00022 0.15943
578 3758 0.368015 2.00022 0.159446
579 3761 0.367879 2.00022 0.159435
580 3764 0.367727 2.00022 0.159443
581 3768 0.367927 2.00022 0.159357
582 3773 0.367962 2.00022 0.159337
583 3780 0.367841 2.00022 0.159373
584 3785 0.367732 2.00022 0.159398
585 3794 0.367623 2.00022 0.159417
586 3800 0.367573 2.00022 0.159441
587 3803 0.367468 2.00022 0.159487
588 3805 0.367366 2.00022 0.159473
589 3810 0.367243 2.00022 0.159479
590 3815 0.367233 2.00022 0.159519
591 3819 0.367347 2.00022 0.159513
592 3821 0.367606 2.00022 0.15951
593 3822 0.367983 2.00022 0.159543
594 3824 0.368457 2.00022 0.159556
595 3824 0.368648 2.00022 0.159578
596 3827 0.369051 2.00022 0.15957
597 3833 0.369001 2.00022 0.159538
598 3839 0.368853 2.00022 0.159499
599 3844 0.369071 2.00022 0.159549
600 3845 0.369129 2.00022 0.159526
601 3848 0.369268 2.00022 0.159631
602 3853 0.369479 2.00022 0.159671
603 3862 0.369158 2.00022 0.159727
604 3863 0.369312 2.00022 0.159734
605 3871 0.369328 2.00022 0.159765
606 3876 0.369215 2.00022 0.159734
607 3878 0.369231 2.00022 0.159741
608 3882 0.369325 2.00022 0.159793
609 3887 0.369199 2.00022 0.159783
610 3892 0.369909 2.00022 0.159797
611 3895 0.369955 2.00022 0.1598
612 3899 0.370215 2.00022 0.159803
613 3903 0.370108 2.00022 0.159783
614 3908 0.369846 2.00022 0.159744
615 3912 0.369831 2.00022 0.15971
616 3917 0.37023 2.00022 0.159714
617 3928 0.369868 2.00022 0.159724
618 3932 0.369812 2.00022 0.1597
619 3938 0.369728 2.00022 0.159692
620 3939 0.3701 2.00022 0.159678
621 3947 0.369984 2.00022 0.159633
622 3953 0.369728 2.00022 0.159619
623 3957 0.369603 2.00022 0.159619
624 3963 0.36954 2.00022 0.159647
625 3965 0.369546 2.00022 0.159571
626 3975 0.369318 2.00022 0.159633
627 3978 0.36942 2.00022 0.159664
628 3981 0.369559 2.00022 0.159653
629 3988 0.369695 2.00022 0.159643
630 3990 0.369783 2.00022 0.159636
631 3991 0.369877 2.00022 0.159593
632 3992 0.370051 2.00022 0.15961
633 3999 0.369739 2.00022 0.159666
634 4005 0.369625 2.00022 0.159641
635 4006 0.369871 2.00022 0.159623
636 4009 0.369971 2.00022 0.159653
637 4012 0.369913 2.00022 0.159683
638 4014 0.369967 2.00022 0.159671
639 4020 0.369356 2.00022 0.159632
640 4024 0.36973 2.00022 0.159607
641 4027 0.369769 2.00022 0.159565
642 4031 0.369539 2.00022 0.159515
643 4033 0.369458 2.00022 0.15949
644 4035 0.369625 2.00022 0.159506
645 4040 0.36955 2.00022 0.159507
646 4045 0.369236 2.00022 0.159502
647 4049 0.368946 2.00022 0.15947
648 4052 0.369249 2.00022 0.15951
649 4059 0.368188 2.00022 0.15953
650 4061 0.368202 2.00022 0.159533
651 4065 0.368099 2.00022 0.159534
652 4068 0.368105 2.00022 0.159543
653 4069 0.368386 2.00022 0.159556
654 4069 0.368546 2.00022 0.159519
655 4072 0.36854 2.00022 0.159544
656 4079 0.368662 2.00022 0.159567
657 4083 0.368588 2.00022 0.15959
658 4086 0.368741 2.00022 0.15959
659 4092 0.368635 2.00022 0.159593
660 4096 0.368102 2.00022 0.159586
661 4106 0.367922 2.00022 0.159557
662 4110 0.367878 2.00022 0.159511
663 4112 0.367798 2.00022 0.159537
664 4117 0.36762 2.00022 0.15947
665 4119 0.367768 2.00022 0.159434
666 4123 0.367769 2.00022 0.159404
667 4125 0.367828 2.00022 0.159386
668 4127 0.368253 2.00022 0.159423
669 4132 0.36813 2.00022 0.159431
670 4136 0.368346 2.00022 0.159408
671 4138 0.368379 2.00022 0.159382
672 4141 0.368307 2.00022 0.159402
673 4146 0.368565 2.00022 0.159458
674 4150 0.368523 2.00022 0.159403
675 4157 0.368328 2.00022 0.159417
676 4161 0.368309 2.00022 0.159412
677 4162 0.368332 2.00022 0.159395
678 4166 0.368614 2.00022 0.159406
679 4167 0.368622 2.00022 0.159368
680 4173 0.368001 2.00022 0.159338
681 4177 0.367829 2.00022 0.159335
682 4178 0.367855 2.00022 0.159293
683 4184 0.367776 2.00022 0.159304
684 4189 0.36744 2.00022 0.159269
685 4195 0.367253 2.00022 0.159289
686 4198 0.367302 2.00022 0.159301
687 4199 0.367265 2.00022 0.159269
688 4204 0.367126 2.00022 0.159258
689 4206 0.367258 2.00022 0.159256
690 4209 0.367148 2.00022 0.159259
691 4211 0.367102 2.00022 0.159251
692 4215 0.366972 2.00022 0.159232
693 4222 0.367028 2.00022 0.159248
694 4223 0.367202 2.00022 0.159202
695 4226 0.367145 2.00022 0.159194
696 4229 0.366923 2.00022 0.159202
697 4230 0.367013 2.00022 0.159147
698 4235 0.366781 2.00022 0.15914
699 4239 0.366697 2.00022 0.159115
700 4244 0.366496 2.00022 0.159146
701 4248 0.366459 2.00022 0.159113
702 4254 0.36643 2.00022 0.159076
703 4256 0.366668 2.00022 0.159018
704 4263 0.36647 2.00022 0.15904
705 4268 0.366481 2.00022 0.159039
706 4270 0.366719 2.00022 0.158985
707 4271 0.366752 2.00022 0.158988
708 4277 0.366651 2.00022 0.159026
709 4279 0.366748 2.00022 0.158977
710 4282 0.366742 2.00022 0.159003
711 4286 0.366948 2.00022 0.159015
712 4287 0.367043 2.00022 0.158969
713 4289 0.367002 2.00022 0.158938
714 4293 0.367055 2.00022 0.158929
715 4295 0.367145 2.00022 0.158903
716 4298 0.366951 2.00022 0.158928
717 4302 0.366839 2.00022 0.158902
718 4306 0.366951 2.00022 0.158931
719 4310 0.367 2.00022 0.158903
720 4313 0.366996 2.00022 0.158817
721 4317 0.367211 2.00022 0.158841
722 4320 0.367101 2.00022 0.158848
723 4321 0.367171 2.00022 0.158815
724 4323 0.367145 2.00022 0.158775
725 4324 0.36729 2.00022 0.158814
726 4328 0.367242 2.00022 0.158805
727 4336 0.367142 2.00022 0.158792
728 4337 0.367239 2.00022 0.15881
729 4342 0.367212 2.00022 0.15877
730 4344 0.367297 2.00022 0.158781
731 4348 0.367146 2.00022 0.158758
732 4352 0.366972 2.00022 0.158721
733 4356 0.366795 2.00022 0.158707
734 4358 0.366695 2.00022 0.158623
735 4360 0.366792 2.00022 0.158668
736 4363 0.366833 2.00022 0.158668
737 4364 0.367006 2.00022 0.15866
738 4367 0.366988 2.00022 0.158674
739 4371 0.366957 2.00022 0.158755
740 4378 0.366862 2.00022 0.158756
741 4382 0.366656 2.00022 0.158739
742 4386 0.366537 2.00022 0.158724
743 4387 0.366683 2.00022 0.158695
744 4393 0.366621 2.00022 0.158691
745 4395 0.3666 2.00022 0.158693
746 4396 0.366581 2.00022 0.158685
747 4401 0.366695 2.00022 0.158672
748 4407 0.366398 2.00022 0.158706
749 4413 0.366378 2.00022 0.158697
750 4416 0.366452 2.00022 0.158728
751 4422 0.366556 2.00022 0.158739
752 4428 0.366508 2.00022 0.158772
753 4433 0.366228 2.00022 0.158768
754 4437 0.366315 2.00022 0.158739
755 4440 0.36639 2.00022 0.158715
756 4444 0.366142 2.00022 0.158679
757 4446 0.366108 2.00022 0.158645
758 4448 0.366072 2.00022 0.15864
759 4456 0.365793 2.00022 0.15861
760 4461 0.365651 2.00022 0.158588
761 4465 0.365335 2.00022 0.158589
762 4468 0.365316 2.00022 0.158599
763 4470 0.365351 2.00022 0.158589
764 4473 0.365218 2.00022 0.158576
765 4480 0.364864 2.00022 0.158566
766 4484 0.364774 2.00022 0.158554
767 4489 0.364667 2.00022 0.158537
768 4495 0.364496 2.00022 0.158522
769 4496 0.364582 2.00022 0.15853
770 4502 0.364453 2.00022 0.158562
771 4507 0.364437 2.00022 0.158574
772 4511 0.364511 2.00022 0.158559
773 4515 0.364603 2.00022 0.158571
774 4519 0.364537 2.00022 0.158558
775 4528 0.364287 2.00022 0.158548
776 4531 0.364203 2.00022 0.158518
777 4534 0.364248 2.00022 0.158503
778 4539 0.364228 2.00022 0.158523
779 4542 0.364216 2.00022 0.158508
780 4544 0.364359 2.00022 0.158542
781 4550 0.36456 2.00022 0.15856
782 4555 0.364603 2.00022 0.158562
783 4560 0.365067 2.00022 0.158567
784 4563 0.365164 2.00022 0.158597
785 4564 0.365374 2.00022 0.15856
786 4568 0.365227 2.00022 0.158571
787 4569 0.365412 2.00022 0.158534
788 4573 0.365601 2.00022 0.15855
789 4576 0.365521 2.00022 0.158537
790 4578 0.365533 2.00022 0.158543
791 4580 0.365641 2.00022 0.15856
792 4583 0.365793 2.00022 0.158596
793 4585 0.365696 2.00022 0.158582
794 4586 0.365701 2.00022 0.1586
795 4589 0.365532 2.00022 0.158591
796 4591 0.365564 2.00022 0.158564
797 4594 0.365596 2.00022 0.158522
798 4600 0.365445 2.00022 0.158529
799 4606 0.365748 2.00022 0.158534
800 4611 0.365721 2.00022 0.158582
801 4614 0.365746 2.00022 0.158607
802 4616 0.365528 2.00022 0.158587
803 4619 0.365734 2.00022 0.15862
804 4624 0.365691 2.00022 0.158654
805 4627 0.365538 2.00022 0.158665
806 4629 0.365844 2.00022 0.158667
807 4632 0.36574 2.00022 0.158696
808 4634 0.365629 2.00022 0.158691
809 4638 0.365555 2.00022 0.158708
810 4640 0.365588 2.00022 0.15871
811 4641 0.365833 2.00022 0.158669
812 4646 0.365616 2.00022 0.158694
813 4651 0.365402 2.00022 0.15868
814 4652 0.365416 2.00022 0.15867
815 4655 0.365656 2.00022 0.158655
816 4657 0.365719 2.00022 0.158654
817 4659 0.366087 2.00022 0.158625
818 4662 0.366192 2.00022 0.158606
819 4666 0.366088 2.00022 0.15861
820 4670 0.366157 2.00022 0.158602
821 4671 0.366169 2.00022 0.15863
822 4672 0.366209 2.00022 0.158613
823 4676 0.366025 2.00022 0.158634
824 4682 0.366031 2.00022 0.158629
825 4686 0.365981 2.00022 0.158622
826 4689 0.366004 2.00022 0.158639
827 4694 0.365898 2.00022 0.158621
828 4699 0.365977 2.00022 0.158641
829 4704 0.365939 2.00022 0.158627
830 4706 0.365825 2.00022 0.158594
831 4709 0.366276 2.00022 0.158598
832 4713 0.366315 2.00022 0.158601
833 4716 0.366187 2.00022 0.158652
834 4719 0.365965 2.00022 0.15863
835 4724 0.365862 2.00022 0.158659
836 4728 0.365535 2.00022 0.158606
837 4730 0.365691 2.00022 0.158634
838 4732 0.365542 2.00022 0.158634
839 4737 0.365669 2.00022 0.158625
840 4740 0.365911 2.00022 0.15864
841 4744 0.366057 2.00022 0.158644
842 4748 0.365967 2.00022 0.158653
843 4753 0.365837 2.00022 0.158627
844 4757 0.365788 2.00022 0.158647
845 4762 0.365773 2.00022 0.158637
846 4766 0.365862 2.00022 0.15861
847 4768 0.36618 2.00022 0.158584
848 4773 0.365986 2.00022 0.158603
849 4777 0.365967 2.00022 0.158645
850 4779 0.366149 2.00022 0.158647
851 4782 0.366139 2.00022 0.158626
852 4783 0.366073 2.00022 0.158613
853 4786 0.366298 2.00022 0.158624
854 4789 0.366514 2.00022 0.158658
855 4793 0.366406 2.00022 0.158695
856 4800 0.366195 2.00022 0.158694
857 4802 0.366204 2.00022 0.158701
858 4805 0.366045 2.00022 0.158689
859 4805 0.366321 2.00022 0.158671
860 4809 0.36626 2.00022 0.158704
861 4820 0.365619 2.00022 0.158701
862 4823 0.365761 2.00022 0.158706
863 4825 0.366146 2.00022 0.158722
864 4827 0.366158 2.00022 0.158698
865 4830 0.366601 2.00022 0.158731
866 4830 0.366933 2.00022 0.158729
867 4832 0.366974 2.00022 0.158734
868 4835 0.366955 2.00022 0.158777
869 4838 0.366964 2.00022 0.158761
870 4839 0.366995 2.00022 0.158751
871 4843 0.367311 2.00022 0.158788
872 4848 0.367236 2.00022 0.158769
873 4853 0.367247 2.00022 0.158749
874 4855 0.367218 2.00022 0.158722
875 4857 0.367434 2.00022 0.158692
876 4862 0.367386 2.00022 0.158665
877 4863 0.367502 2.00022 0.158669
878 4867 0.367702 2.00022 0.158706
879 4869 0.367715 2.00022 0.158687
880 4871 0.367735 2.00022 0.15867
881 4877 0.367592 2.00022 0.15864
882 4881 0.367783 2.00022 0.158611
883 4883 0.367723 2.00022 0.158605
884 4887 0.367636 2.00022 0.158558
885 4893 0.36757 2.00022 0.15856
886 4896 0.367504 2.00022 0.158585
887 4898 0.36749 2.00022 0.158575
888 4898 0.368092 2.00022 0.158586
889 4900 0.368213 2.00022 0.158592
890 4905 0.368113 2.00022 0.158623
891 4908 0.368263 2.00022 0.158619
892 4913 0.368301 2.00022 0.158632
893 4914 0.368523 2.00022 0.15862
894 4917 0.368471 2.00022 0.158609
895 4920 0.368363 2.00022 0.158539
896 4922 0.368558 2.00022 0.158572
897 4925 0.368784 2.00022 0.158559
898 4929 0.368525 2.00022 0.15858
899 4931 0.368824 2.00022 0.158538
900 4935 0.368844 2.00022 0.158563
901 4938 0.368845 2.00022 0.158573
902 4940 0.368985 2.00022 0.158529
903 4944 0.368894 2.00022 0.15853
904 4948 0.368812 2.00022 0.15851
905 4950 0.368721 2.00022 0.158518
906 4954 0.368705 2.00022 0.158544
907 4957 0.368786 2.00022 0.15855
908 4962 0.368702 2.00022 0.158546
909 4962 0.368738 2.00022 0.158537
910 4964 0.368885 2.00022 0.158529
911 4968 0.368921 2.00022 0.158528
912 4969 0.368967 2.00022 0.158509
913 4970 0.369165 2.00022 0.158493
914 4971 0.369468 2.00022 0.158539
915 4974 0.368921 2.00022 0.158535
916 4976 0.368856 2.00022 0.158549
917 4979 0.368849 2.00022 0.15849
918 4985 0.36896 2.00022 0.158467
919 4989 0.369001 2.00022 0.158422
920 4990 0.369104 2.00022 0.158396
921 4992 0.369267 2.00022 0.158384
922 4995 0.369434 2.00022 0.158417
923 4998 0.369764 2.00022 0.158426
924 4999 0.36981 2.00022 0.15845
925 5001 0.369932 2.00022 0.158501
926 5002 0.369923 2.00022 0.158493
927 5004 0.369755 2.00022 0.158522
928 5011 0.36965 2.00022 0.158497
929 5014 0.369633 2.00022 0.158516
930 5017 0.369686 2.00022 0.158543
931 5020 0.369541 2.00022 0.158489
932 5022 0.369573 2.00022 0.158521
933 5024 0.36976 2.00022 0.15854
934 5024 0.369884 2.00022 0.158564
935 5025 0.369928 2.00022 0.158542
936 5029 0.37033 2.00022 0.158581
937 5033 0.370218 2.00022 0.158575
938 5034 0.370222 2.00022 0.158567
939 5040 0.370315 2.00022 0.158557
940 5041 0.370398 2.00022 0.158567
941 5042 0.3704 2.00022 0.158533
942 5044 0.370475 2.00022 0.158552
943 5045 0.370471 2.00022 0.158529
944 5050 0.370455 2.00022 0.158529
945 5055 0.370275 2.00022 0.158552
946 5057 0.370465 2.00022 0.158537
947 5063 0.370307 2.00022 0.1585
948 5069 0.370153 2.00022 0.158529
949 5073 0.370055 2.00022 0.158503
950 5078 0.369872 2.00022 0.158514
951 5079 0.369917 2.00022 0.158518
952 5079 0.37019 2.00022 0.158524
953 5081 0.370232 2.00022 0.158536
954 5083 0.370261 2.00022 0.158532
955 5085 0.370254 2.00022 0.1585
956 5085 0.370311 2.00022 0.158486
957 5089 0.370336 2.00022 0.158464
958 5090 0.370483 2.00022 0.158457
959 5092 0.370435 2.00022 0.158467
960 5095 0.370498 2.00022 0.158463
961 5097 0.370508 2.00022 0.158485
962 5100 0.370507 2.00022 0.158513
963 5102 0.370547 2.00022 0.158476
964 5103 0.370571 2.00022 0.158485
965 5103 0.370752 2.00022 0.158458
966 5105 0.370896 2.00022 0.158417
967 5106 0.371003 2.00022 0.158419
968 5107 0.370946 2.00022 0.1584
969 5110 0.371039 2.00022 0.158389
970 5113 0.370928 2.00022 0.158384
971 5117 0.370867 2.00022 0.158405
972 5120 0.370716 2.00022 0.158382
973 5120 0.370721 2.00022 0.158359
974 5124 0.370405 2.00022 0.158346
975 5124 0.37048 2.00022 0.158348
976 5127 0.370397 2.00022 0.158338
977 5130 0.370345 2.00022 0.158356
978 5133 0.370418 2.00022 0.158353
979 5136 0.370453 2.00022 0.158364
980 5139 0.370432 2.00022 0.15836
981 5142 0.370502 2.00022 0.15835
982 5150 0.370541 2.00022 0.158356
983 5154 0.370576 2.00022 0.158328
984 5158 0.370623 2.00022 0.158301
985 5160 0.370601 2.00022 0.158299
986 5168 0.370361 2.00022 0.158301
987 5175 0.370031 2.00022 0.158265
988 5180 0.369925 2.00022 0.15826
989 5181 0.369953 2.00022 0.158246
990 5182 0.370017 2.00022 0.158245
991 5182 0.370037 2.00022 0.158227
992 5186 0.369957 2.00022 0.158252
993 5188 0.369811 2.00022 0.158228
994 5188 0.370053 2.00022 0.158225
995 5189 0.370079 2.00022 0.158222
996 5196 0.369833 2.00022 0.158257
997 5197 0.369806 2.00022 0.158242
998 5200 0.369998 2.00022 0.158236
999 5200 0.370048 2.00022 0.158245
1000 5202 0.370092 2.00022 0.158263
1001 5204 0.370031 2.00022 0.158285
1002 5206 0.370061 2.00022 0.158283
1003 5208 0.370178 2.00022 0.158256
1004 5213 0.370348 2.00022 0.158322
1005 5216 0.370382 2.00022 0.158331
1006 5218 0.370359 2.00022 0.158324
1007 5222 0.370444 2.00022 0.158329
1008 5225 0.37038 2.00022 0.158338
1009 5229 0.370516 2.00022 0.158353
1010 5232 0.370526 2.00022 0.158351
1011 5234 0.370713 2.00022 0.158351
1012 5237 0.370837 2.00022 0.158349
1013 5242 0.371043 2.00022 0.158363
1014 5243 0.371125 2.00022 0.158388
1015 5244 0.371198 2.00022 0.158371
1016 5245 0.370718 2.00022 0.158388
1017 5251 0.370555 2.00022 0.158435
1018 5251 0.370595 2.00022 0.15842
1019 5256 0.370405 2.00022 0.158434
1020 5259 0.370748 2.17229 0.158519
1021 5262 0.370693 2.17229 0.158501
1022 5265 0.370635 2.17229 0.158481
1023 5267 0.37061 2.17229 0.15846
1024 5271 0.370533 2.17229 0.158473
1025 5272 0.370511 2.17229 0.158479
1026 5275 0.37053 2.17229 0.158483
1027 5277 0.370486 2.17229 0.158503
1028 5278 0.370506 2.17229 0.158506
1029 5279 0.370671 2.17229 0.158535
1030 5281 0.37052 2.17229 0.158536
1031 5286 0.370357 2.17229 0.158519
1032 5290 0.370151 2.17229 0.158521
1033 5291 0.370337 2.17229 0.158517
1034 5292 0.37048 2.17229 0.158495
1035 5295 0.37008 2.17229 0.158493
1036 5298 0.370041 2.17229 0.158469
1037 5301 0.369981 2.17229 0.158436
1038 5303 0.37004 2.17229 0.158448
1039 5304 0.370036 2.17229 0.15847
1040 5306 0.370064 2.17229 0.158443
1041 5309 0.370032 2.17229 0.158466
1042 5311 0.37008 2.17229 0.158454
1043 5311 0.370098 2.17229 0.158438
1044 5312 0.370093 2.17229 0.158466
1045 5314 0.37005 2.17229 0.158471
1046 5315 0.370132 2.17229 0.158475
1047 5317 0.369994 2.17229 0.158461
1048 5320 0.37015 2.17229 0.158475
1049 5322 0.370011 2.17229 0.158439
1050 5325 0.370058 2.17229 0.15844
1051 5326 0.370093 2.17229 0.158439
1052 5330 0.369997 2.17229 0.15844
1053 5335 0.369855 2.17229 0.158431
1054 5336 0.369785 2.17229 0.158448
1055 5338 0.370047 2.17229 0.158417
1056 5343 0.370059 2.17229 0.158428
1057 5346 0.369992 2.17229 0.158422
1058 5348 0.370015 2.17229 0.158431
1059 5352 0.370071 2.17229 0.158394
1060 5354 0.370131 2.17229 0.158376
1061 5356 0.370086 2.17229 0.158349
1062 5359 0.369989 2.17229 0.158342
1063 5363 0.36989 2.17229 0.158327
1064 5364 0.369956 2.17229 0.158339
1065 5365 0.370235 2.17229 0.158339
1066 5369 0.37015 2.17229 0.158298
1067 5373 0.370089 2.17229 0.158336
1068 5379 0.369899 2.17229 0.158311
1069 5384 0.370091 2.17229 0.158337
1070 5386 0.370022 2.17229 0.158304
1071 5390 0.369949 2.17229 0.158296
1072 5392 0.369917 2.17229 0.15833
1073 5394 0.370081 2.17229 0.158327
1074 5396 0.370279 2.17229 0.15832
1075 5399 0.370273 2.17229 0.158322
1076 5399 0.370276 2.17229 0.158319
1077 5399 0.370297 2.17229 0.158309
1078 5404 0.370231 2.17229 0.158298
1079 5406 0.370274 2.17229 0.158296
1080 5407 0.370233 2.17229 0.158287
1081 5408 0.370221 2.17229 0.15829
1082 5409 0.370262 2.17229 0.158295
1083 5411 0.37024 2.17229 0.158276
1084 5414 0.370256 2.17229 0.158283
1085 5418 0.370219 2.17229 0.158229
1086 5422 0.370209 2.17229 0.158239
1087 5427 0.370133 2.17229 0.158247
1088 5429 0.370026 2.17229 0.158237
1089 5431 0.370038 2.17229 0.158261
1090 5433 0.37004 2.17229 0.158268
1091 5433 0.370044 2.17229 0.158264
1092 5434 0.370102 2.17229 0.158276
1093 5435 0.370139 2.17229 0.158272
1094 5436 0.370333 2.17229 0.15825
1095 5437 0.370397 2.17229 0.158249
1096 5439 0.370367 2.17229 0.158255
1097 5443 0.370655 2.17229 0.158281
1098 5448 0.370663 2.17229 0.158274
1099 5453 0.370505 2.17229 0.158298
1100 5454 0.370571 2.17229 0.158303
1101 5457 0.370523 2.17229 0.158317
1102 5461 0.370209 2.17229 0.158333
1103 5463 0.370367 2.17229 0.158334
1104 5468 0.370511 2.17229 0.158287
1105 5470 0.370443 2.17229 0.158294
1106 5473 0.370328 2.17229 0.158283
1107 5475 0.370403 2.17229 0.15827
1108 5478 0.370456 2.17229 0.158227
1109 5479 0.370509 2.17229 0.158195
1110 5481 0.370605 2.17229 0.158221
1111 5483 0.370682 2.17229 0.158226
1112 5485 0.370685 2.17229 0.158215
1113 5487 0.370774 2.17229 0.1582
1114 5491 0.370611 2.17229 0.15819
1115 5495 0.370522 2.17229 0.158174
1116 5499 0.370556 2.17229 0.158211
1117 5504 0.370596 2.17229 0.158191
1118 5505 0.37074 2.17229 0.158134
1119 5505 0.37078 2.17229 0.158132
1120 5511 0.370674 2.17229 0.158089
1121 5515 0.370653 2.17229 0.158074
1122 5517 0.370663 2.17229 0.158033
1123 5517 0.370786 2.17229 0.158022
1124 5517 0.370797 2.17229 0.158023
1125 5517 0.370969 2.17229 0.158028
1126 5519 0.370912 2.17229 0.157983
1127 5523 0.370924 2.17229 0.157951
1128 5525 0.371002 2.17229 0.15795
1129 5527 0.371059 2.17229 0.157963
1130 5528 0.371009 2.17229 0.157945
1131 5528 0.37104 2.17229 0.157944
1132 5532 0.371008 2.17229 0.157951
1133 5534 0.371112 2.17229 0.157925
1134 5536 0.371179 2.17229 0.157954
