2488    0 0.6 0.8 0.8 0.4 0.6  0.231213 0.75 0.2 0.8 0.05 1 0.55 0.15 0.1 0.95 0.45 0.85 0.6 
2624    0 0.8 0 0.8 0.8 0.8  0.394647 0.95 1 0.8 0 0.6 0.65 0.8 0.4 0.2 0 0.85 0.65 
2749    0 0.8 0.2 0.8 0.8 0.8  0.300691 0.75 0.65 0.8 0 0.6 0.7 0.65 0.4 0.4 0 0.85 0.85 
2979    0 0.8 0.6 0.8 0 0.8  0.61368 0.75 0.2 0.8 0.05 1 0.7 0.15 0.1 0.8 0 0.85 0.6 
2989    0 0.8 0.6 0.8 0.4 0.8  0.472079 0.75 0.2 0.8 0.05 1 0.5 0.15 0.1 0.8 0 0.4 0.6 
3024    0 0.8 0.8 0 0.8 0.8  0.408378 0.6 0.9 0.8 0 0.6 0.8 0.15 0.3 0.2 0 0.5 0.9 
3049    0 0.8 0.8 0.2 0.8 0.8  0.245645 0.6 0.45 0.8 0 0.25 0.7 0.65 0.95 0.15 0 0.85 0.85 
3099    0 0.8 0.8 0.6 0.8 0.8  0.364391 0.45 0.4 0.8 0 0.6 0.65 0.15 0.1 0.2 0 0.5 0.85 
3109    0 0.8 0.8 0.8 0.2 0.8  0.479286 0.75 0.2 0.8 0.05 1 0.5 0.15 0.1 0.45 0 0.85 0.6 
3124    0 0.8 0.8 0.8 0.8 0.8  0.320711 0.55 0 1 0 0.6 0.9 0.5 0.4 0.2 0 0.85 0.85 
5497    0.2 0.6 0.6 0.8 0.8 0.4  0.366249 0.8 0.1 0.2 0.05 0.8 0.5 1 0.4 0.15 0.9 0.5 0.5 
5617    0.2 0.6 0.8 0.8 0.6 0.4  0.429795 0.75 0.2 0.8 0.05 1 0.75 0.15 0.1 0.8 0.95 0.25 0.6 
5748    0.2 0.8 0 0.8 0.8 0.6  0.299089 0.95 1 0.8 0 0.6 0.7 0.8 0.4 0.2 0 0.85 0.65 
5749    0.2 0.8 0 0.8 0.8 0.8  0.289205 0.85 0.05 0.8 0 0.5 0.8 0.5 0.4 0.2 0 0.85 0.85 
5859    0.2 0.8 0.2 0.8 0.2 0.8  0.38154 0.75 0.35 0.8 0.05 1 0.85 0.15 0.1 0.85 0.6 0.5 0.6 
5864    0.2 0.8 0.2 0.8 0.4 0.8  0.398554 0.9 0.35 0.8 0.05 1 0.85 0.15 0.1 0.85 0.6 0.5 0.6 
5869    0.2 0.8 0.2 0.8 0.6 0.8  0.211287 0.75 0.4 0.8 0.05 1 0.5 0.15 0.05 0.35 0.6 1 0.5 
5874    0.2 0.8 0.2 0.8 0.8 0.8  0.679806 0.75 0.55 0.8 0.05 1 0.5 0.15 0.45 0.45 0.6 0.65 0.5 
5984    0.2 0.8 0.4 0.8 0.2 0.8  0.3313 0.75 0.4 0.8 0.05 1 0.8 0.15 0.1 0.2 0 0.9 0.6 
5989    0.2 0.8 0.4 0.8 0.4 0.8  0.131268 0.75 0.4 0.8 0.05 1 0.3 0.15 0.7 0.4 0.65 0.5 0.2 
5997    0.2 0.8 0.4 0.8 0.8 0.4  0.406884 0.75 0.55 0.9 0.05 1 0.6 0.15 0.6 0.9 0.75 0.7 0.65 
5999    0.2 0.8 0.4 0.8 0.8 0.8  0.721579 0.75 0.7 0.55 0.05 0.85 0.75 0.15 0.05 0.2 0 0.7 0.55 
6092    0.2 0.8 0.6 0.6 0.6 0.4  0.513814 0.75 1 0.8 0.05 1 0.45 0.65 0.85 0.45 0.55 0.7 0.1 
6109    0.2 0.8 0.6 0.8 0.2 0.8  0.239381 0.75 0.55 0.8 0.05 1 0.5 0.15 0.1 0.45 0 0.85 0.6 
6114    0.2 0.8 0.6 0.8 0.4 0.8  0.50135 0.75 0.2 0.8 0.05 1 0.5 0.65 0.1 0.15 0 0.9 0.6 
6119    0.2 0.8 0.6 0.8 0.6 0.8  0.648941 0.75 0.55 0.9 0.05 1 0.6 0.15 0.6 0.45 0.6 0.7 0.65 
6123    0.2 0.8 0.6 0.8 0.8 0.6  0.477129 0.9 0.55 0.35 0.05 1 0.5 0.15 0.2 0.45 0.3 0.95 0.9 
6124    0.2 0.8 0.6 0.8 0.8 0.8  0.391865 0.85 0.2 0.8 0.05 1 0.5 0.15 0.1 0.75 0 0.5 0.6 
6149    0.2 0.8 0.8 0 0.8 0.8  0.426406 0.6 0.95 0.8 0 0.6 0.8 0.15 0.3 0.2 0 0.5 0.9 
6174    0.2 0.8 0.8 0.2 0.8 0.8  0.40821 0.75 0.65 0.8 0 0.1 0.65 0.65 0.4 0.2 0 0.85 0.85 
6194    0.2 0.8 0.8 0.4 0.6 0.8  0.344253 0.75 0.2 0.8 0.05 1 0.5 0.15 0.1 0.75 0 0.25 0.6 
6199    0.2 0.8 0.8 0.4 0.8 0.8  0.42048 0.5 0.4 0.8 0 0 0.4 0.65 0.85 0.2 0 0.5 0.85 
6219    0.2 0.8 0.8 0.6 0.6 0.8  0.339022 0.75 0.2 0.8 0.05 1 0.35 0.15 0.75 0.8 0 0.8 0.6 
6229    0.2 0.8 0.8 0.8 0 0.8  0.180705 0.75 0.2 0.8 0.05 1 0.75 0.15 0.1 0.8 0.95 0.85 0.6 
6233    0.2 0.8 0.8 0.8 0.2 0.6  0.56953 0.75 0.35 0.8 0.05 1 0.85 0.15 1 0.85 0.6 0.5 0.6 
6234    0.2 0.8 0.8 0.8 0.2 0.8  0.332693 0.75 0.2 0.8 0.05 1 0.5 0.15 0.1 0.8 0 0.85 0.6 
6236    0.2 0.8 0.8 0.8 0.4 0.2  0.116169 1 0.6 0.8 0.05 0.8 0.4 0.15 0.45 0.3 0.6 0.05 0.5 
6238    0.2 0.8 0.8 0.8 0.4 0.6  0.520328 0.75 0.3 0.1 0.05 0.7 0.5 0.15 0.45 0.75 0.15 0.9 0.6 
6239    0.2 0.8 0.8 0.8 0.4 0.8  0.447999 0.75 0.55 0.05 0.05 1 0.6 0.15 0.05 0.45 0.6 1 0.65 
6241    0.2 0.8 0.8 0.8 0.6 0.2  0.504427 0.95 0.6 0.8 0.05 0.8 0.4 0.15 0.45 0.3 0.6 0.05 0.5 
6242    0.2 0.8 0.8 0.8 0.6 0.4  0.0852007 1 0.6 0.8 0.05 0.8 0.4 0.15 0.4 0.3 0.6 0.05 0.5 
6244    0.2 0.8 0.8 0.8 0.6 0.8  0.273907 0.75 0.2 0.8 0.05 1 0.5 0.15 0.1 0.75 0 0.5 0.6 
6247    0.2 0.8 0.8 0.8 0.8 0.4  0.26104 0.75 0.4 0.8 0.05 1 0.55 0.65 0.4 0.35 0.05 0.05 0.5 
6248    0.2 0.8 0.8 0.8 0.8 0.6  0.524215 0.75 0.15 0.7 0.05 1 0.5 0.15 0.15 0.45 0.3 0.5 0.2 
6249    0.2 0.8 0.8 0.8 0.8 0.8  0.68191 0.2 0.7 0.8 0 0.25 0.7 0.5 0.4 0.2 0 0.85 0.85 
7858    0.4 0.4 0.4 0.8 0.2 0.6  0.162537 0.8 0.6 0.8 0.05 1 0.5 0.15 0.8 0.75 0.6 0.5 0.6 
7962    0.4 0.4 0.6 0.6 0.4 0.4  0.209714 0.8 0.55 0.8 0.05 1 0.5 0.15 0.4 0.8 1 0.5 0.5 
7993    0.4 0.4 0.6 0.8 0.6 0.6  0.333286 0.75 0.7 0.8 0.05 1 0.5 0.15 0.4 0.9 0.8 0.35 0.65 
7998    0.4 0.4 0.6 0.8 0.8 0.6  0.401854 0.75 0.55 0.8 0.05 1 0.4 0.15 0.4 0.45 0.45 0.7 0.3 
8108    0.4 0.4 0.8 0.8 0.2 0.6  0.570919 0.75 0.95 0.1 0.05 1 0.5 0.65 0.45 0.8 0 0.9 0.6 
8368    0.4 0.6 0.2 0.8 0.6 0.6  0.306946 0.75 0.35 0.8 0.05 1 0.85 0.15 0.1 0.75 0.6 0.5 0.4 
8463    0.4 0.6 0.4 0.6 0.4 0.6  0.543579 0.75 0.55 0.8 0.05 1 0.5 0.15 0.65 0.95 0.2 0.35 0.5 
8468    0.4 0.6 0.4 0.6 0.6 0.6  0.482939 0.75 0.6 0.8 0.05 1 0.5 0.15 0.75 0.8 0.85 0.35 0.5 
8474    0.4 0.6 0.4 0.6 0.8 0.8  0.433829 0.55 0.6 0.8 0 0.6 0.45 1 0.4 0 0 0.85 0.85 
8483    0.4 0.6 0.4 0.8 0.2 0.6  0.390878 1 0.05 0.8 0.05 1 0.85 0.15 1 0.75 0.6 0.5 0.1 
8484    0.4 0.6 0.4 0.8 0.2 0.8  0.637186 0.75 0.6 0.8 0.05 1 0.5 0.15 0.75 0.4 0.6 0.4 0.5 
8488    0.4 0.6 0.4 0.8 0.4 0.6  0.307869 0.75 0.55 0.8 0.05 1 0.5 0.15 0.4 0.95 0.2 0.8 0.5 
8489    0.4 0.6 0.4 0.8 0.4 0.8  0.545637 0.75 0.6 0.8 0.05 1 0.5 0.15 0.75 0 0.6 0.5 0.5 
8492    0.4 0.6 0.4 0.8 0.6 0.4  0.378963 0.75 0.85 0.8 0.05 1 0.5 0.15 0.2 0.75 0.8 0.5 0.65 
8493    0.4 0.6 0.4 0.8 0.6 0.6  0.346012 0.8 0.6 0.8 0.05 1 0.5 0.15 0.2 0.75 0.45 0.5 0.6 
8498    0.4 0.6 0.4 0.8 0.8 0.6  0.513293 0.75 0.6 0.8 0.05 1 0.5 0.15 0.75 0.45 0.6 0.05 0.55 
8499    0.4 0.6 0.4 0.8 0.8 0.8  0.385645 0.75 1 0.8 0.05 1 0.5 0.15 0.75 0.45 0.7 0.05 0.5 
8592    0.4 0.6 0.6 0.6 0.6 0.4  0.367419 0.7 0.2 0.8 0.1 1 0.65 0.15 0.75 0.2 0.9 0.5 0.8 
8612    0.4 0.6 0.6 0.8 0.4 0.4  0.432412 0.85 0.2 0.8 0.05 0.8 0.5 0.15 0.1 1 0.2 0.9 0.6 
8613    0.4 0.6 0.6 0.8 0.4 0.6  0.31859 0.75 0.6 0.8 0.05 1 0.5 0.15 0.75 0.8 0.85 0.4 0.5 
8614    0.4 0.6 0.6 0.8 0.4 0.8  0.642308 0.75 0.6 0.8 0.05 1 0.5 0.15 0.75 0.45 0.6 0.05 0.65 
8617    0.4 0.6 0.6 0.8 0.6 0.4  0.565406 0.9 0.85 0.8 0.05 0.75 0.05 0.15 0.15 0.75 0.8 0.5 0.6 
8618    0.4 0.6 0.6 0.8 0.6 0.6  0.904055 0.75 1 0.9 0.05 1 0.6 0.15 0.3 0.4 0.6 0.7 0.65 
8619    0.4 0.6 0.6 0.8 0.6 0.8  0.304632 0.5 0.35 0.8 0.05 1 0.5 0.15 0.1 0.75 0.2 0.5 0.6 
8722    0.4 0.6 0.8 0.6 0.8 0.4  0.547319 0.75 0.85 0.8 0.05 1 0.6 0 0.1 0.75 0.8 0.5 0.6 
8724    0.4 0.6 0.8 0.6 0.8 0.8  0.648552 0.75 0.6 0.25 0.05 1 0.35 0.15 0.9 0.45 0.15 0.65 0.25 
8734    0.4 0.6 0.8 0.8 0.2 0.8  0.396467 0.75 0.2 0.8 0.05 1 0.8 0.15 0.1 0.55 0 0.9 0.6 
8742    0.4 0.6 0.8 0.8 0.6 0.4  0.474609 1 0.8 0.8 0.05 1 0.7 0.15 0.7 0.75 0.4 0.5 0.1 
8748    0.4 0.6 0.8 0.8 0.8 0.6  0.363237 0.75 0.75 0.8 0.05 1 0.5 0 0.75 0.45 0.6 0.45 0.85 
8869    0.4 0.8 0 0.8 0.6 0.8  0.0838882 0.75 0.55 0.8 0.05 1 0.5 0.15 0.1 0.45 0.6 0.5 0.5 
8874    0.4 0.8 0 0.8 0.8 0.8  0.436678 0.7 0.05 0.8 0 0.25 0.7 0.5 0.4 0.2 0 0.85 0.85 
8944    0.4 0.8 0.2 0.4 0.6 0.8  0.491044 0.35 0.85 0.8 0 0.6 0.75 0.65 0.85 0.2 0.1 0.85 0.85 
8946    0.4 0.8 0.2 0.4 0.8 0.2  0.0536027 0.75 0.05 0.8 0.05 1 0.6 0.15 0.1 0.3 0.55 0.65 0.5 
8949    0.4 0.8 0.2 0.4 0.8 0.8  0.280049 0.75 0.2 0.8 0 0.1 0.65 0.65 0.4 0.2 0 0.85 0.85 
8968    0.4 0.8 0.2 0.6 0.6 0.6  0.501828 0.75 0.6 0.7 0.05 1 0.5 0.15 0.15 0.45 0.3 0.5 0.75 
8974    0.4 0.8 0.2 0.6 0.8 0.8  0.507441 0.35 0.65 0.8 0 0.6 0.45 0.65 0.1 0.2 0 0.5 0.85 
8984    0.4 0.8 0.2 0.8 0.2 0.8  0.309433 0.9 0.15 0.9 0.05 1 0.6 0.15 0.6 0.45 0.6 0.85 0.65 
8989    0.4 0.8 0.2 0.8 0.4 0.8  0.426587 0.75 0.2 0.8 0.05 1 0.5 0.15 0.1 0.45 0.45 0.85 0.6 
8993    0.4 0.8 0.2 0.8 0.6 0.6  0.519674 0.75 0.15 0.7 0.05 1 0.5 0.15 0.15 0.45 0.3 0.5 0.75 
8994    0.4 0.8 0.2 0.8 0.6 0.8  0.339254 0.75 0.75 0.45 0.05 1 0.5 0.15 0.3 0.45 0.6 0.7 0.15 
8997    0.4 0.8 0.2 0.8 0.8 0.4  0.397258 0.9 0.4 0.8 0.05 1 0.5 0.15 0.15 0.9 0.35 0.5 0.85 
8998    0.4 0.8 0.2 0.8 0.8 0.6  0.284992 0.75 0.4 0.8 0.05 1 0.5 0.65 0.7 0.35 0 0.05 0.5 
8999    0.4 0.8 0.2 0.8 0.8 0.8  0.692064 0.45 0.95 0.15 0 0.6 0.35 0.15 0.4 0.2 0 0.5 0.85 
9069    0.4 0.8 0.4 0.4 0.6 0.8  0.223892 0.95 0.6 0.65 0 0.8 0.85 0.65 0.65 0.55 0.4 0 0.55 
9093    0.4 0.8 0.4 0.6 0.6 0.6  0.518122 0.75 0.6 0.7 0.05 1 0.5 0.15 0.15 0.45 0.3 0.55 0.75 
9094    0.4 0.8 0.4 0.6 0.6 0.8  0.294968 0.35 0.65 0.8 0 0.6 0.45 0.15 0.1 0.2 0 0.5 0.85 
9098    0.4 0.8 0.4 0.6 0.8 0.6  0.436908 0.75 0.25 0.8 0.05 0.75 0.5 0.15 1 0.95 0.05 0.5 0.6 
9099    0.4 0.8 0.4 0.6 0.8 0.8  0.355576 0.6 0.8 0.8 0 0.25 0.7 0.5 0.95 0.2 0 0.85 0.85 
9109    0.4 0.8 0.4 0.8 0.2 0.8  0.367139 0.75 0.35 0.8 0.05 1 0.85 0.15 0.1 0.75 0.6 0.5 0.6 
9113    0.4 0.8 0.4 0.8 0.4 0.6  0.750479 0.75 0.9 0.55 0.05 1 0.5 0.15 0.65 0.45 0.65 0.3 0.15 
9114    0.4 0.8 0.4 0.8 0.4 0.8  0.491649 0.75 0.2 0.8 0.05 1 0.5 0.15 0.1 0.8 0.95 0.85 0.6 
9118    0.4 0.8 0.4 0.8 0.6 0.6  0.475925 0.75 0.6 0.9 0.05 1 0.6 0.15 0.7 0.45 0.6 0.7 0.65 
9119    0.4 0.8 0.4 0.8 0.6 0.8  0.597925 0.75 0.6 0.7 0.05 1 0.3 0.15 0.25 0.45 0.6 0.5 0.75 
9121    0.4 0.8 0.4 0.8 0.8 0.2  0.503615 0.85 0.4 0.8 0.05 1 0.5 0.15 0.95 0.9 0.35 0.5 0.85 
9122    0.4 0.8 0.4 0.8 0.8 0.4  0.24445 0.75 0.55 0.9 0.05 1 0.6 0.15 0.6 0.45 0.75 0.7 0.65 
9124    0.4 0.8 0.4 0.8 0.8 0.8  0.507862 0.4 0.2 0.8 0.05 1 0.4 0.15 0.1 0.75 0.6 0.4 0.6 
9212    0.4 0.8 0.6 0.6 0.4 0.4  0.349544 0.7 0.2 0.8 0.1 1 0.65 0.15 0.75 0.2 0.4 0.5 0.8 
9218    0.4 0.8 0.6 0.6 0.6 0.6  0.457148 0.75 0.6 0.8 0.05 0.75 0.5 0.15 1 0.95 0.05 0.5 0.6 
9219    0.4 0.8 0.6 0.6 0.6 0.8  0.654527 0.75 0.35 0.8 0.1 1 0.55 0.15 0.4 0 0.1 0.65 0.85 
9223    0.4 0.8 0.6 0.6 0.8 0.6  0.407936 0.75 0.05 0.7 0.05 1 0.5 0.15 0.15 0.45 0.3 0.5 0.75 
9224    0.4 0.8 0.6 0.6 0.8 0.8  0.398749 0.4 0.95 0.15 0 0.6 0.1 0.15 0.4 0.2 0 0.5 0.85 
9232    0.4 0.8 0.6 0.8 0.2 0.4  0.638261 0.8 0.8 0.8 0.05 1 0.5 0.15 0.95 0.8 0.3 0.5 0.7 
9233    0.4 0.8 0.6 0.8 0.2 0.6  0.301057 0.75 0.55 0.9 0.05 1 0.6 0.15 0.6 0.45 0.6 0.85 0.65 
9234    0.4 0.8 0.6 0.8 0.2 0.8  0.302792 0.85 0.2 0.3 0.05 1 0.5 0.15 0.1 0.75 0 0.35 0.6 
9237    0.4 0.8 0.6 0.8 0.4 0.4  0.538342 0.75 0.2 0.8 0.05 1 0.5 0.15 0.95 0.8 0.95 0.85 0.6 
9238    0.4 0.8 0.6 0.8 0.4 0.6  0.603511 0.75 0.9 0 0.05 1 0.5 0.15 0.65 0.45 0.2 0.3 0.25 
9239    0.4 0.8 0.6 0.8 0.4 0.8  0.703413 0.75 0.2 0.8 0.05 1 0.6 0.15 0.1 0.75 0 0.8 0.6 
9243    0.4 0.8 0.6 0.8 0.6 0.6  1.03448 0.25 1 0.4 0 1 0.4 0.65 0.85 0.2 0 0.15 0.85 
9244    0.4 0.8 0.6 0.8 0.6 0.8  0.411793 0.85 0.2 0.3 0.05 1 0.5 0.15 0.1 0.75 0 0.8 0.6 
9247    0.4 0.8 0.6 0.8 0.8 0.4  0.554752 0.75 0.6 0.25 0.05 1 0.5 0.15 0 0.9 0.15 0.65 0.15 
9249    0.4 0.8 0.6 0.8 0.8 0.8  0.449103 0.7 0.55 0.05 0.05 1 0.6 0.15 0.05 0.45 0.6 0.7 0.65 
9274    0.4 0.8 0.8 0 0.8 0.8  0.373698 0.95 0.15 0.65 0 0.8 0.85 0.65 0.65 0.55 0.4 0 0.55 
9299    0.4 0.8 0.8 0.2 0.8 0.8  0.37637 0.95 0.55 0.65 0 0.8 0.85 0.65 0.65 0.55 0.4 0 0.55 
9324    0.4 0.8 0.8 0.4 0.8 0.8  -0.00571802 0.6 0.15 0.8 0 0.6 0.9 0.5 0.4 0.2 0 0.85 0.85 
9342    0.4 0.8 0.8 0.6 0.6 0.4  0.471169 0.75 0.9 0.9 0.05 1 0.5 0.15 0.15 0.05 0.3 0.5 0.75 
9347    0.4 0.8 0.8 0.6 0.8 0.4  0.669506 0.75 0.2 0.8 0.05 1 0.5 1 0.5 0.45 0.45 0.85 0.6 
9348    0.4 0.8 0.8 0.6 0.8 0.6  0.113215 0.65 0.4 0.8 0.05 1 0.5 0.15 0.4 0.8 0.6 0.05 0.5 
9349    0.4 0.8 0.8 0.6 0.8 0.8  0.425665 0.8 0.8 0.8 0.05 1 0.5 0.15 0.55 0.8 0.3 0.65 0.85 
9356    0.4 0.8 0.8 0.8 0.2 0.2  0.456336 0.85 0.4 0.8 0.05 1 0.5 0.15 0.4 0.35 0.6 0.05 0.45 
9358    0.4 0.8 0.8 0.8 0.2 0.6  0.267443 0.75 0.6 0.8 0.05 1 0.5 0.15 1 0.95 0.05 0.5 0.6 
9359    0.4 0.8 0.8 0.8 0.2 0.8  0.474169 0.75 1 0.8 0.05 1 0.5 0.8 0.75 0.45 0.6 0.45 0.85 
9362    0.4 0.8 0.8 0.8 0.4 0.4  0.526531 0.8 0.4 0.8 0.05 0.95 0.55 0.15 0.4 0.3 0.8 0.05 0.5 
9363    0.4 0.8 0.8 0.8 0.4 0.6  0.444299 0.75 0.2 0.1 0.05 1 0.5 0.15 0.45 0.8 0 0.9 0.6 
9364    0.4 0.8 0.8 0.8 0.4 0.8  0.649386 0.75 0.2 0.8 0.05 1 0.5 0.15 0.1 0.75 0 0.8 0.6 
9367    0.4 0.8 0.8 0.8 0.6 0.4  0.162707 0.75 0.4 0.8 0.05 1 0.5 0.15 0.4 0.35 0.6 0.05 0.5 
9368    0.4 0.8 0.8 0.8 0.6 0.6  0.410628 0.75 0.4 0.8 0.05 1 0.5 0.15 0.4 0.35 0.6 0.05 0.05 
9371    0.4 0.8 0.8 0.8 0.8 0.2  0.467031 0.75 0.4 0.8 0.05 1 0.55 0.65 0.4 0.35 0.4 0.05 0.5 
9372    0.4 0.8 0.8 0.8 0.8 0.4  0.496306 0.85 0.4 0.8 0.05 1 0.5 0.15 0.4 0.35 0.6 0.05 0.5 
9373    0.4 0.8 0.8 0.8 0.8 0.6  0.436888 0.6 0.4 0.3 0.05 1 0.5 0.15 0.4 0.85 0.6 0.05 0.5 
9374    0.4 0.8 0.8 0.8 0.8 0.8  0.465738 0.95 0.8 0.8 0.05 1 0.5 0.65 0.05 0.45 0.7 0.5 0.45 
9985    0.6 0 0.8 0.8 0.4 0  0.390799 0.7 0.4 0.8 0.05 0.8 0.5 0.15 0.4 0.45 0.8 0.5 0.5 
10358    0.6 0.2 0.4 0.8 0.2 0.6  0.206823 0.75 0.25 0.4 0.05 0.75 0.5 0.15 0.45 0.1 0.6 0.85 0.5 
10493    0.6 0.2 0.6 0.8 0.6 0.6  0.00808229 0.75 0.4 0.8 0.05 0.75 0.25 0.15 0.4 0.45 0.65 0.5 0.5 
10592    0.6 0.2 0.8 0.6 0.6 0.4  0.481997 0.8 0.4 0.8 0.05 0.95 0.55 0.15 0.4 0.75 0.8 0.2 0.5 
10618    0.6 0.2 0.8 0.8 0.6 0.6  0.196861 0.75 0.6 0.8 0.05 1 0.5 0.15 0.4 0.45 0 0.5 0.55 
10622    0.6 0.2 0.8 0.8 0.8 0.4  0.0532686 0.95 0.65 0.35 0 0.8 0.3 0.35 0.8 0.55 0.4 0.5 0.55 
10623    0.6 0.2 0.8 0.8 0.8 0.6  0.0746933 0.95 0.55 0.35 0 0.8 0.25 0.35 0.8 0.55 0.4 0.5 0.55 
10624    0.6 0.2 0.8 0.8 0.8 0.8  0.760349 0.45 0.7 0.8 0.05 1 0.6 0.15 0.4 0.2 0 0.95 0.5 
10848    0.6 0.4 0.2 0.6 0.8 0.6  0.421774 0.75 0 0.55 0.05 1 0.5 0.15 0.85 0.6 0.6 0.7 0.25 
10868    0.6 0.4 0.2 0.8 0.6 0.6  0.13608 0.75 0 0.55 0.05 1 0.5 0.15 0.85 0.6 0.6 0.35 0.75 
10964    0.6 0.4 0.4 0.6 0.4 0.8  0.320826 0.75 0 0.8 0.05 1 0.6 0.15 0.4 0.2 0.6 0.85 0.9 
10968    0.6 0.4 0.4 0.6 0.6 0.6  0.583061 0.7 0.6 0.8 0.1 1 0.65 0.15 0.75 0.45 0.9 0.5 0.5 
10984    0.6 0.4 0.4 0.8 0.2 0.8  0.522875 0.9 0.8 0.8 0.05 1 0.5 0.15 0.4 0.75 0.6 0.45 0.5 
10989    0.6 0.4 0.4 0.8 0.4 0.8  0.559076 0.75 0.7 0.8 0.05 1 0.5 0.15 0.75 0.45 0.15 0.5 0.55 
10993    0.6 0.4 0.4 0.8 0.6 0.6  0.44066 0.7 0.6 0.8 0.1 1 0.65 0.15 0.75 0.35 0.6 0.5 0.5 
11084    0.6 0.4 0.6 0.6 0.2 0.8  0.430378 0.75 0.7 0.8 0.05 1 0.5 0.65 0.85 0.2 0.6 0.45 0.5 
11088    0.6 0.4 0.6 0.6 0.4 0.6  0.642564 0.75 0.85 0.7 0.05 1 0.5 0.15 0.8 0.45 0.3 0.5 0.75 
11093    0.6 0.4 0.6 0.6 0.6 0.6  0.555557 0.75 0.7 0.95 0.05 1 0.85 0.15 0.4 0.2 0.6 0.05 0.5 
11094    0.6 0.4 0.6 0.6 0.6 0.8  0.286885 0.75 0.55 0.8 0.05 1 0.4 0.15 0.3 0.45 0.45 0.9 0.3 
11096    0.6 0.4 0.6 0.6 0.8 0.2  0.309959 0.9 0.85 0.8 0.05 0.75 0.05 0.15 0.15 0.75 0.8 0.5 0.4 
11097    0.6 0.4 0.6 0.6 0.8 0.4  0.255956 0.95 0.6 0.8 0.05 1 0.5 0.15 0.3 0.45 0.8 0.25 0.3 
11098    0.6 0.4 0.6 0.6 0.8 0.6  0.327471 0.7 0.6 0.8 0.1 1 0.65 0.65 0.75 0.45 0.95 0.45 0.5 
11099    0.6 0.4 0.6 0.6 0.8 0.8  0.773979 0.75 0.7 0.8 0.05 1 0.5 0.15 0.25 0.45 0.2 0.45 0.85 
11108    0.6 0.4 0.6 0.8 0.2 0.6  0.360062 0.75 0.7 0.8 0.05 1 0.5 0.15 0.85 0.2 0.6 0.45 0.5 
11112    0.6 0.4 0.6 0.8 0.4 0.4  0.364417 0.75 0.85 0.8 0.05 1 0.5 0.15 0.4 0.75 0.8 0.5 0.65 
11113    0.6 0.4 0.6 0.8 0.4 0.6  0.659863 0.8 0.8 0.8 0.05 1 0.5 0.15 0.4 0.25 1 0.5 0.55 
11117    0.6 0.4 0.6 0.8 0.6 0.4  0.489592 0.75 0.25 0.8 0.05 0.75 0.5 0 0.85 0.45 0.75 0.9 0.5 
11118    0.6 0.4 0.6 0.8 0.6 0.6  0.681514 0.75 1 0.9 0.05 1 0.6 0.15 0.3 0.4 0.6 0.75 0.65 
11119    0.6 0.4 0.6 0.8 0.6 0.8  0.322823 0.9 0.6 0.8 0.1 1 0.65 0.65 0.75 0.45 0.95 0.45 0.5 
11122    0.6 0.4 0.6 0.8 0.8 0.4  0.486514 0.75 0.55 0.8 0.05 1 0.5 0.65 0.85 0.45 0.55 0.7 0.2 
11123    0.6 0.4 0.6 0.8 0.8 0.6  0.29322 0.75 0.55 0.8 0.05 1 0.5 0.65 0.3 0.45 0.55 0.7 0.2 
11124    0.6 0.4 0.6 0.8 0.8 0.8  0.328621 0.85 0.6 0.1 0.1 1 0.65 0.65 0.75 0.45 0.95 0.45 0.5 
11198    0.6 0.4 0.8 0.4 0.8 0.6  0.414667 0.75 0.7 0.8 0.05 1 0.75 0.15 0.4 0.2 0 0.2 0 
11204    0.6 0.4 0.8 0.6 0 0.8  0.239699 0.75 0.3 0.1 0.05 1 0.6 0.15 0.45 0.75 0.6 0.9 0.6 
11217    0.6 0.4 0.8 0.6 0.6 0.4  0.480079 0.75 0.65 0.9 0.05 1 0.6 0.15 0.3 0.4 0.6 0.75 0.65 
11218    0.6 0.4 0.8 0.6 0.6 0.6  0.604398 0.75 0.65 0.9 0.05 1 0.6 0.15 0.3 0.4 0.6 0.7 0.65 
11219    0.6 0.4 0.8 0.6 0.6 0.8  0.51045 0.75 0.7 0.8 0.05 1 0.6 0.15 0.4 0.2 0.05 0.25 0.85 
11221    0.6 0.4 0.8 0.6 0.8 0.2  0.420226 0.75 0.6 0.8 0.05 1 0.5 0.15 0.4 0.9 0.45 0.5 0.3 
11223    0.6 0.4 0.8 0.6 0.8 0.6  0.320751 0.95 0.85 0.8 0.05 1 0.5 0.15 0.3 0.45 0.8 0.25 0.3 
11229    0.6 0.4 0.8 0.8 0 0.8  0.387144 1 0.8 0.8 0.05 1 0.5 0.15 1 0.75 0.6 0.5 0.1 
11233    0.6 0.4 0.8 0.8 0.2 0.6  0.795284 0.75 0.7 0.8 0.05 0.75 0.5 0.15 0.85 0.2 0.6 0.45 0.55 
11234    0.6 0.4 0.8 0.8 0.2 0.8  0.365743 0.75 0.95 0.1 0.05 1 0.5 0.15 0.45 0.8 0 0.9 0.6 
11237    0.6 0.4 0.8 0.8 0.4 0.4  0.766789 0.75 0.6 0.8 0.05 1 0.5 0.15 0.8 0.9 0.45 0.5 0.3 
11238    0.6 0.4 0.8 0.8 0.4 0.6  0.699749 0.75 0.65 0.9 0.05 1 0.6 0.15 0.3 0.4 0.6 0.05 0.65 
11239    0.6 0.4 0.8 0.8 0.4 0.8  0.415231 0.75 0.7 0.8 0.05 1 0.8 0.15 0.4 0.2 0 0.95 0.6 
11241    0.6 0.4 0.8 0.8 0.6 0.2  0.587586 0.7 0.8 0.4 0.05 1 0.5 0.15 0.4 0.75 0.85 0.45 0.5 
11242    0.6 0.4 0.8 0.8 0.6 0.4  0.371385 0.75 1 0.8 0.05 1 0.5 0.65 0.85 0.45 0.55 0.7 0.2 
11243    0.6 0.4 0.8 0.8 0.6 0.6  0.411866 0.75 0.55 0.8 0.05 1 0.5 0 0.75 0.45 0.6 0.45 0.85 
11244    0.6 0.4 0.8 0.8 0.6 0.8  0.369159 0.75 0.6 0.8 0.05 1 0.5 0.15 1 0.75 0.6 0.2 0.75 
11248    0.6 0.4 0.8 0.8 0.8 0.6  0.749083 0.75 0.6 0.8 0.05 1 0.5 0.15 0.4 0.45 0.5 0.5 0.45 
11249    0.6 0.4 0.8 0.8 0.8 0.8  0.667864 0.75 1 0.8 0.05 1 0.5 0 0.75 0.45 0.6 0.45 0.85 
11373    0.6 0.6 0 0.8 0.8 0.6  0.375077 0.75 0.25 0.8 0.05 1 0.5 0.15 0.55 0.45 0.6 0.05 0.5 
11469    0.6 0.6 0.2 0.6 0.6 0.8  0.920396 0.55 0.9 0.8 0 0.6 0.4 0.15 0.4 0.2 0 0.85 0.85 
11474    0.6 0.6 0.2 0.6 0.8 0.8  0.167606 0.4 0.25 0.4 0 0.6 0.25 0.65 0.15 0.2 0 0.15 0.85 
11484    0.6 0.6 0.2 0.8 0.2 0.8  0.369682 0.75 0.35 0.8 0.05 1 0.5 0.15 0.1 0.75 0.2 0.5 0.6 
11488    0.6 0.6 0.2 0.8 0.4 0.6  0.509916 0.75 0.05 0.8 0.05 1 0.85 0.15 0.6 0.2 0.6 0.85 0 
11489    0.6 0.6 0.2 0.8 0.4 0.8  0.31263 1 0.25 0.8 0.05 1 0.55 0.15 0.05 0.25 0.65 0 1 
11494    0.6 0.6 0.2 0.8 0.6 0.8  0.41657 0.5 0.2 0.75 0.05 1 0.4 0.15 0.1 0.75 0.6 0.55 0.6 
11499    0.6 0.6 0.2 0.8 0.8 0.8  0.196174 0.95 0.55 0.35 0 0.8 0.25 0.65 0.8 0.55 0.4 0.5 0.55 
11567    0.6 0.6 0.4 0.4 0.6 0.4  0.591036 0.8 0.8 0.8 0.05 1 0.5 0.15 0.55 0.8 0.3 0.5 0.85 
11568    0.6 0.6 0.4 0.4 0.6 0.6  0.867365 0.75 0.95 0.8 0.05 1 0.65 0.15 0.3 0.25 0.6 0.7 0.9 
11572    0.6 0.6 0.4 0.4 0.8 0.4  0.529486 0.75 0.6 0.8 0.05 1 0.5 0.15 0.75 0.45 0.6 0.05 0.4 
11574    0.6 0.6 0.4 0.4 0.8 0.8  0.125578 0.75 0.6 0.8 0.05 1 0.65 0.15 0.75 0.1 0.6 0.55 0.5 
11593    0.6 0.6 0.4 0.6 0.6 0.6  0.985081 0.2 0.85 0.4 0 0.6 0.35 0.65 0.4 0.2 0.1 0.85 0.85 
11594    0.6 0.6 0.4 0.6 0.6 0.8  0.863494 0.5 0.8 0.8 0 0.8 0.4 0.65 0.85 0.55 0 0.5 0.85 
11599    0.6 0.6 0.4 0.6 0.8 0.8  0.822077 0.7 0.6 0.8 0.1 1 0.65 0.15 0.75 0.2 0.9 0.6 0.5 
11609    0.6 0.6 0.4 0.8 0.2 0.8  0.351839 0.9 0.8 0.8 0.05 1 0.5 0.15 0.55 0.75 0.6 0.45 0.5 
11613    0.6 0.6 0.4 0.8 0.4 0.6  0.657082 0.7 0.6 0.8 0.1 1 0.65 0.15 0.75 0.55 0.9 0.3 0.45 
11614    0.6 0.6 0.4 0.8 0.4 0.8  0.616562 0.7 0.6 0.8 0.1 1 0.65 0.15 0.75 0.45 0.9 0.3 0.45 
11618    0.6 0.6 0.4 0.8 0.6 0.6  0.476795 0.4 0.2 0.8 0.05 1 0.4 0.15 0.1 0.75 0.9 0.55 0.6 
11619    0.6 0.6 0.4 0.8 0.6 0.8  0.353821 0.75 0.35 0.8 0.05 1 0.3 0.15 0.4 0.05 0.75 0.1 0.85 
11622    0.6 0.6 0.4 0.8 0.8 0.4  0.616691 0.75 0.6 0.8 0.05 1 0.4 0.15 0.4 0.45 0.8 0.65 0.55 
11623    0.6 0.6 0.4 0.8 0.8 0.6  0.501635 0.75 0.8 0.8 0.05 1 0.5 0.65 0.45 0.45 0.55 0.5 0.45 
11624    0.6 0.6 0.4 0.8 0.8 0.8  0.361005 0.75 0.6 0.8 0.05 1 0.5 0.15 0.75 0.45 0.6 0.05 0.5 
11692    0.6 0.6 0.6 0.4 0.6 0.4  0.829835 0.75 0.95 0.8 0.05 1 0.25 0.15 0.3 0.25 0.6 0.7 0.9 
11693    0.6 0.6 0.6 0.4 0.6 0.6  0.277954 0.75 0.75 0.75 0.05 1 0.5 0.15 0.4 0.8 0.6 0.05 0.3 
11699    0.6 0.6 0.6 0.4 0.8 0.8  0.0984796 0.75 0.7 0.8 0.05 1 0.35 0.15 0.8 0.05 0 0.5 0.85 
11713    0.6 0.6 0.6 0.6 0.4 0.6  0.419659 1 0.6 0.8 0.05 1 0.4 0.15 0.4 0.3 0.6 1 0.5 
11717    0.6 0.6 0.6 0.6 0.6 0.4  0.623374 0.75 0.9 0.7 0.05 1 0.5 0.15 0.8 0.45 0.3 0.5 0.75 
11718    0.6 0.6 0.6 0.6 0.6 0.6  0.883302 0.4 1 0.4 0 0 0.4 0.65 0.85 0.2 0 0.15 0.85 
11719    0.6 0.6 0.6 0.6 0.6 0.8  0.788319 0.45 0.95 0.15 0 0.6 0.35 1 0.4 0.2 0 0.5 0.85 
11722    0.6 0.6 0.6 0.6 0.8 0.4  0.566354 0.7 0.6 0.8 0.1 1 0.65 0.65 0.75 0.45 0.35 0.45 0.5 
11723    0.6 0.6 0.6 0.6 0.8 0.6  1.05746 0.45 0.9 0.8 0 0.6 0 0.15 0.4 0.2 0 0.5 0.85 
11724    0.6 0.6 0.6 0.6 0.8 0.8  0.814773 0.35 0.55 0.8 0 1 0.2 0.15 0.3 0.2 0 0.5 0.9 
11732    0.6 0.6 0.6 0.8 0.2 0.4  0.283219 0.75 0.7 0.8 0.05 1 0.5 0.15 0.85 0.75 0.05 0.45 0.5 
11734    0.6 0.6 0.6 0.8 0.2 0.8  0.398434 0.6 0.45 0.8 0.05 1 0.5 0.65 0.75 0.45 0.6 0.5 0.6 
11738    0.6 0.6 0.6 0.8 0.4 0.6  0.845335 0.75 0.55 0.8 0.05 1 0.4 0.15 0.4 0.45 0.8 1 0.3 
11739    0.6 0.6 0.6 0.8 0.4 0.8  0.348351 0.75 0.4 0.8 0.05 1 0.3 0.15 0.4 0.3 0.65 0.5 0.2 
11741    0.6 0.6 0.6 0.8 0.6 0.2  0.325327 0.75 0.4 0.8 0.05 0.9 0.5 0.15 0.4 0.45 0.8 0.5 0.5 
11742    0.6 0.6 0.6 0.8 0.6 0.4  0.229768 0.75 0.3 0.8 0.05 1 0.5 0.15 0.4 0.45 0 0.5 0.15 
11743    0.6 0.6 0.6 0.8 0.6 0.6  0.834364 0.45 0.95 0.15 0 0.6 0.1 0.15 0.4 0.2 0 0.5 0.85 
11744    0.6 0.6 0.6 0.8 0.6 0.8  0.918666 0.55 0.9 0.8 0 0.6 0.1 0.15 0.4 0.2 0 0.85 0.85 
11747    0.6 0.6 0.6 0.8 0.8 0.4  0.680128 0.75 0.6 0.8 0.05 1 0.5 0.15 0.75 0.45 0.45 0.05 0.5 
11748    0.6 0.6 0.6 0.8 0.8 0.6  0.618246 0.75 0.45 0.8 0.05 1 0.5 0.15 0.4 0.35 0.05 0 0.5 
11749    0.6 0.6 0.6 0.8 0.8 0.8  0.617866 0.45 1 0.15 0 0.6 0.1 0.15 0.4 0.2 0 0.5 0.85 
11798    0.6 0.6 0.8 0.2 0.8 0.6  0.319878 0.75 0.7 0.8 0.05 1 0.75 0.15 0.4 0.2 0 0.7 0.85 
11814    0.6 0.6 0.8 0.4 0.4 0.8  0.138494 0.75 0.05 0.8 0.05 1 0.5 0.15 0.45 0.3 0.6 0.3 0.5 
11823    0.6 0.6 0.8 0.4 0.8 0.6  0.423343 0.75 0.7 0.8 0.05 1 0.85 0.15 0.4 0.2 0 0.7 0.85 
11824    0.6 0.6 0.8 0.4 0.8 0.8  0.284433 0.45 0.7 0.8 0.05 1 0.6 0.15 0.4 0.2 0 0.95 0.85 
11834    0.6 0.6 0.8 0.6 0.2 0.8  0.49518 0.75 0.3 0.1 0.05 1 0.5 0.15 0.45 0.75 0.6 0.9 0.6 
11838    0.6 0.6 0.8 0.6 0.4 0.6  0.345909 0.75 0.9 0.55 0.05 0.9 0.5 0.15 0.65 0.45 0.2 0 0.15 
11843    0.6 0.6 0.8 0.6 0.6 0.6  0.680566 0.75 0.9 0.55 0.05 0.9 0.5 0.15 0.65 0.45 0.2 0.3 0.15 
11844    0.6 0.6 0.8 0.6 0.6 0.8  0.54152 0.75 0.7 0.8 0.05 1 0.6 0.15 0.4 0.2 0.05 0.75 0.85 
11847    0.6 0.6 0.8 0.6 0.8 0.4  0.963928 0.7 0.8 0.4 0.05 1 0.5 0.15 0.4 0.35 0.85 0.45 0.5 
11848    0.6 0.6 0.8 0.6 0.8 0.6  1.05283 0.35 1 0.4 0 0 0.4 0.65 0.85 0.2 0 0.75 0.85 
11857    0.6 0.6 0.8 0.8 0.2 0.4  0.26985 0.8 0.8 0.8 0.05 1 0.5 0.15 0.4 0.8 1 0.9 0.6 
11859    0.6 0.6 0.8 0.8 0.2 0.8  0.451753 0.75 0.4 0.8 0.05 1 0.5 0.15 0.05 0.75 0 0.9 0.6 
11862    0.6 0.6 0.8 0.8 0.4 0.4  0.464749 0.75 0.6 0.8 0.05 1 0.85 0.15 0.75 0.8 0.1 0.4 0.5 
11863    0.6 0.6 0.8 0.8 0.4 0.6  0.362825 0.85 0.2 0.8 0.05 1 0.5 0.15 0.35 0.75 0 0.5 0.6 
11864    0.6 0.6 0.8 0.8 0.4 0.8  0.291882 1 0.8 0.8 0.05 1 0.5 0.15 0.4 0.25 1 0.5 0.55 
11867    0.6 0.6 0.8 0.8 0.6 0.4  0.589727 0.75 0.75 0.75 0.05 1 0.6 0.15 0.4 0.8 0.6 0.05 0.5 
11868    0.6 0.6 0.8 0.8 0.6 0.6  0.681656 0.75 0.75 0.75 0.05 1 0.35 0.15 0.4 0.8 0.6 0.25 0.5 
11869    0.6 0.6 0.8 0.8 0.6 0.8  0.620703 0.75 0.6 0.8 0.05 1 0.5 0.15 0.4 0.45 0.6 0.25 0.95 
11871    0.6 0.6 0.8 0.8 0.8 0.2  0.406394 0.8 0.1 0.8 0.05 0.8 0.5 0.15 0.7 0.45 0.8 0.5 0.5 
11872    0.6 0.6 0.8 0.8 0.8 0.4  0.862676 0.75 0.6 0.9 0.05 1 0.6 0.15 0.7 0.45 0 0.7 0.65 
11873    0.6 0.6 0.8 0.8 0.8 0.6  0.788262 0.8 0.8 0.8 0.05 1 0.5 0 0.75 0.15 0.6 0.45 0.85 
11874    0.6 0.6 0.8 0.8 0.8 0.8  0.537076 0.5 0.8 0.8 0.05 1 0.5 0.15 0.55 0.75 0.6 0.45 0.5 
11944    0.6 0.8 0 0.4 0.6 0.8  0.367957 0.6 1 0.8 0 0.25 0.65 0.65 0.95 0.15 0 0.85 0.85 
11969    0.6 0.8 0 0.6 0.6 0.8  0.261687 0.85 0.85 0.8 0 0.6 0.55 0.65 0.4 0.2 0.1 0.85 0.85 
11972    0.6 0.8 0 0.6 0.8 0.4  0.0668829 0.75 0 0.9 0.05 1 0.6 0.15 0.7 0.45 0.6 0.7 0.35 
11974    0.6 0.8 0 0.6 0.8 0.8  0.450754 0.25 1 0.8 0 0.6 0.65 0.8 0.4 0.95 0 0.75 0.6 
11989    0.6 0.8 0 0.8 0.4 0.8  0.430596 0.7 0.85 0.75 0.05 1 0.5 0.3 0.7 0.8 0.6 1 0.5 
11999    0.6 0.8 0 0.8 0.8 0.8  0.402888 0.55 0.55 0.8 0 0.6 0.4 0.3 0.4 0 0.2 0.85 0.85 
12068    0.6 0.8 0.2 0.4 0.6 0.6  0.465688 0.75 0.7 0.8 0 1 0.6 0.15 0.4 0.2 0 0.5 0.85 
12069    0.6 0.8 0.2 0.4 0.6 0.8  0.694934 0.45 0.95 0.7 0 0.6 0.6 0.65 0.65 0.55 0 0.85 0.85 
12074    0.6 0.8 0.2 0.4 0.8 0.8  0.382314 0.5 0.95 0.8 0 0.8 0.4 0.65 0.85 0.2 0 0.5 0.85 
12084    0.6 0.8 0.2 0.6 0.2 0.8  0.31919 0.75 0.05 0.8 0.05 1 0.85 0.15 0.6 0.25 0.6 0.85 0 
12089    0.6 0.8 0.2 0.6 0.4 0.8  0.405008 0.3 0.1 0.25 0.05 1 0.5 0.15 0.9 1 0.15 0.5 0.25 
12093    0.6 0.8 0.2 0.6 0.6 0.6  0.859744 0.4 1 0.4 0 1 0.35 0.65 0.85 0.2 0 0.15 0.85 
12094    0.6 0.8 0.2 0.6 0.6 0.8  0.993493 0.6 1 0.8 0 0.25 0.5 0.65 0.95 0.15 0 0.85 0.85 
12097    0.6 0.8 0.2 0.6 0.8 0.4  0.399769 0.8 0.2 0.8 0.05 1 0.5 0.15 0.1 1 0.4 0.5 0.85 
12098    0.6 0.8 0.2 0.6 0.8 0.6  0.556525 0.55 0.55 0.8 0 0.6 0.55 0.65 0.4 0.2 0 0.85 0.85 
12099    0.6 0.8 0.2 0.6 0.8 0.8  0.869526 0.45 0.85 0.8 0 0.6 0.35 0.15 0.1 0.2 0 0.5 0.55 
12109    0.6 0.8 0.2 0.8 0.2 0.8  0.427105 0.75 0.35 0.8 0.05 1 0.5 0.15 0.1 0.75 0.6 0.5 0.6 
12114    0.6 0.8 0.2 0.8 0.4 0.8  0.412221 0.75 0.4 0.8 0.05 1 0.3 0.15 0.7 0.3 0.65 0.5 0.2 
12119    0.6 0.8 0.2 0.8 0.6 0.8  0.467867 0.4 0.2 0.8 0.05 1 0.4 0.15 0.1 0.75 0.6 0.5 0.6 
12122    0.6 0.8 0.2 0.8 0.8 0.4  0.485432 0.75 0.2 0.8 0.05 1 0.5 0.15 0.1 1 0.4 0.5 0.85 
12124    0.6 0.8 0.2 0.8 0.8 0.8  0.636761 0.65 1 0.65 0 0.65 0.4 1 0.85 0.2 0 0.75 0.85 
12193    0.6 0.8 0.4 0.4 0.6 0.6  0.70709 0.75 0.7 0.8 0.05 1 0.5 0.15 0.05 0.45 0.4 0.5 0.85 
12194    0.6 0.8 0.4 0.4 0.6 0.8  1.13374 0.2 0.6 0.8 0 0.6 0.35 0.15 0.1 0.2 0 0.5 0.85 
12199    0.6 0.8 0.4 0.4 0.8 0.8  0.981398 0.35 0.7 0.8 0 0.25 0.7 0.5 0.4 0.2 0 0.85 0.85 
12213    0.6 0.8 0.4 0.6 0.4 0.6  0.77638 0.75 0.85 0.8 0.05 1 0.5 0.15 0.15 0.75 0.8 0.5 0.65 
12214    0.6 0.8 0.4 0.6 0.4 0.8  0.22538 0.9 0.6 0.8 0.05 1 0.35 0.15 0.4 0.45 0.6 0.5 0.25 
12218    0.6 0.8 0.4 0.6 0.6 0.6  0.753928 0.3 0.85 0.8 0 0.6 0.35 0.65 0.4 0.2 0.1 0.85 0.85 
12219    0.6 0.8 0.4 0.6 0.6 0.8  0.91722 0.35 0.6 0.8 0 0.6 0.45 0.15 0.1 0.2 0 0.5 0.85 
12221    0.6 0.8 0.4 0.6 0.8 0.2  0.80168 0.75 0.7 0.8 0.05 1 0.5 0.15 0.05 0.45 0.85 0.5 0.85 
12222    0.6 0.8 0.4 0.6 0.8 0.4  0.585103 0.75 0.4 0.8 0.05 1 0.5 0.15 0.15 0.9 0.35 0.5 0.85 
12223    0.6 0.8 0.4 0.6 0.8 0.6  0.595369 0.4 0.7 0.8 0 0.6 0.2 0.65 0.4 0.2 0.9 0.85 0.85 
12224    0.6 0.8 0.4 0.6 0.8 0.8  0.989708 0.4 0.95 0.7 0 0.6 0.15 0.65 0.65 0.55 0 0.85 0.85 
12234    0.6 0.8 0.4 0.8 0.2 0.8  0.488281 0.75 0.65 0.8 0.05 1 0.5 0.15 0.1 0.75 0.2 0.5 0.6 
12239    0.6 0.8 0.4 0.8 0.4 0.8  0.397571 0.4 0.2 0.8 0.05 1 0.4 0.15 0.1 0.75 0.6 0.55 0.6 
12242    0.6 0.8 0.4 0.8 0.6 0.4  0.440211 0.8 0.8 0.8 0.05 1 0.5 0.15 0.95 0.8 0.3 0.5 0.4 
12243    0.6 0.8 0.4 0.8 0.6 0.6  0.232781 0.75 0.9 0.55 0.05 1 0.5 0.15 0.65 0.45 0.2 1 0.15 
12244    0.6 0.8 0.4 0.8 0.6 0.8  0.630049 0.75 0.75 0.35 0.05 1 0.5 0.15 0.45 0.75 0.6 0.9 0.85 
12248    0.6 0.8 0.4 0.8 0.8 0.6  0.337296 0.75 0.7 0.8 0.05 1 0.5 0.15 0.05 0.45 0.45 0.5 0.85 
12249    0.6 0.8 0.4 0.8 0.8 0.8  0.836203 0.55 0.95 0.8 0 0.65 0.2 0.65 0.85 0.2 0 0.1 0.85 
12318    0.6 0.8 0.6 0.4 0.6 0.6  0.639187 0.7 0.6 0.8 0.1 1 0.2 0.15 0.75 0.35 0 0.5 0.5 
12319    0.6 0.8 0.6 0.4 0.6 0.8  0.180936 0.35 0.65 0.8 0 0.6 0.5 0.65 0.1 0.2 0 0.5 0.85 
12324    0.6 0.8 0.6 0.4 0.8 0.8  0.484571 0.35 0.55 0.8 0 0.6 0.5 0.65 0.3 0.2 0 0.5 0.9 
12334    0.6 0.8 0.6 0.6 0.2 0.8  0.297808 0.75 0.2 0.1 0.05 1 0.5 0.15 0.45 0.75 0.65 0.9 0.6 
12342    0.6 0.8 0.6 0.6 0.6 0.4  0.084631 1 0.6 0.8 0.05 1 0.4 0.15 0.4 0.3 0.6 0.05 0.5 
12343    0.6 0.8 0.6 0.6 0.6 0.6  0.877364 0.3 0.85 0.8 0 0.6 0.2 0.65 0.4 0.2 0.1 0.85 1 
12344    0.6 0.8 0.6 0.6 0.6 0.8  1.01624 0.4 0.85 0.7 0 0.6 0.15 0.65 0.65 0.55 0 0.85 0.85 
12347    0.6 0.8 0.6 0.6 0.8 0.4  0.181431 0.85 0.4 0.8 0.05 1 0.5 0.15 0.15 0.9 0.35 0.5 0.85 
12348    0.6 0.8 0.6 0.6 0.8 0.6  0.979479 0.45 1 0.8 0 0.6 0.45 1 0.4 0.7 0 0.85 0.85 
12349    0.6 0.8 0.6 0.6 0.8 0.8  1.05204 0.75 0.35 0.8 0.1 1 0.55 0.15 0.4 0 0.6 0.65 0.85 
12358    0.6 0.8 0.6 0.8 0.2 0.6  0.550722 1 0.8 0.8 0.05 1 0.95 0.15 1 0.75 0.6 0.5 0.1 
12359    0.6 0.8 0.6 0.8 0.2 0.8  0.708861 0.75 0.35 0.35 0.05 1 0.5 0.15 0.45 0.75 0.6 0.9 0.95 
12362    0.6 0.8 0.6 0.8 0.4 0.4  0.425186 0.8 0.8 0.8 0.05 1 0.5 0.15 0.95 0.8 0.3 0.5 0.3 
12363    0.6 0.8 0.6 0.8 0.4 0.6  0.456587 0.85 0.2 0.8 0.05 1 0.5 0.15 0.1 0.75 0.2 0.9 0.6 
12364    0.6 0.8 0.6 0.8 0.4 0.8  0.563412 1 0.6 0.8 0.05 1 0.95 0.15 1 0.75 0.6 0.8 0.1 
12367    0.6 0.8 0.6 0.8 0.6 0.4  0.6005 0.8 0.8 0.8 0.05 1 0.5 0.15 0.95 0.8 0.3 0.5 0.6 
12368    0.6 0.8 0.6 0.8 0.6 0.6  0.262916 0.75 0.9 0.55 0.05 1 0.5 0.15 0.65 0.45 0.2 0.3 0.15 
12369    0.6 0.8 0.6 0.8 0.6 0.8  0.694728 0.4 0.95 1 0 0.6 0.05 0.65 0.65 0.55 0 0.85 0.9 
12372    0.6 0.8 0.6 0.8 0.8 0.4  0.24428 0.85 0.4 0.8 0.05 1 0.5 0.15 0.95 0.9 0.35 0.9 0.85 
12373    0.6 0.8 0.6 0.8 0.8 0.6  0.868348 0.55 1 0.8 0 0.6 0.3 1 0.4 0.7 0 0.85 0.85 
12374    0.6 0.8 0.6 0.8 0.8 0.8  0.885937 0.4 0.95 0.7 0 0.6 0.1 0.65 0.65 0.55 0 0.85 0.85 
12444    0.6 0.8 0.8 0.4 0.6 0.8  0.439697 0.75 0.7 0.8 0.05 0.9 0.75 0.15 0.05 0.2 0 0.7 0.85 
12449    0.6 0.8 0.8 0.4 0.8 0.8  0.585152 0.55 0.6 0.8 0 0.6 0.4 1 0.4 0 0 0.85 0.85 
12459    0.6 0.8 0.8 0.6 0.2 0.8  0.47746 0.75 0.3 0.6 0.05 1 0.5 0.15 0.55 0.75 0.15 0.9 0.6 
12463    0.6 0.8 0.8 0.6 0.4 0.6  0.168528 0.75 0.2 0.8 0.05 1 0.5 0.15 0.4 0.25 0.2 0.5 0.85 
12464    0.6 0.8 0.8 0.6 0.4 0.8  0.396624 0.75 0.05 0.8 0.05 1 0.5 0.15 0.45 0.3 0.6 0.85 0.5 
12467    0.6 0.8 0.8 0.6 0.6 0.4  0.359621 0.3 0.1 0.8 0.05 1 0.5 0.15 0.4 0.55 0.95 0.45 0.15 
12468    0.6 0.8 0.8 0.6 0.6 0.6  0.40632 0.45 0.95 0.8 0 0 0.4 0.65 0.85 0.2 0.5 0.75 0.85 
12469    0.6 0.8 0.8 0.6 0.6 0.8  0.717095 0.75 0.7 0.8 0.05 0.85 0.75 0.65 0.05 0.2 0 0.7 0.85 
12472    0.6 0.8 0.8 0.6 0.8 0.4  0.237089 0.75 0.4 0.8 0.05 1 0.45 0.15 0.4 0.3 0.65 0.15 0.5 
12473    0.6 0.8 0.8 0.6 0.8 0.6  0.466411 0.75 0.7 0.8 0.05 1 0.8 0.15 0.15 0.9 0.35 0.5 0.85 
12474    0.6 0.8 0.8 0.6 0.8 0.8  0.700912 0.6 0.8 0.8 0 0 0.7 0.5 0.95 0.2 0 0.85 0.85 
12481    0.6 0.8 0.8 0.8 0.2 0.2  0.438407 0.85 0.4 0.8 0.05 1 0.5 0.15 0.4 0.35 0.1 0.05 0.45 
12482    0.6 0.8 0.8 0.8 0.2 0.4  0.47796 0.75 0.4 0.8 0.05 1 0.5 0.15 0.4 0.35 0.05 0 0.5 
12483    0.6 0.8 0.8 0.8 0.2 0.6  0.523016 0.75 0.4 0.8 0.05 1 0.5 0.15 0.4 0.35 0.6 0.35 0.05 
12484    0.6 0.8 0.8 0.8 0.2 0.8  0.702982 0.75 1 0.35 0.05 1 0.5 0.8 0.75 0.45 0.7 0.45 0.2 
12487    0.6 0.8 0.8 0.8 0.4 0.4  0.659207 0.75 0.85 0.8 0.05 1 0.5 0.15 0.15 0.75 0.8 0.5 0.6 
12488    0.6 0.8 0.8 0.8 0.4 0.6  0.700683 0.75 0.85 0.8 0.05 1 0.5 0.65 0.5 0.75 0.8 0.5 0.6 
12489    0.6 0.8 0.8 0.8 0.4 0.8  0.513895 0.75 0.2 0.8 0.05 1 0.5 0.15 0 0.45 0 0.85 0.6 
12491    0.6 0.8 0.8 0.8 0.6 0.2  0.36054 0.6 0.4 0.65 0.05 1 0.5 0.15 0.9 0.85 0.5 0.05 0.5 
12492    0.6 0.8 0.8 0.8 0.6 0.4  0.712158 0.75 0.4 0.8 0.05 1 0.5 0.15 0.4 0.45 0.8 0.5 0.5 
12493    0.6 0.8 0.8 0.8 0.6 0.6  0.815577 0.75 0.55 0.9 0.05 0.9 0.6 0.15 0.6 0.45 0.6 0.7 0.65 
12494    0.6 0.8 0.8 0.8 0.6 0.8  0.605681 0.9 0.95 0.8 0.05 1 0.5 0.15 0.55 0.75 0.6 0.45 0.5 
12496    0.6 0.8 0.8 0.8 0.8 0.2  0.444092 1 1 0.8 0.05 1 0.7 0.15 0.7 0.75 0.4 0.5 0.1 
12497    0.6 0.8 0.8 0.8 0.8 0.4  0.361813 0.75 0.4 0.8 0.05 1 0.5 0.65 0.4 0.35 0.05 0.05 0.5 
12498    0.6 0.8 0.8 0.8 0.8 0.6  0.783049 0.55 0.7 0.8 0 0.6 0.05 1 0.4 0.2 0 0.85 0.85 
12499    0.6 0.8 0.8 0.8 0.8 0.8  0.813052 0.6 0.8 0.8 0 0.25 0.05 0.5 0.95 0.2 0 0.85 0.85 
12994    0.8 0 0.6 0.8 0.6 0.8  0.699159 0.75 0.4 0.8 0.05 1 0.5 0.15 0.4 0.45 0.65 0.5 0.5 
13073    0.8 0 0.8 0.4 0.8 0.6  0.356035 0.9 0.85 0.8 0.05 0.75 0.35 0.15 0.4 0.45 0.6 0.5 0.25 
13093    0.8 0 0.8 0.6 0.6 0.6  0.25 0.75 0.05 0.8 0.05 0.65 0.35 0.15 0.4 0.45 0.65 0.15 0.1 
13098    0.8 0 0.8 0.6 0.8 0.6  0.437255 0.75 0.7 0.05 0.05 0.75 0.5 0.15 0.4 0.55 0.55 1 0.5 
13110    0.8 0 0.8 0.8 0.4 0  0.333873 0.75 0.4 0.8 0.05 0.8 0.5 0.15 0.4 0.45 0.8 0.5 0.5 
13111    0.8 0 0.8 0.8 0.4 0.2  0.298524 1 0.4 0.8 0.05 0.8 0.5 0.15 0.4 0.45 0.45 0.5 0.5 
13112    0.8 0 0.8 0.8 0.4 0.4  0.260184 0.7 0.4 0.8 0.05 0.8 0.5 0.15 0.4 0.45 0.1 0.5 0.5 
13113    0.8 0 0.8 0.8 0.4 0.6  0.346868 0.85 0.4 0.8 0.05 0.8 0.5 0.15 0.4 0.45 0.1 0.5 0.5 
13115    0.8 0 0.8 0.8 0.6 0  0.255581 1 0.4 0.8 0.05 0.8 0.55 0.15 0.4 0.45 0.45 0.5 0.5 
13117    0.8 0 0.8 0.8 0.6 0.4  0.448679 0.75 0.6 0.25 0.05 0.65 0.5 0.15 0.9 0.45 0.15 0.65 0.25 
13120    0.8 0 0.8 0.8 0.8 0  0.412569 0.75 0.55 0.8 0.05 0.75 0.5 0.15 0.4 1 0.85 1 0.5 
13121    0.8 0 0.8 0.8 0.8 0.2  0.38461 0.8 0.4 0.8 0.05 0.8 0.5 0.15 0.4 1 0.8 0.5 0.5 
13122    0.8 0 0.8 0.8 0.8 0.4  0.290228 0.75 0.1 0.8 0.05 0.8 0.5 0.15 0.4 0.45 0.8 0.5 0.5 
13149    0.8 0.2 0 0 0.8 0.8  0.417896 0.7 1 0.8 0 0.6 0.65 0.8 0.4 0.95 0 0.75 0.6 
13249    0.8 0.2 0 0.8 0.8 0.8  0.148807 0.75 0.25 0.8 0.05 1 0.5 0.8 0.45 0.45 0.6 0.05 0.5 
13339    0.8 0.2 0.2 0.6 0.4 0.8  0.278964 0.5 0 0.55 0.05 1 0.5 0.15 0.4 0.1 0.2 1 0.85 
13359    0.8 0.2 0.2 0.8 0.2 0.8  0.346818 1 0.55 0.8 0.05 1 0.5 0.15 0.4 0.45 0.1 0.9 1 
13364    0.8 0.2 0.2 0.8 0.4 0.8  0.201032 0.75 0.35 0.8 0.05 1 0.4 0.15 0.4 0.45 0.6 0.9 0.5 
13369    0.8 0.2 0.2 0.8 0.6 0.8  0.224236 0.75 0.55 0.8 0.05 1 0.5 0.15 0.4 0.05 0.6 0.5 0.5 
13374    0.8 0.2 0.2 0.8 0.8 0.8  0.149505 0.75 0.25 0.8 0.05 1 0.4 0.15 0.4 0.45 0.6 0.05 0.5 
13424    0.8 0.2 0.4 0.2 0.8 0.8  0.32656 0.6 0.4 0.8 0.05 1 0.5 0.15 0.4 0.05 0.6 0.05 0.9 
13444    0.8 0.2 0.4 0.4 0.6 0.8  0.390004 0.6 0.4 0.8 0.05 1 0.5 0.15 0.4 0.05 0.15 0.05 0.9 
13449    0.8 0.2 0.4 0.4 0.8 0.8  0.714306 0.75 0.7 0.8 0.05 1 0.5 0.65 0.4 0.45 0.55 0.5 0.85 
13469    0.8 0.2 0.4 0.6 0.6 0.8  0.221638 0.6 0.3 0.8 0.05 1 0.5 0.15 0.4 0.45 0.6 0.05 0.75 
13474    0.8 0.2 0.4 0.6 0.8 0.8  0.307094 0.75 0.25 0.8 0.05 1 0.5 0.15 0.45 0.45 0.6 0.05 0.5 
13484    0.8 0.2 0.4 0.8 0.2 0.8  0.047235 0.8 0.4 0.8 0.05 1 0.55 0.15 0.85 0.45 0.2 0.9 0.5 
13487    0.8 0.2 0.4 0.8 0.4 0.4  0.19865 0.75 0.3 0.55 0.05 1 0.5 0.15 0.4 0.45 0.2 0.15 0.2 
13489    0.8 0.2 0.4 0.8 0.4 0.8  0.25077 0.75 0.3 0.55 0.05 1 0.5 0.15 0.4 0.45 0.2 0.35 0.85 
13494    0.8 0.2 0.4 0.8 0.6 0.8  0.4358 1 0.5 0.8 0.05 1 0.4 0.15 0.4 0.45 0.6 0 1 
13499    0.8 0.2 0.4 0.8 0.8 0.8  0.200231 0.8 0.8 0.8 0.05 1 0.5 0.15 0.4 0.15 1 0.5 0.5 
13543    0.8 0.2 0.6 0.2 0.6 0.6  0.161682 0.75 0.3 0.55 0.05 1 0.5 0.15 0.4 0.45 0.2 0.15 0.5 
13544    0.8 0.2 0.6 0.2 0.6 0.8  0.616823 0.75 0.7 0.8 0.05 1 0.5 0.15 0.4 0.1 0.6 0.5 0.85 
13549    0.8 0.2 0.6 0.2 0.8 0.8  0.408792 0.75 0.6 0.8 0.05 1 0.5 0.15 0.4 0.45 0.6 0.65 0.85 
13569    0.8 0.2 0.6 0.4 0.6 0.8  0.587444 0.75 0.55 0.7 0.05 1 0.5 0.3 0.4 0.45 0.3 0.7 0.9 
13573    0.8 0.2 0.6 0.4 0.8 0.6  0.218383 0.75 0.6 0.8 0.05 1 0.5 0.15 0.4 0.45 0.6 0.5 0.35 
13574    0.8 0.2 0.6 0.4 0.8 0.8  0.405746 0.75 0.45 0.8 0.05 1 0.55 0.15 0.4 0.45 0.05 0.5 0.85 
13594    0.8 0.2 0.6 0.6 0.6 0.8  0.20208 0.95 0.4 0.8 0.05 1 0.5 0.15 0.4 0.45 0.6 0.65 0.25 
13599    0.8 0.2 0.6 0.6 0.8 0.8  0.622279 0.75 0.55 0.8 0.05 1 0.5 0.15 0.4 0.45 0.1 0.7 0.9 
13608    0.8 0.2 0.6 0.8 0.2 0.6  0.115268 0.75 0.3 0.8 0.05 0.75 0.5 0.15 0.4 0.55 0.55 0.85 0.5 
13612    0.8 0.2 0.6 0.8 0.4 0.4  0.515704 0.75 0.55 0.8 0.05 0.8 0.5 0.65 0.8 0.45 0.55 0.7 0.2 
13613    0.8 0.2 0.6 0.8 0.4 0.6  0.481749 0.75 0.6 0.05 0.05 0.8 0.5 0.15 0.8 0.45 0.6 0.75 0.45 
13614    0.8 0.2 0.6 0.8 0.4 0.8  0.341534 0.6 0.35 0.8 0.05 1 0.5 0.65 0.4 0.45 0.6 0.5 0.6 
13617    0.8 0.2 0.6 0.8 0.6 0.4  0.248483 0.9 0.55 0.8 0.05 1 0.5 0.15 0.4 0.45 0.3 0.7 0.15 
13618    0.8 0.2 0.6 0.8 0.6 0.6  0.531043 0.6 0.4 0.8 0.05 1 0.5 0.15 0.4 0.45 0.6 0.05 0.75 
13619    0.8 0.2 0.6 0.8 0.6 0.8  0.449478 0.6 0.3 0.75 0.05 1 0.5 0.15 0.4 0.45 0.6 0.2 0.75 
13622    0.8 0.2 0.6 0.8 0.8 0.4  0.310655 0.75 0.65 0.15 0.05 1 0.5 0.65 0.9 0.45 0.55 0.5 0.45 
13624    0.8 0.2 0.6 0.8 0.8 0.8  0.609367 0.75 0.4 0.8 0.05 1 0.45 0.15 0.4 0.45 0.65 0.1 0.1 
13646    0.8 0.2 0.8 0 0.8 0.2  0.318089 0.95 0.35 0.8 0.05 1 0.6 0.15 0.4 0.05 0 0.1 0.5 
13671    0.8 0.2 0.8 0.2 0.8 0.2  0.418864 0.75 0.35 0.8 0.05 1 0.6 0.15 0.4 0.05 0 0.1 0.85 
13672    0.8 0.2 0.8 0.2 0.8 0.4  0.780427 0.9 0.55 0.8 0.05 1 0.5 0.15 0.4 0.45 0.3 0.7 0.9 
13673    0.8 0.2 0.8 0.2 0.8 0.6  0.453877 0.75 0.45 0.8 0.05 1 0.4 0.3 0.4 0.2 0.8 0.65 0.9 
13674    0.8 0.2 0.8 0.2 0.8 0.8  0.555603 0.75 0.3 0.55 0.05 1 0.9 0.15 0.95 0.1 0.2 1 0.85 
13688    0.8 0.2 0.8 0.4 0.4 0.6  0.420889 0.75 0.25 0.8 0.05 0.75 0.5 0.15 0.45 0.1 0.6 0.65 0.5 
13692    0.8 0.2 0.8 0.4 0.6 0.4  0.375179 0.75 0.5 0.8 0.05 0.95 0.5 0.15 0.4 0.45 0.6 0.2 0.5 
13693    0.8 0.2 0.8 0.4 0.6 0.6  0.550506 0.75 0.55 0.8 0.05 1 0.55 0.15 0.4 0.45 0.6 0.65 0.85 
13694    0.8 0.2 0.8 0.4 0.6 0.8  0.622236 0.75 0.8 0.8 0.05 1 0.5 0.65 0.4 0.45 0.55 0.5 0.85 
13695    0.8 0.2 0.8 0.4 0.8 0  0.402008 0.75 0.25 0.8 0.05 0.75 0.5 0.15 0.45 0.1 0.9 0.05 0.5 
13697    0.8 0.2 0.8 0.4 0.8 0.4  0.472167 0.75 0.4 0.8 0.05 0.7 0.5 0.15 0.8 0.45 0.2 0.95 0.2 
13698    0.8 0.2 0.8 0.4 0.8 0.6  0.610288 0.65 0.7 0.8 0.05 1 0.5 0.15 0.4 0.9 0.6 0.5 0.85 
13699    0.8 0.2 0.8 0.4 0.8 0.8  0.524708 0.75 0.7 0.8 0.05 1 0.5 0.15 0.4 0.45 0 0.5 0.85 
13708    0.8 0.2 0.8 0.6 0.2 0.6  0.454084 0.8 0.8 0.8 0.05 1 0.5 0.15 0.4 0.8 1 0.4 0.5 
13711    0.8 0.2 0.8 0.6 0.4 0.2  0.400708 0.75 0.45 0.05 0.05 0.8 0.5 0.15 0.8 0.45 0.6 0.75 0.1 
13712    0.8 0.2 0.8 0.6 0.4 0.4  0.496342 0.75 0.6 0.05 0.05 0.8 0.5 0.15 0.8 0.45 0.6 0.75 0.1 
13716    0.8 0.2 0.8 0.6 0.6 0.2  0.397123 0.75 0.9 0.8 0.05 1 0.5 0.15 0.4 0.45 0.95 0.5 0.3 
13717    0.8 0.2 0.8 0.6 0.6 0.4  0.441443 0.75 0.6 0.25 0.05 1 0.5 0.15 0.9 0.45 0.15 0.65 0.25 
13718    0.8 0.2 0.8 0.6 0.6 0.6  0.575646 0.75 0.5 0.8 0.05 1 0.5 0.15 0.4 0.45 0.6 0.05 0.2 
13719    0.8 0.2 0.8 0.6 0.6 0.8  0.799537 0.9 0.55 0.8 0.05 1 0.5 0.15 0.4 0.45 0.95 0.7 0.9 
13721    0.8 0.2 0.8 0.6 0.8 0.2  0.196649 0.9 0.8 0.4 0.05 1 0.5 0.15 0.4 0.75 0.85 0.45 0.5 
13722    0.8 0.2 0.8 0.6 0.8 0.4  0.540903 0.75 0.5 0.8 0.05 0.95 0.5 0.15 0.4 0.45 0.6 0.15 0.5 
13723    0.8 0.2 0.8 0.6 0.8 0.6  0.666596 0.75 0.6 0.8 0.05 1 0.5 0.15 0.4 0.45 0.5 0.05 0.85 
13724    0.8 0.2 0.8 0.6 0.8 0.8  0.435474 0.75 0.5 0.8 0.05 1 0.5 0.15 0.4 0.45 0 0.5 0.9 
13727    0.8 0.2 0.8 0.8 0 0.4  0.339897 0.75 0.4 0.8 0.05 0.75 0.5 0.15 0.85 0.45 0.55 0.9 0.5 
13728    0.8 0.2 0.8 0.8 0 0.6  0.58578 0.75 0.4 0.8 0.05 0.8 0.5 0.15 0.85 0.45 0.6 0.9 0.5 
13729    0.8 0.2 0.8 0.8 0 0.8  0.0837097 0.75 0.2 0.8 0.05 0.85 0.5 0.15 0.85 0.45 0.6 0.9 0.5 
13732    0.8 0.2 0.8 0.8 0.2 0.4  0.375729 0.75 0.4 0.8 0.05 0.75 0.5 0.15 0.85 0.45 0.55 0.9 0.1 
13733    0.8 0.2 0.8 0.8 0.2 0.6  0.546585 0.75 0.8 0.8 0.05 0.75 0.5 0.15 0.85 0.45 0.55 0.9 0.5 
13734    0.8 0.2 0.8 0.8 0.2 0.8  0.539202 0.6 0.6 0.8 0.05 1 0.5 0.15 0.4 0.45 0.15 0.5 0.7 
13735    0.8 0.2 0.8 0.8 0.4 0  0.350614 0.8 0.4 0.8 0.05 0.8 0.5 0.15 0.4 0.45 0.8 0.5 0.5 
13736    0.8 0.2 0.8 0.8 0.4 0.2  0.322806 0.75 0.4 0.8 0.05 0.75 0.5 0.15 0.4 0.45 0.65 0.5 0.5 
13737    0.8 0.2 0.8 0.8 0.4 0.4  0.243093 0.75 0.7 0.8 0.05 1 0.5 0.15 0.4 1 0.8 0.35 0.65 
13738    0.8 0.2 0.8 0.8 0.4 0.6  0.481247 0.95 0.8 0.8 0.05 1 0.5 0.65 0.4 0.45 0.55 0.5 0.1 
13739    0.8 0.2 0.8 0.8 0.4 0.8  0.56758 0.95 0.35 0.8 0.05 1 0.6 0.15 0.4 0.05 0 0.8 0.5 
13742    0.8 0.2 0.8 0.8 0.6 0.4  0.749984 0.75 0.6 0.8 0.05 1 0.5 0.15 0.4 0.45 0 0.5 0.75 
13743    0.8 0.2 0.8 0.8 0.6 0.6  0.575278 0.75 0.55 0.8 0.05 0.75 0.5 0.15 0.4 0.55 0.55 1 0.5 
13744    0.8 0.2 0.8 0.8 0.6 0.8  0.772436 0.75 0.5 0.8 0.05 1 0.5 0.15 0.4 0.45 0.6 0.95 0.25 
13745    0.8 0.2 0.8 0.8 0.8 0  0.368942 0.75 0.25 0.8 0.05 0.75 0.5 0.15 0.45 0.5 0.9 0.5 0.5 
13746    0.8 0.2 0.8 0.8 0.8 0.2  0.440082 0.75 0.1 1 0.05 0.75 0.5 0.15 0.45 0.1 0.8 0.5 0.5 
13747    0.8 0.2 0.8 0.8 0.8 0.4  0.0474695 0.95 0.55 0.35 0 0.8 0.3 0.35 0.8 0.55 0.4 0.5 0.55 
13748    0.8 0.2 0.8 0.8 0.8 0.6  0.523087 0.75 0.7 0.8 0.05 1 0.5 0.15 0.4 0.5 0.4 0.85 0.85 
13749    0.8 0.2 0.8 0.8 0.8 0.8  0.672269 0.75 0.5 0.8 0.05 1 0.5 0.15 0.4 0.45 0 0.5 0.15 
13838    0.8 0.4 0 0.6 0.4 0.6  0.405904 0.75 0 0.55 0.05 1 0.5 0.15 0.7 0.15 0.6 0.35 0.95 
13839    0.8 0.4 0 0.6 0.4 0.8  0.443044 0.75 0 0.55 0.05 1 0.5 0.15 0.85 0.6 0.6 0.35 0.95 
13874    0.8 0.4 0 0.8 0.8 0.8  0.194225 0.75 0.5 0.8 0.05 1 0.5 0.8 0.45 0.45 0.6 0.05 0.5 
13949    0.8 0.4 0.2 0.4 0.8 0.8  0.629821 0.75 1 0.8 0.05 1 0.6 0.15 0.75 0.1 0.6 0.55 0.5 
13963    0.8 0.4 0.2 0.6 0.4 0.6  0.111625 0.75 0 0.55 0.05 1 0.5 0.15 0.85 0.6 0.65 0.9 0.5 
13964    0.8 0.4 0.2 0.6 0.4 0.8  0.47138 0.75 0 0.55 0.05 1 0.5 0.15 0.85 0.1 0.6 0.35 0.95 
13969    0.8 0.4 0.2 0.6 0.6 0.8  0.429237 0.75 0.3 0.55 0.05 1 0.5 0.15 0.4 0.45 0.1 0.5 0.85 
13974    0.8 0.4 0.2 0.6 0.8 0.8  0.414666 1 0.7 0.8 0.05 1 0.65 0.3 0.75 0.45 0.6 0.55 0.5 
13983    0.8 0.4 0.2 0.8 0.2 0.6  0.132043 0.75 0 0.55 0.05 1 0.5 0.15 0.85 0.05 0.65 0.9 0.5 
13984    0.8 0.4 0.2 0.8 0.2 0.8  0.433952 0.75 0.3 0.1 0.05 1 0.5 0.3 0.35 0.75 0.6 0.9 0.6 
13989    0.8 0.4 0.2 0.8 0.4 0.8  0.0224136 0.5 0.2 0.75 0.05 1 0.4 0.15 0.1 0.2 0.6 0.55 0.6 
13994    0.8 0.4 0.2 0.8 0.6 0.8  0.29571 0.75 0.05 0.8 0.05 1 0.5 0.15 0.75 0.45 0.6 0.05 0.55 
13998    0.8 0.4 0.2 0.8 0.8 0.6  0.184241 1 0.6 0.8 0.05 1 0.65 0.3 0.75 0.45 0.6 0.55 0.5 
13999    0.8 0.4 0.2 0.8 0.8 0.8  0.470049 0.75 0 0.55 0.05 1 0.5 0.15 0.85 0.6 0.6 0.9 0.95 
14043    0.8 0.4 0.4 0.2 0.6 0.6  0.165024 0.75 0 0.55 0.05 1 0.5 0.15 0.85 0.6 0.65 0.25 0.5 
14044    0.8 0.4 0.4 0.2 0.6 0.8  0.122173 0.75 0.4 0.8 0.05 1 0.45 0.15 0.4 0.45 0.65 0.15 0.5 
14049    0.8 0.4 0.4 0.2 0.8 0.8  0.131762 0.75 0 0.55 0.05 1 0.5 0.15 0.85 0.6 0.6 0.7 0.95 
14068    0.8 0.4 0.4 0.4 0.6 0.6  0.379725 0.75 0.7 0.8 0.05 1 0.6 0.15 0.8 0.05 0.2 0.5 0.85 
14069    0.8 0.4 0.4 0.4 0.6 0.8  0.485118 0.75 0.7 0.8 0.05 1 0.5 0.15 0.3 0.45 0.6 0.5 0.85 
14073    0.8 0.4 0.4 0.4 0.8 0.6  0.287984 0.75 0 0.55 0.05 1 0.7 0.15 0.85 0.6 0.6 0.7 0.95 
14074    0.8 0.4 0.4 0.4 0.8 0.8  0.379472 1 0.25 0.8 0.05 1 0.4 0.15 0.4 0.45 0.6 0.05 0.35 
14083    0.8 0.4 0.4 0.6 0.2 0.6  0.488425 0.75 0.05 0.8 0.05 1 0.85 0.15 0.85 0.2 0.6 0.85 0 
14084    0.8 0.4 0.4 0.6 0.2 0.8  0.411767 1 0.25 0.8 0.05 1 0.55 0.15 0.4 0.25 0.65 0 1 
14089    0.8 0.4 0.4 0.6 0.4 0.8  0.493535 0.75 0.7 0.8 0.05 1 0.6 0.15 0.8 0.05 0 0.8 0.85 
14094    0.8 0.4 0.4 0.6 0.6 0.8  0.627058 0.7 0.6 0.8 0.1 1 0.65 0.15 0.75 0.2 0.9 0.5 0.5 
14098    0.8 0.4 0.4 0.6 0.8 0.6  0.405594 0.75 0.35 0.8 0.05 1 0.6 0.15 0.4 0.05 0.75 0.1 0.85 
14109    0.8 0.4 0.4 0.8 0.2 0.8  0.4309 0.75 0.4 0.8 0.05 1 0.5 0.15 0.85 0.45 0.2 0.9 0.5 
14114    0.8 0.4 0.4 0.8 0.4 0.8  0.390143 0.75 0.4 0.8 0.05 1 0.5 0.15 0.8 0.45 0.2 0.9 0.5 
14118    0.8 0.4 0.4 0.8 0.6 0.6  0.249195 0.75 0.75 0.75 0.05 1 0.35 0.15 0.4 0.8 0.6 0.05 0.5 
14119    0.8 0.4 0.4 0.8 0.6 0.8  0.617265 0.8 0.8 0.8 0.05 1 0.3 0.15 0.35 0.15 0.6 0.5 0.5 
14123    0.8 0.4 0.4 0.8 0.8 0.6  0.741462 0.95 0.8 0.8 0.05 1 0.5 0.65 0.4 0.45 0.55 0.45 0.85 
14124    0.8 0.4 0.4 0.8 0.8 0.8  0.327799 0.75 0.6 0.7 0.05 1 0.5 0.15 0.8 0.45 0.6 0.5 0.45 
14168    0.8 0.4 0.6 0.2 0.6 0.6  0.327092 0.75 0.7 0.8 0.05 1 0.5 0.15 0.4 0.45 0.15 0.2 0.85 
14172    0.8 0.4 0.6 0.2 0.8 0.4  0.409506 0.75 0.3 0.55 0.05 0.55 0.5 0.15 0.65 0.45 0.2 1 0.85 
14173    0.8 0.4 0.6 0.2 0.8 0.6  0.526419 0.9 0.6 0.8 0.05 0.75 0.35 0.15 0.4 0.45 0.6 0.5 0.25 
14174    0.8 0.4 0.6 0.2 0.8 0.8  0.482306 0.75 0.7 0.8 0.05 1 0.6 0.15 0.8 0.05 0 0.5 0.85 
14188    0.8 0.4 0.6 0.4 0.4 0.6  0.54943 0.75 0.4 0.8 0.05 1 0.45 0.15 0.4 0.45 0.65 0.5 0.85 
14189    0.8 0.4 0.6 0.4 0.4 0.8  0.412793 0.75 0.5 0.8 0.05 0.85 0.5 0.15 0.4 1 0.6 0.95 0.25 
14193    0.8 0.4 0.6 0.4 0.6 0.6  0.592689 0.75 0.6 0.8 0.05 1 0.5 0.15 0.9 0.45 0.15 0.5 0.85 
14194    0.8 0.4 0.6 0.4 0.6 0.8  0.611851 0.75 0.7 0.8 0.05 1 0.5 0.15 0.4 0.45 0.6 0.5 0.85 
14197    0.8 0.4 0.6 0.4 0.8 0.4  0.389633 0.75 0.7 0.8 0.05 1 0.6 0.15 0.8 0.05 0.35 0.5 0.85 
14198    0.8 0.4 0.6 0.4 0.8 0.6  1.03951 0.75 0.3 0.55 0.05 1 0.5 0.15 0.4 0.45 0.2 0.5 0.85 
14199    0.8 0.4 0.6 0.4 0.8 0.8  0.802954 0.75 0.6 0.8 0.05 1 0.5 0.15 0.3 0.45 0.6 0.6 0.85 
14208    0.8 0.4 0.6 0.6 0.2 0.6  0.30678 0.75 0 0.55 0.05 1 0.5 0.15 0.85 0.6 0.6 0.9 0.5 
14212    0.8 0.4 0.6 0.6 0.4 0.4  0.431258 0.75 0.4 0.8 0.05 1 0.45 0.15 0.4 0.45 0.65 0.15 0.1 
14213    0.8 0.4 0.6 0.6 0.4 0.6  0.509067 0.75 0.7 0.8 0.05 1 0.5 0.15 0.85 0.2 0.6 0.45 0.55 
14214    0.8 0.4 0.6 0.6 0.4 0.8  0.572406 0.75 0.6 0.8 0.05 1 0.5 0.15 0.4 0.45 0.6 0.5 0.25 
14217    0.8 0.4 0.6 0.6 0.6 0.4  0.601192 0.8 0.8 0.8 0.05 1 0.5 0.15 0.3 0.4 0.3 0.5 0.85 
14218    0.8 0.4 0.6 0.6 0.6 0.6  0.365081 0.8 0.8 0.8 0.05 1 0.5 0.15 0.4 0.8 1 0.5 0.5 
14219    0.8 0.4 0.6 0.6 0.6 0.8  0.579438 0.75 0.7 0.8 0.05 1 0.5 0.15 0.4 0.9 0.6 0.5 0.85 
14222    0.8 0.4 0.6 0.6 0.8 0.4  0.406196 0.95 0.6 0.8 0.05 1 0.5 0.15 0.35 0.45 0.8 0.65 0.4 
14223    0.8 0.4 0.6 0.6 0.8 0.6  0.432699 0.75 0.7 0.8 0.05 1 0.6 0.15 0.4 0.2 0 0.95 0.85 
14224    0.8 0.4 0.6 0.6 0.8 0.8  0.313376 0.75 0.55 0.8 0.05 1 0.5 0.15 0.4 0.45 0.6 0.7 0.9 
14233    0.8 0.4 0.6 0.8 0.2 0.6  0.201025 0.8 0.4 0.8 0.05 1 0.5 0.15 0.85 0.45 0.2 0.9 0.5 
14234    0.8 0.4 0.6 0.8 0.2 0.8  0.511362 1 0.55 0.8 0.05 1 0.5 0.15 0.4 0.45 0.1 0.9 0.9 
14238    0.8 0.4 0.6 0.8 0.4 0.6  1.03087 0.75 0.6 0.8 0.05 1 0.5 0.15 0.4 0.45 0.15 0.5 0.7 
14239    0.8 0.4 0.6 0.8 0.4 0.8  0.516884 0.75 0.6 0.8 0.05 1 0.5 0.15 0.45 0.45 0.6 0.5 0.15 
14243    0.8 0.4 0.6 0.8 0.6 0.6  0.778117 0.75 0.75 0.75 0.05 1 0.5 0.15 0.4 0.8 0.6 0.05 0.5 
14244    0.8 0.4 0.6 0.8 0.6 0.8  0.583757 0.75 0.7 0.8 0.05 1 0.5 0.15 0.85 0.45 0.6 0.4 0.4 
14247    0.8 0.4 0.6 0.8 0.8 0.4  0.471082 0.8 0.1 0.2 0.05 0.8 0.5 1 0.4 0.45 0.9 0.5 0.5 
14248    0.8 0.4 0.6 0.8 0.8 0.6  0.435936 0.85 1 0.8 0.05 1 0.5 0 0.75 0.45 0.6 0.45 0.85 
14249    0.8 0.4 0.6 0.8 0.8 0.8  0.490272 0.75 0 0.55 0.05 1 0.5 0.15 0.85 0.6 0.4 0.9 0.5 
14292    0.8 0.4 0.8 0.2 0.6 0.4  0.47018 0.75 0.7 0.8 0.05 1 0.5 0.15 0.4 0.45 0.15 0.15 0.9 
14295    0.8 0.4 0.8 0.2 0.8 0  0.231509 0.95 0.35 0.8 0.05 1 0.4 0.15 0.4 0.05 0 0.1 0.5 
14296    0.8 0.4 0.8 0.2 0.8 0.2  0.508122 0.75 0.7 0.8 0.05 1 0.6 0.15 0.4 0.05 0 0.6 0.85 
14297    0.8 0.4 0.8 0.2 0.8 0.4  0.644463 0.75 0.55 0.8 0.05 1 0.5 0.15 0.4 0.45 0.3 0.55 0.9 
14299    0.8 0.4 0.8 0.2 0.8 0.8  0.526282 0.75 0.7 0.8 0.05 1 0.6 0.15 0.8 0.05 0.35 0.05 0.85 
14317    0.8 0.4 0.8 0.4 0.6 0.4  0.205316 0.75 0.55 0.8 0.05 1 0.5 0.15 0.4 0.45 0.3 0.35 0.9 
14318    0.8 0.4 0.8 0.4 0.6 0.6  0.682171 0.75 0.7 0.8 0.05 1 0.5 0.15 0.4 0.45 0.65 0.5 0.85 
14319    0.8 0.4 0.8 0.4 0.6 0.8  0.528823 0.75 0.6 0.05 0.05 1 0.5 0.15 0.4 0.45 0.6 0.25 0.35 
14322    0.8 0.4 0.8 0.4 0.8 0.4  0.548102 0.75 0.55 0.8 0.05 0.75 0.5 0.15 0.4 0.55 0.6 1 0.9 
14323    0.8 0.4 0.8 0.4 0.8 0.6  0.714181 0.75 0.55 0.8 0.05 1 0.5 0.15 0.4 0.45 0.3 0.7 0.9 
14324    0.8 0.4 0.8 0.4 0.8 0.8  0.638185 0.95 0.8 0.8 0.05 1 0.5 0.65 0.4 0.45 0.55 0.5 0.85 
14337    0.8 0.4 0.8 0.6 0.4 0.4  0.393845 0.75 0.8 0.8 0.05 1 1 0.65 0.45 0 0.55 0.5 0.75 
14338    0.8 0.4 0.8 0.6 0.4 0.6  0.774203 0.75 0.95 0.7 0.05 1 0.5 0.15 0.8 0.45 0.3 0.5 0.75 
14339    0.8 0.4 0.8 0.6 0.4 0.8  0.708725 0.75 0.7 0.8 0.05 1 0.6 0.15 0.8 0.05 0 0.5 0.25 
14342    0.8 0.4 0.8 0.6 0.6 0.4  0.654297 0.75 0.6 0.25 0.05 1 0.5 0.15 0.9 0.45 0.45 0.65 0.25 
14343    0.8 0.4 0.8 0.6 0.6 0.6  0.680971 0.75 0.6 0.7 0.05 1 0.5 0.15 0.8 0.45 0.15 0.75 0.45 
14344    0.8 0.4 0.8 0.6 0.6 0.8  0.67918 0.75 0.45 0.05 0.05 1 0.5 0.15 0.4 0.45 0.6 0.25 0.35 
14345    0.8 0.4 0.8 0.6 0.8 0  0.356154 0.7 0.4 0.8 0.05 0.8 0.5 0.15 0.75 0.45 0.8 0.5 0.5 
14346    0.8 0.4 0.8 0.6 0.8 0.2  0.584733 0.75 0.7 0.8 0.05 0.95 0.6 0.15 0.8 0.05 0.35 0.5 0.85 
14347    0.8 0.4 0.8 0.6 0.8 0.4  0.625504 1 0.7 0.8 0.05 1 0.5 0.15 0.4 0.7 0 0.5 0.85 
14348    0.8 0.4 0.8 0.6 0.8 0.6  0.558469 0.75 0.6 0.7 0.05 1 0.5 0.15 0.8 0.45 0.6 0.75 0.45 
14349    0.8 0.4 0.8 0.6 0.8 0.8  0.87813 0.75 0.7 0.8 0.05 1 0.5 0.15 0.4 0.45 0.15 0.5 0.9 
14358    0.8 0.4 0.8 0.8 0.2 0.6  0.354293 0.6 0.6 0.8 0.05 1 0.5 0.65 0.4 0.45 0.6 0.5 0.6 
14361    0.8 0.4 0.8 0.8 0.4 0.2  0.293375 0.75 0.4 0.8 0.05 0.75 0.5 0.15 0.85 0.45 0.75 0.9 0.5 
14362    0.8 0.4 0.8 0.8 0.4 0.4  0.419274 0.75 0.6 0.8 0.05 1 0.5 0.15 0.4 0.45 0.8 0.5 0.3 
14363    0.8 0.4 0.8 0.8 0.4 0.6  0.812009 0.75 0.55 0.8 0.05 1 0.4 0.15 0.85 0.45 0.45 0.9 0.3 
14364    0.8 0.4 0.8 0.8 0.4 0.8  0.570958 0.65 0.55 0.8 0.05 1 0.5 0.65 0.3 0.45 0.55 0 0.2 
14366    0.8 0.4 0.8 0.8 0.6 0.2  0.664211 0.75 0.6 0.25 0.05 1 0.5 0.15 0.4 0.45 0.45 0.05 0.25 
14367    0.8 0.4 0.8 0.8 0.6 0.4  0.828477 0.75 0.6 0.8 0.05 1 0.5 0.15 0.4 0.45 0.8 0.5 0.65 
14368    0.8 0.4 0.8 0.8 0.6 0.6  0.708355 0.75 0.6 0.7 0.05 1 0.5 0.15 0.8 0.45 0.3 0.5 0.75 
14369    0.8 0.4 0.8 0.8 0.6 0.8  0.67696 0.75 0.6 0.7 0.05 0.9 0.5 0.15 0.8 0.45 0.25 0.75 0.45 
14370    0.8 0.4 0.8 0.8 0.8 0  0.359442 0.75 0.1 1 0.05 0.75 0.5 0.15 0.45 0.1 0.9 0.5 0.5 
14372    0.8 0.4 0.8 0.8 0.8 0.4  0.427912 0.75 0.55 0.8 0.05 0.75 0.5 0.15 0.4 0.55 0.85 1 0.5 
14373    0.8 0.4 0.8 0.8 0.8 0.6  0.725186 0.75 0.55 0.9 0.05 1 0.6 0.15 0.3 0.4 0.6 0.7 0.65 
14374    0.8 0.4 0.8 0.8 0.8 0.8  0.511945 0.75 0.6 0.7 0.05 1 0.5 0.15 0.8 0.45 0.3 0.7 0.45 
14464    0.8 0.6 0 0.6 0.4 0.8  0.385573 0.75 0.05 0.8 0.05 1 0.6 0.15 0.6 0.2 0.6 0.85 0.9 
14469    0.8 0.6 0 0.6 0.6 0.8  0.468738 0.75 0.3 0.55 0.05 1 0.5 0.15 0.65 0.45 0.2 1 0.85 
14499    0.8 0.6 0 0.8 0.8 0.8  0.171193 0.75 0.25 0.8 0.05 1 0.45 0.8 0.45 0.45 0.6 0.05 0.5 
14549    0.8 0.6 0.2 0.2 0.8 0.8  0.281914 1 0.7 0.8 0 0.6 0.65 0.15 0.4 0.95 0 0.85 0.6 
14569    0.8 0.6 0.2 0.4 0.6 0.8  0.255479 0.75 0.3 0.55 0.05 1 0.5 0.15 0.65 0.1 0.2 1 0.85 
14588    0.8 0.6 0.2 0.6 0.4 0.6  0.335382 0.75 0 0.55 0.05 1 0.5 0.15 0.7 0.6 0.6 0.35 0.95 
14594    0.8 0.6 0.2 0.6 0.6 0.8  0.738562 0.75 0.7 0.8 0.05 1 0.5 0.15 0.85 0.45 0.6 0.5 0.4 
14599    0.8 0.6 0.2 0.6 0.8 0.8  0.496825 0.75 0.05 0.8 0.05 1 0.5 0.15 0.75 0.45 0.6 0.1 0.55 
14609    0.8 0.6 0.2 0.8 0.2 0.8  0.210101 0.75 0 0.55 0.05 1 0.8 0.15 0.85 0.6 0.6 0.9 0.95 
14614    0.8 0.6 0.2 0.8 0.4 0.8  0.248626 0.75 0.75 0.75 0.05 1 0.5 0.15 0.7 0.8 0.6 1 0.5 
14619    0.8 0.6 0.2 0.8 0.6 0.8  0.27984 0.75 0.3 0.55 0.05 1 0.3 0.15 0.65 0.1 0.2 1 0.85 
14624    0.8 0.6 0.2 0.8 0.8 0.8  0.239086 0.95 0.6 0.65 0 0.8 0.1 0.65 0.65 0.55 0.4 0 0.55 
14672    0.8 0.6 0.4 0.2 0.8 0.4  0.271391 0.75 0.85 0.8 0.05 1 0.65 0.15 0.75 0.1 0.85 0.5 0.9 
14674    0.8 0.6 0.4 0.2 0.8 0.8  0.15382 0.75 0.15 0.8 0.05 1 0.5 0.15 0.45 0.45 0.6 0.65 0.5 
14694    0.8 0.6 0.4 0.4 0.6 0.8  0.223273 0.75 0.3 0.55 0.05 1 0.5 0.15 0.95 0.1 0.2 1 0.85 
14698    0.8 0.6 0.4 0.4 0.8 0.6  0.235699 0.75 0.75 0.8 0.05 1 0.5 0.15 0.3 0.25 0.6 0.7 0.9 
14699    0.8 0.6 0.4 0.4 0.8 0.8  0.600738 0.75 1 0.8 0.05 1 0.6 0.15 0.75 0.1 0.6 0.15 0.5 
14709    0.8 0.6 0.4 0.6 0.2 0.8  0.297226 0.75 0.05 0.8 0.05 1 0.6 0.15 0.4 0.2 0.6 0.85 0.9 
14714    0.8 0.6 0.4 0.6 0.4 0.8  0.377171 0.75 0.6 0.8 0.05 1 0.5 0.15 0.75 0.6 0.6 0.85 0.65 
14718    0.8 0.6 0.4 0.6 0.6 0.6  0.897393 0.75 0.7 0.8 0.05 1 0.5 0.15 0.45 0.45 0.6 0.5 0.85 
14719    0.8 0.6 0.4 0.6 0.6 0.8  1.06459 0.2 0.6 0.4 0 0.6 0.35 0.65 0.4 0.2 0.1 0.85 0.85 
14722    0.8 0.6 0.4 0.6 0.8 0.4  0.527075 0.75 0.65 0.9 0.05 1 0.6 0.8 0.3 0.4 0.6 0.7 0.65 
14723    0.8 0.6 0.4 0.6 0.8 0.6  0.940357 0.4 0.5 0.7 0 0.6 0.15 0.65 0.65 0.55 0 0.85 0.85 
14724    0.8 0.6 0.4 0.6 0.8 0.8  0.492472 0.75 0.1 0.8 0.05 1 0.5 0.15 0.4 0.45 0.95 0.5 0.3 
14733    0.8 0.6 0.4 0.8 0.2 0.6  0.484116 0.75 0.6 0.8 0.05 1 0.6 0.15 0.75 0.8 0.1 0.4 0.5 
14734    0.8 0.6 0.4 0.8 0.2 0.8  0.695174 0.75 0.6 0.8 0.05 1 0.6 0.15 0.2 0.8 0.1 0.4 0.5 
14738    0.8 0.6 0.4 0.8 0.4 0.6  0.648407 0.7 0.6 0.8 0.1 1 0.65 0.15 0.75 0.45 0.9 0.5 0.45 
14739    0.8 0.6 0.4 0.8 0.4 0.8  0.72769 0.75 0.4 0.8 0.05 1 0.5 0.15 0.3 0.45 0.6 0.85 0.85 
14743    0.8 0.6 0.4 0.8 0.6 0.6  0.4399 0.7 0.6 0.8 0.1 1 0.65 0.65 0.75 0.45 0.6 0.5 0.5 
14744    0.8 0.6 0.4 0.8 0.6 0.8  0.584034 0.7 0.6 0.8 0.1 1 0.65 0.15 0.75 0.35 0.6 0.5 0.55 
14748    0.8 0.6 0.4 0.8 0.8 0.6  0.338653 0.4 0.3 0.7 0 0.6 0.15 0.65 0.65 0.55 0 0.85 0.85 
14749    0.8 0.6 0.4 0.8 0.8 0.8  0.598628 0.75 0.6 0.8 0.05 1 0.65 0.15 0.75 0.45 0.6 0.55 0.5 
14797    0.8 0.6 0.6 0.2 0.8 0.4  0.121342 0.75 0.05 0.8 0.05 1 0.4 0.15 0.4 0.6 0.45 0.7 0.3 
14799    0.8 0.6 0.6 0.2 0.8 0.8  0.360057 0.75 0.7 0.8 0.05 1 0.8 0.15 0.8 0.05 0 0.5 0.85 
14813    0.8 0.6 0.6 0.4 0.4 0.6  0.455893 0.75 0.7 0.8 0.05 1 0.5 0.15 0.85 0.2 0.6 0.05 0.5 
14817    0.8 0.6 0.6 0.4 0.6 0.4  0.409226 0.75 0.8 0.8 0.05 1 0.5 0.65 0.45 0.45 0.3 0.5 0.85 
14818    0.8 0.6 0.6 0.4 0.6 0.6  0.121907 0.75 0.25 0.8 0.05 1 0.5 0.15 0.45 0.2 0.6 0.05 0.5 
14819    0.8 0.6 0.6 0.4 0.6 0.8  0.510207 0.75 0.8 0.8 0.05 1 0.5 0.15 0.45 0.45 0.1 0.7 0.9 
14822    0.8 0.6 0.6 0.4 0.8 0.4  0.48402 0.75 0.6 0.8 0.05 1 0.5 0.15 0.35 0.45 0.8 0.65 0.85 
14823    0.8 0.6 0.6 0.4 0.8 0.6  0.513577 0.75 0.6 0.8 0.05 1 0.5 0.15 0.75 0.45 0.6 0.65 0.95 
14824    0.8 0.6 0.6 0.4 0.8 0.8  0.381046 0.75 0.1 0.8 0.05 1 0.5 0.65 0.4 0.45 0.55 0.5 0.85 
14839    0.8 0.6 0.6 0.6 0.4 0.8  0.458968 1 0.6 0.8 0.05 1 0.5 0.15 1 0.45 0.6 0.5 0.75 
14843    0.8 0.6 0.6 0.6 0.6 0.6  0.834496 0.45 0.65 0.8 0 0 0.45 0.15 0.1 0.2 0 0.5 0.85 
14844    0.8 0.6 0.6 0.6 0.6 0.8  0.746537 0.75 0.75 0.8 0.05 1 0.5 0.15 0.3 0.45 0.6 0.7 0.9 
14846    0.8 0.6 0.6 0.6 0.8 0.2  0.439724 0.75 0.05 0.8 0.05 1 0.4 0.15 0.4 0.45 0.45 0.7 0.3 
14847    0.8 0.6 0.6 0.6 0.8 0.4  0.620437 0.75 0.55 0.8 0.05 1 0.4 0.15 0.3 0.45 0.8 0.7 0.3 
14848    0.8 0.6 0.6 0.6 0.8 0.6  0.573063 0.75 0.35 0.8 0.1 1 0.55 0.15 0.4 0.45 0.6 0.65 0.85 
14849    0.8 0.6 0.6 0.6 0.8 0.8  0.598506 0.45 0.6 0.8 0 0.6 0.75 1 0.1 0.2 0 0.5 0.85 
14859    0.8 0.6 0.6 0.8 0.2 0.8  0.272369 0.75 0.6 0.8 0.05 1 0.5 0.15 0.75 0.45 0.6 0.4 0.5 
14863    0.8 0.6 0.6 0.8 0.4 0.6  0.275725 0.75 0.6 0.8 0.05 1 0.5 0.15 1 0.75 0.6 0.5 0.75 
14864    0.8 0.6 0.6 0.8 0.4 0.8  0.586938 0.75 1 0.8 0.05 1 0.8 0.15 0.1 0.55 0 0.9 0.6 
14867    0.8 0.6 0.6 0.8 0.6 0.4  0.465321 0.75 0.4 0.8 0.05 1 0.45 0.15 0.4 0.35 0.6 0.05 0.05 
14868    0.8 0.6 0.6 0.8 0.6 0.6  0.508048 0.75 0.9 0.25 0.05 1 0.5 0.15 0.65 0.45 0.65 0.3 0.8 
14869    0.8 0.6 0.6 0.8 0.6 0.8  0.551808 0.4 0.7 0.4 0 0 0.4 0.65 0.85 0.2 0 0.15 0.85 
14872    0.8 0.6 0.6 0.8 0.8 0.4  0.536933 0.75 0.4 0.8 0.05 1 0.3 0.15 0.4 0.3 0.65 0.15 0.65 
14873    0.8 0.6 0.6 0.8 0.8 0.6  0.535027 0.75 0.6 0.8 0.05 1 0.65 0.15 0.75 0.1 0.9 0.55 0.5 
14874    0.8 0.6 0.6 0.8 0.8 0.8  0.451528 1 0.25 0.8 0.05 1 0.4 0.15 0.4 0.45 0.6 0.05 0.5 
14921    0.8 0.6 0.8 0.2 0.8 0.2  0.18466 0.75 0.05 0.8 0.05 1 0.45 0.15 0.4 0.45 0.65 0.15 0.5 
14923    0.8 0.6 0.8 0.2 0.8 0.6  0.357485 0.75 0.35 0.8 0.05 1 0.6 0.15 0.4 0.05 0.75 0.05 0.85 
14938    0.8 0.6 0.8 0.4 0.4 0.6  0.571195 0.75 0.6 0.8 0.05 1 0.5 0.15 0.4 0.45 0.2 0.5 0.35 
14939    0.8 0.6 0.8 0.4 0.4 0.8  0.3593 0.75 0.05 0.8 0.05 1 0.85 0.15 0.4 0.2 0.6 0.85 0 
14941    0.8 0.6 0.8 0.4 0.6 0.2  0.897992 0.75 0.7 0.8 0.05 1 0.5 0.15 0.4 0.9 0.35 0.5 0.85 
14942    0.8 0.6 0.8 0.4 0.6 0.4  0.814818 0.75 0.8 0.8 0.05 1 0.5 0.65 0.4 0.45 0.85 0.5 0.85 
14943    0.8 0.6 0.8 0.4 0.6 0.6  0.679788 0.75 0.9 0.8 0.05 1 0.5 0.15 0.4 0.45 0.2 0.5 0.35 
14944    0.8 0.6 0.8 0.4 0.6 0.8  0.645697 0.75 0.8 0.8 0.05 1 0.6 0.15 1 0.45 0.1 0.7 0.9 
14946    0.8 0.6 0.8 0.4 0.8 0.2  0.395241 0.6 0.15 0.8 0.05 1 0.55 0.15 0.4 0.45 0.6 0.65 0.85 
14947    0.8 0.6 0.8 0.4 0.8 0.4  0.360372 0.9 0.55 0.8 0.05 1 0.5 0.15 0.4 0.45 0.3 0.95 0.9 
14948    0.8 0.6 0.8 0.4 0.8 0.6  0.635855 0.75 0.7 0.25 0.05 1 0.6 0.15 0.4 0.1 0.6 0.5 0.85 
14949    0.8 0.6 0.8 0.4 0.8 0.8  0.689591 0.75 0.95 0.8 0.05 1 0.5 0.15 0.4 0.45 0.6 0.05 0.95 
14958    0.8 0.6 0.8 0.6 0.2 0.6  0.230557 0.75 0.3 0.1 0.05 1 0.5 0.15 0.45 0.75 0.15 0.9 0.6 
14962    0.8 0.6 0.8 0.6 0.4 0.4  0.158725 0.85 0.75 0.75 0.05 1 0.5 0.15 0.4 0.8 0.6 0.05 0.5 
14963    0.8 0.6 0.8 0.6 0.4 0.6  0.424894 0.55 0.4 0.05 0.05 1 0.5 0.15 0.4 0.45 0.6 0.3 0.6 
14964    0.8 0.6 0.8 0.6 0.4 0.8  0.114034 0.75 0.35 0.8 0.05 1 0.4 0.15 1 0.45 0.6 0.9 0.5 
14967    0.8 0.6 0.8 0.6 0.6 0.4  0.844297 0.5 0.55 0.8 0.05 1 0.5 0.65 0.3 0.45 0.55 0.7 0.2 
14968    0.8 0.6 0.8 0.6 0.6 0.6  1.16892 0.5 0.8 0.8 0 0 0.7 0.65 0.4 0.1 0 0.85 0.85 
14969    0.8 0.6 0.8 0.6 0.6 0.8  0.701734 0.8 0.75 0.8 0.05 1 0.5 0 0.75 0.15 0.6 0.45 0.85 
14971    0.8 0.6 0.8 0.6 0.8 0.2  0.601012 0.75 0.7 0.8 0.05 1 0.5 0.15 0.45 0.45 0.4 0.5 0.85 
14972    0.8 0.6 0.8 0.6 0.8 0.4  0.556907 0.75 0.55 0.8 0.05 1 0.65 0.15 0.75 0.1 0.85 0.5 0.9 
14973    0.8 0.6 0.8 0.6 0.8 0.6  0.771118 0.75 0.6 0.8 0.05 1 0.25 0.15 0.4 0.45 0.6 0.65 0.85 
14974    0.8 0.6 0.8 0.6 0.8 0.8  0.505856 0.75 0.6 0.7 0.05 1 0.85 0.5 0.8 0.45 0.3 0.35 0.75 
14983    0.8 0.6 0.8 0.8 0.2 0.6  0.505179 0.75 0.6 0.45 0.05 1 0.5 0.15 0.4 0.45 0.75 0.5 0.95 
14984    0.8 0.6 0.8 0.8 0.2 0.8  0.484269 1 0.25 0.8 0.05 1 0.4 0.15 0.4 1 0.65 0.05 0.7 
14987    0.8 0.6 0.8 0.8 0.4 0.4  0.502084 0.75 0.8 0.8 0.05 1 0.5 0.65 0.45 0.45 0.3 0.5 0.7 
14988    0.8 0.6 0.8 0.8 0.4 0.6  0.506876 0.75 0.8 0.8 0.05 1 1 0.65 0.45 0.45 0.55 0.5 0.75 
14989    0.8 0.6 0.8 0.8 0.4 0.8  0.630526 0.6 0.65 0.8 0.05 1 0.5 0.65 0.75 0.45 0.6 0.5 0.6 
14991    0.8 0.6 0.8 0.8 0.6 0.2  0.501214 0.75 0.3 0.55 0.05 1 0.9 0.15 0.95 0.95 0.2 1 0.85 
14992    0.8 0.6 0.8 0.8 0.6 0.4  0.393048 0.75 0.6 0.8 0.05 0.75 0.55 0.15 0.95 0.45 0.05 0.5 0.6 
14993    0.8 0.6 0.8 0.8 0.6 0.6  0.933211 0.85 0.6 0.8 0.05 1 0.5 0.15 0.4 0.45 0.5 0.5 0.45 
14994    0.8 0.6 0.8 0.8 0.6 0.8  0.745881 0.95 0.8 0.8 0.05 1 0.5 0.65 0.4 0.45 0.15 0.5 0.45 
14995    0.8 0.6 0.8 0.8 0.8 0  0.376971 0.75 0.25 0.8 0.05 0.75 0.5 0.15 0.45 0.95 0.9 0.05 0.5 
14996    0.8 0.6 0.8 0.8 0.8 0.2  0.426584 0.75 0.25 0.8 0.05 0.95 0.5 0.15 0.4 0.45 0.6 0.15 0.5 
14997    0.8 0.6 0.8 0.8 0.8 0.4  0.406282 1 0.25 0.8 0.05 1 0.45 0.15 0.4 0.45 0.6 0.05 0.5 
14998    0.8 0.6 0.8 0.8 0.8 0.6  0.746156 0.8 0.75 0.8 0.05 1 0.5 0 0.75 0.15 0.6 0.35 0.85 
14999    0.8 0.6 0.8 0.8 0.8 0.8  0.692451 0.8 0.75 0.8 0.05 1 0.5 0 0.75 0.15 0.6 0.85 0.85 
15024    0.8 0.8 0 0 0.8 0.8  0.382203 0.6 0.85 0.8 0 0.7 0.8 0.3 0.4 0.45 0 0.5 0.4 
15049    0.8 0.8 0 0.2 0.8 0.8  0.41567 0.8 1 0.8 0 0.6 0.65 0.8 0.4 0.95 0 0.75 0.6 
15072    0.8 0.8 0 0.4 0.8 0.4  0.283919 0.75 0 0.6 0.05 1 0.5 0.65 0.7 0.15 0.6 0.7 0.95 
15074    0.8 0.8 0 0.4 0.8 0.8  0.421275 0.6 0.9 0.8 0 0.7 0.8 0.3 0.4 0.2 0 0.5 0.4 
15094    0.8 0.8 0 0.6 0.6 0.8  0.364795 0.45 0.65 0.8 0 0.6 0.45 0.15 0.1 0.2 0 0.5 0.85 
15096    0.8 0.8 0 0.6 0.8 0.2  0.511408 0.75 0 0.55 0.05 1 0.5 0.15 0.7 0.6 0.6 0.7 0.95 
15099    0.8 0.8 0 0.6 0.8 0.8  0.517103 0.8 0 0.8 0 0.25 0.7 1 0.95 0.5 0 0.85 0.95 
15120    0.8 0.8 0 0.8 0.8 0  -0.0474818 0.3 0.05 0.8 0 0.25 0.2 0.65 0.4 0.2 0.1 0.85 1 
15121    0.8 0.8 0 0.8 0.8 0.2  0.00834805 0.95 0.05 0.65 0 0.8 0.85 0.65 0.65 0.55 0.4 0 0.55 
15122    0.8 0.8 0 0.8 0.8 0.4  -0.0527762 0.55 0.05 0.8 0 0.65 0.7 0.65 0.85 0.2 0 0.75 0.85 
15123    0.8 0.8 0 0.8 0.8 0.6  0.164419 0.95 0.6 0.65 0 0.8 0.55 0.65 0.65 0.55 0.4 0 0.55 
15124    0.8 0.8 0 0.8 0.8 0.8  0.679244 0.55 1 0.8 0 0.6 0.4 0.3 0.4 0.2 0 0.5 0.35 
15149    0.8 0.8 0.2 0 0.8 0.8  0.254524 0.75 0.05 0.8 0.05 1 0.2 0.15 0.75 0.45 0.6 0.65 0.5 
15164    0.8 0.8 0.2 0.2 0.4 0.8  0.47314 0.45 0.9 0.8 0 0.6 0.85 0.15 0.4 0.2 0 0.5 0.85 
15169    0.8 0.8 0.2 0.2 0.6 0.8  0.478097 0.5 1 0.1 0 0.6 0.8 0.65 0.4 0.8 0 0.75 0.85 
15174    0.8 0.8 0.2 0.2 0.8 0.8  0.404689 0.45 0.6 0.8 0 0.6 0.35 0.3 0.1 0.2 0 0.15 0.85 
15189    0.8 0.8 0.2 0.4 0.4 0.8  0.740087 0.35 1 0.8 0 0.25 0.8 0.65 0.95 0.15 0.15 0.85 0.95 
15193    0.8 0.8 0.2 0.4 0.6 0.6  0.444931 0.6 0.8 0.8 0 0.25 0.5 0.65 0.95 0.15 0 0.85 0.85 
15194    0.8 0.8 0.2 0.4 0.6 0.8  0.968769 0.55 0.95 0.8 0 0.65 0.7 0.65 0.85 0.2 0 0.75 0.85 
15197    0.8 0.8 0.2 0.4 0.8 0.4  0.395327 0.75 0.05 0.55 0.05 1 0.3 0.15 0.45 0.45 0.6 0.2 0.5 
15198    0.8 0.8 0.2 0.4 0.8 0.6  0.128348 0.75 0.35 0.8 0.05 1 0.6 0.15 0.6 0.05 0.75 0.1 0.85 
15199    0.8 0.8 0.2 0.4 0.8 0.8  0.873763 0.75 0.7 0.8 0.05 1 0.75 0.15 0.05 0.2 0 0.7 0.85 
15214    0.8 0.8 0.2 0.6 0.4 0.8  0.600781 0.55 1 0.8 0 0.6 0.8 0.65 0.4 0.2 0 0.75 0.85 
15218    0.8 0.8 0.2 0.6 0.6 0.6  0.888469 0.65 1 0.4 0 0.65 0.4 0.65 0.85 0.2 0 0.75 0.85 
15219    0.8 0.8 0.2 0.6 0.6 0.8  0.92012 0.45 0.95 0.7 0 0.6 0.4 0.65 0.65 0.55 0 0.85 0.85 
15223    0.8 0.8 0.2 0.6 0.8 0.6  0.158004 0.55 0.6 0.8 0 0.65 0.65 0.65 0.85 0.2 0 0.6 0.85 
15224    0.8 0.8 0.2 0.6 0.8 0.8  0.90489 0.55 0.7 0.8 0 0.25 0.7 0.5 0.4 0.2 0 0.85 0.85 
15229    0.8 0.8 0.2 0.8 0 0.8  0.35835 0.45 0.85 0.8 0 0.6 0.75 0.65 0.4 0.2 0.1 0.85 0.85 
15234    0.8 0.8 0.2 0.8 0.2 0.8  0.564202 0.75 0.6 0.8 0.05 1 0.5 0.15 0.75 0.45 0.6 0.9 0.4 
15239    0.8 0.8 0.2 0.8 0.4 0.8  0.0916023 0.85 0.85 0.8 0 0.6 0.75 0.65 0.4 0.2 0.1 0.85 0.85 
15244    0.8 0.8 0.2 0.8 0.6 0.8  0.436459 0.75 0.3 0.1 0.05 1 0.5 0.15 0.45 0.35 0.15 0.9 0.6 
15246    0.8 0.8 0.2 0.8 0.8 0.2  -0.00194867 0.55 0.1 0.8 0 0 0.7 0.65 0.4 0.1 0 0.85 0.85 
15248    0.8 0.8 0.2 0.8 0.8 0.6  0.311473 0.95 1 0.8 0 0.6 0.2 0.8 0.4 0.2 0 0.85 0.65 
15249    0.8 0.8 0.2 0.8 0.8 0.8  0.425717 0.7 1 0.8 0 0.6 0.2 0.8 0.4 0.2 0 0.85 0.65 
15264    0.8 0.8 0.4 0 0.4 0.8  0.326039 1 0.15 0.65 0 0.8 0.85 0.65 0.9 0.55 0.4 0 0.55 
15289    0.8 0.8 0.4 0.2 0.4 0.8  0.430862 0.65 0.95 0.8 0 0.6 0.75 0.65 0.4 0.25 0 0.5 0.85 
15294    0.8 0.8 0.4 0.2 0.6 0.8  0.740416 0.45 0.95 0.8 0 0.6 0.75 0.65 0.4 0.25 0 0.5 0.85 
15296    0.8 0.8 0.4 0.2 0.8 0.2  0.45655 0.75 0.05 0.8 0.05 1 0.5 0.15 0.45 0.45 0.6 0.65 0.5 
15298    0.8 0.8 0.4 0.2 0.8 0.6  0.398926 0.75 0.05 0.8 0.05 1 0.2 0.15 0.45 0.45 0.6 0.65 0.5 
15299    0.8 0.8 0.4 0.2 0.8 0.8  0.730634 0.3 0.85 0.8 0 0.6 0.75 0.65 0.4 0.2 0.1 0.85 0.85 
15304    0.8 0.8 0.4 0.4 0 0.8  0.420808 0.95 1 0.8 0 0.6 0.05 0.8 0.4 0.2 0 0.85 0.65 
15313    0.8 0.8 0.4 0.4 0.4 0.6  0.384031 0.7 1 0.8 0 0.25 0.65 0.65 0.95 0.15 0 0.85 0.85 
15318    0.8 0.8 0.4 0.4 0.6 0.6  0.498276 0.45 0.55 0.8 0 0.6 0.25 0.15 0.1 0.2 0 0.5 0.85 
15319    0.8 0.8 0.4 0.4 0.6 0.8  0.845146 0.6 0.9 0.8 0 0.6 0.4 0.15 0.3 0.2 0 0.5 0.9 
15323    0.8 0.8 0.4 0.4 0.8 0.6  0.482519 0.5 0.2 0.8 0.05 1 0.5 0.15 0.05 1 0.4 0.5 0.85 
15324    0.8 0.8 0.4 0.4 0.8 0.8  0.870855 0.55 1 0.8 0 0.6 0.85 1 0.4 0.2 0 0.85 0.85 
15337    0.8 0.8 0.4 0.6 0.4 0.4  0.47354 0.75 0.6 0.9 0.05 1 0.5 0.15 0.15 0.05 0.3 0.5 0.75 
15343    0.8 0.8 0.4 0.6 0.6 0.6  1.00931 0.55 0.75 0.8 0 0.6 0.2 0.65 0.4 0.2 0 0.85 0.85 
15344    0.8 0.8 0.4 0.6 0.6 0.8  0.92174 0.2 0.6 0.8 0 0.6 0.4 0.65 0.65 0.2 0 0.85 0.85 
15346    0.8 0.8 0.4 0.6 0.8 0.2  0.420936 0.75 0.05 0.55 0.05 1 0.3 0.15 0.45 0.45 0.6 0.2 0.95 
15348    0.8 0.8 0.4 0.6 0.8 0.6  0.519904 0.75 0.6 0.8 0.05 1 0.65 0.15 0.75 0.2 0.45 0.5 0.5 
15349    0.8 0.8 0.4 0.6 0.8 0.8  0.867497 0.55 1 0.8 0 0.6 0.9 0.5 0.4 0.2 0 0.85 0.85 
15364    0.8 0.8 0.4 0.8 0.4 0.8  0.305741 0.35 0.55 0.8 0 0.6 0.3 0.15 0.3 0.2 0 0.5 0.9 
15368    0.8 0.8 0.4 0.8 0.6 0.6  0.395782 0.75 0.7 0.8 0.05 1 0.5 0.15 0.75 0.45 0.15 0.5 0.9 
15369    0.8 0.8 0.4 0.8 0.6 0.8  0.0492084 0.5 0 0.55 0.05 1 0.5 0.15 1 0.1 0.2 1 0.85 
15373    0.8 0.8 0.4 0.8 0.8 0.6  0.308724 0.75 0.25 0.9 0.05 1 0.6 0.15 0.6 0.45 0.6 0.7 0.65 
15374    0.8 0.8 0.4 0.8 0.8 0.8  0.769417 0.55 0.6 0.8 0 0.6 0.2 0.65 0.4 0.2 0 0.85 0.85 
15389    0.8 0.8 0.6 0 0.4 0.8  0.256984 0.6 0.1 0.8 0 0.6 0.8 0.15 0.3 0.2 0.35 0.5 0.9 
15419    0.8 0.8 0.6 0.2 0.6 0.8  0.454487 0.55 0.6 0.8 0 0.6 0.4 0.3 0.4 0 0 0.85 0.85 
15422    0.8 0.8 0.6 0.2 0.8 0.4  0.308879 0.75 0.15 0.8 0.05 1 0.5 0.15 0.45 0.45 0.3 0.65 0.5 
15423    0.8 0.8 0.6 0.2 0.8 0.6  0.0753434 0.75 0.15 0.8 0 0.1 0.65 0.65 0.4 0.55 0 0.85 0.85 
15424    0.8 0.8 0.6 0.2 0.8 0.8  0.508482 0.55 0.7 0.8 0 0.6 0.7 1 0.4 0.2 0 0.85 0.85 
15443    0.8 0.8 0.6 0.4 0.6 0.6  0.339753 0.45 0.6 0.8 0 0.6 0.45 0.15 0.1 0.2 0 0.5 0.85 
15444    0.8 0.8 0.6 0.4 0.6 0.8  0.514153 0.45 0.6 0.8 0 0.6 0.7 0.15 0.1 0.2 0 0.5 0.85 
15446    0.8 0.8 0.6 0.4 0.8 0.2  0.373434 0.75 0.05 0.55 0.05 1 0.2 0.15 0.45 0.45 0.6 0.2 0.5 
15447    0.8 0.8 0.6 0.4 0.8 0.4  0.265875 0.75 0.05 0.8 0.05 1 0.5 0.15 0.45 0.3 0.6 0.65 0.5 
15448    0.8 0.8 0.6 0.4 0.8 0.6  0.41432 0.75 0.25 0.8 0.05 1 0.5 0.15 0.4 0.45 0.6 0.05 0.85 
15449    0.8 0.8 0.6 0.4 0.8 0.8  0.509638 0.8 1 0.8 0 0.25 0.7 1 0.95 0.15 0 0.85 0.95 
15464    0.8 0.8 0.6 0.6 0.4 0.8  0.48816 0.75 0.1 0.8 0.05 1 0.5 0.15 0.4 0.45 0.6 0.5 0.25 
15468    0.8 0.8 0.6 0.6 0.6 0.6  0.733158 0.35 0.6 0.8 0 0.6 0.15 0.15 0.1 0.2 0 0.5 0.85 
15469    0.8 0.8 0.6 0.6 0.6 0.8  0.782031 0.7 0.6 0.8 0.1 1 0.65 0.15 0.75 0.2 0.9 0.5 0.8 
15472    0.8 0.8 0.6 0.6 0.8 0.4  0.42828 0.75 0.7 0.8 0.05 1 0.6 0 0.4 0.85 0 0.5 0.8 
15473    0.8 0.8 0.6 0.6 0.8 0.6  0.862338 0.55 0.75 0.8 0 0.6 0.05 1 1 0.2 0 0.85 0.85 
15474    0.8 0.8 0.6 0.6 0.8 0.8  0.858812 0.55 0.6 0.8 0 0.6 0.7 1 0.4 0 0 0.85 0.85 
15484    0.8 0.8 0.6 0.8 0.2 0.8  0.438706 1 0.6 0.8 0.05 1 0.5 0.15 1 0.75 0.6 0.5 0.75 
15488    0.8 0.8 0.6 0.8 0.4 0.6  0.597574 0.75 0.8 0.55 0.05 1 0.5 0.15 0.65 0.45 0.2 1 0.15 
15489    0.8 0.8 0.6 0.8 0.4 0.8  0.545344 0.75 0.55 0.8 0.05 1 0.5 0.15 0.7 0.45 0.1 0.9 0.9 
15492    0.8 0.8 0.6 0.8 0.6 0.4  0.226727 0.75 0.25 0.8 0.05 1 0.5 0.15 0.4 0.45 0.6 0.05 0.5 
15493    0.8 0.8 0.6 0.8 0.6 0.6  0.618552 0.55 0.55 0.8 0 0.6 0 0.65 0.4 0.2 0 0.85 0.85 
15494    0.8 0.8 0.6 0.8 0.6 0.8  0.495028 0.55 0.6 0.8 0 0.65 0.1 0.65 0.85 0.2 0 0.6 0.85 
15497    0.8 0.8 0.6 0.8 0.8 0.4  0.438804 0.95 0.4 0.8 0.05 1 0.2 0.15 0.4 0.3 0.65 0.15 0.65 
15498    0.8 0.8 0.6 0.8 0.8 0.6  0.633918 0.55 1 0.8 0 0.6 0.25 1 0.4 0.7 0 0.85 0.85 
15499    0.8 0.8 0.6 0.8 0.8 0.8  0.651044 0.55 0.65 0.8 0 0.6 0.25 1 0.4 0.7 0 0.85 0.85 
15504    0.8 0.8 0.8 0 0 0.8  0.35517 0.45 0.95 0.8 0 0.2 0.7 0.65 0.4 0.25 0 0.5 0.85 
15509    0.8 0.8 0.8 0 0.2 0.8  0.329821 0.6 0.1 0.8 0 0.25 0.7 0.65 0.95 0.1 0 0.85 0.85 
15524    0.8 0.8 0.8 0 0.8 0.8  0.420019 0.7 1 0.8 0 0.25 0.7 0.65 0.95 0.15 0 0.85 0.85 
15546    0.8 0.8 0.8 0.2 0.8 0.2  0.517909 0.4 1 0.4 0 1 0.4 0.65 0.85 0.2 0 0.15 0.85 
15547    0.8 0.8 0.8 0.2 0.8 0.4  0.297904 0.35 0.95 0.8 0 0.65 0.1 0.65 0.85 0.2 0 0.1 0.85 
15549    0.8 0.8 0.8 0.2 0.8 0.8  0.64993 0.5 1 0.1 0 1 0.95 0.5 0 0.8 0 0.75 0.85 
15571    0.8 0.8 0.8 0.4 0.8 0.2  0.341025 0.75 0.15 0.8 0.05 1 0.55 0.15 0.4 0.45 0.6 0.65 0.85 
15572    0.8 0.8 0.8 0.4 0.8 0.4  0.660857 0.75 0.4 0.8 0.05 1 0.55 0.65 0.4 0.35 0.05 0.05 0.8 
15573    0.8 0.8 0.8 0.4 0.8 0.6  0.553033 0.4 0.2 0.8 0.05 1 0.4 0.15 0.1 0.75 0.55 0.5 0.95 
15574    0.8 0.8 0.8 0.4 0.8 0.8  0.590757 0.55 0.85 0.9 0 0.6 0.8 0.5 0.4 0.2 0 0.5 0.85 
15584    0.8 0.8 0.8 0.6 0.2 0.8  0.383976 0.4 0.85 0.7 0 0.6 0.7 0.65 0.65 0.55 0 0.85 0.85 
15587    0.8 0.8 0.8 0.6 0.4 0.4  0.617295 0.75 0.9 0.7 0.05 1 0.5 0.15 0.15 0.45 0.3 0.5 0.75 
15588    0.8 0.8 0.8 0.6 0.4 0.6  0.229057 0.75 0.85 0.8 0.05 1 0.65 0.15 0.05 0.1 0.85 0.8 0.9 
15589    0.8 0.8 0.8 0.6 0.4 0.8  0.427792 0.75 0.1 0.8 0.05 1 0.5 0.15 0.4 0.45 0.2 0.5 0.25 
15591    0.8 0.8 0.8 0.6 0.6 0.2  0.281133 0.75 0.6 0.8 0.05 1 0.25 0.15 0.35 0.45 0 0.65 0.55 
15592    0.8 0.8 0.8 0.6 0.6 0.4  0.493305 0.75 0.15 0.8 0.05 1 0.55 0.15 0.4 0.45 0.6 0.5 0.85 
15593    0.8 0.8 0.8 0.6 0.6 0.6  0.639029 0.75 0.8 0.8 0.05 1 0.5 0.65 0.45 0.45 0.55 0.5 0.85 
15596    0.8 0.8 0.8 0.6 0.8 0.2  0.601648 0.8 0.8 0.8 0.05 1 0.5 0.15 0.95 0.8 0.85 0.5 0.7 
15597    0.8 0.8 0.8 0.6 0.8 0.4  0.704572 0.95 0.6 0.3 0.05 1 0.5 0 0.55 0.45 0.8 0.1 0.3 
15598    0.8 0.8 0.8 0.6 0.8 0.6  0.750197 0.75 1 0.25 0.05 1 0.5 0.15 0.15 0.9 0.5 0.5 0.85 
15599    0.8 0.8 0.8 0.6 0.8 0.8  0.6656 0.55 1 0.8 0 0 0.4 0.15 0.4 0.2 0 0.85 0.85 
15603    0.8 0.8 0.8 0.8 0 0.6  -0.0326132 0.55 0.2 0.8 0.05 0.85 0.5 0.15 0.85 0.45 0.6 0.9 0.5 
15604    0.8 0.8 0.8 0.8 0 0.8  0.341642 0.45 0.9 0.8 0 0.6 0.6 0.15 0.4 0.2 0 0.5 0.55 
15609    0.8 0.8 0.8 0.8 0.2 0.8  0.497214 0.75 1 0.8 0.05 1 0.5 0.8 0.75 0.45 0.7 0.45 0.85 
15612    0.8 0.8 0.8 0.8 0.4 0.4  0.35545 0.75 0.4 0.8 0.05 1 0.45 0.15 0.4 0.35 0.6 0.95 0.05 
15614    0.8 0.8 0.8 0.8 0.4 0.8  0.531092 0.75 0.95 0.1 0.05 1 0.5 0.15 0.45 0.5 0 0.9 0.6 
15617    0.8 0.8 0.8 0.8 0.6 0.4  0.548575 0.75 0.6 0.9 0.05 1 0.6 0.15 0.45 0.45 0 0.7 0.65 
15618    0.8 0.8 0.8 0.8 0.6 0.6  0.763668 0.8 0.8 0.8 0.05 1 0.5 0 0.75 0.15 0.8 0.45 0.85 
15619    0.8 0.8 0.8 0.8 0.6 0.8  1.19201 0.4 0.5 0.4 0 0 0.4 0.65 0.15 0.2 0 0.15 0.85 
15621    0.8 0.8 0.8 0.8 0.8 0.2  0.485474 0.75 0.45 0.8 0.05 1 0.5 0.15 0.4 0.35 0.05 0.05 0.5 
15622    0.8 0.8 0.8 0.8 0.8 0.4  0.419487 0.75 0.4 0.8 0.05 1 0.55 0.65 0.4 0.35 0.05 0.05 0.9 
15623    0.8 0.8 0.8 0.8 0.8 0.6  0.624504 0.75 0.6 0.7 0.05 1 0.5 1 0.8 0.45 0.3 0.7 0.45 
15624    0.8 0.8 0.8 0.8 0.8 0.8  0.82289 0.6 1 0.4 0 0 0.4 1 0.85 0.2 0.15 0.75 0.85 
