0 17 0.306403 0.90489 0.14845
1 32 0.340828 0.90489 0.155506
2 39 0.348593 0.90489 0.156615
3 46 0.374802 0.90489 0.164089
4 53 0.409113 0.90489 0.163776
5 57 0.414548 0.90489 0.16424
6 58 0.417309 0.90489 0.163778
7 63 0.422967 0.940999 0.167149
8 68 0.416303 0.940999 0.169689
9 72 0.432566 1.05746 0.171683
10 79 0.425126 1.05746 0.168916
11 83 0.433114 1.05746 0.167775
12 84 0.433086 1.05746 0.169117
13 86 0.449112 1.05746 0.168943
14 87 0.454018 1.05746 0.16869
15 90 0.466977 1.05746 0.166753
16 93 0.475962 1.05746 0.166467
17 100 0.472087 1.05746 0.165954
18 104 0.47335 1.05746 0.166813
19 108 0.467286 1.05746 0.167198
20 109 0.468924 1.05746 0.168501
21 109 0.470459 1.05746 0.168195
22 109 0.476909 1.05746 0.165856
23 113 0.479919 1.05746 0.166034
24 114 0.486055 1.05746 0.165254
25 118 0.49447 1.05746 0.167335
26 122 0.491996 1.05746 0.16768
27 124 0.498588 1.05746 0.166387
28 124 0.50565 1.05746 0.16688
29 125 0.506819 1.05746 0.166761
30 127 0.507281 1.05746 0.167215
31 129 0.512756 1.05746 0.16748
32 129 0.51561 1.05746 0.167559
33 129 0.516448 1.05746 0.167506
34 130 0.519774 1.05746 0.166377
35 133 0.519019 1.05746 0.166393
36 133 0.521592 1.05746 0.166369
37 135 0.522814 1.05746 0.166227
38 137 0.522888 1.05746 0.166209
39 138 0.524599 1.05746 0.164993
40 138 0.525353 1.05746 0.165269
41 140 0.52546 1.05746 0.165969
42 142 0.52849 1.05746 0.165553
43 146 0.52822 1.05746 0.165533
44 149 0.527216 1.05746 0.16553
45 151 0.535486 1.19201 0.164914
46 153 0.532508 1.19201 0.164952
47 155 0.535028 1.19201 0.16525
48 156 0.533594 1.19201 0.164709
49 159 0.530967 1.19201 0.164403
50 159 0.532652 1.19201 0.165052
51 161 0.533947 1.19201 0.164586
52 163 0.53625 1.19201 0.164877
53 166 0.532929 1.19201 0.165554
54 169 0.537174 1.19201 0.167015
55 170 0.537883 1.19201 0.166952
56 173 0.532279 1.19201 0.166797
57 177 0.526412 1.19201 0.167257
58 180 0.52678 1.19201 0.167002
59 183 0.522829 1.19201 0.167282
60 190 0.518288 1.19201 0.167853
61 191 0.518389 1.19201 0.167772
62 197 0.510517 1.19201 0.167837
63 206 0.505142 1.19201 0.168371
64 211 0.504453 1.19201 0.168749
65 222 0.500557 1.19201 0.170289
66 228 0.496663 1.19201 0.170782
67 237 0.493139 1.19201 0.171954
68 248 0.492083 1.19201 0.172294
69 261 0.489164 1.19201 0.171829
70 277 0.487345 1.19201 0.172113
71 293 0.484901 1.19201 0.172369
72 309 0.482701 1.19201 0.172422
73 334 0.473681 1.19201 0.172449
74 348 0.47626 1.19201 0.172108
75 362 0.478262 1.19201 0.171854
76 377 0.478403 1.19201 0.17236
77 389 0.480233 1.19201 0.172062
78 408 0.473184 1.19201 0.172243
79 425 0.469162 1.19201 0.173016
80 436 0.4691 1.19201 0.17279
81 457 0.468208 1.19201 0.172436
82 468 0.467798 1.19201 0.172403
83 484 0.467439 1.19201 0.173229
84 500 0.467668 1.19201 0.174041
85 517 0.470925 1.19201 0.174021
86 530 0.472636 1.19201 0.173585
87 547 0.472139 1.19201 0.172912
88 558 0.477082 1.19201 0.172439
89 571 0.475628 1.19201 0.172308
90 579 0.478602 1.19201 0.171986
91 597 0.479495 1.19201 0.172242
92 615 0.47984 1.19201 0.17212
93 634 0.478444 1.19201 0.172041
94 649 0.479413 1.19201 0.172143
95 662 0.47854 1.19201 0.172257
96 675 0.478909 1.19201 0.172696
97 689 0.479208 1.19201 0.17263
98 699 0.480013 1.19201 0.172504
99 721 0.478343 1.19201 0.172223
100 735 0.478888 1.19201 0.172203
101 753 0.478115 1.19201 0.172312
102 758 0.480467 1.19201 0.172076
103 774 0.478914 1.19201 0.172417
104 783 0.480116 1.19201 0.172561
105 795 0.47849 1.19201 0.173088
106 808 0.478406 1.19201 0.172609
107 819 0.479052 1.19201 0.172312
108 823 0.480593 1.19201 0.172193
109 832 0.481126 1.19201 0.171889
110 848 0.479407 1.19201 0.171943
111 860 0.479202 1.19201 0.171954
112 869 0.480545 1.19201 0.172219
113 878 0.480689 1.19201 0.172291
114 888 0.480096 1.19201 0.172354
115 900 0.481341 1.19201 0.172252
116 909 0.482664 1.19201 0.172129
117 920 0.481437 1.19201 0.171893
118 930 0.481743 1.19201 0.172058
119 939 0.481497 1.19201 0.171816
120 951 0.48237 1.19201 0.171569
121 960 0.48215 1.19201 0.171542
122 967 0.48223 1.19201 0.171784
123 974 0.483855 1.19201 0.171879
124 984 0.484234 1.19201 0.171847
125 992 0.484453 1.19201 0.172004
126 1003 0.485486 1.19201 0.172083
127 1013 0.484809 1.19201 0.172185
128 1017 0.48608 1.19201 0.172163
129 1022 0.488996 1.19201 0.171887
130 1027 0.48915 1.19201 0.171873
131 1040 0.488165 1.19201 0.171516
132 1049 0.488234 1.19201 0.171382
133 1055 0.489966 1.19201 0.171084
134 1062 0.490036 1.19201 0.170872
135 1069 0.489731 1.19201 0.170835
136 1077 0.489003 1.19201 0.170772
137 1086 0.488679 1.19201 0.170549
138 1092 0.489477 1.19201 0.170376
139 1102 0.489043 1.19201 0.170635
140 1108 0.48873 1.19201 0.170509
141 1115 0.490729 1.19201 0.170288
142 1121 0.491087 1.19201 0.170045
143 1130 0.491934 1.19201 0.170129
144 1137 0.492573 1.19201 0.170113
145 1151 0.492319 1.19201 0.169855
146 1163 0.49211 1.19201 0.169871
147 1170 0.492346 1.19201 0.169684
148 1176 0.492677 1.19201 0.169715
149 1186 0.493594 1.19201 0.16993
150 1192 0.493697 1.19201 0.169955
151 1200 0.494206 1.19201 0.170269
152 1207 0.494403 1.19201 0.169942
153 1216 0.494254 1.19201 0.169704
154 1222 0.49433 1.19201 0.169786
155 1226 0.495661 1.19201 0.169673
156 1233 0.495274 1.19201 0.169791
157 1239 0.496513 1.19201 0.169849
158 1250 0.49516 1.19201 0.17001
159 1258 0.494883 1.19201 0.1702
160 1265 0.495891 1.19201 0.17018
161 1273 0.496486 1.19201 0.170017
162 1281 0.496877 1.19201 0.170255
163 1285 0.498031 1.19201 0.170144
164 1292 0.498086 1.19201 0.170059
165 1301 0.497363 1.19201 0.17003
166 1306 0.498321 1.19201 0.169748
167 1312 0.498509 1.19201 0.169862
168 1316 0.499405 1.19201 0.169858
169 1323 0.500167 1.19201 0.169733
170 1327 0.501558 1.19201 0.169577
171 1334 0.501374 1.19201 0.169543
172 1343 0.500964 1.19201 0.169483
173 1349 0.500495 1.19201 0.169706
174 1351 0.501465 1.19201 0.169532
175 1355 0.501746 1.19201 0.169458
176 1360 0.501518 1.19201 0.169332
177 1365 0.501505 1.19201 0.169384
178 1370 0.502488 1.19201 0.169237
179 1378 0.503346 1.19201 0.169075
180 1383 0.503413 1.19201 0.169229
181 1389 0.503884 1.19201 0.169064
182 1394 0.50376 1.19201 0.168991
183 1397 0.503808 1.19201 0.168883
184 1405 0.505286 1.19201 0.168761
185 1408 0.505822 1.19201 0.168698
186 1415 0.50548 1.19201 0.168631
187 1420 0.505295 1.19201 0.168581
188 1426 0.504594 1.19201 0.168415
189 1434 0.504393 1.19201 0.168442
190 1440 0.504984 1.19201 0.168377
191 1443 0.505933 1.19201 0.168352
192 1451 0.506213 1.19201 0.168352
193 1460 0.506053 1.19201 0.168344
194 1461 0.507671 1.19201 0.168137
195 1464 0.508434 1.19201 0.168131
196 1466 0.509497 1.19201 0.168071
197 1469 0.509926 1.19201 0.16818
198 1476 0.510531 1.19201 0.168168
199 1479 0.510319 1.19201 0.16807
200 1484 0.51074 1.19201 0.167826
201 1488 0.510728 1.19201 0.167774
202 1493 0.511386 1.19201 0.167776
203 1495 0.512567 1.19201 0.167639
204 1500 0.513268 1.19201 0.167671
205 1505 0.513537 1.19201 0.167615
206 1507 0.514286 1.19201 0.167388
207 1514 0.514748 1.19201 0.167542
208 1516 0.515301 1.19201 0.1675
209 1521 0.515409 1.19201 0.167496
210 1525 0.515599 1.19201 0.167439
211 1527 0.516308 1.19201 0.167297
212 1532 0.515587 1.19201 0.16735
213 1535 0.515887 1.19201 0.167218
214 1538 0.516297 1.19201 0.167311
215 1541 0.516359 1.19201 0.167352
216 1545 0.51627 1.19201 0.167438
217 1550 0.516787 1.19201 0.167406
218 1553 0.51777 1.19201 0.16727
219 1558 0.517625 1.19201 0.167413
220 1563 0.517683 1.19201 0.167156
221 1567 0.517581 1.19201 0.16715
222 1574 0.517178 1.19201 0.167007
223 1578 0.517407 1.19201 0.166979
224 1581 0.517918 1.19201 0.166986
225 1585 0.518523 1.19201 0.167
226 1592 0.518767 1.19201 0.166947
227 1594 0.520089 1.19201 0.167007
228 1597 0.520032 1.19201 0.166974
229 1600 0.520855 1.19201 0.167024
230 1605 0.521272 1.19201 0.166819
231 1607 0.521315 1.19201 0.166844
232 1610 0.520989 1.19201 0.16693
233 1614 0.522408 1.28105 0.16699
234 1617 0.522621 1.28105 0.166949
235 1624 0.522305 1.38292 0.16689
236 1626 0.522748 1.38292 0.166947
237 1633 0.523477 1.38292 0.166999
238 1639 0.523286 1.38292 0.167119
239 1643 0.523415 1.38292 0.167079
240 1648 0.523329 1.38292 0.167144
241 1653 0.523241 1.38292 0.167324
242 1656 0.52364 1.38292 0.16725
243 1665 0.523635 1.38292 0.1672
244 1671 0.523736 1.38292 0.167068
245 1675 0.523365 1.38292 0.166997
246 1680 0.522743 1.38292 0.167013
247 1687 0.522353 1.38292 0.167015
248 1689 0.522498 1.38292 0.167001
249 1697 0.522196 1.38292 0.167078
250 1703 0.522436 1.38292 0.167206
251 1707 0.522343 1.38292 0.167098
252 1713 0.522361 1.38292 0.167052
253 1715 0.523096 1.45177 0.166914
254 1717 0.523825 1.45177 0.166753
255 1719 0.523827 1.45177 0.166832
256 1720 0.524183 1.45177 0.166789
257 1721 0.524988 1.45177 0.166712
258 1726 0.5248 1.45177 0.166736
259 1730 0.525181 1.45177 0.166711
260 1736 0.525369 1.45177 0.1667
261 1740 0.525292 1.45177 0.166698
262 1742 0.525798 1.45177 0.166647
263 1749 0.52642 1.45177 0.166565
264 1753 0.526737 1.45177 0.166681
265 1756 0.52685 1.45177 0.166651
266 1761 0.527381 1.45177 0.166586
267 1765 0.52776 1.45177 0.166628
268 1768 0.527644 1.45177 0.166796
269 1770 0.527639 1.45177 0.166941
270 1774 0.527502 1.45177 0.166849
271 1774 0.528072 1.45177 0.166847
272 1776 0.528428 1.45177 0.166851
273 1781 0.528386 1.45177 0.166921
274 1787 0.528873 1.89768 0.166855
275 1792 0.528895 1.89768 0.166776
276 1797 0.528451 1.89768 0.16679
277 1800 0.529138 1.89768 0.166862
278 1806 0.528829 1.89768 0.16679
279 1809 0.529041 1.89768 0.166749
280 1813 0.529238 1.89768 0.166831
281 1817 0.530079 1.89768 0.166856
282 1822 0.52972 1.89768 0.166802
283 1825 0.529975 1.89768 0.16683
284 1826 0.530404 1.89768 0.166748
285 1831 0.529834 1.89768 0.166695
286 1832 0.530315 1.89768 0.166615
287 1835 0.53066 1.89768 0.166649
288 1838 0.530795 1.89768 0.166568
289 1839 0.530999 1.89768 0.166628
290 1841 0.531279 1.89768 0.166545
291 1845 0.531845 1.89768 0.166675
292 1849 0.531617 1.89768 0.166576
293 1855 0.531322 1.89768 0.166549
294 1858 0.531427 1.89768 0.166574
295 1860 0.532332 1.89768 0.166584
296 1864 0.532645 1.89768 0.166633
297 1868 0.533312 1.89768 0.166643
298 1870 0.53377 1.89768 0.166613
299 1872 0.535111 1.89768 0.166581
300 1875 0.535031 1.89768 0.166563
301 1876 0.535283 1.89768 0.166661
302 1878 0.535349 1.89768 0.166634
303 1883 0.535684 1.89768 0.166623
304 1886 0.536446 1.89768 0.166511
305 1892 0.536206 1.89768 0.166377
306 1899 0.536487 1.89768 0.166322
307 1901 0.537129 1.89768 0.166296
308 1905 0.537438 1.89768 0.166446
309 1907 0.537653 1.89768 0.166218
310 1910 0.537748 1.89768 0.166221
311 1913 0.53907 1.89768 0.16626
312 1916 0.539653 1.89768 0.16629
313 1918 0.54027 1.89768 0.166294
314 1922 0.540035 1.89768 0.166349
315 1924 0.540474 1.89768 0.166311
316 1925 0.54143 1.89768 0.166205
317 1928 0.541388 1.89768 0.166274
318 1934 0.541265 1.89768 0.166261
319 1936 0.541395 1.89768 0.166241
320 1939 0.542425 1.89768 0.166336
321 1945 0.541852 1.89768 0.166324
322 1948 0.542096 1.89768 0.166301
323 1950 0.54315 1.89768 0.166292
324 1952 0.543461 1.89768 0.166144
325 1954 0.543602 1.89768 0.166132
326 1958 0.543839 1.89768 0.166145
327 1962 0.544433 1.89768 0.166124
328 1965 0.544482 1.89768 0.166113
329 1967 0.545594 1.89768 0.166075
330 1971 0.545915 1.89768 0.165997
331 1973 0.546124 1.89768 0.165874
332 1977 0.546402 1.89768 0.165788
333 1982 0.546271 1.89768 0.165882
334 1985 0.546565 1.89768 0.165883
335 1988 0.546601 1.89768 0.165871
336 1992 0.54628 1.89768 0.165872
337 1992 0.546538 1.89768 0.165821
338 1995 0.547182 1.89768 0.16594
339 1998 0.546748 1.89768 0.165869
340 2001 0.547537 1.89768 0.165762
341 2006 0.548096 1.89768 0.165786
342 2009 0.548295 1.89768 0.165723
343 2013 0.548272 1.89768 0.165793
344 2016 0.548657 1.89768 0.165758
345 2019 0.548924 1.89768 0.165658
346 2022 0.5487 1.89768 0.165675
347 2024 0.548917 1.89768 0.165628
348 2026 0.549152 1.89768 0.165632
349 2029 0.549124 1.89768 0.165631
350 2036 0.549695 2.00718 0.165773
351 2039 0.54968 2.00718 0.16575
352 2041 0.550976 2.00718 0.165882
353 2045 0.551151 2.00718 0.165834
354 2047 0.550911 2.00718 0.165829
355 2049 0.550799 2.00718 0.165741
356 2051 0.550694 2.00718 0.165826
357 2055 0.550344 2.00718 0.165846
358 2058 0.550648 2.00718 0.165801
359 2065 0.550856 2.00718 0.165821
360 2067 0.551481 2.00718 0.16579
361 2072 0.55088 2.00718 0.1658
362 2074 0.551454 2.00718 0.165817
363 2077 0.551112 2.00718 0.165828
364 2080 0.551424 2.00718 0.165883
365 2085 0.552115 2.00718 0.165876
366 2087 0.551935 2.00718 0.16586
367 2092 0.551901 2.00718 0.165896
368 2094 0.551911 2.00718 0.165892
369 2096 0.551969 2.00718 0.165834
370 2100 0.551837 2.00718 0.165911
371 2103 0.551624 2.00718 0.165885
372 2107 0.551858 2.00718 0.165962
373 2111 0.551741 2.00718 0.165931
374 2115 0.55191 2.00718 0.165902
375 2121 0.551342 2.00718 0.165892
376 2123 0.551542 2.00718 0.16592
377 2124 0.55218 2.00718 0.165956
378 2125 0.552742 2.00718 0.165935
379 2127 0.553777 2.00718 0.165886
380 2128 0.553978 2.00718 0.165821
381 2130 0.554404 2.00718 0.16587
382 2136 0.555079 2.00718 0.165871
383 2140 0.555444 2.00718 0.166038
384 2142 0.555443 2.00718 0.166077
385 2145 0.555404 2.00718 0.166005
386 2147 0.555591 2.00718 0.16598
387 2149 0.555438 2.00718 0.16597
388 2150 0.55571 2.00718 0.165914
389 2152 0.555791 2.00718 0.165954
390 2155 0.555883 2.00718 0.16598
391 2156 0.55612 2.00718 0.165966
392 2158 0.555893 2.00718 0.165907
393 2160 0.556514 2.00718 0.165871
394 2163 0.556558 2.00718 0.165795
395 2166 0.556432 2.00718 0.16582
396 2170 0.556116 2.00718 0.165936
397 2174 0.55616 2.00718 0.165938
398 2177 0.556509 2.00718 0.165877
399 2179 0.556561 2.00718 0.165815
400 2181 0.5564 2.00718 0.165774
401 2184 0.556178 2.00718 0.165782
402 2187 0.556244 2.00718 0.165788
403 2189 0.556364 2.00718 0.165812
404 2193 0.556291 2.00718 0.165752
405 2193 0.556527 2.00718 0.165725
406 2197 0.556196 2.00718 0.165731
407 2198 0.556427 2.00718 0.165686
408 2198 0.556889 2.00718 0.165655
409 2199 0.557184 2.00718 0.165603
410 2203 0.557017 2.00718 0.16557
411 2205 0.557798 2.00718 0.165636
412 2207 0.558106 2.00718 0.165571
413 2209 0.558965 2.00718 0.165492
414 2212 0.558803 2.00718 0.16551
415 2213 0.559152 2.00718 0.165479
416 2214 0.558946 2.00718 0.16549
417 2216 0.559836 2.00718 0.165419
418 2219 0.559697 2.00718 0.165357
419 2223 0.55959 2.00718 0.16543
420 2228 0.559366 2.00718 0.165427
421 2231 0.559486 2.00718 0.165397
422 2234 0.559783 2.00718 0.165416
423 2237 0.559475 2.00718 0.165357
424 2241 0.55986 2.00718 0.165346
425 2245 0.559745 2.00718 0.165329
426 2251 0.559381 2.00718 0.165351
427 2253 0.559394 2.00718 0.165338
428 2254 0.559467 2.00718 0.165169
429 2255 0.559865 2.00718 0.165126
430 2259 0.56 2.00718 0.165091
431 2260 0.560208 2.00718 0.165072
432 2260 0.560925 2.00718 0.164935
433 2265 0.561368 2.00718 0.164845
434 2270 0.561106 2.00718 0.164848
435 2274 0.561001 2.00718 0.164833
436 2274 0.561363 2.00718 0.164801
437 2276 0.561706 2.00718 0.164866
438 2280 0.561764 2.00718 0.164878
439 2281 0.561831 2.00718 0.164869
440 2286 0.561711 2.00718 0.164811
441 2290 0.561664 2.00718 0.164848
442 2291 0.56164 2.00718 0.164858
443 2296 0.561548 2.00718 0.164927
444 2299 0.56195 2.00718 0.164846
445 2302 0.561863 2.00718 0.164808
446 2307 0.561526 2.00718 0.164826
447 2307 0.561625 2.00718 0.164826
448 2310 0.561755 2.00718 0.164843
449 2314 0.561805 2.00718 0.164759
450 2315 0.561796 2.00718 0.16477
451 2319 0.561704 2.00718 0.164792
452 2321 0.561807 2.00718 0.164756
453 2323 0.561913 2.00718 0.164686
454 2323 0.562515 2.00718 0.164562
455 2328 0.562588 2.00718 0.164651
456 2333 0.562324 2.00718 0.164582
457 2333 0.562416 2.00718 0.164539
458 2336 0.562797 2.00718 0.164642
459 2337 0.562751 2.00718 0.16456
460 2340 0.562568 2.00718 0.164601
461 2342 0.562884 2.00718 0.164612
462 2343 0.562772 2.00718 0.164592
463 2345 0.562967 2.00718 0.164493
464 2347 0.563203 2.00718 0.164409
465 2352 0.563183 2.00718 0.16441
466 2354 0.563333 2.00718 0.164407
467 2356 0.563522 2.00718 0.164408
468 2358 0.563908 2.00718 0.16436
469 2361 0.563737 2.00718 0.164351
470 2365 0.563948 2.00718 0.16434
471 2367 0.563898 2.00718 0.164311
472 2372 0.563777 2.00718 0.164321
473 2372 0.563832 2.00718 0.16434
474 2375 0.563529 2.00718 0.16422
475 2377 0.564015 2.00718 0.164251
476 2380 0.564172 2.00718 0.164269
477 2383 0.564252 2.00718 0.164268
478 2389 0.564487 2.00718 0.164276
479 2391 0.564897 2.00718 0.164271
480 2397 0.564522 2.00718 0.16423
481 2401 0.564476 2.00718 0.164296
482 2404 0.564621 2.00718 0.164244
483 2406 0.564836 2.00718 0.164251
484 2410 0.564832 2.00718 0.164292
485 2411 0.565018 2.00718 0.164321
486 2411 0.565316 2.00718 0.164307
487 2415 0.565308 2.00718 0.164305
488 2420 0.56569 2.00718 0.164309
489 2426 0.565821 2.00718 0.164295
490 2428 0.565894 2.00718 0.164229
491 2428 0.565894 2.00718 0.164229
492 2430 0.566647 2.00718 0.164176
493 2435 0.566551 2.00718 0.16416
494 2436 0.567227 2.00718 0.164132
495 2439 0.567664 2.00718 0.164079
496 2439 0.567923 2.00718 0.164073
497 2441 0.568316 2.00718 0.164102
498 2443 0.56862 2.00718 0.164196
499 2448 0.568454 2.00718 0.164243
500 2451 0.568383 2.00718 0.164171
501 2453 0.568256 2.00718 0.164084
502 2455 0.568257 2.00718 0.164114
503 2455 0.568525 2.00718 0.164115
504 2456 0.568695 2.00718 0.16408
505 2458 0.568925 2.00718 0.164063
506 2460 0.568995 2.00718 0.164098
507 2461 0.569176 2.00718 0.164147
508 2462 0.569463 2.00718 0.164223
509 2464 0.569603 2.00718 0.164175
510 2465 0.569492 2.00718 0.164161
511 2466 0.569539 2.00718 0.164233
512 2468 0.569636 2.00718 0.164253
513 2470 0.569731 2.00718 0.164223
514 2474 0.569424 2.00718 0.164332
515 2476 0.569629 2.00718 0.164308
516 2478 0.569661 2.00718 0.164285
517 2480 0.570009 2.00718 0.164225
518 2481 0.570185 2.00718 0.164143
519 2481 0.570485 2.00718 0.164202
520 2482 0.570494 2.00718 0.164179
521 2482 0.570706 2.00718 0.164137
522 2482 0.570767 2.00718 0.164112
523 2491 0.570524 2.00718 0.164042
524 2494 0.570427 2.00718 0.164014
525 2496 0.570401 2.00718 0.163977
526 2499 0.570112 2.00718 0.163943
527 2503 0.570652 2.00718 0.163784
528 2506 0.570882 2.00718 0.163806
529 2510 0.570777 2.00718 0.163828
530 2512 0.570979 2.00718 0.163838
531 2515 0.570892 2.00718 0.163849
532 2515 0.570985 2.00718 0.163778
533 2516 0.571569 2.00718 0.163767
534 2516 0.571797 2.00718 0.163772
535 2516 0.571863 2.00718 0.163806
536 2519 0.571864 2.00718 0.163667
537 2521 0.572339 2.00718 0.163745
538 2522 0.572549 2.00718 0.163749
539 2523 0.57272 2.00718 0.163716
540 2524 0.572882 2.00718 0.163746
541 2528 0.573268 2.00718 0.163653
542 2531 0.573203 2.00718 0.163651
543 2532 0.57366 2.00718 0.163641
544 2533 0.574158 2.00718 0.163741
545 2534 0.574166 2.00718 0.163722
546 2534 0.5743 2.00718 0.163727
547 2534 0.574495 2.00718 0.163784
548 2536 0.574657 2.00718 0.163776
549 2538 0.574741 2.00718 0.163805
550 2538 0.574811 2.00718 0.163821
551 2540 0.574647 2.00718 0.163812
552 2542 0.57451 2.00718 0.163815
553 2545 0.574331 2.00718 0.163787
554 2546 0.574255 2.00718 0.163804
555 2546 0.574337 2.00718 0.163773
556 2550 0.573963 2.00718 0.163788
557 2554 0.573796 2.00718 0.163902
558 2554 0.574204 2.00718 0.163917
559 2559 0.574159 2.00718 0.163897
560 2561 0.574264 2.00718 0.163883
561 2563 0.574324 2.00718 0.163857
562 2566 0.574477 2.00718 0.163869
563 2568 0.574814 2.00718 0.163894
564 2568 0.575264 2.00718 0.16392
565 2568 0.57546 2.00718 0.163943
566 2570 0.575592 2.00718 0.163967
567 2571 0.575602 2.00718 0.164002
568 2571 0.575629 2.00718 0.163986
569 2572 0.575852 2.00718 0.164019
570 2573 0.576112 2.00718 0.164027
571 2574 0.576788 2.00718 0.163995
572 2574 0.577079 2.00718 0.163918
573 2574 0.577161 2.00718 0.163861
574 2576 0.57715 2.00718 0.163838
575 2577 0.577751 2.00718 0.163868
576 2579 0.577878 2.00718 0.163865
577 2581 0.577773 2.00718 0.163823
578 2582 0.57775 2.00718 0.163858
579 2585 0.577776 2.00718 0.16391
580 2588 0.577969 2.00718 0.163946
581 2589 0.578152 2.00718 0.163901
582 2591 0.578136 2.00718 0.163893
583 2592 0.57854 2.00718 0.163913
584 2596 0.578435 2.00718 0.163929
585 2596 0.578708 2.00718 0.163884
586 2596 0.578857 2.00718 0.163902
587 2597 0.579377 2.00718 0.163846
588 2598 0.579627 2.00718 0.16383
589 2601 0.579401 2.00718 0.163766
590 2602 0.579683 2.00718 0.163815
591 2606 0.579817 2.00718 0.163835
592 2607 0.579948 2.00718 0.163821
593 2609 0.579907 2.00718 0.163833
594 2611 0.580029 2.00718 0.163876
595 2611 0.580197 2.00718 0.163865
596 2612 0.580717 2.00718 0.163787
597 2614 0.58053 2.00718 0.1638
598 2616 0.580802 2.00718 0.16382
599 2616 0.580937 2.00718 0.163812
600 2621 0.580416 2.00718 0.16379
601 2623 0.580478 2.00718 0.16384
602 2623 0.580571 2.00718 0.163817
603 2625 0.580944 2.00718 0.163769
604 2626 0.581057 2.00718 0.163771
605 2627 0.581184 2.00718 0.163757
606 2628 0.58149 2.00718 0.16369
607 2629 0.581458 2.00718 0.163708
608 2630 0.581579 2.00718 0.163689
609 2631 0.581912 2.00718 0.163665
610 2631 0.582101 2.00718 0.163674
611 2634 0.582414 2.00718 0.163682
612 2634 0.582751 2.00718 0.163752
613 2636 0.582538 2.00718 0.163746
614 2638 0.582841 2.00718 0.16373
615 2639 0.583093 2.00718 0.163694
616 2640 0.583172 2.00718 0.163699
617 2641 0.583283 2.00718 0.163724
618 2644 0.583204 2.00718 0.163697
619 2646 0.583358 2.00718 0.163699
620 2647 0.583524 2.00718 0.163716
621 2648 0.583696 2.00718 0.163697
622 2649 0.58379 2.00718 0.163721
623 2649 0.584333 2.00718 0.163722
624 2651 0.584279 2.00718 0.163677
625 2654 0.584388 2.00718 0.163627
626 2654 0.584378 2.00718 0.163578
627 2655 0.584423 2.00718 0.163607
628 2656 0.584674 2.00718 0.163621
629 2657 0.585673 2.00718 0.163541
630 2660 0.585928 2.00718 0.163401
631 2661 0.585912 2.00718 0.16331
632 2662 0.586068 2.00718 0.163294
633 2663 0.585922 2.00718 0.163285
634 2666 0.585784 2.00718 0.163254
635 2668 0.585659 2.00718 0.163234
636 2671 0.585622 2.00718 0.163277
637 2671 0.585827 2.00718 0.163273
638 2671 0.586507 2.00718 0.163236
639 2673 0.586549 2.00718 0.16329
640 2673 0.587036 2.00718 0.163219
641 2675 0.58736 2.00718 0.163189
642 2676 0.587368 2.00718 0.163148
643 2678 0.587415 2.00718 0.163206
644 2682 0.58697 2.00718 0.16323
645 2685 0.586955 2.00718 0.163081
646 2687 0.586886 2.00718 0.163058
647 2688 0.587088 2.00718 0.163072
648 2691 0.587438 2.00718 0.163028
649 2693 0.58735 2.00718 0.162949
650 2695 0.58761 2.00718 0.162911
651 2697 0.587652 2.00718 0.162939
652 2699 0.587831 2.00718 0.1629
653 2703 0.587552 2.00718 0.162965
654 2706 0.587706 2.00718 0.162939
655 2707 0.587861 2.00718 0.162956
656 2709 0.587777 2.00718 0.162987
657 2710 0.587966 2.00718 0.162951
658 2711 0.588601 2.00718 0.16294
659 2712 0.588903 2.00718 0.162934
660 2715 0.588753 2.00718 0.162988
661 2716 0.589167 2.00718 0.162973
662 2721 0.588959 2.00718 0.162909
663 2722 0.589493 2.00718 0.162819
664 2726 0.589514 2.00718 0.162761
665 2726 0.590051 2.00718 0.162738
666 2727 0.590002 2.00718 0.162765
667 2728 0.589973 2.00718 0.162727
668 2729 0.590187 2.00718 0.162632
669 2730 0.590235 2.00718 0.162609
670 2730 0.590421 2.00718 0.162574
671 2733 0.590777 2.00718 0.162554
672 2736 0.590707 2.00718 0.16259
673 2740 0.590171 2.00718 0.162638
674 2740 0.590497 2.00718 0.162677
675 2744 0.590396 2.00718 0.16267
676 2746 0.590451 2.00718 0.162661
677 2747 0.59079 2.00718 0.162715
678 2748 0.590801 2.00718 0.162726
679 2750 0.590837 2.00718 0.162801
680 2750 0.591072 2.00718 0.162753
681 2750 0.591347 2.00718 0.162805
682 2751 0.591809 2.00718 0.162742
683 2752 0.592073 2.00718 0.162772
684 2753 0.592389 2.00718 0.162833
685 2756 0.592529 2.00718 0.162887
686 2759 0.592367 2.00718 0.162821
687 2761 0.593282 2.00718 0.162842
688 2763 0.593168 2.00718 0.162871
689 2763 0.593419 2.00718 0.162844
690 2765 0.59374 2.00718 0.162875
691 2766 0.593669 2.00718 0.162863
692 2767 0.593768 2.00718 0.16288
693 2768 0.594367 2.00718 0.16284
694 2769 0.594417 2.00718 0.162823
695 2771 0.594678 2.00718 0.162786
696 2771 0.59504 2.00718 0.162794
697 2772 0.595094 2.00718 0.162831
698 2772 0.595358 2.00718 0.162867
699 2772 0.596053 2.00718 0.162827
700 2775 0.596139 2.00718 0.162887
701 2777 0.596525 2.00718 0.162821
702 2778 0.596791 2.00718 0.162772
703 2778 0.596943 2.00718 0.162748
704 2778 0.597279 2.00718 0.162762
705 2779 0.597376 2.00718 0.162799
706 2781 0.597268 2.00718 0.162811
707 2784 0.597153 2.00718 0.162843
708 2787 0.597247 2.00718 0.162879
709 2788 0.597312 2.00718 0.162907
710 2789 0.597382 2.00718 0.162881
711 2791 0.597408 2.00718 0.162881
712 2791 0.597624 2.00718 0.162839
713 2792 0.597622 2.00718 0.16279
714 2794 0.597699 2.00718 0.162846
715 2798 0.597512 2.00718 0.162887
716 2798 0.59769 2.00718 0.162945
717 2800 0.597693 2.00718 0.162912
718 2801 0.597778 2.00718 0.162897
719 2803 0.597907 2.00718 0.162923
720 2805 0.597862 2.00718 0.162885
721 2807 0.597804 2.00718 0.162853
722 2809 0.597508 2.00718 0.162878
723 2810 0.597589 2.00718 0.162948
724 2812 0.59771 2.00718 0.162926
725 2815 0.597601 2.00718 0.162923
726 2816 0.597605 2.00718 0.162928
727 2816 0.597741 2.00718 0.162908
728 2818 0.598057 2.00718 0.162907
729 2819 0.598102 2.00718 0.162903
730 2820 0.598244 2.00718 0.162904
731 2821 0.598135 2.00718 0.162848
732 2821 0.598349 2.00718 0.162845
733 2822 0.598984 2.00718 0.162899
734 2823 0.599114 2.00718 0.1629
735 2826 0.598677 2.00718 0.162874
736 2829 0.599171 2.00718 0.162908
737 2829 0.599333 2.00718 0.162921
738 2829 0.599723 2.00718 0.162955
739 2831 0.600288 2.00718 0.162944
740 2832 0.600291 2.00718 0.162909
741 2833 0.600329 2.00718 0.162855
742 2834 0.600465 2.00718 0.16283
743 2837 0.600381 2.00718 0.16275
744 2838 0.600368 2.00718 0.162755
745 2839 0.60049 2.00718 0.162742
746 2840 0.600507 2.00718 0.162751
747 2841 0.600661 2.00718 0.162663
748 2843 0.600612 2.00718 0.162586
749 2843 0.601063 2.00718 0.162572
750 2843 0.601518 2.00718 0.162623
751 2844 0.601636 2.00718 0.162608
752 2845 0.601557 2.00718 0.162635
753 2845 0.601714 2.00718 0.162622
754 2846 0.601749 2.00718 0.162579
755 2846 0.601908 2.00718 0.162557
756 2849 0.601841 2.00718 0.162563
757 2850 0.601924 2.00718 0.16259
758 2850 0.602176 2.00718 0.162563
759 2851 0.602286 2.00718 0.162627
760 2853 0.602154 2.00718 0.162603
761 2856 0.602029 2.00718 0.162598
762 2857 0.602427 2.00718 0.162593
763 2858 0.602823 2.00718 0.162548
764 2858 0.602879 2.00718 0.162494
765 2862 0.602851 2.00718 0.162511
766 2864 0.603129 2.00718 0.162505
767 2864 0.603144 2.00718 0.162496
768 2864 0.603537 2.00718 0.162476
769 2864 0.603875 2.00718 0.162473
770 2864 0.604352 2.00718 0.16244
771 2866 0.604563 2.00718 0.162384
772 2867 0.604783 2.00718 0.162374
773 2867 0.604861 2.00718 0.162367
774 2870 0.604739 2.00718 0.162337
775 2871 0.604699 2.00718 0.162331
776 2872 0.604732 2.00718 0.162351
777 2875 0.604461 2.00718 0.162398
778 2877 0.604243 2.00718 0.162391
779 2879 0.603941 2.00718 0.16238
780 2879 0.604048 2.00718 0.162406
781 2881 0.604036 2.00718 0.162431
782 2881 0.604039 2.00718 0.16244
783 2883 0.604377 2.00718 0.162426
784 2884 0.604564 2.00718 0.162377
785 2885 0.604478 2.00718 0.162388
786 2887 0.604773 2.00718 0.162422
787 2887 0.604974 2.00718 0.162432
788 2888 0.604971 2.00718 0.1624
789 2890 0.605465 2.00718 0.162356
790 2890 0.605647 2.00718 0.162332
791 2891 0.605685 2.00718 0.16235
792 2892 0.606119 2.00718 0.162341
793 2892 0.606338 2.00718 0.162336
794 2895 0.606252 2.00718 0.162296
795 2896 0.606291 2.00718 0.162277
796 2897 0.606353 2.00718 0.162286
797 2901 0.60624 2.00718 0.162266
798 2904 0.606335 2.00718 0.162242
799 2905 0.606669 2.00718 0.16222
800 2905 0.606972 2.00718 0.162254
801 2906 0.607227 2.00718 0.162305
802 2909 0.607402 2.00718 0.162322
803 2909 0.607802 2.00718 0.162306
804 2909 0.607895 2.00718 0.162318
805 2910 0.608147 2.00718 0.16235
806 2910 0.608325 2.00718 0.162306
807 2911 0.60829 2.00718 0.162291
808 2913 0.608469 2.00718 0.162277
809 2916 0.608372 2.00718 0.162324
810 2918 0.608531 2.00718 0.162384
811 2920 0.608458 2.00718 0.162453
812 2922 0.608434 2.00718 0.162415
813 2922 0.608659 2.00718 0.162378
814 2924 0.608363 2.00718 0.162365
815 2924 0.608501 2.00718 0.162367
816 2925 0.608556 2.00718 0.162345
817 2926 0.608586 2.00718 0.162318
818 2926 0.608923 2.00718 0.162275
819 2928 0.609161 2.00718 0.162231
820 2929 0.609092 2.00718 0.162226
821 2930 0.609511 2.1143 0.162224
822 2931 0.60954 2.1143 0.162174
823 2933 0.609553 2.1143 0.162185
824 2937 0.609222 2.1143 0.162251
825 2937 0.609842 2.1143 0.162343
826 2937 0.60996 2.1143 0.162259
827 2939 0.609745 2.1143 0.162286
828 2939 0.610001 2.1143 0.162286
829 2940 0.609994 2.1143 0.162278
830 2942 0.610585 2.1143 0.162265
831 2944 0.610614 2.1143 0.16225
832 2947 0.61042 2.1143 0.162186
833 2949 0.610595 2.1143 0.162196
834 2950 0.610926 2.1143 0.16212
835 2952 0.611444 2.1143 0.162193
836 2953 0.611754 2.1143 0.162238
837 2954 0.611898 2.1143 0.162216
838 2955 0.611906 2.1143 0.16222
839 2955 0.612079 2.1143 0.162222
840 2956 0.61244 2.1143 0.162244
841 2957 0.612536 2.1143 0.162222
842 2959 0.612468 2.1143 0.162159
843 2959 0.612825 2.1143 0.162129
844 2961 0.612597 2.1143 0.162131
845 2962 0.612796 2.1143 0.162111
846 2964 0.612877 2.1143 0.162035
847 2964 0.613262 2.1143 0.162016
848 2965 0.613569 2.1143 0.162042
849 2966 0.613825 2.1143 0.161939
850 2967 0.614071 2.1143 0.161986
851 2967 0.614149 2.1143 0.161959
852 2969 0.61394 2.1143 0.16198
853 2970 0.614098 2.1143 0.161954
854 2971 0.614047 2.1143 0.161934
855 2972 0.613981 2.1143 0.161947
856 2973 0.613974 2.1143 0.161919
857 2973 0.614226 2.1143 0.16192
858 2973 0.614538 2.1143 0.161888
859 2973 0.614951 2.1143 0.161859
860 2973 0.615044 2.1143 0.161855
861 2974 0.615761 2.138 0.161811
862 2974 0.615849 2.138 0.16187
863 2975 0.616022 2.138 0.161908
864 2976 0.616056 2.138 0.161857
865 2977 0.616167 2.138 0.161861
866 2977 0.616507 2.138 0.161874
867 2979 0.616626 2.138 0.161878
868 2979 0.616894 2.138 0.1619
869 2982 0.616965 2.138 0.161895
870 2982 0.616963 2.138 0.161885
871 2986 0.616676 2.138 0.16195
872 2987 0.616724 2.138 0.16198
873 2987 0.616914 2.138 0.162047
874 2987 0.617333 2.138 0.162082
875 2988 0.617348 2.138 0.162088
876 2990 0.617281 2.138 0.162103
877 2991 0.617355 2.138 0.162061
878 2991 0.617469 2.138 0.162041
879 2992 0.617497 2.138 0.162048
880 2992 0.617684 2.138 0.162054
881 2993 0.61804 2.138 0.161998
882 2995 0.618278 2.138 0.162019
883 2995 0.61842 2.138 0.162039
884 2997 0.618369 2.138 0.162031
885 2998 0.618502 2.138 0.16202
886 2999 0.618669 2.138 0.162071
887 2999 0.619036 2.138 0.162084
888 3002 0.618852 2.138 0.162089
889 3003 0.619166 2.138 0.162041
890 3005 0.619336 2.138 0.162027
891 3007 0.619517 2.138 0.161989
892 3009 0.619404 2.138 0.162028
893 3009 0.619732 2.138 0.162052
894 3010 0.619737 2.138 0.162033
895 3011 0.619814 2.138 0.161989
896 3011 0.61992 2.138 0.161963
897 3012 0.620292 2.138 0.161966
898 3012 0.620624 2.138 0.161993
899 3014 0.620571 2.138 0.161969
900 3014 0.621141 2.138 0.162011
901 3016 0.621429 2.138 0.161942
902 3018 0.621231 2.138 0.161957
903 3019 0.621525 2.138 0.161987
904 3020 0.621573 2.138 0.161984
905 3020 0.621698 2.138 0.161987
906 3022 0.62208 2.138 0.161935
907 3024 0.622404 2.138 0.161928
908 3026 0.622249 2.138 0.161946
909 3027 0.622386 2.138 0.16198
910 3027 0.62258 2.138 0.161987
911 3028 0.622631 2.138 0.161994
912 3029 0.622762 2.138 0.162015
913 3032 0.622656 2.138 0.162008
914 3034 0.622744 2.138 0.162001
915 3035 0.622767 2.138 0.162016
916 3035 0.623078 2.138 0.162012
917 3037 0.623277 2.138 0.161993
918 3038 0.623295 2.138 0.161935
919 3038 0.623396 2.138 0.161925
920 3038 0.62374 2.138 0.161895
921 3038 0.623988 2.138 0.161866
922 3039 0.624097 2.138 0.16184
923 3040 0.623961 2.138 0.161848
924 3041 0.624087 2.138 0.161826
925 3041 0.62454 2.138 0.161842
926 3041 0.624562 2.138 0.161852
927 3043 0.625158 2.138 0.161847
928 3044 0.62531 2.138 0.161844
929 3044 0.625542 2.138 0.161804
930 3045 0.625546 2.138 0.161812
931 3045 0.625728 2.138 0.16181
932 3046 0.625813 2.138 0.161823
933 3047 0.625973 2.138 0.161803
934 3048 0.625943 2.138 0.161815
935 3050 0.626128 2.138 0.161899
936 3053 0.626215 2.138 0.161897
937 3056 0.626421 2.138 0.161878
938 3058 0.626755 2.138 0.16191
939 3058 0.627069 2.138 0.161995
940 3061 0.627079 2.138 0.16198
941 3061 0.627171 2.138 0.162013
942 3061 0.627298 2.138 0.161992
943 3064 0.627217 2.138 0.16199
944 3065 0.6272 2.138 0.161917
945 3065 0.627395 2.138 0.161889
946 3065 0.627519 2.138 0.161856
947 3065 0.62766 2.138 0.161884
948 3065 0.627897 2.138 0.161894
949 3065 0.628039 2.138 0.161877
950 3067 0.627969 2.138 0.161884
951 3068 0.628197 2.138 0.16193
952 3070 0.62819 2.138 0.161905
953 3071 0.628274 2.138 0.161902
954 3071 0.628445 2.138 0.161867
955 3072 0.628805 2.138 0.161946
956 3073 0.628972 2.138 0.161939
957 3074 0.628901 2.138 0.161935
958 3074 0.628964 2.138 0.161936
959 3074 0.629288 2.138 0.161999
960 3076 0.629619 2.138 0.161944
961 3078 0.629845 2.138 0.161962
962 3078 0.630238 2.138 0.161972
963 3080 0.630238 2.138 0.161951
964 3081 0.630556 2.138 0.161958
965 3082 0.630524 2.138 0.16194
966 3082 0.630826 2.138 0.161897
967 3083 0.630907 2.138 0.161894
968 3084 0.630996 2.138 0.161885
969 3084 0.631185 2.138 0.161846
970 3085 0.631056 2.138 0.1618
971 3086 0.631041 2.138 0.161794
972 3087 0.631155 2.138 0.161774
973 3087 0.6312 2.138 0.161801
974 3087 0.631297 2.138 0.161786
975 3088 0.631245 2.138 0.161784
976 3089 0.631524 2.138 0.161763
977 3090 0.631842 2.138 0.161767
978 3090 0.631892 2.138 0.16173
979 3090 0.631916 2.138 0.161719
980 3093 0.63185 2.138 0.161759
981 3094 0.632263 2.138 0.161753
982 3095 0.632326 2.138 0.161738
983 3095 0.632445 2.138 0.161739
984 3095 0.632505 2.138 0.161703
985 3097 0.632472 2.138 0.161705
986 3097 0.632496 2.138 0.161707
987 3098 0.63238 2.138 0.161728
988 3100 0.63225 2.138 0.161757
989 3103 0.632477 2.138 0.161775
990 3104 0.63257 2.138 0.161741
991 3106 0.632848 2.138 0.161743
992 3107 0.632989 2.138 0.161694
993 3109 0.63379 2.138 0.16169
994 3110 0.634353 2.138 0.161683
995 3112 0.634074 2.138 0.161711
996 3114 0.634428 2.138 0.161713
997 3115 0.634577 2.138 0.161716
998 3118 0.634363 2.138 0.161692
999 3120 0.634391 2.138 0.16168
1000 3123 0.634109 2.138 0.16167
1001 3123 0.634258 2.138 0.161668
1002 3123 0.634466 2.138 0.161672
1003 3126 0.634218 2.138 0.161699
1004 3126 0.634279 2.138 0.161683
1005 3126 0.63451 2.138 0.161702
1006 3126 0.634631 2.138 0.161757
1007 3127 0.635066 2.138 0.161718
1008 3127 0.635177 2.138 0.16168
1009 3127 0.635404 2.138 0.161669
1010 3130 0.635198 2.138 0.16174
1011 3130 0.63533 2.138 0.161745
1012 3130 0.635517 2.138 0.161722
1013 3133 0.635663 2.138 0.161762
1014 3133 0.635882 2.138 0.16172
1015 3133 0.635868 2.138 0.161694
1016 3134 0.635854 2.138 0.161659
1017 3138 0.635627 2.138 0.161659
1018 3139 0.635541 2.138 0.161657
1019 3140 0.635635 2.138 0.161672
1020 3140 0.63575 2.138 0.161645
1021 3140 0.63661 2.16222 0.161657
1022 3143 0.636281 2.16222 0.161636
1023 3143 0.63647 2.16222 0.161632
1024 3143 0.636474 2.16222 0.161604
1025 3145 0.63677 2.16222 0.161667
1026 3145 0.636773 2.16222 0.161661
1027 3145 0.637203 2.16222 0.161677
1028 3145 0.637769 2.16222 0.161627
1029 3147 0.637824 2.16222 0.161603
1030 3147 0.638022 2.16222 0.161612
1031 3148 0.638027 2.16222 0.1616
1032 3149 0.63807 2.16222 0.161602
1033 3150 0.638005 2.16222 0.161572
1034 3150 0.638087 2.16222 0.161569
1035 3151 0.63833 2.16222 0.161534
1036 3152 0.638313 2.16222 0.16154
1037 3152 0.638344 2.16222 0.161529
1038 3152 0.638712 2.16222 0.161538
1039 3153 0.638787 2.16222 0.161541
1040 3153 0.638813 2.16222 0.161487
1041 3153 0.639077 2.16222 0.161477
1042 3153 0.639479 2.16222 0.161457
1043 3153 0.63952 2.16222 0.161457
1044 3154 0.639659 2.16222 0.161444
1045 3154 0.639931 2.16222 0.161433
1046 3155 0.64003 2.16222 0.161402
1047 3157 0.640306 2.16222 0.161374
1048 3158 0.640778 2.16222 0.161343
1049 3158 0.640885 2.16222 0.161341
1050 3159 0.640984 2.16222 0.161349
1051 3159 0.641073 2.16222 0.161375
1052 3159 0.641107 2.16222 0.161362
1053 3160 0.641267 2.16222 0.161327
1054 3160 0.641303 2.16222 0.161326
1055 3160 0.641342 2.16222 0.161311
1056 3160 0.641575 2.16222 0.161355
1057 3160 0.641872 2.16222 0.161322
1058 3160 0.642028 2.16222 0.161378
1059 3160 0.642578 2.16222 0.16138
1060 3162 0.64233 2.16222 0.161405
1061 3165 0.64223 2.16222 0.16142
1062 3165 0.642365 2.16222 0.161379
1063 3166 0.642472 2.16222 0.161359
1064 3167 0.642347 2.16222 0.161375
1065 3169 0.642374 2.16222 0.161337
1066 3169 0.642408 2.16222 0.161292
1067 3169 0.642859 2.16222 0.161305
1068 3169 0.643082 2.16222 0.161264
1069 3170 0.643074 2.16222 0.161283
1070 3171 0.643175 2.16222 0.161303
1071 3172 0.643295 2.16222 0.161313
1072 3172 0.643539 2.16222 0.161327
1073 3174 0.64377 2.16222 0.161345
1074 3175 0.643872 2.16222 0.16136
1075 3175 0.644176 2.16222 0.161371
1076 3177 0.644011 2.16222 0.161385
1077 3177 0.644152 2.16222 0.161411
1078 3177 0.644322 2.16222 0.16137
1079 3177 0.644611 2.16222 0.161332
1080 3177 0.644624 2.16222 0.161323
1081 3177 0.644789 2.16222 0.161291
1082 3177 0.644826 2.16222 0.161298
1083 3177 0.645407 2.16222 0.161327
1084 3178 0.645568 2.16222 0.16135
1085 3179 0.645805 2.16222 0.161324
1086 3179 0.645963 2.16222 0.161272
1087 3179 0.64613 2.16222 0.161308
1088 3179 0.646261 2.16222 0.161286
1089 3180 0.64632 2.16222 0.161313
1090 3180 0.646722 2.16222 0.161334
1091 3181 0.647268 2.16222 0.161263
1092 3182 0.647205 2.16222 0.161241
1093 3184 0.647234 2.16222 0.161264
1094 3184 0.647357 2.16222 0.161283
1095 3185 0.647442 2.16222 0.161261
1096 3187 0.647462 2.16222 0.161234
1097 3187 0.647578 2.16222 0.161215
1098 3189 0.647352 2.16222 0.161211
1099 3190 0.64756 2.16222 0.161226
1100 3190 0.647611 2.16222 0.161196
1101 3190 0.647722 2.16222 0.161217
1102 3190 0.64832 2.16222 0.161213
1103 3192 0.648541 2.16222 0.161216
1104 3192 0.6488 2.16222 0.161195
1105 3193 0.648967 2.16222 0.161258
1106 3193 0.649099 2.16222 0.161261
1107 3193 0.649106 2.16222 0.161237
1108 3196 0.648746 2.16222 0.161277
1109 3197 0.648732 2.16222 0.16127
1110 3199 0.648823 2.16222 0.161278
1111 3199 0.649025 2.16222 0.161276
1112 3200 0.649173 2.16222 0.161273
1113 3202 0.649612 2.16222 0.161185
1114 3203 0.649802 2.16222 0.161172
1115 3203 0.650171 2.16222 0.161086
1116 3204 0.650174 2.16222 0.161013
1117 3204 0.650436 2.16222 0.161019
1118 3204 0.65043 2.16222 0.160996
1119 3206 0.650413 2.16222 0.160962
1120 3206 0.650545 2.16222 0.160919
1121 3207 0.650649 2.16222 0.160935
1122 3207 0.650802 2.16222 0.160931
1123 3207 0.650974 2.16222 0.160912
1124 3207 0.651141 2.16222 0.160944
1125 3207 0.651223 2.16222 0.16095
1126 3208 0.651297 2.16222 0.160963
1127 3208 0.651387 2.16222 0.160934
1128 3211 0.651095 2.16222 0.160884
1129 3213 0.651658 2.16222 0.160837
1130 3213 0.651895 2.16222 0.160737
1131 3213 0.651975 2.16222 0.16071
1132 3213 0.65217 2.16222 0.160716
1133 3214 0.652328 2.16222 0.16073
1134 3214 0.652704 2.16222 0.16067
1135 3214 0.652927 2.16222 0.160686
1136 3215 0.653159 2.16222 0.16068
1137 3215 0.653263 2.16222 0.160691
1138 3216 0.6534 2.16222 0.160697
1139 3216 0.653485 2.16222 0.160749
1140 3218 0.653419 2.16222 0.160827
1141 3218 0.653505 2.16222 0.160875
1142 3221 0.653571 2.16222 0.160904
1143 3223 0.653986 2.16222 0.160859
1144 3223 0.654092 2.16222 0.160875
1145 3223 0.654286 2.16222 0.160839
1146 3224 0.654497 2.16222 0.160823
1147 3225 0.654709 2.16222 0.160842
1148 3225 0.654795 2.16222 0.160867
1149 3225 0.655103 2.16222 0.160807
1150 3227 0.655134 2.16222 0.16078
1151 3229 0.655094 2.16222 0.160752
1152 3229 0.655272 2.16222 0.160732
1153 3230 0.655199 2.16222 0.160752
1154 3230 0.655441 2.16222 0.160733
1155 3230 0.655876 2.16222 0.160791
1156 3231 0.656194 2.16222 0.160738
1157 3231 0.656246 2.16222 0.160745
1158 3234 0.656004 2.16222 0.160712
1159 3236 0.656029 2.16222 0.160698
1160 3236 0.656376 2.16222 0.160722
1161 3237 0.65648 2.16222 0.160682
1162 3239 0.65658 2.16222 0.160693
1163 3239 0.656737 2.16222 0.160674
1164 3242 0.656465 2.16222 0.160662
1165 3243 0.656427 2.16222 0.160664
1166 3243 0.656665 2.16222 0.160696
1167 3245 0.65668 2.16222 0.160703
1168 3245 0.657068 2.16222 0.160628
1169 3246 0.657057 2.16222 0.160607
1170 3247 0.657029 2.16222 0.160591
1171 3247 0.657105 2.16222 0.160601
1172 3248 0.657058 2.16222 0.160588
1173 3249 0.657334 2.16222 0.160597
1174 3250 0.657534 2.16222 0.160587
1175 3251 0.657488 2.16222 0.160573
1176 3252 0.657697 2.16222 0.16058
1177 3254 0.65765 2.16222 0.160577
1178 3255 0.657737 2.16222 0.160574
1179 3255 0.658022 2.16222 0.1606
1180 3255 0.658341 2.16222 0.160625
1181 3256 0.658576 2.16222 0.16058
1182 3256 0.658838 2.16222 0.16051
1183 3257 0.658949 2.16222 0.160507
1184 3257 0.658956 2.16222 0.160505
1185 3258 0.659162 2.16222 0.160523
1186 3258 0.659443 2.16222 0.160522
1187 3260 0.659521 2.16222 0.160509
1188 3261 0.660212 2.16222 0.160459
1189 3261 0.660497 2.16222 0.160397
1190 3262 0.660471 2.16222 0.160395
1191 3262 0.660551 2.16222 0.160368
1192 3263 0.660587 2.16222 0.160382
1193 3263 0.66079 2.16222 0.160404
1194 3264 0.660967 2.16222 0.160401
1195 3265 0.660941 2.16222 0.160444
1196 3266 0.661124 2.16222 0.160428
1197 3266 0.661479 2.16222 0.160458
1198 3267 0.661625 2.16222 0.160481
1199 3268 0.661805 2.16222 0.160514
1200 3268 0.661857 2.16222 0.160505
1201 3268 0.661898 2.16222 0.160508
1202 3271 0.661547 2.16222 0.160557
1203 3271 0.661923 2.16222 0.160566
1204 3272 0.661961 2.16222 0.160598
1205 3272 0.66212 2.16222 0.160544
1206 3272 0.662294 2.16222 0.160563
1207 3274 0.662278 2.16222 0.160556
1208 3277 0.66241 2.16222 0.160551
1209 3279 0.662452 2.16222 0.160557
1210 3279 0.662718 2.16222 0.160586
1211 3279 0.662805 2.16222 0.16059
1212 3279 0.662797 2.16222 0.160557
1213 3280 0.662772 2.16222 0.160539
1214 3280 0.66291 2.16222 0.160557
1215 3281 0.662841 2.16222 0.160523
1216 3283 0.662856 2.16222 0.160508
1217 3283 0.663094 2.16222 0.16054
1218 3283 0.663437 2.16222 0.160484
1219 3283 0.663651 2.16222 0.160457
1220 3283 0.663671 2.16222 0.160435
1221 3284 0.663606 2.16222 0.160411
1222 3284 0.663614 2.16222 0.160407
1223 3284 0.663999 2.16222 0.160413
1224 3285 0.664497 2.16222 0.160421
1225 3285 0.664706 2.16222 0.160369
1226 3287 0.664508 2.16222 0.160377
1227 3287 0.664747 2.16222 0.160397
1228 3288 0.664766 2.16222 0.160385
1229 3288 0.665214 2.16222 0.160432
1230 3291 0.664987 2.16222 0.160437
1231 3291 0.66507 2.16222 0.160455
1232 3293 0.664976 2.16222 0.160491
1233 3293 0.665072 2.16222 0.160512
1234 3293 0.665256 2.16222 0.160489
1235 3293 0.665255 2.16222 0.160493
1236 3294 0.665317 2.16222 0.160487
1237 3295 0.665442 2.16222 0.160429
1238 3296 0.66561 2.16222 0.160436
1239 3297 0.665615 2.16222 0.160439
1240 3299 0.665547 2.16222 0.160448
1241 3300 0.666 2.16222 0.160424
1242 3301 0.666281 2.16222 0.160471
1243 3302 0.666413 2.16222 0.160472
1244 3302 0.666413 2.16222 0.160471
1245 3302 0.666701 2.16222 0.160492
1246 3303 0.666608 2.16222 0.160493
1247 3303 0.666865 2.16222 0.160514
1248 3304 0.66744 2.16222 0.1605
1249 3304 0.667537 2.16222 0.16048
1250 3307 0.667298 2.16222 0.160491
1251 3307 0.667507 2.16222 0.160511
1252 3308 0.667548 2.16222 0.160504
1253 3309 0.667783 2.16222 0.160488
1254 3309 0.668057 2.16222 0.160511
1255 3309 0.668383 2.16222 0.160483
1256 3309 0.668651 2.16222 0.160454
1257 3309 0.669002 2.16222 0.160438
1258 3310 0.669354 2.16222 0.160371
1259 3311 0.669753 2.16222 0.160427
1260 3313 0.6697 2.16222 0.160445
1261 3314 0.669969 2.16222 0.160403
1262 3316 0.669962 2.16222 0.160404
1263 3316 0.670397 2.16222 0.160376
1264 3317 0.670322 2.16222 0.160324
1265 3317 0.670711 2.16222 0.160315
1266 3317 0.670771 2.16222 0.160329
1267 3318 0.670788 2.16222 0.160373
1268 3318 0.670871 2.16222 0.160389
1269 3319 0.67122 2.16222 0.160435
1270 3320 0.671375 2.16222 0.160456
1271 3321 0.671721 2.16222 0.160462
1272 3322 0.671701 2.16222 0.160438
1273 3322 0.671725 2.16222 0.16043
1274 3322 0.6719 2.16222 0.160413
1275 3323 0.672558 2.16222 0.160393
1276 3323 0.672934 2.16222 0.160375
1277 3324 0.673033 2.16222 0.160354
1278 3324 0.6732 2.16222 0.160335
1279 3327 0.673235 2.16222 0.160317
1280 3329 0.673669 2.16222 0.160264
1281 3330 0.67371 2.16222 0.160258
1282 3331 0.673816 2.16222 0.160245
1283 3332 0.673684 2.16222 0.160242
1284 3334 0.673556 2.16222 0.160226
1285 3334 0.673702 2.16222 0.160219
1286 3335 0.673719 2.16222 0.160234
1287 3335 0.673927 2.16222 0.160181
1288 3335 0.674309 2.16222 0.160153
1289 3335 0.67445 2.16222 0.160157
1290 3337 0.674397 2.16222 0.160177
1291 3337 0.674508 2.16222 0.160153
1292 3337 0.674722 2.16222 0.160158
1293 3337 0.674994 2.16222 0.160177
1294 3337 0.675006 2.16222 0.160145
1295 3337 0.675042 2.16222 0.160122
1296 3337 0.675203 2.16222 0.160104
1297 3337 0.675203 2.16222 0.160104
1298 3337 0.675447 2.16222 0.160013
1299 3337 0.675485 2.16222 0.160007
1300 3337 0.67562 2.16222 0.159988
1301 3337 0.675666 2.16222 0.159975
1302 3338 0.67608 2.16222 0.159914
1303 3338 0.676139 2.16222 0.159931
1304 3341 0.676359 2.16222 0.159908
1305 3343 0.676216 2.16222 0.159901
1306 3343 0.676444 2.16222 0.159889
1307 3344 0.676522 2.21669 0.159863
1308 3344 0.67665 2.21669 0.15988
1309 3345 0.676733 2.30288 0.159891
1310 3345 0.676768 2.30288 0.159899
1311 3345 0.676868 2.30288 0.159896
1312 3346 0.676929 2.30288 0.159919
1313 3346 0.67722 2.30288 0.159945
1314 3346 0.677255 2.30288 0.159942
1315 3348 0.677505 2.30288 0.159972
1316 3349 0.67765 2.30288 0.159963
1317 3350 0.677774 2.30288 0.159911
1318 3352 0.678016 2.30288 0.159839
1319 3355 0.677861 2.30288 0.159827
1320 3357 0.678338 2.30288 0.159811
1321 3358 0.678495 2.30288 0.159824
1322 3358 0.67854 2.30288 0.159802
1323 3358 0.678819 2.30288 0.15984
1324 3358 0.679448 2.30288 0.159855
1325 3361 0.679325 2.30288 0.159891
1326 3361 0.679458 2.30288 0.159883
1327 3363 0.679578 2.30288 0.159901
1328 3363 0.679709 2.30288 0.159914
1329 3363 0.679744 2.30288 0.159896
1330 3364 0.679674 2.30288 0.159908
1331 3364 0.67985 2.30288 0.159901
1332 3364 0.679989 2.30288 0.15985
1333 3364 0.68033 2.30288 0.159784
1334 3367 0.680195 2.30288 0.159775
1335 3369 0.680547 2.30288 0.159713
1336 3369 0.68059 2.30288 0.159694
1337 3369 0.680878 2.30288 0.159689
1338 3369 0.681188 2.30288 0.159679
1339 3369 0.681354 2.30288 0.159632
1340 3369 0.681527 2.30288 0.159599
1341 3369 0.681915 2.30288 0.159579
1342 3369 0.682155 2.30288 0.159576
1343 3369 0.682212 2.30288 0.159526
1344 3369 0.682519 2.30288 0.159504
1345 3370 0.682809 2.30288 0.159514
1346 3370 0.682919 2.30288 0.159505
1347 3370 0.68295 2.30288 0.159527
1348 3370 0.683344 2.30288 0.159512
1349 3370 0.683371 2.30288 0.159497
1350 3370 0.683693 2.30288 0.159495
1351 3371 0.683719 2.30288 0.159515
1352 3371 0.683734 2.30288 0.159514
1353 3372 0.683757 2.30288 0.15953
1354 3373 0.683799 2.30288 0.15951
1355 3373 0.684032 2.30288 0.159509
1356 3373 0.684059 2.30288 0.159533
1357 3373 0.684159 2.30288 0.159534
1358 3373 0.684792 2.30288 0.159532
1359 3374 0.684735 2.30288 0.159528
1360 3374 0.684946 2.30288 0.159529
1361 3376 0.684753 2.30288 0.159542
1362 3376 0.685193 2.30288 0.159482
1363 3378 0.685224 2.30288 0.15949
1364 3379 0.685422 2.30288 0.159459
1365 3382 0.685334 2.30288 0.159466
1366 3382 0.685972 2.30288 0.159492
1367 3383 0.68592 2.30288 0.159495
1368 3383 0.686033 2.30288 0.159466
1369 3384 0.686162 2.30288 0.159496
1370 3384 0.686163 2.30288 0.159475
1371 3385 0.686172 2.30288 0.159502
1372 3386 0.686194 2.30288 0.159527
1373 3386 0.686247 2.30288 0.1595
1374 3387 0.686204 2.30288 0.159502
1375 3387 0.686355 2.30288 0.159493
1376 3387 0.68652 2.30288 0.159502
1377 3388 0.686472 2.30288 0.159528
1378 3388 0.686482 2.30288 0.159534
1379 3388 0.686489 2.30288 0.159475
1380 3388 0.686638 2.30288 0.159501
1381 3388 0.686686 2.30288 0.159493
1382 3389 0.686613 2.30288 0.159473
1383 3390 0.686724 2.30288 0.15947
1384 3391 0.686737 2.30288 0.159467
1385 3391 0.686813 2.30288 0.159448
1386 3392 0.686829 2.30288 0.15948
1387 3393 0.686802 2.30288 0.159449
1388 3393 0.686919 2.30288 0.159404
1389 3395 0.686907 2.30288 0.159383
1390 3395 0.68696 2.30288 0.159387
1391 3396 0.687108 2.30288 0.159373
1392 3396 0.687423 2.30288 0.15936
1393 3398 0.687373 2.30288 0.159387
1394 3399 0.687671 2.30288 0.159394
1395 3399 0.68808 2.30288 0.159398
1396 3399 0.688145 2.30288 0.159415
1397 3400 0.688587 2.30288 0.159408
1398 3401 0.688519 2.30288 0.159395
1399 3402 0.688708 2.30288 0.159388
1400 3403 0.688953 2.30288 0.159372
1401 3403 0.689242 2.30288 0.159362
1402 3403 0.689422 2.30288 0.159345
1403 3404 0.689306 2.30288 0.159312
1404 3404 0.689437 2.30288 0.159345
1405 3404 0.689638 2.30288 0.159372
1406 3404 0.689743 2.30288 0.159348
1407 3404 0.689999 2.30288 0.159404
1408 3406 0.689806 2.30288 0.159398
1409 3406 0.689976 2.30288 0.159373
1410 3408 0.689779 2.30288 0.15937
1411 3408 0.690127 2.30288 0.159369
1412 3408 0.690422 2.30288 0.159455
1413 3409 0.690339 2.30288 0.159475
1414 3409 0.690558 2.30288 0.159492
1415 3409 0.690957 2.30288 0.159538
1416 3411 0.690783 2.30288 0.159558
1417 3412 0.690989 2.30288 0.159568
1418 3412 0.690989 2.30288 0.159568
1419 3412 0.691119 2.30288 0.159535
1420 3413 0.691007 2.30288 0.159524
1421 3413 0.691044 2.37932 0.159523
1422 3413 0.691134 2.37932 0.159547
1423 3413 0.691353 2.37932 0.159529
1424 3413 0.691401 2.37932 0.159533
1425 3414 0.691262 2.37932 0.159541
1426 3415 0.691552 2.37932 0.159492
1427 3415 0.691553 2.37932 0.159491
1428 3415 0.691658 2.37932 0.159492
1429 3415 0.691757 2.37932 0.159494
1430 3415 0.69191 2.37932 0.15951
1431 3415 0.691988 2.37932 0.159481
1432 3415 0.692091 2.37932 0.159475
1433 3415 0.692209 2.37932 0.159455
1434 3416 0.692192 2.37932 0.159491
1435 3417 0.692407 2.37932 0.159451
1436 3417 0.692791 2.37932 0.159459
1437 3417 0.693028 2.37932 0.159494
1438 3417 0.693239 2.37932 0.159477
1439 3418 0.693148 2.37932 0.159491
1440 3419 0.693124 2.37932 0.159505
1441 3419 0.693332 2.37932 0.159529
1442 3419 0.693571 2.37932 0.159564
1443 3422 0.693545 2.37932 0.15955
1444 3422 0.693714 2.37932 0.159526
1445 3422 0.693957 2.37932 0.159553
1446 3422 0.694024 2.37932 0.159494
1447 3422 0.694212 2.37932 0.159482
1448 3422 0.694616 2.37932 0.159472
1449 3423 0.695204 2.37932 0.159467
1450 3423 0.695542 2.37932 0.159422
1451 3423 0.695783 2.37932 0.159446
1452 3425 0.695955 2.37932 0.159464
1453 3426 0.695889 2.37932 0.159475
1454 3427 0.696268 2.37932 0.159544
1455 3427 0.696756 2.37932 0.159529
1456 3427 0.696821 2.37932 0.159513
1457 3429 0.696691 2.37932 0.159505
1458 3430 0.697092 2.37932 0.159508
1459 3430 0.697237 2.37932 0.159519
1460 3432 0.69736 2.37932 0.159519
1461 3433 0.697419 2.37932 0.159531
1462 3433 0.69765 2.37932 0.159531
1463 3436 0.697288 2.37932 0.159479
1464 3436 0.697357 2.37932 0.159463
1465 3437 0.697377 2.37932 0.159459
1466 3438 0.697735 2.37932 0.159468
1467 3438 0.697807 2.37932 0.159469
1468 3439 0.698073 2.37932 0.159409
1469 3439 0.698312 2.37932 0.159394
1470 3440 0.698307 2.37932 0.159427
1471 3440 0.698632 2.37932 0.15941
1472 3440 0.698802 2.37932 0.159374
1473 3441 0.69898 2.37932 0.159383
1474 3442 0.699042 2.37932 0.159307
1475 3442 0.699391 2.37932 0.159342
1476 3442 0.699396 2.37932 0.159347
1477 3442 0.699445 2.37932 0.159316
1478 3442 0.699515 2.37932 0.159274
1479 3442 0.699537 2.37932 0.159267
1480 3442 0.699602 2.37932 0.159229
1481 3442 0.699705 2.37932 0.159248
1482 3442 0.699722 2.37932 0.159242
1483 3442 0.699853 2.37932 0.15925
1484 3443 0.70039 2.37932 0.159209
1485 3444 0.700503 2.37932 0.159213
1486 3445 0.700525 2.37932 0.159219
1487 3445 0.700621 2.37932 0.159188
1488 3446 0.700645 2.37932 0.159176
1489 3446 0.700706 2.37932 0.159212
1490 3446 0.700733 2.37932 0.159196
1491 3447 0.700804 2.37932 0.159218
1492 3450 0.700458 2.37932 0.159244
1493 3451 0.700832 2.37932 0.159273
1494 3452 0.700817 2.37932 0.159245
1495 3452 0.701142 2.37932 0.159224
1496 3452 0.701485 2.37932 0.159203
1497 3452 0.701561 2.37932 0.159184
1498 3454 0.701272 2.37932 0.159177
1499 3455 0.701288 2.37932 0.15917
1500 3455 0.701524 2.37932 0.159177
1501 3455 0.701577 2.37932 0.159178
1502 3456 0.701791 2.37932 0.159221
1503 3459 0.701655 2.37932 0.159219
1504 3460 0.701824 2.37932 0.159212
1505 3460 0.701926 2.37932 0.159172
1506 3461 0.701719 2.37932 0.159168
1507 3461 0.701997 2.37932 0.159208
1508 3461 0.702263 2.37932 0.159181
1509 3462 0.702461 2.37932 0.159158
1510 3462 0.702511 2.37932 0.159123
1511 3463 0.70245 2.37932 0.159128
1512 3463 0.702576 2.37932 0.159122
1513 3463 0.702768 2.37932 0.159158
1514 3463 0.70285 2.37932 0.159157
1515 3463 0.702891 2.37932 0.159162
1516 3463 0.703168 2.37932 0.159126
1517 3463 0.70338 2.37932 0.159141
1518 3465 0.703259 2.37932 0.159128
1519 3466 0.703626 2.37932 0.159132
1520 3466 0.703946 2.37932 0.159157
1521 3466 0.704326 2.37932 0.159153
1522 3466 0.704343 2.37932 0.15914
1523 3468 0.704345 2.37932 0.159127
1524 3468 0.70447 2.37932 0.159132
1525 3468 0.704713 2.37932 0.159127
1526 3468 0.705195 2.37932 0.159082
1527 3468 0.705426 2.37932 0.159078
1528 3469 0.705836 2.37932 0.159073
1529 3469 0.705946 2.37932 0.159085
1530 3469 0.706036 2.37932 0.159087
1531 3470 0.706311 2.37932 0.159118
1532 3470 0.706393 2.37932 0.159101
1533 3470 0.706441 2.37932 0.159113
1534 3470 0.706568 2.37932 0.159147
1535 3470 0.706592 2.37932 0.159157
1536 3472 0.706571 2.37932 0.159171
1537 3472 0.706578 2.37932 0.159134
1538 3472 0.706708 2.37932 0.159166
1539 3472 0.706776 2.37932 0.159183
1540 3472 0.706852 2.37932 0.159174
1541 3473 0.707339 2.37932 0.159131
1542 3476 0.707684 2.37932 0.159138
1543 3478 0.70794 2.37932 0.15915
1544 3479 0.70806 2.37932 0.15911
1545 3479 0.708142 2.37932 0.159104
1546 3480 0.708048 2.37932 0.159061
1547 3480 0.708425 2.37932 0.159088
1548 3480 0.708634 2.37932 0.159085
1549 3480 0.708916 2.37932 0.159076
1550 3480 0.709155 2.37932 0.159108
1551 3480 0.709218 2.37932 0.159108
1552 3480 0.709535 2.37932 0.15908
1553 3481 0.709454 2.37932 0.159068
1554 3481 0.70972 2.37932 0.159052
1555 3481 0.709795 2.37932 0.159053
1556 3481 0.70988 2.37932 0.159036
1557 3482 0.709758 2.37932 0.159065
1558 3482 0.709941 2.37932 0.159041
1559 3482 0.709983 2.37932 0.159053
1560 3482 0.71002 2.37932 0.159029
1561 3482 0.710124 2.37932 0.159035
1562 3483 0.710468 2.37932 0.15905
1563 3483 0.710584 2.37932 0.159025
1564 3483 0.710817 2.37932 0.158973
1565 3483 0.710907 2.37932 0.158969
1566 3483 0.711091 2.37932 0.158966
1567 3483 0.711135 2.37932 0.158977
1568 3484 0.711134 2.37932 0.158958
1569 3484 0.711313 2.37932 0.158993
1570 3484 0.711351 2.37932 0.158999
1571 3484 0.71148 2.37932 0.159001
1572 3484 0.711486 2.37932 0.158995
1573 3485 0.711513 2.37932 0.159035
1574 3486 0.711492 2.37932 0.159023
1575 3487 0.711359 2.37932 0.158999
1576 3488 0.711274 2.37932 0.158953
1577 3488 0.711359 2.37932 0.15895
1578 3489 0.711593 2.37932 0.158959
1579 3489 0.711683 2.37932 0.158955
1580 3490 0.711762 2.37932 0.158962
1581 3492 0.711751 2.37932 0.158962
1582 3493 0.711703 2.37932 0.158948
1583 3494 0.711641 2.37932 0.158932
1584 3494 0.711854 2.37932 0.1589
1585 3496 0.711875 2.37932 0.158881
1586 3496 0.712068 2.37932 0.158839
1587 3496 0.71206 2.37932 0.158816
1588 3497 0.712194 2.37932 0.158826
1589 3497 0.712212 2.37932 0.158757
1590 3497 0.712212 2.37932 0.158757
1591 3498 0.71235 2.37932 0.158757
1592 3499 0.712252 2.37932 0.158728
1593 3499 0.712334 2.37932 0.15873
1594 3499 0.712486 2.37932 0.158736
1595 3499 0.712514 2.37932 0.158762
1596 3499 0.712738 2.37932 0.15877
1597 3499 0.71273 2.37932 0.158768
1598 3500 0.71271 2.37932 0.158776
1599 3500 0.712731 2.37932 0.158772
1600 3500 0.71296 2.37932 0.158765
1601 3501 0.713346 2.37932 0.158699
1602 3502 0.713197 2.37932 0.158692
1603 3502 0.713396 2.37932 0.158712
1604 3502 0.713477 2.37932 0.15867
1605 3504 0.713206 2.37932 0.158665
1606 3504 0.713558 2.37932 0.158672
1607 3504 0.713959 2.37932 0.158669
1608 3505 0.714124 2.37932 0.158673
1609 3505 0.714117 2.37932 0.158661
1610 3505 0.714367 2.37932 0.158621
1611 3506 0.71454 2.37932 0.15864
1612 3507 0.714646 2.37932 0.158663
1613 3509 0.714594 2.37932 0.158641
1614 3510 0.714628 2.37932 0.158621
1615 3511 0.714542 2.37932 0.15861
1616 3513 0.714368 2.37932 0.158616
1617 3513 0.714795 2.37932 0.158589
1618 3513 0.714886 2.37932 0.158581
1619 3514 0.715059 2.37932 0.158595
1620 3514 0.715169 2.37932 0.158604
1621 3515 0.715119 2.37932 0.158635
1622 3517 0.715047 2.37932 0.158614
1623 3518 0.714994 2.37932 0.158617
1624 3519 0.715138 2.37932 0.15868
1625 3519 0.71521 2.37932 0.158674
1626 3521 0.715058 2.37932 0.158677
1627 3521 0.715299 2.37932 0.158709
1628 3522 0.715351 2.37932 0.158709
1629 3522 0.715373 2.37932 0.158726
1630 3522 0.715416 2.37932 0.158728
1631 3522 0.715568 2.37932 0.158715
1632 3524 0.71558 2.37932 0.158745
1633 3524 0.71574 2.37932 0.158749
1634 3524 0.716226 2.37932 0.158791
1635 3525 0.716404 2.37932 0.15878
1636 3525 0.7166 2.37932 0.158748
1637 3526 0.716638 2.37932 0.158752
1638 3527 0.716754 2.37932 0.15878
1639 3527 0.7169 2.37932 0.158735
1640 3527 0.717094 2.37932 0.158732
1641 3527 0.717251 2.37932 0.158722
1642 3527 0.717434 2.37932 0.158715
1643 3527 0.717504 2.37932 0.158713
1644 3527 0.717527 2.37932 0.158709
1645 3528 0.71749 2.37932 0.158704
1646 3528 0.717537 2.37932 0.158698
1647 3529 0.717425 2.37932 0.158701
1648 3529 0.71765 2.37932 0.158706
1649 3529 0.717857 2.37932 0.158694
1650 3529 0.717998 2.37932 0.158673
1651 3529 0.7182 2.37932 0.158664
1652 3529 0.718383 2.37932 0.158667
1653 3529 0.718534 2.37932 0.158694
1654 3529 0.718868 2.37932 0.158702
1655 3530 0.718793 2.37932 0.158685
1656 3530 0.718882 2.37932 0.158668
1657 3531 0.718884 2.37932 0.1587
1658 3531 0.719184 2.37932 0.158652
1659 3531 0.719213 2.37932 0.158648
1660 3531 0.71954 2.37932 0.158596
1661 3533 0.71955 2.37932 0.158643
1662 3533 0.719666 2.37932 0.15867
1663 3534 0.719563 2.37932 0.158649
1664 3534 0.719728 2.37932 0.158641
1665 3536 0.719855 2.37932 0.158656
1666 3536 0.720059 2.37932 0.158652
1667 3536 0.720199 2.37932 0.158669
1668 3536 0.720379 2.37932 0.15869
1669 3536 0.72063 2.37932 0.158687
1670 3537 0.720574 2.37932 0.158694
1671 3537 0.720895 2.37932 0.158737
1672 3537 0.720953 2.37932 0.158721
1673 3537 0.721242 2.37932 0.158724
1674 3538 0.721221 2.37932 0.158716
1675 3538 0.721476 2.37932 0.158709
1676 3539 0.721653 2.37932 0.158717
1677 3540 0.721582 2.37932 0.158705
1678 3541 0.721516 2.37932 0.158714
1679 3541 0.72182 2.37932 0.1587
1680 3541 0.721844 2.37932 0.158684
1681 3542 0.721839 2.37932 0.158683
1682 3542 0.721839 2.37932 0.158683
1683 3543 0.721884 2.37932 0.158685
1684 3544 0.721988 2.37932 0.158677
1685 3545 0.722218 2.37932 0.158667
1686 3546 0.722362 2.37932 0.158633
1687 3546 0.722488 2.37932 0.15863
1688 3546 0.722563 2.37932 0.15863
1689 3546 0.722565 2.37932 0.158613
1690 3546 0.722653 2.37932 0.158613
1691 3546 0.72272 2.37932 0.158573
1692 3548 0.722625 2.37932 0.15856
1693 3548 0.72267 2.37932 0.158562
1694 3548 0.722707 2.37932 0.158542
1695 3550 0.722682 2.37932 0.15855
1696 3550 0.723252 2.37932 0.15859
1697 3550 0.723319 2.37932 0.158616
1698 3550 0.723662 2.37932 0.158625
1699 3550 0.724064 2.37932 0.158678
1700 3550 0.724205 2.37932 0.158739
1701 3550 0.724255 2.37932 0.158726
1702 3550 0.724479 2.37932 0.158733
1703 3551 0.724488 2.37932 0.158704
1704 3551 0.724534 2.37932 0.158694
1705 3552 0.724431 2.37932 0.158719
1706 3552 0.72463 2.37932 0.158715
1707 3552 0.72475 2.37932 0.158689
1708 3552 0.72505 2.37932 0.158728
1709 3552 0.725114 2.37932 0.158724
1710 3552 0.725181 2.37932 0.158696
1711 3553 0.725117 2.37932 0.158697
1712 3553 0.725432 2.37932 0.158665
1713 3553 0.72562 2.37932 0.158684
1714 3554 0.72575 2.37932 0.158701
1715 3555 0.725706 2.37932 0.158677
1716 3555 0.725788 2.37932 0.1587
1717 3555 0.725806 2.37932 0.158698
1718 3555 0.725979 2.37932 0.158734
1719 3556 0.72615 2.37932 0.158738
1720 3556 0.726578 2.37932 0.158707
1721 3556 0.726578 2.37932 0.158707
1722 3556 0.726596 2.37932 0.158724
1723 3556 0.726699 2.37932 0.158719
1724 3556 0.726705 2.37932 0.158709
1725 3556 0.726823 2.37932 0.158704
1726 3557 0.726725 2.37932 0.158678
1727 3558 0.726849 2.37932 0.158625
1728 3558 0.72695 2.37932 0.158639
1729 3558 0.727272 2.37932 0.158698
1730 3559 0.727368 2.37932 0.15866
1731 3559 0.727532 2.37932 0.158675
1732 3559 0.727668 2.37932 0.158731
1733 3559 0.72786 2.37932 0.158706
1734 3559 0.727984 2.37932 0.158714
1735 3559 0.728004 2.37932 0.158722
1736 3559 0.728255 2.37932 0.158743
1737 3559 0.72835 2.37932 0.158753
1738 3560 0.728329 2.37932 0.158768
1739 3560 0.72841 2.37932 0.158773
1740 3560 0.728549 2.37932 0.158839
1741 3561 0.728837 2.37932 0.158833
1742 3562 0.728862 2.37932 0.158872
1743 3564 0.728667 2.37932 0.158907
1744 3565 0.728857 2.37932 0.158921
1745 3567 0.728774 2.37932 0.158943
1746 3567 0.728822 2.37932 0.158926
1747 3567 0.729056 2.37932 0.158919
1748 3567 0.729056 2.37932 0.158919
1749 3568 0.729148 2.37932 0.158915
1750 3568 0.729352 2.37932 0.158914
1751 3568 0.729406 2.37932 0.158907
1752 3569 0.729561 2.37932 0.15888
1753 3569 0.729722 2.37932 0.158856
1754 3570 0.729612 2.37932 0.158851
1755 3571 0.729584 2.37932 0.158887
1756 3571 0.729708 2.37932 0.158923
1757 3571 0.729731 2.37932 0.158925
1758 3571 0.72981 2.37932 0.158894
1759 3571 0.729808 2.37932 0.158871
1760 3572 0.73001 2.37932 0.158855
1761 3572 0.730069 2.37932 0.158838
1762 3573 0.730094 2.37932 0.158865
1763 3573 0.73013 2.37932 0.158857
1764 3573 0.730478 2.37932 0.158847
1765 3573 0.73059 2.37932 0.158845
1766 3573 0.7307 2.37932 0.15885
1767 3573 0.730804 2.37932 0.15886
1768 3573 0.730958 2.37932 0.158871
1769 3574 0.730975 2.37932 0.158869
1770 3574 0.731189 2.37932 0.158882
1771 3575 0.731192 2.37932 0.158874
1772 3576 0.731342 2.37932 0.158873
1773 3576 0.731342 2.37932 0.158873
1774 3576 0.731739 2.37932 0.1589
1775 3576 0.731864 2.37932 0.158926
1776 3576 0.731864 2.37932 0.158926
1777 3576 0.732078 2.37932 0.158882
1778 3577 0.732276 2.42263 0.158864
1779 3577 0.73254 2.42263 0.158822
1780 3577 0.732679 2.42263 0.158799
1781 3577 0.73286 2.42263 0.158812
1782 3577 0.732939 2.42263 0.158804
1783 3577 0.733001 2.42263 0.158787
1784 3577 0.733055 2.42263 0.158748
1785 3577 0.733084 2.42263 0.158751
1786 3578 0.733407 2.42263 0.158776
1787 3579 0.733541 2.42263 0.158755
1788 3580 0.733483 2.42263 0.158745
1789 3580 0.734068 2.42263 0.158748
1790 3581 0.733912 2.42263 0.158733
1791 3581 0.733912 2.42263 0.158733
1792 3581 0.734178 2.42263 0.158718
1793 3581 0.734318 2.42263 0.158737
1794 3582 0.734466 2.42263 0.158748
1795 3582 0.734587 2.42263 0.158733
1796 3582 0.734705 2.42263 0.158745
1797 3582 0.734832 2.42263 0.158734
1798 3582 0.73491 2.42263 0.158726
1799 3582 0.735027 2.42263 0.158728
1800 3582 0.735093 2.42263 0.158735
1801 3582 0.735174 2.42263 0.158733
1802 3583 0.735335 2.42263 0.158713
1803 3583 0.735335 2.42263 0.158713
1804 3583 0.735543 2.42263 0.158695
1805 3583 0.73558 2.42263 0.15869
1806 3583 0.735612 2.42263 0.158692
1807 3583 0.73563 2.42263 0.158692
1808 3583 0.73591 2.42263 0.158643
1809 3583 0.736216 2.42263 0.158654
1810 3583 0.736263 2.42263 0.158656
1811 3583 0.736263 2.42263 0.15864
1812 3583 0.736335 2.42263 0.158641
1813 3584 0.736463 2.42263 0.158643
1814 3584 0.73646 2.42263 0.158633
1815 3584 0.736608 2.42263 0.158652
1816 3584 0.736724 2.42263 0.158646
1817 3585 0.736994 2.42263 0.158661
1818 3586 0.736928 2.42263 0.158676
1819 3586 0.737112 2.42263 0.158676
1820 3586 0.737252 2.42263 0.158666
1821 3586 0.737422 2.42263 0.158667
1822 3587 0.737703 2.42263 0.158659
1823 3588 0.737728 2.42263 0.158678
1824 3588 0.737782 2.42263 0.158662
1825 3588 0.737901 2.42263 0.15868
1826 3588 0.737996 2.42263 0.158656
1827 3588 0.738153 2.42263 0.158661
1828 3588 0.738143 2.42263 0.158652
1829 3589 0.738312 2.42263 0.158635
1830 3589 0.738433 2.42263 0.15861
1831 3589 0.738485 2.42263 0.15861
1832 3589 0.738596 2.42263 0.158614
1833 3590 0.738837 2.42263 0.158608
1834 3590 0.738972 2.42263 0.158591
1835 3591 0.739065 2.42263 0.158544
1836 3592 0.738983 2.42263 0.158554
1837 3592 0.739142 2.42263 0.158496
1838 3592 0.739228 2.42263 0.158495
1839 3592 0.739281 2.42263 0.158491
1840 3594 0.739392 2.42263 0.15846
1841 3594 0.739572 2.42263 0.158459
1842 3595 0.739846 2.42263 0.158461
1843 3596 0.740066 2.42263 0.158443
1844 3597 0.740029 2.42263 0.15842
1845 3597 0.74018 2.42263 0.1584
1846 3597 0.740274 2.42263 0.158408
1847 3598 0.740124 2.42263 0.158373
1848 3598 0.740138 2.42263 0.158366
1849 3598 0.740265 2.42263 0.15833
1850 3598 0.740265 2.42263 0.15833
1851 3599 0.740187 2.42263 0.158295
1852 3599 0.740187 2.42263 0.158295
1853 3599 0.740317 2.42263 0.158312
1854 3600 0.74037 2.42263 0.158239
1855 3600 0.740428 2.42263 0.158269
1856 3601 0.740368 2.42263 0.158271
1857 3601 0.740528 2.42263 0.158202
1858 3603 0.74038 2.42263 0.158199
1859 3603 0.740496 2.42263 0.158204
1860 3603 0.740602 2.42263 0.158186
1861 3603 0.740616 2.42263 0.158186
1862 3603 0.740605 2.42263 0.15817
1863 3603 0.741114 2.42263 0.158161
1864 3604 0.741391 2.42263 0.158144
1865 3604 0.741614 2.42263 0.158173
1866 3605 0.741549 2.42263 0.15814
1867 3606 0.741469 2.42263 0.158163
1868 3607 0.741732 2.42263 0.158159
1869 3608 0.741703 2.42263 0.158155
1870 3609 0.741764 2.42263 0.158163
1871 3609 0.741758 2.42263 0.158148
1872 3609 0.741832 2.42263 0.158136
1873 3610 0.74178 2.42263 0.158128
1874 3610 0.741821 2.42263 0.158134
1875 3611 0.741728 2.42263 0.158146
1876 3611 0.741795 2.42263 0.158137
1877 3611 0.742043 2.42263 0.158121
1878 3611 0.742068 2.42263 0.158136
1879 3611 0.742081 2.42263 0.158115
1880 3611 0.74233 2.42263 0.158143
1881 3611 0.742347 2.42263 0.15814
1882 3612 0.742297 2.42263 0.158153
1883 3612 0.742499 2.42263 0.158165
1884 3612 0.742677 2.42263 0.158186
1885 3614 0.742793 2.42263 0.158247
1886 3614 0.742982 2.42263 0.158218
1887 3614 0.743229 2.42263 0.158214
1888 3614 0.743292 2.42263 0.158208
1889 3614 0.743483 2.42263 0.158212
1890 3614 0.743621 2.42263 0.158225
1891 3614 0.743936 2.42263 0.158124
1892 3614 0.744052 2.42263 0.158115
1893 3614 0.744244 2.42263 0.158134
1894 3615 0.744481 2.42263 0.158145
1895 3616 0.744537 2.42263 0.158165
1896 3616 0.744662 2.42263 0.158141
1897 3616 0.744773 2.42263 0.158146
1898 3616 0.744982 2.42263 0.158146
1899 3617 0.745001 2.42263 0.158149
1900 3617 0.745055 2.42263 0.158129
1901 3617 0.745123 2.42263 0.158159
1902 3617 0.745125 2.42263 0.158146
1903 3618 0.745102 2.42263 0.158118
1904 3618 0.745222 2.42263 0.158103
1905 3618 0.745478 2.42263 0.158109
1906 3618 0.745635 2.42263 0.158112
1907 3618 0.746456 2.42263 0.158098
1908 3619 0.746378 2.42263 0.158099
1909 3619 0.746709 2.42263 0.158115
1910 3620 0.746705 2.42263 0.158123
1911 3622 0.746898 2.42263 0.158123
1912 3622 0.746944 2.42263 0.158121
1913 3623 0.746913 2.42263 0.158136
1914 3623 0.747202 2.42263 0.158173
1915 3623 0.747499 2.42263 0.158137
1916 3624 0.747439 2.42263 0.158142
1917 3624 0.747425 2.42263 0.15813
1918 3624 0.747447 2.42263 0.158155
1919 3624 0.747447 2.42263 0.158155
1920 3625 0.747818 2.42263 0.158118
1921 3625 0.747828 2.42263 0.158116
1922 3626 0.747725 2.42263 0.158111
1923 3626 0.748062 2.42263 0.158096
1924 3627 0.748188 2.42263 0.158114
1925 3627 0.748178 2.42263 0.158068
1926 3627 0.748178 2.42263 0.158068
1927 3627 0.748305 2.42263 0.158073
1928 3629 0.748292 2.42263 0.158096
1929 3629 0.748544 2.42263 0.158122
1930 3629 0.748619 2.42263 0.15808
1931 3629 0.74865 2.42263 0.158019
1932 3630 0.748604 2.42263 0.158029
1933 3630 0.748655 2.42263 0.158032
1934 3630 0.748735 2.42263 0.158035
1935 3633 0.748746 2.42263 0.158012
1936 3633 0.74877 2.42263 0.157996
1937 3633 0.749032 2.42263 0.15801
1938 3633 0.749122 2.42263 0.158048
1939 3633 0.749129 2.42263 0.158044
1940 3634 0.74934 2.42263 0.158023
1941 3634 0.749472 2.42263 0.158017
1942 3635 0.749434 2.42263 0.158035
1943 3635 0.749457 2.42263 0.158032
1944 3635 0.749641 2.42263 0.158027
1945 3636 0.749738 2.42263 0.158043
1946 3636 0.749851 2.42263 0.15803
1947 3636 0.749936 2.42263 0.158029
1948 3636 0.750372 2.42263 0.158012
1949 3636 0.750388 2.42263 0.15802
1950 3636 0.750424 2.42263 0.158034
1951 3636 0.750424 2.42263 0.158034
1952 3636 0.750802 2.42263 0.158038
1953 3636 0.750802 2.42263 0.158038
1954 3638 0.750687 2.42263 0.158055
1955 3638 0.750687 2.42263 0.158055
1956 3638 0.75068 2.42263 0.15801
1957 3638 0.750851 2.42263 0.15799
1958 3638 0.751028 2.42263 0.157968
1959 3638 0.751219 2.42263 0.157978
1960 3638 0.751428 2.42263 0.15802
1961 3639 0.751824 2.42263 0.158028
1962 3639 0.751896 2.42263 0.158037
1963 3640 0.751863 2.42263 0.158002
1964 3640 0.751903 2.42263 0.158011
1965 3640 0.751965 2.42263 0.158008
1966 3640 0.752069 2.42263 0.157992
1967 3640 0.752142 2.42263 0.157958
1968 3640 0.752638 2.42263 0.157935
1969 3640 0.752888 2.42263 0.157965
1970 3640 0.753101 2.42263 0.157935
1971 3640 0.753393 2.42263 0.157916
1972 3641 0.753303 2.42263 0.157929
1973 3642 0.753225 2.42263 0.157924
1974 3643 0.753135 2.42263 0.15794
1975 3643 0.753195 2.42263 0.157955
1976 3643 0.753254 2.42263 0.157965
1977 3643 0.753477 2.42263 0.158019
1978 3644 0.753539 2.42263 0.157996
1979 3644 0.753745 2.42263 0.158012
1980 3644 0.753985 2.42263 0.158025
1981 3644 0.754066 2.42263 0.158013
1982 3645 0.75397 2.42263 0.15799
1983 3645 0.754107 2.42263 0.157995
1984 3646 0.75425 2.42263 0.15798
1985 3646 0.754245 2.42263 0.157976
1986 3646 0.754321 2.42263 0.157942
1987 3646 0.754332 2.42263 0.15794
1988 3646 0.754666 2.42263 0.157917
1989 3646 0.754776 2.42263 0.157889
1990 3646 0.754835 2.42263 0.157884
1991 3646 0.754971 2.42263 0.15784
1992 3646 0.755028 2.42263 0.157791
1993 3646 0.755138 2.42263 0.157818
1994 3647 0.755579 2.42263 0.157867
1995 3647 0.755706 2.42263 0.157869
1996 3647 0.755706 2.42263 0.157869
1997 3647 0.755747 2.42263 0.157889
1998 3647 0.755769 2.42263 0.15789
1999 3647 0.756023 2.42263 0.157882
2000 3648 0.755948 2.42263 0.157875
2001 3648 0.756127 2.42263 0.157897
2002 3648 0.756188 2.42263 0.157876
2003 3648 0.756298 2.42263 0.157884
2004 3648 0.756515 2.42263 0.157873
2005 3648 0.756548 2.42263 0.157885
2006 3648 0.756683 2.42263 0.157897
2007 3648 0.756876 2.42263 0.157859
2008 3648 0.757168 2.42263 0.157797
2009 3648 0.75719 2.42263 0.157798
2010 3648 0.757192 2.42263 0.157791
2011 3650 0.757503 2.42263 0.157804
2012 3650 0.757691 2.42263 0.157853
2013 3650 0.757685 2.42263 0.157844
2014 3650 0.757762 2.42263 0.157838
2015 3650 0.757753 2.42263 0.157817
2016 3651 0.757739 2.42263 0.15784
2017 3651 0.757983 2.42263 0.15784
2018 3651 0.758215 2.42263 0.157881
2019 3651 0.75832 2.42263 0.1578
2020 3653 0.758325 2.42263 0.157807
2021 3653 0.758355 2.42263 0.157807
2022 3653 0.758355 2.42263 0.157807
2023 3653 0.758583 2.42263 0.157814
2024 3653 0.758744 2.42263 0.157812
2025 3653 0.7588 2.42263 0.157779
2026 3653 0.758837 2.42263 0.157775
2027 3654 0.759003 2.42263 0.157784
2028 3654 0.758995 2.42263 0.157773
2029 3654 0.758995 2.42263 0.157773
2030 3654 0.758995 2.42263 0.157773
2031 3655 0.758989 2.42263 0.157796
2032 3655 0.758989 2.42263 0.157796
2033 3655 0.759134 2.42263 0.15778
2034 3655 0.759344 2.42263 0.15777
2035 3656 0.759498 2.42263 0.157765
2036 3656 0.759879 2.42263 0.15773
2037 3656 0.759975 2.42263 0.157725
2038 3658 0.759939 2.42263 0.157742
2039 3659 0.759923 2.42263 0.157723
2040 3660 0.760103 2.42263 0.157708
2041 3660 0.760363 2.42263 0.157695
2042 3661 0.7603 2.42263 0.157721
2043 3662 0.760429 2.42263 0.157721
2044 3663 0.76031 2.42263 0.15772
2045 3663 0.760357 2.42263 0.157717
2046 3663 0.760383 2.42263 0.15771
2047 3664 0.760278 2.42263 0.157691
2048 3664 0.760295 2.42263 0.157695
2049 3664 0.760521 2.42263 0.157644
2050 3664 0.760599 2.42263 0.157644
2051 3664 0.760682 2.42263 0.157624
2052 3664 0.760729 2.42263 0.157645
2053 3664 0.760906 2.42263 0.157628
2054 3664 0.760906 2.42263 0.157628
2055 3664 0.760933 2.42263 0.157633
2056 3664 0.760963 2.42263 0.157625
2057 3664 0.761024 2.42263 0.157627
2058 3665 0.761019 2.42263 0.157601
2059 3665 0.761057 2.42263 0.157592
2060 3665 0.761144 2.42263 0.157583
2061 3665 0.761162 2.42263 0.157545
2062 3665 0.761441 2.42263 0.157569
2063 3666 0.761534 2.42263 0.157544
2064 3666 0.761534 2.42263 0.157544
2065 3666 0.76166 2.42263 0.157558
2066 3666 0.761861 2.42263 0.157547
2067 3667 0.761817 2.42263 0.1575
2068 3667 0.76201 2.42263 0.157487
2069 3667 0.762098 2.42263 0.157503
2070 3668 0.762143 2.42263 0.157508
2071 3668 0.762181 2.42263 0.15749
2072 3668 0.762452 2.42263 0.157498
2073 3669 0.762456 2.42263 0.157509
2074 3669 0.76257 2.42263 0.157496
2075 3669 0.762645 2.42263 0.157493
2076 3669 0.762689 2.42263 0.15751
2077 3669 0.762865 2.42263 0.157531
2078 3670 0.76282 2.42263 0.157539
2079 3670 0.762893 2.42263 0.157566
2080 3671 0.762903 2.42263 0.157541
2081 3671 0.76295 2.42263 0.157536
2082 3671 0.763018 2.42263 0.157491
2083 3671 0.763208 2.42263 0.157491
2084 3671 0.763296 2.42263 0.157495
2085 3671 0.763358 2.42263 0.157496
2086 3671 0.763407 2.42263 0.157502
2087 3671 0.763429 2.42263 0.157515
2088 3671 0.763493 2.42263 0.157548
2089 3671 0.763493 2.42263 0.157548
2090 3671 0.763489 2.42263 0.157521
2091 3674 0.763382 2.42263 0.157541
2092 3674 0.763493 2.42263 0.157532
2093 3674 0.763556 2.42263 0.15756
2094 3674 0.763556 2.42263 0.15756
2095 3675 0.763559 2.42263 0.157549
2096 3675 0.763634 2.42263 0.157554
2097 3676 0.763504 2.42263 0.15757
2098 3676 0.763535 2.42263 0.157561
2099 3676 0.76377 2.42263 0.157528
2100 3677 0.763781 2.42263 0.157519
2101 3678 0.763692 2.42263 0.157534
2102 3678 0.76381 2.42263 0.157458
2103 3678 0.76381 2.42263 0.157458
2104 3678 0.764067 2.42263 0.157483
2105 3678 0.764156 2.42263 0.15748
2106 3678 0.764419 2.42263 0.157475
2107 3678 0.764784 2.42263 0.157496
2108 3678 0.764903 2.42263 0.157521
2109 3678 0.765106 2.42263 0.157546
2110 3678 0.765221 2.42263 0.15757
2111 3678 0.7653 2.42263 0.157568
2112 3678 0.765432 2.42263 0.157571
2113 3678 0.765459 2.42263 0.157589
2114 3678 0.76554 2.42263 0.157613
2115 3678 0.765538 2.42263 0.157597
2116 3678 0.765557 2.42263 0.157583
2117 3678 0.76565 2.42263 0.157598
2118 3679 0.765562 2.42263 0.157596
2119 3679 0.76571 2.42263 0.157588
2120 3679 0.765709 2.42263 0.157581
2121 3679 0.765785 2.42263 0.157603
2122 3679 0.765966 2.42263 0.157604
2123 3679 0.766014 2.42263 0.157597
2124 3679 0.766032 2.42263 0.157597
2125 3679 0.766139 2.42263 0.157601
2126 3679 0.76622 2.42263 0.157591
2127 3679 0.766298 2.42263 0.15758
2128 3679 0.766327 2.42263 0.157576
2129 3679 0.766456 2.42263 0.157594
2130 3680 0.766894 2.42263 0.157553
2131 3680 0.767013 2.42263 0.157557
2132 3681 0.766905 2.42263 0.157594
2133 3681 0.767025 2.42263 0.157598
2134 3681 0.767029 2.42263 0.157587
2135 3681 0.767228 2.42263 0.157612
2136 3682 0.767218 2.52199 0.157668
2137 3682 0.767218 2.52199 0.157668
2138 3682 0.767357 2.52199 0.157691
2139 3683 0.767382 2.52199 0.15769
2140 3685 0.767383 2.52199 0.157732
2141 3685 0.767436 2.52199 0.157709
2142 3686 0.767695 2.52199 0.157718
2143 3686 0.767879 2.52199 0.15771
2144 3687 0.768141 2.52199 0.157709
2145 3688 0.768072 2.52199 0.157683
2146 3688 0.768229 2.52199 0.157674
2147 3688 0.768381 2.52199 0.157702
2148 3688 0.768638 2.52199 0.157686
2149 3688 0.768677 2.52199 0.157695
2150 3689 0.768665 2.52199 0.1577
2151 3689 0.768877 2.52199 0.15771
2152 3690 0.76887 2.52199 0.157715
2153 3690 0.769026 2.52199 0.157783
2154 3690 0.769155 2.52199 0.157782
2155 3691 0.76919 2.52199 0.157778
2156 3691 0.769222 2.52199 0.157769
2157 3692 0.769167 2.52199 0.15777
2158 3692 0.769275 2.52199 0.157752
2159 3692 0.769296 2.52199 0.157743
2160 3692 0.769366 2.52199 0.157734
2161 3692 0.7694 2.52199 0.157743
2162 3693 0.769376 2.52199 0.157749
2163 3693 0.769377 2.52199 0.157743
2164 3694 0.769489 2.52199 0.157737
2165 3694 0.769626 2.52199 0.157746
2166 3694 0.769695 2.52199 0.15773
2167 3694 0.769806 2.52199 0.157731
2168 3695 0.769801 2.52199 0.157739
2169 3695 0.770073 2.52199 0.157721
2170 3696 0.770208 2.52199 0.157714
2171 3696 0.770262 2.52199 0.157778
2172 3696 0.770423 2.52199 0.157756
2173 3697 0.770423 2.52199 0.157746
2174 3698 0.7703 2.52199 0.157755
2175 3698 0.770694 2.52199 0.157758
2176 3700 0.770853 2.52199 0.157762
2177 3700 0.770939 2.52199 0.157773
2178 3701 0.771032 2.52199 0.157771
2179 3702 0.771038 2.52199 0.157742
2180 3702 0.771152 2.52199 0.157748
2181 3702 0.77131 2.52199 0.157677
2182 3702 0.771538 2.52199 0.157712
2183 3702 0.771731 2.52199 0.157694
2184 3703 0.771734 2.52199 0.157667
2185 3703 0.771745 2.52199 0.157665
2186 3705 0.7724 2.52199 0.157669
2187 3706 0.772349 2.52199 0.157657
2188 3706 0.772421 2.52199 0.157643
2189 3706 0.772421 2.52199 0.157643
2190 3706 0.772669 2.52199 0.157614
2191 3706 0.772944 2.52199 0.157609
2192 3706 0.772954 2.52199 0.157608
2193 3706 0.773209 2.52199 0.157579
2194 3707 0.773352 2.52199 0.157576
2195 3707 0.773573 2.52199 0.157563
2196 3708 0.773438 2.52199 0.157562
2197 3708 0.773438 2.52199 0.157562
2198 3708 0.773438 2.52199 0.157562
2199 3709 0.77328 2.52199 0.157545
2200 3709 0.773582 2.52199 0.157538
2201 3711 0.773227 2.52199 0.157512
2202 3711 0.773227 2.52199 0.157512
2203 3711 0.773389 2.52199 0.157493
2204 3711 0.773482 2.52199 0.157467
2205 3712 0.773392 2.52199 0.157441
2206 3712 0.773663 2.52199 0.157416
2207 3712 0.773663 2.52199 0.157411
2208 3712 0.773858 2.52199 0.157392
2209 3712 0.773986 2.52199 0.157368
2210 3713 0.774265 2.52199 0.157375
2211 3713 0.774415 2.52199 0.157373
2212 3713 0.774415 2.52199 0.157373
2213 3713 0.77443 2.52199 0.15737
2214 3713 0.774453 2.52199 0.157358
2215 3713 0.774571 2.52199 0.157362
2216 3713 0.77473 2.52199 0.157366
2217 3713 0.774786 2.52199 0.157403
2218 3713 0.774797 2.52199 0.157386
2219 3713 0.774866 2.52199 0.157398
2220 3715 0.774652 2.52199 0.157414
2221 3715 0.774728 2.52199 0.157421
2222 3715 0.774886 2.52199 0.157444
2223 3715 0.775098 2.52199 0.157412
2224 3717 0.775029 2.52199 0.157406
2225 3718 0.775151 2.52199 0.157396
2226 3719 0.775186 2.52199 0.157389
2227 3719 0.775363 2.52199 0.157401
2228 3720 0.775338 2.52199 0.1574
2229 3720 0.775515 2.52199 0.157377
2230 3720 0.775533 2.52199 0.157381
2231 3720 0.775656 2.52199 0.157397
2232 3722 0.775526 2.52199 0.157429
2233 3722 0.775563 2.52199 0.157427
2234 3723 0.775639 2.52199 0.157445
2235 3724 0.775551 2.52199 0.157395
2236 3724 0.775762 2.52199 0.157395
2237 3724 0.775831 2.52199 0.157408
2238 3724 0.775866 2.52199 0.157405
2239 3724 0.775929 2.52199 0.15743
2240 3724 0.776166 2.52199 0.157408
2241 3724 0.776224 2.52199 0.157417
2242 3724 0.776674 2.52199 0.157413
2243 3725 0.776645 2.52199 0.157393
2244 3725 0.776946 2.52199 0.157392
2245 3725 0.777106 2.52199 0.157402
2246 3725 0.777219 2.52199 0.157371
2247 3726 0.777408 2.52199 0.157346
2248 3726 0.77796 2.52199 0.157362
2249 3726 0.778161 2.52199 0.157363
2250 3726 0.778154 2.52199 0.15735
2251 3726 0.778229 2.52199 0.157341
2252 3727 0.778244 2.52199 0.157298
2253 3727 0.778604 2.52199 0.157331
2254 3727 0.778705 2.52199 0.157301
2255 3727 0.778705 2.52199 0.157301
2256 3727 0.77897 2.52199 0.157337
2257 3727 0.778991 2.52199 0.157331
2258 3727 0.779051 2.52199 0.157346
2259 3727 0.779221 2.52199 0.157336
2260 3727 0.779226 2.52199 0.157327
2261 3727 0.779233 2.52199 0.157322
2262 3728 0.779598 2.52199 0.157308
2263 3728 0.779851 2.52199 0.157324
2264 3729 0.779738 2.52199 0.157315
2265 3729 0.779747 2.52199 0.157318
2266 3731 0.779533 2.52199 0.157315
2267 3731 0.779593 2.52199 0.157325
2268 3731 0.779675 2.52199 0.157302
2269 3731 0.779719 2.52199 0.1573
2270 3731 0.779766 2.52199 0.157297
2271 3731 0.779801 2.52199 0.157262
2272 3731 0.779843 2.52199 0.157253
2273 3731 0.779853 2.52199 0.15724
2274 3732 0.779744 2.52199 0.157237
2275 3732 0.779795 2.52199 0.157219
2276 3732 0.780296 2.52199 0.15715
2277 3732 0.780547 2.52199 0.157151
2278 3732 0.780606 2.52199 0.157126
2279 3732 0.780827 2.52199 0.157126
2280 3732 0.780937 2.52199 0.15713
2281 3732 0.781032 2.52199 0.157085
2282 3732 0.781105 2.52199 0.157078
2283 3732 0.781098 2.52199 0.157072
2284 3732 0.781207 2.52199 0.157105
2285 3733 0.781431 2.52199 0.157086
2286 3733 0.78142 2.52199 0.157086
2287 3733 0.78152 2.52199 0.157102
2288 3734 0.781436 2.52199 0.157099
2289 3735 0.781323 2.52199 0.157111
2290 3735 0.781414 2.52199 0.157132
2291 3735 0.781575 2.52199 0.157149
2292 3735 0.781778 2.52199 0.157134
2293 3735 0.781833 2.52199 0.157146
2294 3735 0.781948 2.52199 0.157153
2295 3735 0.782121 2.52199 0.157134
2296 3736 0.781976 2.52199 0.157131
2297 3736 0.782046 2.52199 0.157144
2298 3737 0.781937 2.52199 0.157153
2299 3738 0.781841 2.52199 0.157166
2300 3738 0.781875 2.52199 0.15716
2301 3738 0.782045 2.52199 0.157137
2302 3738 0.782345 2.52199 0.157095
2303 3738 0.782388 2.52199 0.157073
2304 3739 0.782293 2.52199 0.157065
2305 3739 0.78256 2.52199 0.157078
2306 3741 0.782365 2.52199 0.157103
2307 3742 0.782711 2.52199 0.157091
2308 3742 0.782831 2.52199 0.157123
2309 3742 0.782917 2.52199 0.157076
2310 3742 0.783 2.52199 0.157084
2311 3743 0.782974 2.52199 0.157115
2312 3743 0.783034 2.52199 0.157135
2313 3745 0.782849 2.52199 0.157161
2314 3746 0.782794 2.52199 0.157187
2315 3746 0.782877 2.52199 0.157176
2316 3746 0.783001 2.52199 0.157171
2317 3746 0.783062 2.52199 0.157191
2318 3746 0.783051 2.52199 0.157183
2319 3746 0.78318 2.52199 0.157208
2320 3746 0.783187 2.52199 0.157201
2321 3747 0.783336 2.52199 0.157195
2322 3748 0.783505 2.52199 0.157197
2323 3748 0.783666 2.52199 0.157185
2324 3749 0.783835 2.52199 0.15718
2325 3750 0.783818 2.52199 0.157137
2326 3750 0.783923 2.52199 0.157137
2327 3750 0.783918 2.52199 0.157119
2328 3750 0.784098 2.52199 0.157114
2329 3750 0.784098 2.52199 0.157114
2330 3750 0.784114 2.52199 0.157119
2331 3750 0.784144 2.52199 0.157096
2332 3750 0.784187 2.52199 0.157042
2333 3750 0.784324 2.52199 0.157019
2334 3750 0.784322 2.52199 0.157018
2335 3751 0.78422 2.52199 0.15703
2336 3751 0.784361 2.52199 0.157062
2337 3751 0.784396 2.52199 0.15708
2338 3751 0.784728 2.52199 0.157097
2339 3751 0.78475 2.52199 0.157101
2340 3752 0.784647 2.52199 0.157078
2341 3752 0.784735 2.52199 0.157048
2342 3752 0.784813 2.52199 0.157068
2343 3752 0.785087 2.52199 0.157027
2344 3752 0.785078 2.52199 0.157011
2345 3752 0.785109 2.52199 0.157049
2346 3752 0.785358 2.52199 0.157028
2347 3752 0.785358 2.52199 0.157028
2348 3752 0.785382 2.52199 0.157036
2349 3752 0.785603 2.52199 0.157012
2350 3752 0.785692 2.52199 0.157006
2351 3753 0.78572 2.52199 0.157012
2352 3754 0.7857 2.52199 0.157003
2353 3754 0.785903 2.52199 0.157003
2354 3754 0.786176 2.52199 0.157023
2355 3754 0.786305 2.52199 0.157025
2356 3754 0.786562 2.52199 0.157044
2357 3754 0.786813 2.52199 0.157042
2358 3755 0.786867 2.52199 0.157039
2359 3755 0.787011 2.52199 0.157044
2360 3755 0.787011 2.52199 0.157044
2361 3755 0.787095 2.52199 0.157041
2362 3755 0.78715 2.52199 0.157028
2363 3756 0.78704 2.52199 0.157081
2364 3756 0.787075 2.52199 0.157086
2365 3756 0.787198 2.52199 0.157081
2366 3756 0.787271 2.52199 0.157085
2367 3757 0.787145 2.52199 0.157071
2368 3757 0.787246 2.52199 0.157065
2369 3757 0.787285 2.52199 0.157055
2370 3757 0.787327 2.52199 0.15707
2371 3758 0.787289 2.52199 0.157068
2372 3758 0.787476 2.52199 0.157066
2373 3758 0.787498 2.52199 0.157066
2374 3758 0.787515 2.52199 0.15705
2375 3758 0.787625 2.52199 0.157064
2376 3758 0.787937 2.52199 0.157046
2377 3759 0.787783 2.52199 0.157036
2378 3759 0.787911 2.52199 0.157022
2379 3759 0.787976 2.52199 0.157026
2380 3759 0.788168 2.52199 0.157016
2381 3759 0.788334 2.52199 0.157013
2382 3759 0.788487 2.52199 0.157018
2383 3761 0.788496 2.52199 0.157012
2384 3761 0.788642 2.52199 0.157003
2385 3761 0.788697 2.52199 0.157013
2386 3761 0.788697 2.52199 0.157013
2387 3761 0.788687 2.52199 0.157003
2388 3761 0.788695 2.52199 0.156976
2389 3761 0.788752 2.52199 0.156951
2390 3762 0.788852 2.52199 0.156939
2391 3762 0.7891 2.52199 0.156937
2392 3763 0.789273 2.52199 0.156916
2393 3763 0.789345 2.52199 0.156919
2394 3763 0.789745 2.52199 0.156888
2395 3764 0.789802 2.52199 0.156884
2396 3766 0.789514 2.52199 0.156889
2397 3768 0.78952 2.52199 0.156891
2398 3769 0.789627 2.52199 0.156898
2399 3769 0.789726 2.52199 0.156873
2400 3769 0.789908 2.52199 0.156885
2401 3769 0.790001 2.52199 0.156869
2402 3769 0.790315 2.52199 0.156895
2403 3770 0.790385 2.52199 0.156911
2404 3770 0.790501 2.52199 0.156877
2405 3770 0.790517 2.52199 0.156893
2406 3770 0.790499 2.52199 0.15687
2407 3770 0.790734 2.52199 0.156842
2408 3770 0.790886 2.52199 0.156838
2409 3770 0.790909 2.52199 0.15683
2410 3770 0.790971 2.52199 0.156822
2411 3771 0.791142 2.52199 0.156818
2412 3771 0.79127 2.52199 0.156787
2413 3772 0.791342 2.52199 0.156816
2414 3772 0.791508 2.52199 0.156831
2415 3772 0.791597 2.52199 0.156822
2416 3772 0.791584 2.52199 0.156812
2417 3772 0.791589 2.52199 0.15679
2418 3772 0.791651 2.52199 0.156796
2419 3773 0.791757 2.52199 0.156817
2420 3773 0.791759 2.52199 0.156804
2421 3773 0.791858 2.52199 0.156815
2422 3773 0.79196 2.52199 0.156811
2423 3773 0.792065 2.52199 0.156808
2424 3774 0.791987 2.52199 0.156823
2425 3774 0.792048 2.52199 0.15682
2426 3774 0.792098 2.52199 0.156808
2427 3775 0.792016 2.52199 0.156791
2428 3775 0.792032 2.52199 0.156804
2429 3775 0.792032 2.52199 0.156794
2430 3775 0.79217 2.52199 0.156757
2431 3775 0.79217 2.52199 0.156757
2432 3775 0.792264 2.52199 0.156755
2433 3776 0.792135 2.52199 0.156735
2434 3776 0.792241 2.52199 0.156739
2435 3777 0.792187 2.52199 0.156751
2436 3777 0.792319 2.52199 0.156736
2437 3777 0.792368 2.52199 0.156729
2438 3777 0.792516 2.52199 0.156754
2439 3777 0.792809 2.52199 0.156759
2440 3777 0.793074 2.52199 0.156727
2441 3777 0.793422 2.52199 0.156702
2442 3777 0.793422 2.52199 0.156702
2443 3777 0.793539 2.52199 0.156698
2444 3777 0.793713 2.52199 0.156696
2445 3778 0.793762 2.52199 0.156666
2446 3778 0.793871 2.52199 0.156644
2447 3779 0.793855 2.52199 0.156613
2448 3779 0.793894 2.52199 0.156584
2449 3781 0.794151 2.52199 0.156572
2450 3782 0.794154 2.52199 0.156559
2451 3782 0.794422 2.52199 0.156539
2452 3782 0.79444 2.52199 0.156538
2453 3782 0.794503 2.52199 0.156537
2454 3782 0.794567 2.52199 0.156545
2455 3782 0.794607 2.52199 0.156545
2456 3784 0.794508 2.52199 0.156527
2457 3784 0.794577 2.52199 0.156553
2458 3784 0.794625 2.52199 0.156597
2459 3784 0.794625 2.52199 0.156597
2460 3784 0.794915 2.52199 0.156613
2461 3784 0.794968 2.52199 0.156596
2462 3784 0.794974 2.52199 0.156565
2463 3784 0.795023 2.52199 0.156566
2464 3784 0.795023 2.52199 0.156566
2465 3784 0.795514 2.52199 0.156553
2466 3784 0.795577 2.52199 0.156558
2467 3784 0.795705 2.52199 0.156556
2468 3785 0.795656 2.52199 0.156542
2469 3785 0.79598 2.52199 0.156513
2470 3785 0.796176 2.52199 0.156483
2471 3785 0.796357 2.52199 0.156469
2472 3786 0.796317 2.52199 0.156504
2473 3787 0.796279 2.52199 0.15651
2474 3787 0.796275 2.52199 0.156499
2475 3788 0.79639 2.52199 0.156495
2476 3790 0.796293 2.52199 0.156496
2477 3790 0.796351 2.52199 0.156517
2478 3790 0.796394 2.52199 0.156512
2479 3791 0.79636 2.52199 0.156508
2480 3791 0.79637 2.52199 0.156503
2481 3791 0.79637 2.52199 0.156503
2482 3793 0.796277 2.52199 0.156493
2483 3793 0.796389 2.52199 0.156502
2484 3793 0.796533 2.52199 0.156501
2485 3796 0.79631 2.52199 0.15646
2486 3796 0.796646 2.52199 0.156451
2487 3796 0.79668 2.52199 0.15645
2488 3796 0.796783 2.52199 0.156418
2489 3796 0.79687 2.52199 0.156442
2490 3796 0.797006 2.52199 0.156444
2491 3797 0.796944 2.52199 0.156472
2492 3798 0.796877 2.52199 0.156477
2493 3800 0.796793 2.52199 0.156457
2494 3800 0.796911 2.52199 0.156466
2495 3800 0.797209 2.52199 0.156465
2496 3800 0.797206 2.52199 0.156452
2497 3800 0.797201 2.52199 0.156437
2498 3800 0.797249 2.52199 0.156438
2499 3800 0.797257 2.52199 0.156432
2500 3800 0.797278 2.52199 0.156413
2501 3800 0.797456 2.52199 0.156438
2502 3800 0.797478 2.52199 0.156433
2503 3801 0.797373 2.52199 0.156421
2504 3801 0.797554 2.52199 0.156399
2505 3801 0.797578 2.52199 0.156386
2506 3801 0.797661 2.52199 0.156412
2507 3801 0.797802 2.52199 0.156389
2508 3801 0.79784 2.52199 0.156372
2509 3801 0.797972 2.52199 0.156353
2510 3801 0.797972 2.52199 0.156353
2511 3802 0.797786 2.52199 0.156351
2512 3802 0.797823 2.52199 0.156329
2513 3802 0.797962 2.52199 0.156351
2514 3802 0.798145 2.52199 0.156359
2515 3802 0.798237 2.52199 0.15636
2516 3802 0.798365 2.52199 0.15634
2517 3802 0.798481 2.52199 0.156321
2518 3802 0.798687 2.52199 0.156294
2519 3802 0.798729 2.52199 0.156279
2520 3802 0.798765 2.52199 0.156275
2521 3802 0.798832 2.52199 0.156276
2522 3802 0.798887 2.52199 0.156301
2523 3802 0.799171 2.52199 0.156289
2524 3802 0.799334 2.52199 0.156315
2525 3803 0.799282 2.52199 0.156318
2526 3804 0.799249 2.52199 0.156309
2527 3804 0.799259 2.52199 0.156302
2528 3804 0.799308 2.52199 0.1563
2529 3805 0.799368 2.52199 0.156312
2530 3805 0.799358 2.52199 0.156309
2531 3805 0.799445 2.52199 0.15629
2532 3805 0.799684 2.52199 0.156288
2533 3806 0.799627 2.52199 0.15628
2534 3808 0.79974 2.52199 0.156253
2535 3808 0.799819 2.52199 0.156213
2536 3808 0.799958 2.52199 0.156207
2537 3808 0.80013 2.52199 0.15622
2538 3808 0.800188 2.52199 0.156211
2539 3808 0.800286 2.52199 0.156192
2540 3808 0.800562 2.52199 0.156201
2541 3808 0.800877 2.52199 0.156189
2542 3809 0.800867 2.52199 0.156218
2543 3810 0.800834 2.52199 0.156241
2544 3810 0.80087 2.52199 0.156233
2545 3812 0.800661 2.52199 0.156244
2546 3813 0.800569 2.52199 0.15622
2547 3813 0.800642 2.52199 0.156212
2548 3814 0.800582 2.52199 0.156219
2549 3814 0.800656 2.52199 0.156215
2550 3814 0.800893 2.52199 0.156228
2551 3814 0.801085 2.52199 0.156192
2552 3814 0.801319 2.52199 0.156189
2553 3815 0.801245 2.52199 0.156188
2554 3815 0.80129 2.52199 0.156193
2555 3815 0.801463 2.52199 0.156225
2556 3815 0.801678 2.52199 0.156228
2557 3815 0.80173 2.52199 0.156215
2558 3815 0.80173 2.52199 0.156215
2559 3816 0.801615 2.52199 0.156245
2560 3816 0.80169 2.52199 0.156268
2561 3816 0.801694 2.52199 0.156235
2562 3816 0.80171 2.52199 0.156231
2563 3817 0.801656 2.52199 0.156234
2564 3817 0.802217 2.52199 0.15625
2565 3817 0.802313 2.52199 0.156256
2566 3817 0.802415 2.52199 0.156264
2567 3817 0.802547 2.52199 0.15627
2568 3817 0.802603 2.52199 0.156271
2569 3819 0.80241 2.52199 0.156299
2570 3819 0.802507 2.52199 0.156298
2571 3819 0.802572 2.52199 0.156274
2572 3819 0.802731 2.52199 0.156235
2573 3820 0.802757 2.52199 0.156225
2574 3820 0.802781 2.52199 0.156212
2575 3821 0.803057 2.52199 0.156213
2576 3821 0.803075 2.52199 0.156216
2577 3823 0.802914 2.52199 0.156253
2578 3823 0.802964 2.52199 0.156275
2579 3823 0.803065 2.52199 0.156253
2580 3823 0.803139 2.52199 0.156235
2581 3823 0.803165 2.52199 0.156234
2582 3824 0.80317 2.52199 0.156218
2583 3824 0.80317 2.52199 0.156218
2584 3824 0.803304 2.52199 0.156215
2585 3824 0.803451 2.52199 0.156187
2586 3824 0.803533 2.52199 0.156189
2587 3824 0.803533 2.52199 0.156189
2588 3824 0.803617 2.52199 0.156151
2589 3825 0.803819 2.52199 0.156131
2590 3826 0.803723 2.52199 0.156106
2591 3826 0.803827 2.52199 0.156138
2592 3826 0.803827 2.52199 0.156138
2593 3827 0.803639 2.52199 0.156145
2594 3828 0.803821 2.52199 0.156149
2595 3828 0.80383 2.52199 0.156145
2596 3828 0.804034 2.52199 0.156162
2597 3828 0.804049 2.52199 0.156164
2598 3828 0.804184 2.52199 0.15617
2599 3828 0.804184 2.52199 0.15617
2600 3828 0.804282 2.52199 0.156152
2601 3828 0.804365 2.52199 0.156178
2602 3828 0.804515 2.52199 0.156195
2603 3828 0.804633 2.52199 0.156218
2604 3828 0.80479 2.52199 0.156227
2605 3828 0.80479 2.52199 0.156227
2606 3829 0.804648 2.52199 0.156247
2607 3829 0.804807 2.52199 0.156248
2608 3829 0.804815 2.52199 0.156241
2609 3832 0.804499 2.52199 0.156269
2610 3833 0.804431 2.52199 0.156289
2611 3833 0.804487 2.52199 0.156282
2612 3833 0.804486 2.52199 0.156236
2613 3833 0.804545 2.52199 0.156205
